generation	fitness	corner	c	a1	a2	b1	b2	b3	x	o1	o2	wp	ww	we
800	33.5	[115, 16, -20, 46, 103]	[-127, -152, -77, 16, -15]	[-168, -43, 22, 25, -162]	[-39, -164, -81, -105, -51]	[128, -72, -97, 36, 15]	[-108, -22, 10, -55, 159]	[-105, 52, -4, 89, 156]	[-122, -105, -125, -123, -148]	[-159, -132, -120, -135, -110]	[-30, -30, -18, -21, -102]	[87, 115, 107, 173, 29]	[10005, 9994, 9999, 9999, 10005]	[220, 124, 187, 265, 267]
801	36.0	[4, 153, 23, 25, 69]	[-101, -147, -73, 27, 27]	[-166, -53, 18, 0, -173]	[-44, -164, -92, -106, -82]	[122, -112, -105, 37, -72]	[-102, -19, 8, -55, 134]	[-47, 49, 5, 90, 190]	[-71, -127, -123, -109, -158]	[-163, -126, -111, -128, -112]	[40, -47, -5, -14, -60]	[92, 108, 108, 210, 11]	[10005, 10005, 9998, 9995, 9999]	[220, 124, 187, 271, 267]
802	37.0	[84, -25, -29, 44, 103]	[-117, -151, -73, 22, -19]	[-125, -56, 19, -9, -120]	[-45, -187, -92, -106, -74]	[120, -89, -108, 18, 38]	[-124, -20, 12, -47, 80]	[-70, 55, 8, 100, 205]	[-87, -120, -124, -109, -151]	[-166, -105, -102, -92, -128]	[3, -12, -26, -40, -82]	[102, 117, 110, 178, 154]	[10005, 9997, 9998, 9995, 9996]	[160, 169, 177, 225, 173]
803	33.5	[175, 115, 39, 75, 2]	[-156, -118, -80, 23, -117]	[-169, -11, 5, -8, -176]	[1, -149, -63, -88, -99]	[127, -87, -89, 51, 12]	[-109, -30, 11, -40, 108]	[-42, 56, 10, 89, 115]	[-130, -128, -114, -112, -105]	[-164, -123, -129, -90, -124]	[11, -14, -23, -3, -76]	[82, 130, 123, 174, 171]	[9999, 9996, 9998, 9997, 10003]	[201, 196, 194, 210, 168]
804	38.5	[4, 153, 23, 25, 69]	[-101, -147, -73, 27, 27]	[-166, -53, 18, 0, -173]	[-44, -164, -92, -106, -82]	[122, -112, -105, 37, -72]	[-102, -19, 8, -55, 134]	[-47, 49, 5, 90, 190]	[-71, -127, -123, -109, -158]	[-163, -126, -111, -128, -112]	[40, -47, -5, -14, -60]	[92, 108, 108, 210, 11]	[10005, 10005, 9998, 9995, 9999]	[220, 124, 187, 271, 267]
805	40.5	[115, 16, -20, 46, 103]	[-127, -152, -77, 16, -15]	[-168, -43, 22, 25, -162]	[-39, -164, -81, -105, -51]	[128, -72, -97, 36, 15]	[-108, -22, 10, -55, 159]	[-105, 52, -4, 89, 156]	[-122, -105, -125, -123, -148]	[-159, -132, -120, -135, -110]	[-30, -30, -18, -21, -102]	[87, 115, 107, 173, 29]	[10005, 9994, 9999, 9999, 10005]	[220, 124, 187, 265, 267]
806	34.0	[88, 137, -54, 117, 97]	[-161, -147, -84, 20, -105]	[-157, -43, 10, -8, -177]	[-44, -148, -75, -87, -101]	[127, -85, -55, 40, -8]	[-69, -28, 17, -22, 94]	[-63, 56, 11, 93, 236]	[-74, -149, -119, -92, -166]	[-136, -164, -86, -104, -123]	[-31, -19, -14, -11, -77]	[146, 135, 120, 175, 58]	[10004, 10009, 9999, 9992, 10000]	[170, 174, 177, 199, 163]
807	44.0	[106, 74, -24, 32, 103]	[-114, -149, -77, 32, -3]	[-168, -43, 22, 4, -161]	[-52, -186, -83, -101, -43]	[128, -73, -99, 35, 19]	[-125, -23, 9, -49, 162]	[-106, 55, 1, 89, 156]	[-122, -107, -120, -129, -149]	[-159, -133, -121, -136, -111]	[-37, -25, -17, -20, -102]	[85, 113, 108, 149, 28]	[10005, 10000, 9999, 9999, 10004]	[218, 130, 187, 259, 267]
808	39.5	[175, 114, 39, 74, 98]	[-156, -122, -86, 23, -117]	[-168, -16, 6, -9, -177]	[-29, -149, -66, -89, -100]	[127, -87, -95, 51, 12]	[-113, -30, 11, -34, 108]	[-47, 53, 10, 89, 111]	[-131, -129, -116, -98, -105]	[-159, -154, -129, -99, -123]	[11, -16, -19, -6, -73]	[127, 130, 127, 174, 172]	[9999, 9996, 9971, 9997, 9998]	[190, 191, 187, 201, 168]
809	38.5	[21, -17, -12, 44, 52]	[-74, -148, -63, 20, 20]	[-150, -59, 25, -19, -142]	[-46, -171, -93, -106, -101]	[126, -82, -101, 21, 45]	[-128, 1, 14, -33, 102]	[-49, 52, 3, 100, 218]	[-88, -120, -117, -93, -171]	[-144, -133, -107, -116, -115]	[-29, -34, -11, -26, -62]	[138, 124, 107, 180, 152]	[10004, 10004, 9999, 9993, 10000]	[214, 192, 183, 235, 234]
810	35.5	[106, 74, -24, 32, 103]	[-114, -149, -77, 32, -3]	[-168, -43, 22, 4, -161]	[-52, -186, -83, -101, -43]	[128, -73, -99, 35, 19]	[-125, -23, 9, -49, 162]	[-106, 55, 1, 89, 156]	[-122, -107, -120, -129, -149]	[-159, -133, -121, -136, -111]	[-37, -25, -17, -20, -102]	[85, 113, 108, 149, 28]	[10005, 10000, 9999, 9999, 10004]	[218, 130, 187, 259, 267]
811	36.5	[21, -17, -12, 44, 52]	[-74, -148, -63, 20, 20]	[-150, -59, 25, -19, -142]	[-46, -171, -93, -106, -101]	[126, -82, -101, 21, 45]	[-128, 1, 14, -33, 102]	[-49, 52, 3, 100, 218]	[-88, -120, -117, -93, -171]	[-144, -133, -107, -116, -115]	[-29, -34, -11, -26, -62]	[138, 124, 107, 180, 152]	[10004, 10004, 9999, 9993, 10000]	[214, 192, 183, 235, 234]
812	35.0	[175, 114, 39, 74, 98]	[-156, -122, -86, 23, -117]	[-168, -16, 6, -9, -177]	[-29, -149, -66, -89, -100]	[127, -87, -95, 51, 12]	[-113, -30, 11, -34, 108]	[-47, 53, 10, 89, 111]	[-131, -129, -116, -98, -105]	[-159, -154, -129, -99, -123]	[11, -16, -19, 0, -73]	[127, 130, 127, 174, 172]	[9999, 9996, 9971, 9997, 9998]	[190, 191, 187, 201, 168]
813	39.0	[62, -26, -29, 44, 94]	[-117, -151, -72, 23, -59]	[-130, -57, 16, -15, -120]	[-45, -187, -92, -99, -76]	[121, -89, -98, 43, 15]	[-126, -20, 11, -38, 81]	[-81, 50, 8, 91, 173]	[-116, -123, -116, -110, -145]	[-161, -151, -122, -115, -132]	[8, -18, -17, -25, -57]	[113, 123, 103, 181, 156]	[10002, 9997, 9974, 9997, 9995]	[208, 195, 177, 210, 173]
814	37.0	[62, 81, -15, 44, 94]	[-117, -151, -72, 23, -90]	[-130, -53, 12, -12, -152]	[-46, -168, -70, -95, -98]	[121, -89, -107, 34, 38]	[-126, -21, 12, -39, 90]	[-81, 50, 8, 100, 124]	[-119, -123, -120, -103, -139]	[-163, -106, -105, -100, -127]	[3, -18, -13, -15, -70]	[113, 129, 125, 181, 153]	[10002, 9997, 9993, 9996, 9995]	[208, 195, 177, 210, 167]
815	40.5	[62, -26, -29, 44, 94]	[-117, -151, -72, 23, -59]	[-130, -57, 16, -15, -120]	[-45, -187, -92, -99, -76]	[121, -89, -98, 43, 15]	[-126, -20, 11, -38, 81]	[-81, 50, 8, 91, 173]	[-116, -123, -116, -110, -145]	[-161, -151, -122, -115, -132]	[8, -18, -17, -25, -57]	[113, 123, 103, 181, 156]	[10002, 9997, 9974, 9997, 9995]	[208, 195, 177, 210, 173]
816	37.5	[106, 74, -24, 32, 103]	[-114, -149, -77, 32, -3]	[-168, -43, 22, 4, -161]	[-52, -186, -83, -101, -43]	[128, -73, -99, 35, 19]	[-125, -23, 12, -42, 139]	[-96, 54, 1, 89, 156]	[-122, -107, -120, -124, -168]	[-156, -128, -114, -126, -111]	[-37, -25, -17, -20, -102]	[85, 113, 108, 149, 28]	[10005, 10000, 9999, 9999, 10004]	[218, 130, 187, 259, 267]
817	39.0	[115, 16, -20, 46, 103]	[-127, -152, -77, 16, -15]	[-168, -43, 22, 25, -162]	[-39, -164, -81, -105, -51]	[128, -72, -97, 36, 15]	[-108, -22, 10, -55, 159]	[-105, 52, -4, 89, 156]	[-122, -105, -125, -123, -148]	[-159, -132, -120, -135, -110]	[-30, -30, -18, -21, -102]	[87, 115, 107, 173, 29]	[10005, 9994, 9999, 9999, 10005]	[220, 124, 187, 265, 267]
818	39.0	[62, -26, -29, 44, 94]	[-117, -151, -72, 23, -59]	[-130, -57, 16, -15, -120]	[-45, -187, -92, -99, -76]	[121, -89, -98, 43, 15]	[-126, -20, 11, -38, 81]	[-81, 50, 8, 91, 173]	[-116, -123, -116, -110, -145]	[-167, -151, -122, -115, -132]	[8, -18, -17, -25, -57]	[113, 123, 103, 181, 156]	[10002, 9997, 9974, 9997, 9995]	[208, 195, 177, 210, 173]
819	38.0	[175, 114, 39, 74, 98]	[-156, -147, -79, 20, -16]	[-158, -38, 22, -8, -142]	[-45, -161, -68, -95, -95]	[127, -85, -94, 32, 37]	[-128, -19, 12, -33, 91]	[-51, 52, 3, 100, 106]	[-87, -126, -116, -108, -105]	[-165, -122, -106, -102, -123]	[11, -14, -13, -5, -62]	[99, 130, 129, 174, 170]	[9999, 9996, 9971, 9997, 10003]	[201, 196, 194, 210, 168]
820	39.0	[62, -26, -29, 44, 94]	[-117, -151, -72, 23, -59]	[-130, -57, 16, -15, -120]	[-45, -187, -92, -99, -76]	[121, -89, -98, 43, 15]	[-126, -20, 11, -38, 81]	[-81, 50, 8, 91, 173]	[-116, -123, -116, -110, -145]	[-167, -151, -122, -115, -132]	[8, -18, -17, -25, -57]	[113, 123, 103, 181, 156]	[10002, 9997, 9974, 9997, 9995]	[208, 195, 177, 210, 173]
821	33.5	[84, -25, -29, 44, 103]	[-117, -151, -73, 22, -19]	[-125, -56, 19, -9, -120]	[-45, -187, -92, -106, -74]	[120, -89, -108, 18, 38]	[-113, -20, 12, -41, 80]	[-64, 53, 8, 93, 205]	[-87, -124, -115, -109, -151]	[-166, -105, -102, -95, -128]	[3, -12, -26, -40, -82]	[102, 117, 110, 178, 154]	[10005, 9997, 9998, 9995, 9996]	[160, 169, 177, 225, 173]
822	37.5	[62, -26, -29, 44, 94]	[-117, -151, -72, 23, -59]	[-130, -57, 16, -15, -120]	[-45, -187, -92, -99, -76]	[121, -89, -98, 43, 15]	[-126, -20, 11, -38, 81]	[-81, 50, 8, 91, 173]	[-116, -123, -116, -110, -145]	[-167, -151, -122, -115, -132]	[8, -18, -17, -25, -57]	[113, 123, 103, 181, 156]	[10002, 9997, 9974, 9997, 9995]	[208, 195, 177, 210, 173]
823	42.0	[175, 114, 39, 74, 98]	[-150, -122, -86, 23, -117]	[-162, -43, 6, -9, -177]	[-46, -149, -67, -90, -105]	[127, -87, -97, 50, 12]	[-113, -36, 11, -34, 108]	[-47, 50, 10, 89, 106]	[-131, -129, -116, -109, -105]	[-165, -109, -127, -95, -123]	[6, -15, -26, -25, -66]	[112, 130, 129, 174, 172]	[9999, 9996, 9971, 9997, 10002]	[190, 191, 187, 201, 168]
824	37.0	[62, -26, -29, 44, 94]	[-117, -151, -72, 23, -59]	[-130, -57, 16, -15, -120]	[-45, -187, -92, -99, -76]	[121, -89, -98, 43, 15]	[-126, -20, 11, -38, 81]	[-81, 50, 8, 91, 173]	[-116, -123, -116, -110, -145]	[-167, -151, -122, -115, -132]	[8, -18, -17, -25, -57]	[113, 123, 103, 181, 156]	[10002, 9997, 9974, 9997, 9995]	[208, 195, 177, 210, 173]
825	38.0	[99, 40, -29, 32, 103]	[-128, -143, -79, 23, -3]	[-161, -46, 19, -11, -126]	[-46, -160, -87, -99, -78]	[128, -76, -105, 33, 35]	[-116, -22, 12, -41, 91]	[-98, 52, 5, 93, 156]	[-90, -126, -119, -110, -146]	[-162, -110, -121, -112, -111]	[-37, -14, -23, -29, -102]	[111, 116, 110, 153, 59]	[10005, 10000, 9994, 9997, 9998]	[218, 130, 187, 259, 267]
826	38.0	[62, 81, -15, 44, 94]	[-117, -151, -72, 23, -90]	[-130, -53, 12, -12, -152]	[-46, -168, -70, -95, -98]	[121, -89, -107, 34, 38]	[-125, -21, 12, -39, 90]	[-98, 50, 8, 100, 124]	[-119, -123, -120, -116, -144]	[-163, -116, -113, -118, -119]	[3, -19, -16, -15, -70]	[113, 129, 119, 155, 153]	[10002, 9997, 9993, 9997, 9995]	[208, 195, 177, 233, 167]
827	45.5	[175, 114, 39, 74, 98]	[-156, -122, -86, 23, -123]	[-159, -43, 6, -9, -177]	[-46, -149, -74, -99, -105]	[127, -77, -97, 50, 12]	[-113, -30, 10, -40, 108]	[-65, 50, 10, 89, 145]	[-123, -117, -116, -100, -105]	[-162, -124, -125, -99, -123]	[11, -15, -18, -6, -67]	[127, 130, 126, 174, 172]	[9999, 9996, 9971, 9997, 9998]	[190, 191, 187, 201, 168]
828	40.5	[175, 114, 39, 74, 92]	[-156, -122, -86, 23, -117]	[-168, -16, 6, -9, -177]	[-29, -149, -66, -89, -100]	[127, -87, -95, 51, 6]	[-113, -30, 11, -34, 108]	[-47, 53, 10, 89, 111]	[-131, -129, -116, -98, -105]	[-159, -154, -129, -99, -123]	[11, -16, -19, 0, -73]	[127, 130, 127, 174, 172]	[9999, 9996, 9971, 9997, 9998]	[190, 191, 187, 201, 168]
829	39.5	[175, 114, 39, 74, 98]	[-156, -147, -79, 23, -117]	[-158, -38, 21, -8, -142]	[-45, -159, -68, -95, -95]	[127, -85, -94, 35, 12]	[-128, -21, 12, -33, 108]	[-93, 53, 1, 94, 147]	[-87, -125, -119, -108, -105]	[-165, -122, -106, -124, -114]	[-7, -15, -13, -18, -62]	[133, 123, 129, 174, 122]	[10004, 9997, 9976, 9998, 10003]	[201, 196, 194, 210, 168]
830	36.5	[175, 114, 30, 74, 98]	[-126, -147, -71, 20, -117]	[-158, -38, 21, -8, -142]	[-45, -159, -68, -95, -95]	[127, -85, -94, 42, 12]	[-128, -19, 12, -40, 108]	[-53, 49, 3, 89, 106]	[-87, -127, -116, -110, -105]	[-165, -122, -106, -102, -123]	[11, -14, -13, -5, -62]	[99, 130, 129, 174, 170]	[9999, 9996, 9971, 9997, 10003]	[201, 196, 194, 210, 168]
831	37.0	[175, 114, 39, 68, 92]	[-156, -122, -86, 23, -117]	[-168, -16, 6, -9, -177]	[-29, -149, -66, -89, -100]	[127, -87, -95, 51, 6]	[-113, -30, 11, -34, 108]	[-47, 53, 10, 89, 111]	[-131, -129, -116, -98, -105]	[-159, -154, -129, -99, -123]	[11, -16, -19, 0, -73]	[127, 130, 127, 174, 172]	[9999, 9996, 9971, 9997, 9998]	[190, 191, 187, 201, 168]
832	40.0	[175, 114, 39, 74, 98]	[-156, -147, -79, 23, -117]	[-158, -38, 21, -8, -142]	[-45, -159, -68, -95, -95]	[127, -85, -94, 35, 12]	[-128, -21, 12, -33, 108]	[-93, 53, 1, 94, 147]	[-87, -125, -119, -108, -105]	[-165, -122, -106, -124, -114]	[-7, -15, -13, -18, -62]	[133, 123, 129, 174, 122]	[10004, 9997, 9976, 9998, 10003]	[201, 196, 194, 210, 168]
833	35.0	[175, 114, 39, 74, 98]	[-156, -147, -79, 23, -117]	[-158, -38, 21, -8, -142]	[-45, -159, -68, -95, -95]	[127, -85, -94, 35, 12]	[-128, -21, 12, -33, 108]	[-93, 53, 1, 94, 147]	[-87, -125, -119, -108, -105]	[-165, -122, -106, -124, -114]	[-7, -15, -13, -18, -62]	[133, 123, 129, 174, 122]	[10004, 9997, 9976, 9998, 10003]	[201, 190, 194, 210, 168]
834	38.0	[175, 114, 39, 68, 92]	[-156, -122, -86, 23, -117]	[-168, -16, 6, -9, -177]	[-29, -149, -66, -89, -100]	[127, -87, -95, 51, 6]	[-113, -30, 11, -34, 108]	[-47, 53, 10, 83, 111]	[-131, -129, -116, -98, -105]	[-159, -154, -129, -99, -123]	[11, -16, -19, 0, -73]	[127, 130, 127, 174, 172]	[9999, 9996, 9971, 9997, 9998]	[190, 191, 187, 201, 168]
835	39.0	[175, 114, 39, 74, 98]	[-156, -147, -79, 23, -117]	[-158, -38, 21, -8, -142]	[-45, -159, -68, -95, -95]	[127, -85, -94, 35, 12]	[-128, -21, 12, -33, 108]	[-93, 53, 1, 94, 147]	[-87, -125, -119, -108, -105]	[-165, -122, -106, -124, -114]	[-7, -15, -13, -18, -62]	[133, 123, 129, 174, 122]	[10004, 9997, 9976, 9998, 10003]	[201, 190, 194, 210, 168]
836	37.0	[106, 74, -24, 62, 103]	[-114, -147, -79, 25, -3]	[-168, -43, 22, -7, -147]	[-47, -167, -82, -97, -43]	[127, -85, -96, 38, 15]	[-128, -19, 11, -37, 127]	[-62, 53, 2, 89, 156]	[-102, -124, -120, -124, -166]	[-157, -128, -109, -118, -114]	[-37, -23, -19, -19, -63]	[118, 121, 117, 149, 28]	[10005, 10000, 9999, 9999, 10004]	[218, 130, 187, 259, 267]
837	40.5	[175, 114, 39, 74, 98]	[-156, -147, -79, 23, -117]	[-158, -38, 21, -8, -142]	[-45, -159, -68, -95, -95]	[127, -85, -94, 35, 12]	[-128, -21, 12, -33, 108]	[-93, 53, 1, 94, 147]	[-87, -125, -119, -108, -105]	[-165, -122, -106, -124, -114]	[-7, -15, -13, -18, -62]	[133, 123, 129, 174, 122]	[10004, 9997, 9976, 9998, 10003]	[201, 190, 194, 210, 168]
838	34.5	[99, 40, -29, 32, 103]	[-128, -143, -73, 23, -3]	[-161, -46, 19, -11, -133]	[-46, -160, -87, -97, -80]	[123, -76, -105, 33, 35]	[-121, -21, 12, -41, 90]	[-98, 52, 6, 97, 156]	[-112, -125, -119, -115, -146]	[-162, -110, -121, -112, -111]	[-37, -14, -23, -29, -102]	[111, 116, 110, 153, 59]	[10005, 10000, 9994, 9997, 9998]	[218, 130, 187, 259, 267]
839	38.0	[99, 40, -29, 32, 103]	[-128, -143, -73, 23, -3]	[-161, -46, 19, -11, -133]	[-46, -160, -87, -97, -80]	[123, -76, -105, 33, 35]	[-121, -21, 12, -41, 90]	[-98, 52, 6, 97, 156]	[-112, -125, -119, -115, -146]	[-162, -110, -121, -112, -111]	[-37, -14, -23, -29, -102]	[111, 116, 110, 153, 59]	[10005, 10000, 9994, 9997, 9998]	[218, 130, 187, 259, 267]
840	35.5	[62, -26, -29, 44, 94]	[-117, -157, -72, 23, -59]	[-130, -50, 16, -10, -120]	[-46, -165, -75, -99, -76]	[125, -77, -99, 43, 15]	[-124, -26, 10, -40, 85]	[-81, 50, 9, 91, 173]	[-122, -123, -116, -106, -145]	[-165, -139, -122, -115, -132]	[8, -18, -21, -29, -62]	[113, 122, 115, 179, 158]	[10000, 9997, 9988, 9997, 9995]	[191, 192, 177, 210, 173]
841	36.0	[106, 74, -24, 62, 103]	[-114, -147, -79, 25, -3]	[-168, -43, 22, -7, -147]	[-47, -186, -82, -99, -43]	[127, -84, -94, 33, 19]	[-122, -19, 12, -42, 139]	[-62, 53, 1, 89, 156]	[-122, -107, -120, -124, -166]	[-157, -128, -109, -113, -114]	[-37, -25, -17, -19, -63]	[107, 117, 117, 149, 28]	[10005, 10000, 9999, 9999, 10004]	[212, 124, 187, 259, 273]
842	37.5	[175, 114, 39, 74, 98]	[-156, -147, -79, 23, -117]	[-158, -38, 21, -8, -142]	[-45, -159, -68, -95, -95]	[127, -85, -94, 35, 12]	[-128, -21, 12, -33, 108]	[-93, 53, 1, 94, 147]	[-87, -125, -119, -108, -105]	[-165, -122, -106, -124, -114]	[-7, -15, -13, -18, -62]	[133, 123, 129, 174, 122]	[10004, 9997, 9976, 9998, 10003]	[201, 190, 194, 210, 168]
843	37.5	[99, 40, -29, 32, 103]	[-128, -143, -79, 23, -3]	[-161, -46, 19, -11, -126]	[-46, -160, -87, -99, -78]	[125, -76, -105, 33, 35]	[-116, -22, 12, -40, 91]	[-98, 52, 8, 93, 156]	[-90, -126, -120, -110, -146]	[-162, -110, -121, -112, -118]	[-19, -19, -20, -29, -102]	[111, 125, 110, 153, 59]	[10005, 10000, 9994, 9997, 9998]	[218, 130, 187, 256, 182]
844	40.0	[62, 18, -6, 61, 94]	[-117, -157, -77, 18, -117]	[-124, -41, 21, -7, -120]	[-42, -159, -69, -100, -57]	[122, -76, -95, 40, 12]	[-126, -21, 12, -38, 124]	[-97, 53, 1, 90, 154]	[-116, -123, -117, -122, -148]	[-165, -139, -121, -121, -132]	[8, -18, -21, -29, -62]	[114, 127, 115, 179, 158]	[10000, 9997, 9986, 9997, 9996]	[197, 192, 177, 210, 173]
845	40.5	[99, 40, -29, 32, 103]	[-128, -143, -79, 23, -3]	[-161, -46, 19, -11, -126]	[-46, -160, -87, -99, -78]	[125, -76, -105, 33, 35]	[-116, -22, 12, -40, 91]	[-98, 52, 8, 93, 156]	[-90, -126, -120, -110, -146]	[-162, -110, -121, -112, -118]	[-19, -19, -20, -29, -102]	[111, 125, 110, 153, 59]	[10005, 10000, 9994, 9997, 9998]	[218, 130, 187, 256, 182]
846	35.5	[62, -26, -29, 44, 94]	[-117, -157, -72, 23, -59]	[-124, -50, 16, -15, -120]	[-51, -165, -75, -99, -76]	[121, -77, -99, 43, 15]	[-126, -20, 12, -38, 105]	[-81, 51, 1, 91, 173]	[-116, -123, -116, -110, -145]	[-165, -127, -116, -112, -132]	[5, -18, -21, -29, -62]	[114, 117, 120, 177, 158]	[10000, 9997, 9988, 9997, 9997]	[211, 131, 182, 257, 187]
847	42.0	[62, -26, -29, 44, 94]	[-117, -157, -72, 23, -59]	[-124, -50, 16, -15, -120]	[-51, -165, -75, -99, -76]	[121, -77, -99, 43, 15]	[-126, -20, 12, -38, 105]	[-81, 51, 1, 91, 173]	[-116, -123, -116, -110, -145]	[-165, -127, -116, -112, -132]	[5, -18, -21, -29, -62]	[114, 117, 120, 177, 158]	[10000, 9997, 9986, 9997, 9997]	[197, 138, 180, 220, 173]
848	36.0	[62, -26, -29, 44, 94]	[-117, -157, -72, 23, -59]	[-124, -50, 16, -15, -120]	[-51, -165, -75, -99, -76]	[121, -77, -99, 43, 15]	[-126, -20, 12, -38, 105]	[-81, 51, 1, 91, 173]	[-116, -123, -116, -110, -145]	[-165, -127, -116, -112, -132]	[5, -18, -21, -29, -62]	[114, 117, 120, 177, 158]	[10000, 9997, 9986, 9997, 9997]	[197, 138, 180, 220, 173]
849	41.5	[106, 74, -24, 62, 103]	[-114, -147, -79, 25, -3]	[-168, -43, 19, -11, -141]	[-46, -167, -82, -97, -43]	[127, -83, -100, 38, 15]	[-128, -19, 12, -39, 127]	[-62, 53, 8, 92, 156]	[-102, -124, -120, -117, -147]	[-163, -122, -109, -118, -114]	[-37, -23, -19, -19, -63]	[118, 121, 117, 149, 28]	[10005, 10000, 9999, 9999, 10004]	[218, 130, 187, 259, 267]
850	34.0	[175, 114, 39, 74, 98]	[-156, -147, -79, 23, -117]	[-158, -38, 21, -8, -142]	[-45, -159, -68, -95, -95]	[127, -85, -94, 35, 12]	[-128, -21, 12, -33, 108]	[-93, 53, 7, 94, 147]	[-87, -125, -119, -108, -105]	[-165, -122, -106, -124, -114]	[-7, -15, -13, -18, -62]	[133, 123, 129, 174, 122]	[10004, 9997, 9976, 9998, 10003]	[201, 190, 194, 210, 168]
851	40.0	[62, -26, -29, 44, 94]	[-117, -157, -72, 23, -59]	[-130, -50, 16, -10, -120]	[-46, -165, -75, -99, -76]	[125, -77, -99, 43, 15]	[-124, -26, 10, -40, 85]	[-81, 50, 9, 91, 173]	[-122, -123, -116, -106, -145]	[-165, -139, -122, -115, -132]	[8, -18, -21, -29, -62]	[113, 122, 115, 179, 158]	[10006, 9997, 9988, 9997, 9995]	[191, 192, 177, 210, 173]
852	36.0	[62, -26, -29, 44, 94]	[-117, -157, -72, 23, -59]	[-124, -50, 16, -15, -120]	[-51, -165, -75, -99, -76]	[121, -77, -99, 40, 13]	[-126, -20, 12, -38, 97]	[-81, 50, 2, 91, 173]	[-116, -123, -116, -109, -145]	[-165, -120, -109, -112, -132]	[-15, -18, -21, -29, -62]	[114, 121, 117, 178, 122]	[10000, 9997, 9986, 9997, 9997]	[197, 138, 180, 220, 173]
853	37.5	[62, -26, -29, 44, 94]	[-117, -157, -72, 23, -59]	[-124, -50, 16, -15, -120]	[-51, -165, -75, -99, -76]	[121, -77, -99, 40, 13]	[-126, -20, 12, -38, 97]	[-81, 50, 2, 91, 173]	[-116, -123, -116, -109, -145]	[-165, -120, -109, -112, -132]	[-15, -18, -21, -29, -62]	[114, 121, 117, 178, 122]	[10000, 9997, 9986, 9997, 9997]	[197, 138, 180, 220, 173]
854	41.0	[175, 114, 39, 68, 92]	[-156, -122, -86, 17, -117]	[-168, -16, 8, -9, -177]	[-38, -155, -66, -89, -100]	[127, -87, -95, 51, 7]	[-113, -28, 12, -34, 108]	[-94, 53, 5, 88, 141]	[-131, -129, -116, -112, -119]	[-163, -151, -123, -120, -123]	[-8, -19, -17, -14, -73]	[127, 130, 126, 174, 172]	[10003, 10000, 9974, 9999, 9998]	[190, 191, 187, 201, 168]
855	35.5	[62, -26, -29, 44, 94]	[-117, -157, -74, 19, -74]	[-124, -48, 21, -6, -120]	[-48, -164, -71, -99, -76]	[121, -76, -97, 41, 12]	[-126, -20, 12, -38, 105]	[-81, 51, 2, 90, 156]	[-116, -123, -116, -119, -145]	[-165, -138, -116, -112, -132]	[5, -18, -21, -29, -62]	[114, 117, 120, 177, 158]	[10000, 9997, 9986, 9997, 9997]	[197, 138, 180, 220, 173]
856	38.5	[62, -26, -29, 44, 94]	[-117, -157, -72, 23, -59]	[-130, -50, 16, -10, -120]	[-46, -165, -75, -99, -76]	[125, -77, -99, 43, 15]	[-124, -26, 10, -40, 85]	[-81, 50, 9, 91, 173]	[-122, -123, -116, -106, -145]	[-165, -139, -122, -115, -132]	[8, -18, -21, -29, -62]	[113, 122, 115, 179, 158]	[10006, 9997, 9988, 9997, 9995]	[191, 192, 177, 210, 173]
857	40.0	[106, 74, -24, 62, 103]	[-114, -147, -79, 25, -3]	[-168, -43, 19, -11, -141]	[-46, -161, -75, -97, -43]	[127, -83, -100, 38, 15]	[-128, -30, 12, -39, 127]	[-62, 53, 8, 92, 156]	[-102, -124, -120, -117, -147]	[-163, -122, -113, -118, -117]	[-23, -20, -19, -19, -63]	[118, 115, 117, 149, 28]	[10005, 10000, 9999, 9999, 10004]	[218, 130, 187, 259, 267]
858	43.0	[99, 40, -28, 37, 103]	[-122, -149, -79, 23, -3]	[-161, -46, 19, -11, -126]	[-46, -160, -87, -98, -72]	[125, -83, -105, 33, 25]	[-123, -27, 12, -40, 91]	[-88, 52, 8, 93, 156]	[-92, -125, -120, -110, -146]	[-168, -119, -116, -114, -115]	[-19, -19, -20, -29, -102]	[111, 125, 104, 153, 59]	[10005, 10000, 9994, 9999, 10001]	[218, 130, 187, 256, 182]
859	37.5	[99, 40, -29, 32, 103]	[-128, -143, -79, 23, -3]	[-161, -46, 19, -11, -126]	[-46, -161, -83, -98, -58]	[125, -76, -105, 38, 17]	[-116, -21, 12, -39, 118]	[-86, 53, 8, 93, 156]	[-90, -126, -120, -110, -146]	[-165, -137, -127, -112, -118]	[0, -18, -21, -29, -102]	[113, 121, 109, 153, 59]	[10005, 9998, 9989, 9997, 9998]	[218, 130, 182, 210, 173]
860	36.0	[62, 18, -6, 61, 94]	[-117, -157, -77, 18, -117]	[-124, -42, 16, -7, -120]	[-42, -159, -69, -100, -57]	[122, -76, -95, 40, 12]	[-126, -21, 12, -38, 124]	[-97, 53, 1, 90, 154]	[-122, -123, -117, -122, -148]	[-165, -139, -121, -121, -132]	[8, -18, -21, -29, -62]	[114, 127, 115, 179, 158]	[10000, 9997, 9986, 9997, 9996]	[197, 192, 177, 210, 173]
861	35.5	[62, -26, -29, 44, 94]	[-117, -157, -77, 18, -25]	[-146, -47, 22, -6, -120]	[-51, -165, -80, -101, -57]	[121, -77, -101, 40, 16]	[-126, -21, 12, -39, 133]	[-97, 52, 3, 90, 146]	[-116, -123, -117, -120, -142]	[-165, -135, -126, -114, -132]	[8, -18, -21, -29, -62]	[114, 120, 113, 179, 158]	[10000, 9997, 9986, 9997, 9996]	[197, 139, 179, 210, 173]
862	37.0	[106, 74, -24, 62, 103]	[-114, -147, -79, 25, -3]	[-168, -43, 19, -11, -141]	[-46, -163, -75, -99, -43]	[124, -80, -100, 38, 15]	[-128, -25, 12, -39, 127]	[-62, 52, 8, 92, 156]	[-102, -124, -120, -117, -147]	[-163, -122, -113, -118, -117]	[-23, -20, -19, -19, -63]	[118, 115, 117, 149, 28]	[10005, 10000, 9999, 9999, 10004]	[218, 130, 187, 259, 267]
863	37.5	[62, -26, -29, 44, 94]	[-117, -157, -72, 23, -59]	[-130, -50, 18, -10, -123]	[-46, -165, -75, -99, -76]	[125, -77, -99, 40, 15]	[-124, -26, 10, -39, 122]	[-81, 50, 9, 91, 173]	[-122, -123, -116, -106, -145]	[-165, -139, -122, -115, -132]	[8, -18, -21, -29, -62]	[113, 122, 115, 179, 158]	[10006, 9997, 9988, 9997, 9995]	[191, 192, 177, 210, 173]
864	34.5	[99, 40, -29, 32, 103]	[-128, -143, -86, 23, -99]	[-161, -46, 17, -10, -126]	[-42, -158, -83, -98, -58]	[125, -80, -96, 44, 10]	[-114, -24, 12, -37, 111]	[-92, 53, 6, 90, 156]	[-90, -126, -120, -112, -120]	[-165, -132, -125, -117, -118]	[0, -18, -19, -25, -102]	[115, 115, 114, 153, 59]	[10005, 9998, 9995, 9997, 9998]	[218, 130, 182, 210, 173]
865	37.0	[175, 114, 39, 74, 98]	[-156, -147, -79, 23, -117]	[-158, -38, 21, -9, -129]	[-45, -160, -68, -95, -95]	[125, -83, -104, 35, 12]	[-128, -21, 12, -33, 108]	[-93, 53, 7, 94, 147]	[-87, -125, -119, -108, -105]	[-165, -128, -106, -124, -114]	[-7, -15, -13, -18, -62]	[133, 123, 129, 174, 122]	[10004, 9997, 9976, 9998, 10003]	[201, 190, 194, 210, 168]
866	39.5	[99, 40, -29, 32, 103]	[-128, -143, -86, 23, -99]	[-161, -46, 17, -10, -126]	[-42, -158, -83, -98, -58]	[125, -80, -96, 44, 10]	[-114, -24, 12, -37, 111]	[-92, 53, 6, 90, 156]	[-90, -126, -120, -112, -120]	[-165, -132, -125, -117, -118]	[0, -18, -19, -25, -102]	[115, 109, 114, 153, 59]	[10005, 9998, 9995, 9997, 9998]	[218, 130, 182, 210, 173]
867	38.5	[105, 40, -28, 37, 103]	[-122, -149, -79, 23, -3]	[-161, -46, 19, -11, -126]	[-46, -158, -87, -98, -72]	[123, -84, -100, 35, 25]	[-123, -27, 12, -40, 91]	[-88, 52, 8, 89, 142]	[-102, -129, -120, -110, -146]	[-168, -119, -116, -118, -123]	[-19, -19, -22, -20, -98]	[111, 125, 120, 161, 158]	[10005, 10000, 9994, 9999, 9998]	[218, 130, 187, 202, 182]
868	37.0	[105, 40, -28, 37, 103]	[-122, -149, -79, 23, -3]	[-161, -46, 19, -11, -126]	[-46, -158, -87, -98, -72]	[123, -84, -100, 35, 25]	[-123, -27, 12, -40, 91]	[-88, 52, 8, 89, 142]	[-102, -129, -120, -110, -146]	[-168, -119, -116, -118, -123]	[-19, -19, -22, -20, -98]	[111, 125, 120, 161, 158]	[10005, 10000, 9994, 9999, 9998]	[218, 130, 187, 202, 182]
869	42.5	[105, 40, -28, 37, 103]	[-122, -149, -79, 23, -3]	[-161, -46, 19, -11, -126]	[-46, -158, -87, -98, -72]	[123, -84, -100, 35, 25]	[-123, -27, 12, -40, 91]	[-88, 52, 8, 89, 142]	[-102, -129, -120, -110, -146]	[-168, -119, -116, -118, -123]	[-19, -19, -22, -20, -98]	[111, 125, 120, 161, 158]	[10005, 10000, 9994, 9999, 9998]	[218, 130, 187, 202, 182]
870	41.0	[175, 114, 39, 68, 92]	[-156, -127, -79, 19, -112]	[-167, -29, 17, -10, -177]	[-46, -157, -76, -91, -100]	[127, -87, -95, 45, 7]	[-113, -25, 12, -39, 122]	[-94, 53, 5, 88, 141]	[-131, -129, -122, -112, -119]	[-163, -151, -123, -120, -123]	[-8, -19, -22, -14, -73]	[115, 125, 122, 164, 172]	[10003, 10000, 9988, 9999, 9998]	[190, 191, 181, 207, 168]
871	41.0	[99, 40, -29, 32, 103]	[-128, -143, -86, 23, -99]	[-161, -46, 17, -10, -126]	[-42, -158, -83, -98, -58]	[125, -80, -96, 44, 10]	[-114, -24, 12, -37, 111]	[-92, 53, 6, 90, 156]	[-90, -126, -120, -112, -120]	[-165, -132, -125, -117, -118]	[0, -18, -19, -25, -102]	[115, 109, 114, 153, 59]	[10005, 9992, 9995, 9997, 9998]	[218, 130, 182, 216, 173]
872	40.0	[175, 114, 39, 68, 92]	[-156, -140, -86, 21, -38]	[-167, -28, 16, -9, -177]	[-39, -163, -75, -89, -100]	[127, -87, -96, 50, 7]	[-113, -28, 12, -39, 108]	[-94, 53, 7, 91, 145]	[-131, -129, -122, -119, -119]	[-163, -147, -129, -116, -123]	[-8, -18, -21, -15, -71]	[122, 120, 118, 174, 172]	[10003, 10000, 9978, 9998, 9998]	[190, 173, 186, 209, 168]
873	39.5	[175, 114, 39, 68, 92]	[-156, -127, -79, 19, -112]	[-167, -29, 17, -10, -177]	[-46, -157, -76, -91, -100]	[127, -87, -95, 45, 7]	[-113, -25, 12, -39, 122]	[-94, 53, 5, 88, 141]	[-131, -129, -122, -112, -119]	[-163, -151, -123, -120, -123]	[-8, -19, -23, -14, -73]	[127, 130, 126, 174, 172]	[10003, 10000, 9974, 9999, 9998]	[190, 191, 181, 201, 168]
874	41.0	[175, 114, 39, 68, 92]	[-156, -127, -79, 19, -112]	[-167, -29, 17, -10, -177]	[-46, -157, -76, -91, -100]	[127, -87, -95, 45, 7]	[-113, -25, 12, -39, 122]	[-94, 53, 5, 88, 141]	[-131, -129, -122, -112, -119]	[-163, -151, -123, -120, -123]	[-8, -19, -23, -14, -73]	[127, 130, 126, 174, 172]	[10003, 10000, 9974, 9999, 9998]	[190, 191, 181, 201, 168]
875	34.0	[175, 114, 39, 68, 92]	[-156, -140, -86, 21, -38]	[-167, -28, 16, -9, -177]	[-39, -163, -75, -89, -100]	[127, -87, -96, 50, 7]	[-113, -27, 12, -39, 108]	[-94, 53, 5, 91, 141]	[-131, -129, -122, -117, -119]	[-163, -151, -123, -120, -123]	[-8, -19, -23, -15, -71]	[127, 117, 118, 174, 172]	[10003, 10000, 9974, 9999, 10001]	[190, 191, 187, 207, 168]
876	42.0	[62, 74, -29, 44, 94]	[-117, -157, -80, 21, -25]	[-133, -49, 18, -9, -120]	[-42, -165, -80, -98, -66]	[126, -80, -101, 41, 14]	[-126, -26, 12, -37, 121]	[-81, 52, 8, 90, 157]	[-116, -124, -117, -118, -142]	[-165, -135, -126, -114, -132]	[8, -18, -21, -29, -62]	[114, 120, 114, 179, 158]	[10003, 9995, 9986, 9991, 9996]	[197, 139, 179, 210, 173]
877	37.0	[175, 114, 39, 68, 92]	[-156, -127, -79, 19, -112]	[-167, -29, 17, -10, -177]	[-46, -157, -76, -91, -100]	[127, -87, -95, 45, 7]	[-113, -25, 12, -39, 122]	[-94, 53, 5, 88, 141]	[-131, -129, -122, -112, -119]	[-163, -151, -123, -120, -123]	[-8, -19, -23, -14, -73]	[127, 130, 126, 174, 172]	[10003, 10000, 9974, 9999, 9998]	[190, 191, 181, 201, 168]
878	35.0	[175, 114, 39, 68, 92]	[-156, -140, -86, 21, -38]	[-167, -28, 16, -9, -177]	[-39, -163, -75, -89, -100]	[127, -87, -96, 50, 7]	[-113, -27, 12, -39, 108]	[-94, 53, 5, 91, 141]	[-131, -129, -122, -117, -119]	[-163, -151, -123, -120, -123]	[-8, -19, -23, -15, -71]	[127, 117, 118, 174, 172]	[10003, 10000, 9974, 9999, 10001]	[190, 191, 187, 207, 168]
879	35.5	[62, 18, -6, 61, 94]	[-117, -157, -83, 18, -117]	[-124, -42, 16, -7, -120]	[-42, -159, -69, -100, -57]	[122, -76, -95, 52, 12]	[-126, -26, 10, -38, 124]	[-90, 53, 1, 90, 154]	[-122, -123, -115, -122, -148]	[-165, -139, -121, -121, -132]	[8, -18, -21, -29, -62]	[114, 127, 115, 179, 158]	[10000, 9997, 9986, 9997, 9996]	[197, 192, 177, 210, 173]
880	40.0	[175, 114, 39, 74, 98]	[-156, -147, -79, 23, -123]	[-158, -38, 21, -9, -129]	[-45, -160, -68, -95, -95]	[125, -83, -104, 35, 12]	[-128, -21, 12, -33, 108]	[-93, 53, 7, 94, 147]	[-87, -125, -119, -108, -105]	[-165, -128, -106, -124, -114]	[-7, -15, -13, -18, -62]	[133, 123, 129, 174, 122]	[10004, 9997, 9976, 9998, 10003]	[201, 190, 194, 210, 168]
881	38.0	[175, 114, 39, 68, 92]	[-156, -132, -85, 19, -112]	[-167, -29, 16, -10, -177]	[-46, -162, -75, -91, -100]	[127, -87, -95, 45, 7]	[-113, -25, 12, -39, 122]	[-94, 53, 6, 88, 141]	[-131, -129, -122, -112, -119]	[-163, -151, -123, -120, -123]	[-8, -19, -23, -14, -73]	[127, 130, 126, 174, 172]	[10003, 10000, 9974, 9999, 9998]	[190, 191, 181, 201, 168]
882	36.5	[175, 114, 39, 68, 92]	[-156, -127, -79, 19, -112]	[-167, -29, 17, -10, -177]	[-52, -157, -76, -91, -100]	[127, -87, -95, 45, 7]	[-113, -25, 12, -39, 122]	[-94, 53, 5, 88, 141]	[-131, -129, -122, -112, -119]	[-163, -150, -124, -120, -123]	[-8, -19, -23, -14, -73]	[127, 130, 126, 174, 172]	[10003, 10000, 9974, 9999, 9998]	[190, 191, 181, 201, 168]
883	36.5	[68, 74, -29, 44, 94]	[-117, -157, -80, 21, -25]	[-155, -44, 20, -9, -120]	[-42, -165, -80, -101, -57]	[126, -81, -101, 40, 16]	[-132, -26, 12, -37, 109]	[-97, 52, 8, 90, 157]	[-116, -123, -117, -120, -142]	[-165, -135, -126, -114, -132]	[7, -18, -19, -27, -62]	[114, 120, 114, 179, 158]	[10000, 9997, 9986, 9994, 9996]	[197, 139, 179, 210, 173]
884	40.5	[62, 8, -29, 44, 94]	[-117, -157, -73, 21, -25]	[-131, -49, 18, -9, -120]	[-45, -165, -80, -98, -66]	[126, -80, -101, 41, 14]	[-126, -26, 12, -37, 121]	[-81, 52, 8, 90, 157]	[-116, -124, -117, -111, -142]	[-165, -135, -126, -114, -132]	[8, -18, -21, -26, -63]	[114, 120, 114, 179, 158]	[10003, 9994, 9988, 9991, 9996]	[197, 139, 179, 210, 173]
885	43.0	[175, 114, 39, 74, 98]	[-156, -147, -79, 23, -123]	[-158, -38, 21, -9, -129]	[-45, -160, -68, -95, -95]	[125, -83, -104, 35, 12]	[-128, -21, 12, -33, 108]	[-93, 53, 7, 94, 147]	[-87, -125, -119, -108, -105]	[-165, -128, -106, -124, -114]	[-7, -15, -13, -18, -62]	[133, 123, 129, 174, 122]	[10004, 9997, 9976, 9998, 10003]	[201, 190, 194, 210, 168]
886	41.0	[175, 114, 39, 74, 98]	[-156, -147, -79, 23, -123]	[-158, -38, 21, -9, -129]	[-45, -160, -68, -95, -95]	[125, -83, -104, 35, 12]	[-128, -21, 12, -33, 108]	[-93, 53, 7, 94, 147]	[-87, -125, -119, -108, -105]	[-165, -128, -106, -124, -114]	[-7, -15, -13, -18, -62]	[133, 123, 129, 174, 122]	[10004, 9997, 9976, 9998, 10003]	[201, 190, 194, 210, 168]
887	37.5	[62, -26, -29, 44, 94]	[-117, -151, -72, 17, -59]	[-130, -50, 18, -10, -123]	[-46, -165, -80, -98, -69]	[126, -80, -101, 40, 15]	[-124, -26, 12, -39, 122]	[-81, 50, 9, 91, 173]	[-122, -123, -117, -106, -145]	[-165, -141, -122, -115, -132]	[14, -18, -21, -27, -65]	[113, 119, 115, 179, 158]	[10006, 9991, 9988, 9994, 9995]	[191, 192, 177, 210, 173]
888	42.0	[62, -26, -29, 44, 94]	[-117, -151, -72, 17, -59]	[-130, -50, 18, -10, -123]	[-46, -165, -80, -98, -69]	[126, -80, -101, 40, 15]	[-124, -26, 12, -39, 122]	[-81, 50, 9, 91, 173]	[-122, -123, -117, -106, -145]	[-165, -141, -122, -115, -132]	[14, -18, -21, -27, -65]	[113, 119, 115, 179, 158]	[10006, 9991, 9988, 9994, 9995]	[191, 192, 177, 210, 173]
889	34.0	[175, 114, 39, 68, 92]	[-156, -131, -85, 19, -112]	[-152, -29, 16, -10, -177]	[-46, -162, -75, -91, -100]	[127, -87, -95, 45, 7]	[-113, -25, 12, -38, 122]	[-94, 53, 8, 88, 141]	[-131, -129, -122, -112, -119]	[-163, -151, -123, -120, -123]	[-9, -19, -23, -14, -73]	[127, 130, 126, 164, 163]	[10003, 10000, 9986, 9999, 9998]	[190, 191, 181, 201, 168]
890	36.5	[68, 74, -29, 44, 94]	[-117, -157, -80, 21, -25]	[-155, -44, 20, -9, -120]	[-42, -165, -80, -101, -57]	[124, -80, -101, 38, 16]	[-126, -21, 12, -37, 109]	[-97, 52, 5, 89, 157]	[-116, -123, -117, -119, -142]	[-165, -135, -126, -113, -132]	[7, -18, -21, -21, -69]	[114, 117, 116, 179, 158]	[10000, 9997, 9986, 9994, 9996]	[197, 139, 179, 210, 173]
891	36.5	[109, 41, -20, 68, 92]	[-156, -140, -86, 20, -33]	[-164, -34, 15, -10, -177]	[-40, -160, -75, -89, -100]	[121, -85, -96, 48, 7]	[-114, -27, 12, -39, 108]	[-92, 51, 4, 90, 141]	[-131, -129, -122, -113, -135]	[-163, -142, -121, -120, -125]	[-8, -19, -23, -15, -64]	[117, 117, 118, 174, 178]	[10003, 10000, 9974, 9997, 9996]	[190, 191, 182, 207, 168]
892	38.5	[175, 114, 39, 68, 92]	[-156, -131, -85, 19, -112]	[-152, -29, 16, -10, -177]	[-46, -162, -75, -91, -100]	[127, -87, -95, 45, 7]	[-113, -25, 12, -38, 122]	[-94, 53, 8, 88, 141]	[-131, -129, -122, -112, -119]	[-163, -151, -123, -120, -123]	[-9, -19, -23, -14, -73]	[127, 130, 126, 158, 163]	[10003, 10000, 9986, 9999, 9998]	[190, 191, 181, 201, 168]
893	37.5	[147, 58, 39, 74, 92]	[-117, -155, -76, 21, -112]	[-167, -29, 17, -10, -159]	[-46, -157, -78, -92, -76]	[127, -87, -100, 43, 7]	[-113, -25, 12, -38, 122]	[-94, 53, 5, 88, 141]	[-131, -129, -119, -111, -128]	[-163, -151, -123, -115, -129]	[-8, -19, -21, -26, -68]	[127, 124, 126, 174, 172]	[10003, 10000, 9974, 9999, 9998]	[190, 191, 181, 201, 168]
894	41.5	[62, -26, -29, 44, 94]	[-117, -151, -72, 17, -59]	[-130, -50, 18, -10, -123]	[-46, -165, -80, -98, -69]	[126, -80, -101, 40, 15]	[-124, -26, 12, -39, 122]	[-81, 50, 9, 91, 173]	[-122, -123, -117, -106, -145]	[-165, -141, -122, -115, -131]	[14, -18, -21, -27, -65]	[113, 119, 115, 179, 158]	[10006, 9991, 9988, 9994, 9995]	[191, 192, 177, 210, 173]
895	35.0	[175, 114, 39, 74, 92]	[-156, -127, -79, 19, -112]	[-167, -29, 17, -10, -177]	[-42, -157, -75, -89, -100]	[127, -87, -95, 46, 10]	[-113, -26, 12, -39, 122]	[-94, 51, 5, 90, 141]	[-131, -129, -122, -113, -119]	[-163, -151, -123, -120, -129]	[-8, -18, -22, -14, -73]	[127, 124, 126, 178, 172]	[10003, 10006, 9974, 9999, 9998]	[190, 191, 181, 201, 168]
896	38.5	[175, 114, 39, 68, 92]	[-156, -131, -85, 19, -112]	[-152, -29, 16, -10, -177]	[-46, -162, -75, -91, -100]	[127, -87, -95, 45, 7]	[-113, -25, 12, -38, 122]	[-94, 53, 8, 88, 141]	[-131, -129, -122, -112, -119]	[-163, -151, -123, -120, -123]	[-9, -19, -23, -14, -73]	[127, 130, 126, 158, 163]	[10003, 10000, 9986, 9999, 9998]	[184, 191, 181, 201, 168]
897	36.5	[68, 74, -29, 44, 94]	[-117, -157, -80, 21, -25]	[-155, -44, 19, -9, -120]	[-42, -165, -76, -101, -98]	[126, -81, -102, 40, 16]	[-132, -27, 12, -37, 109]	[-97, 52, 8, 91, 156]	[-116, -123, -117, -115, -140]	[-165, -135, -126, -114, -132]	[7, -18, -19, -27, -62]	[108, 120, 114, 173, 158]	[10000, 9997, 9986, 9994, 9996]	[197, 139, 179, 210, 173]
898	37.5	[68, 74, -29, 44, 94]	[-117, -157, -80, 21, -25]	[-155, -44, 20, -9, -120]	[-42, -165, -80, -101, -57]	[126, -81, -101, 40, 16]	[-132, -26, 12, -37, 109]	[-97, 52, 8, 90, 157]	[-116, -123, -117, -120, -142]	[-165, -135, -126, -114, -132]	[7, -18, -19, -27, -62]	[114, 120, 114, 179, 158]	[10000, 9997, 9986, 9994, 9996]	[197, 139, 179, 210, 173]
899	38.5	[116, 87, 28, 70, 92]	[-156, -140, -84, 18, -33]	[-150, -34, 15, -10, -177]	[-40, -160, -75, -90, -100]	[121, -85, -96, 50, 7]	[-114, -27, 12, -38, 108]	[-92, 51, 4, 90, 141]	[-131, -128, -121, -110, -136]	[-163, -127, -119, -119, -125]	[-16, -19, -23, -18, -64]	[117, 125, 118, 174, 172]	[10003, 9997, 9983, 9998, 9997]	[190, 135, 184, 207, 168]
900	37.0	[175, 114, 39, 68, 92]	[-162, -137, -85, 19, -112]	[-152, -29, 16, -10, -177]	[-46, -162, -75, -91, -100]	[127, -87, -95, 45, 7]	[-113, -25, 12, -38, 122]	[-94, 53, 8, 88, 141]	[-131, -129, -122, -137, -119]	[-163, -151, -123, -120, -123]	[-9, -19, -23, -14, -73]	[127, 130, 126, 158, 163]	[10003, 10000, 9986, 9999, 9998]	[184, 191, 181, 201, 168]
901	36.0	[175, 114, 39, 68, 92]	[-162, -137, -85, 19, -112]	[-152, -29, 16, -10, -177]	[-46, -162, -75, -91, -100]	[127, -87, -95, 45, 7]	[-113, -25, 12, -38, 122]	[-94, 53, 8, 88, 141]	[-131, -129, -122, -137, -119]	[-163, -151, -123, -120, -123]	[-9, -19, -23, -14, -73]	[127, 130, 126, 158, 163]	[10003, 10000, 9986, 9999, 9998]	[184, 191, 181, 201, 168]
902	35.5	[116, 87, 28, 70, 92]	[-156, -140, -84, 18, -33]	[-150, -34, 15, -10, -177]	[-40, -160, -75, -90, -100]	[121, -85, -96, 50, 7]	[-114, -27, 12, -38, 108]	[-92, 51, 4, 90, 141]	[-131, -128, -121, -110, -136]	[-163, -141, -119, -119, -125]	[-16, -19, -23, -18, -64]	[117, 125, 118, 174, 178]	[10003, 9997, 10008, 9998, 9997]	[190, 135, 184, 207, 168]
903	39.5	[68, 74, -29, 44, 94]	[-117, -151, -80, 27, -25]	[-155, -44, 26, -9, -120]	[-42, -165, -80, -101, -57]	[124, -80, -101, 38, 16]	[-126, -21, 12, -37, 109]	[-97, 52, 5, 89, 157]	[-116, -123, -117, -119, -142]	[-165, -135, -126, -113, -132]	[7, -18, -21, -21, -69]	[139, 117, 116, 179, 158]	[10000, 9997, 9986, 9994, 9996]	[197, 139, 179, 210, 173]
904	38.0	[147, 58, 39, 74, 92]	[-117, -155, -76, 21, -112]	[-167, -29, 17, -10, -159]	[-46, -157, -78, -92, -76]	[102, -87, -100, 43, 7]	[-113, -25, 12, -38, 122]	[-94, 53, 5, 88, 141]	[-131, -129, -119, -111, -128]	[-163, -151, -123, -115, -129]	[3, -19, -21, -27, -65]	[120, 121, 121, 174, 172]	[10003, 9999, 9974, 9999, 9998]	[190, 191, 178, 209, 170]
905	39.5	[175, 114, 39, 68, 92]	[-162, -137, -85, 19, -112]	[-152, -29, 16, -10, -177]	[-46, -162, -75, -91, -100]	[127, -87, -95, 45, 7]	[-113, -25, 12, -38, 122]	[-94, 53, 8, 88, 141]	[-131, -129, -122, -137, -119]	[-163, -151, -123, -120, -123]	[-9, -19, -23, -14, -73]	[127, 130, 126, 158, 163]	[10003, 10000, 9986, 9993, 9998]	[184, 191, 181, 201, 168]
906	42.0	[116, 87, 28, 70, 92]	[-156, -140, -84, 18, -33]	[-150, -34, 15, -10, -177]	[-46, -160, -75, -90, -100]	[121, -85, -97, 40, 7]	[-115, -27, 12, -38, 108]	[-92, 51, 4, 90, 141]	[-118, -128, -121, -111, -135]	[-163, -132, -121, -119, -127]	[0, -19, -47, -16, -87]	[114, 123, 118, 174, 172]	[10003, 10000, 9974, 9997, 9996]	[190, 191, 185, 204, 168]
907	35.5	[116, 87, 28, 70, 92]	[-156, -140, -84, 18, -33]	[-150, -34, 15, -10, -177]	[-46, -160, -75, -90, -100]	[121, -85, -97, 40, 7]	[-115, -27, 12, -38, 108]	[-92, 51, 4, 90, 141]	[-118, -127, -121, -111, -135]	[-163, -132, -122, -120, -129]	[-8, -19, -29, -18, -87]	[114, 123, 118, 174, 172]	[10003, 10000, 9974, 9997, 9996]	[190, 191, 185, 204, 168]
908	35.5	[68, 74, -29, 44, 94]	[-118, -155, -57, 20, -25]	[-155, -38, 16, -10, -136]	[-40, -162, -76, -101, -98]	[126, -84, -102, 40, 16]	[-130, -27, 12, -38, 109]	[-97, 52, 4, 91, 156]	[-116, -123, -117, -115, -140]	[-165, -135, -126, -113, -132]	[7, -18, -21, -23, -62]	[108, 118, 120, 174, 158]	[10003, 9997, 9986, 9994, 9996]	[197, 139, 179, 210, 173]
909	39.0	[68, 74, -29, 44, 94]	[-117, -151, -80, 27, -25]	[-155, -44, 26, -9, -120]	[-42, -165, -76, -101, -57]	[124, -80, -101, 39, 16]	[-126, -22, 12, -38, 109]	[-97, 52, 4, 89, 157]	[-116, -123, -117, -116, -140]	[-165, -135, -126, -114, -132]	[7, -18, -21, -30, -66]	[139, 117, 116, 179, 158]	[10006, 9997, 9986, 10000, 9996]	[197, 139, 179, 210, 173]
910	38.0	[116, 87, 28, 70, 92]	[-150, -140, -84, 18, -33]	[-150, -34, 15, -10, -177]	[-46, -160, -75, -90, -100]	[121, -85, -97, 40, 7]	[-115, -27, 12, -38, 108]	[-92, 51, 4, 90, 141]	[-118, -127, -121, -111, -135]	[-163, -132, -122, -120, -129]	[-8, -19, -29, -18, -87]	[114, 123, 118, 174, 172]	[10003, 10000, 9974, 9997, 9996]	[190, 191, 185, 204, 168]
911	45.0	[147, 58, 39, 74, 92]	[-117, -155, -76, 21, -112]	[-167, -29, 17, -10, -159]	[-46, -157, -78, -92, -82]	[102, -87, -100, 43, 7]	[-113, -25, 12, -38, 122]	[-94, 53, 5, 88, 141]	[-131, -129, -119, -111, -128]	[-163, -151, -123, -115, -129]	[3, -19, -21, -27, -65]	[120, 121, 121, 174, 172]	[10003, 9999, 9974, 9999, 9998]	[190, 191, 178, 209, 170]
912	39.5	[116, 87, 28, 70, 92]	[-150, -140, -84, 18, -33]	[-150, -34, 15, -10, -177]	[-46, -160, -75, -90, -100]	[121, -85, -97, 40, 7]	[-115, -27, 12, -38, 108]	[-92, 51, 4, 90, 141]	[-118, -127, -121, -111, -135]	[-163, -132, -122, -120, -129]	[-8, -19, -29, -18, -87]	[114, 123, 118, 175, 168]	[10003, 9995, 9978, 9994, 9995]	[190, 191, 185, 204, 168]
913	38.5	[68, 74, -29, 44, 94]	[-118, -155, -57, 20, -25]	[-155, -38, 16, -10, -136]	[-40, -162, -76, -101, -98]	[126, -84, -102, 40, 16]	[-130, -27, 12, -38, 109]	[-97, 52, 4, 91, 156]	[-116, -123, -117, -115, -140]	[-165, -135, -126, -113, -132]	[7, -18, -21, -23, -62]	[108, 118, 120, 174, 158]	[10003, 9997, 9986, 9994, 9996]	[191, 139, 179, 210, 173]
914	40.5	[116, 87, 28, 70, 92]	[-150, -140, -84, 18, -33]	[-150, -34, 15, -10, -177]	[-46, -160, -75, -90, -100]	[121, -85, -97, 40, 7]	[-115, -27, 12, -38, 108]	[-92, 51, 4, 90, 141]	[-118, -127, -121, -111, -135]	[-163, -132, -122, -120, -129]	[-8, -19, -29, -18, -87]	[114, 123, 118, 175, 168]	[10003, 9995, 9978, 9994, 9995]	[190, 191, 185, 204, 168]
915	40.5	[175, 114, 39, 68, 92]	[-156, -121, -79, 19, -112]	[-167, -35, 17, -10, -177]	[-52, -157, -76, -91, -100]	[127, -87, -89, 45, 7]	[-113, -25, 12, -39, 122]	[-94, 53, 5, 88, 141]	[-131, -129, -122, -112, -119]	[-163, -150, -124, -120, -123]	[-8, -44, -23, -8, -73]	[127, 130, 126, 174, 172]	[10003, 10000, 9974, 9999, 9998]	[190, 191, 181, 201, 168]
916	38.5	[68, 74, -29, 44, 94]	[-118, -155, -57, 20, -25]	[-155, -38, 16, -10, -136]	[-40, -162, -76, -101, -98]	[126, -84, -102, 40, 16]	[-130, -27, 12, -38, 109]	[-97, 52, 6, 91, 156]	[-116, -123, -117, -115, -140]	[-165, -135, -126, -113, -141]	[7, -18, -20, -24, -62]	[108, 118, 120, 174, 158]	[10003, 9997, 9986, 9994, 9996]	[191, 139, 179, 210, 173]
917	39.0	[68, 74, -29, 44, 94]	[-117, -157, -80, 21, -25]	[-155, -44, 20, -9, -120]	[-42, -165, -80, -101, -57]	[126, -81, -101, 40, 16]	[-132, -26, 18, -37, 109]	[-97, 52, 8, 90, 157]	[-116, -123, -117, -120, -142]	[-165, -135, -120, -114, -132]	[7, -18, -19, -27, -62]	[114, 120, 114, 179, 133]	[10000, 9997, 9986, 9994, 9996]	[197, 139, 179, 210, 173]
918	35.5	[175, 79, 14, 50, 93]	[-162, -137, -85, 12, -112]	[-152, -29, 16, -10, -177]	[-46, -158, -77, -91, -100]	[121, -87, -95, 45, 7]	[-113, -25, 12, -38, 122]	[-94, 53, 8, 82, 141]	[-131, -129, -122, -137, -119]	[-163, -151, -123, -120, -123]	[-9, -19, -23, -14, -73]	[127, 130, 126, 158, 163]	[10003, 10000, 9986, 9993, 9998]	[184, 191, 181, 201, 168]
919	39.5	[87, 43, -2, 44, 94]	[-142, -135, -74, 17, -59]	[-130, -50, 18, -10, -140]	[-51, -158, -77, -93, -87]	[126, -84, -100, 40, 9]	[-124, -26, 12, -38, 122]	[-81, 51, 8, 89, 141]	[-127, -129, -118, -106, -145]	[-164, -138, -116, -115, -131]	[14, -18, -44, -27, -67]	[124, 121, 118, 174, 161]	[10003, 9997, 9987, 9997, 9996]	[191, 192, 179, 216, 173]
920	36.5	[175, 79, 14, 50, 92]	[-162, -137, -80, 18, -112]	[-152, -29, 16, -10, -177]	[-46, -158, -77, -91, -100]	[121, -87, -89, 45, 7]	[-113, -25, 12, -38, 122]	[-94, 53, 5, 82, 141]	[-131, -129, -122, -137, -119]	[-163, -151, -123, -120, -123]	[-9, -19, -23, -14, -73]	[127, 130, 126, 158, 163]	[10003, 10000, 9986, 9993, 9998]	[184, 191, 181, 201, 168]
921	35.5	[68, 78, 9, 44, 94]	[-132, -150, -57, 20, -25]	[-155, -38, 15, -10, -136]	[-42, -161, -76, -101, -98]	[124, -85, -102, 40, 16]	[-130, -27, 12, -38, 109]	[-97, 52, 6, 91, 156]	[-116, -123, -117, -115, -140]	[-165, -135, -126, -113, -141]	[7, -18, -20, -24, -62]	[108, 118, 120, 174, 158]	[10003, 9997, 9986, 9994, 9996]	[191, 139, 179, 210, 173]
922	36.0	[175, 79, 14, 50, 93]	[-162, -137, -85, 12, -112]	[-152, -29, 16, -10, -177]	[-46, -158, -77, -91, -100]	[115, -87, -95, 45, 7]	[-113, -25, 12, -38, 122]	[-94, 53, 8, 82, 141]	[-131, -129, -122, -137, -119]	[-163, -150, -123, -120, -123]	[-9, -19, -23, -14, -73]	[127, 130, 122, 174, 164]	[10003, 10000, 9986, 9993, 9998]	[184, 191, 181, 201, 168]
923	38.5	[116, 87, 28, 70, 92]	[-150, -140, -84, 18, -33]	[-150, -34, 21, -10, -177]	[-46, -160, -75, -90, -100]	[121, -85, -97, 40, 7]	[-115, -27, 18, -38, 108]	[-92, 51, 4, 90, 141]	[-118, -127, -121, -111, -135]	[-163, -132, -122, -120, -129]	[-8, -19, -29, -18, -87]	[114, 123, 118, 175, 168]	[10003, 9995, 9978, 9994, 9995]	[190, 191, 185, 204, 168]
924	38.0	[175, 114, 39, 68, 92]	[-156, -121, -79, 19, -112]	[-167, -35, 17, -10, -177]	[-52, -157, -76, -91, -100]	[127, -85, -89, 45, 7]	[-113, -25, 12, -39, 122]	[-94, 53, 5, 88, 141]	[-131, -129, -122, -112, -119]	[-163, -150, -124, -120, -123]	[-8, -44, -23, -8, -73]	[127, 130, 126, 174, 172]	[10003, 10000, 9974, 9999, 9998]	[190, 191, 181, 201, 168]
925	44.5	[68, 78, 14, 44, 94]	[-132, -150, -62, 20, -25]	[-155, -39, 15, -10, -136]	[-42, -161, -76, -99, -77]	[124, -85, -100, 41, 16]	[-130, -27, 12, -38, 110]	[-97, 52, 6, 91, 156]	[-118, -123, -117, -115, -140]	[-165, -135, -126, -117, -141]	[-6, -24, -21, -24, -62]	[118, 124, 120, 176, 160]	[10003, 9997, 9986, 9994, 9996]	[191, 139, 179, 210, 173]
926	39.0	[175, 114, 29, 68, 92]	[-125, -121, -79, 19, -112]	[-167, -35, 17, -10, -177]	[-44, -161, -76, -91, -100]	[126, -82, -99, 45, 7]	[-113, -25, 12, -37, 114]	[-94, 53, 7, 89, 147]	[-131, -126, -119, -109, -119]	[-163, -150, -126, -117, -123]	[-8, -25, -22, -26, -73]	[127, 130, 126, 173, 170]	[10003, 10000, 9974, 9999, 9998]	[190, 191, 181, 201, 168]
927	42.0	[175, 114, 29, 68, 92]	[-125, -121, -79, 19, -112]	[-167, -35, 17, -10, -177]	[-44, -161, -76, -91, -100]	[126, -82, -99, 45, 7]	[-113, -25, 12, -37, 114]	[-94, 53, 6, 89, 147]	[-131, -126, -122, -110, -119]	[-164, -141, -123, -116, -131]	[-8, -25, -22, -26, -73]	[127, 130, 126, 173, 170]	[10003, 10000, 9974, 9999, 9998]	[190, 191, 181, 201, 168]
928	37.5	[175, 114, 29, 68, 92]	[-125, -121, -79, 19, -112]	[-167, -35, 17, -10, -177]	[-44, -161, -76, -91, -100]	[126, -82, -99, 45, 7]	[-113, -25, 12, -37, 114]	[-94, 53, 7, 89, 147]	[-131, -126, -119, -109, -119]	[-163, -150, -126, -117, -123]	[-8, -25, -22, -26, -73]	[127, 130, 126, 173, 170]	[10003, 10000, 9974, 9999, 9998]	[190, 191, 181, 201, 168]
929	34.5	[68, 74, -29, 44, 94]	[-117, -157, -80, 21, -25]	[-155, -44, 20, -9, -120]	[-42, -165, -80, -101, -57]	[126, -75, -101, 40, 16]	[-132, -26, 18, -37, 109]	[-97, 52, 8, 90, 157]	[-116, -123, -117, -120, -142]	[-165, -135, -120, -114, -132]	[7, -18, -19, -27, -62]	[114, 120, 114, 179, 133]	[10000, 9997, 9986, 9994, 9996]	[197, 139, 179, 210, 173]
930	34.0	[175, 114, 39, 68, 92]	[-156, -121, -79, 19, -112]	[-167, -35, 17, -10, -177]	[-52, -157, -76, -91, -100]	[127, -85, -89, 45, 7]	[-113, -25, 12, -39, 122]	[-94, 53, 5, 88, 141]	[-131, -129, -122, -112, -119]	[-163, -150, -124, -120, -123]	[-8, -44, -23, -8, -73]	[127, 130, 126, 174, 172]	[10003, 10000, 9974, 9999, 9998]	[190, 191, 181, 201, 168]
931	38.0	[68, 74, -29, 44, 94]	[-117, -157, -80, 21, -25]	[-155, -44, 20, -9, -120]	[-42, -165, -80, -101, -57]	[126, -75, -101, 40, 16]	[-132, -26, 18, -37, 109]	[-97, 52, 8, 91, 156]	[-116, -123, -122, -119, -140]	[-165, -135, -120, -114, -132]	[0, -18, -19, -25, -62]	[114, 120, 114, 179, 133]	[10000, 9997, 9986, 9994, 9996]	[197, 139, 179, 210, 173]
932	38.0	[175, 114, 29, 68, 92]	[-125, -121, -79, 19, -112]	[-167, -35, 17, -10, -177]	[-44, -161, -76, -91, -100]	[126, -82, -99, 45, 7]	[-113, -25, 12, -37, 114]	[-94, 53, 6, 89, 147]	[-131, -126, -122, -110, -119]	[-164, -141, -123, -116, -131]	[-8, -25, -22, -26, -73]	[127, 130, 126, 173, 170]	[10003, 10000, 9974, 9999, 9998]	[190, 191, 181, 201, 168]
933	38.0	[175, 79, 14, 50, 92]	[-162, -137, -80, 18, -112]	[-152, -29, 16, -10, -177]	[-46, -158, -77, -91, -100]	[115, -87, -89, 45, 13]	[-113, -25, 12, -38, 122]	[-94, 53, 5, 82, 141]	[-131, -129, -122, -137, -119]	[-163, -151, -125, -120, -123]	[-9, -19, -23, -15, -65]	[120, 130, 124, 161, 163]	[10003, 10000, 9986, 9993, 9998]	[184, 191, 181, 201, 168]
934	35.5	[68, 68, -29, 44, 94]	[-117, -157, -80, 21, -25]	[-155, -44, 20, -9, -120]	[-42, -165, -80, -101, -57]	[126, -75, -101, 40, 16]	[-132, -26, 18, -37, 109]	[-97, 52, 8, 91, 156]	[-116, -123, -122, -119, -140]	[-165, -135, -120, -114, -132]	[0, -18, -19, -25, -62]	[114, 120, 114, 179, 133]	[10000, 9997, 9986, 9994, 9996]	[197, 139, 179, 210, 173]
935	45.0	[175, 79, 14, 50, 92]	[-162, -137, -80, 18, -112]	[-152, -29, 16, -10, -177]	[-46, -158, -77, -91, -100]	[115, -87, -89, 45, 13]	[-113, -25, 12, -38, 122]	[-94, 53, 5, 83, 141]	[-131, -129, -121, -124, -123]	[-163, -151, -123, -120, -123]	[-12, -19, -23, -14, -73]	[121, 130, 126, 159, 163]	[10003, 10000, 9986, 9993, 9998]	[184, 191, 181, 201, 168]
936	38.5	[116, 87, 28, 70, 92]	[-150, -140, -84, 18, -33]	[-150, -34, 21, -16, -177]	[-46, -160, -75, -90, -100]	[121, -85, -97, 40, 7]	[-115, -27, 18, -38, 108]	[-92, 51, 4, 90, 141]	[-118, -127, -121, -111, -135]	[-163, -132, -122, -120, -129]	[-8, -19, -29, -18, -87]	[114, 123, 118, 175, 168]	[10003, 9995, 9978, 9994, 9995]	[190, 191, 185, 204, 168]
937	38.5	[175, 114, 29, 68, 92]	[-125, -121, -79, 19, -112]	[-167, -35, 17, -10, -177]	[-44, -161, -76, -91, -100]	[132, -82, -99, 45, 7]	[-113, -25, 12, -37, 114]	[-94, 53, 6, 89, 147]	[-131, -126, -122, -110, -119]	[-164, -141, -123, -116, -131]	[-8, -25, -22, -26, -73]	[127, 130, 126, 173, 170]	[10003, 10000, 9974, 9999, 9998]	[190, 191, 181, 201, 168]
938	40.0	[175, 79, 14, 50, 92]	[-162, -137, -80, 18, -112]	[-152, -29, 16, -10, -177]	[-49, -157, -77, -91, -100]	[123, -85, -89, 45, 13]	[-113, -25, 12, -38, 122]	[-94, 53, 5, 82, 141]	[-131, -129, -122, -130, -119]	[-163, -151, -125, -120, -123]	[-9, -19, -23, -15, -65]	[120, 130, 124, 161, 163]	[10003, 10000, 9992, 9993, 9998]	[184, 191, 181, 201, 168]
939	41.5	[68, 74, -29, 44, 94]	[-117, -157, -80, 21, -25]	[-155, -44, 20, -9, -120]	[-42, -165, -80, -101, -57]	[126, -75, -101, 40, 16]	[-132, -26, 18, -37, 109]	[-97, 52, 8, 90, 157]	[-116, -123, -117, -120, -142]	[-165, -135, -120, -114, -132]	[7, -18, -19, -27, -62]	[114, 120, 114, 179, 133]	[10000, 9997, 9986, 9994, 9996]	[197, 139, 179, 210, 173]
940	36.5	[175, 79, 14, 50, 92]	[-162, -137, -80, 18, -112]	[-152, -29, 16, -10, -177]	[-49, -157, -77, -91, -100]	[123, -85, -89, 45, 13]	[-113, -25, 12, -38, 122]	[-94, 53, 5, 82, 141]	[-131, -129, -122, -130, -119]	[-163, -151, -125, -120, -123]	[-9, -19, -23, -15, -65]	[120, 130, 124, 161, 163]	[10003, 10000, 9992, 9993, 9998]	[184, 191, 181, 201, 168]
941	41.5	[68, 75, 21, 45, 92]	[-117, -137, -78, 20, -91]	[-155, -39, 17, -10, -159]	[-40, -161, -76, -93, -91]	[125, -85, -97, 44, 16]	[-119, -25, 14, -38, 119]	[-97, 51, 5, 89, 142]	[-120, -127, -120, -132, -142]	[-190, -133, -130, -120, -130]	[-14, -27, -22, -18, -81]	[121, 130, 126, 179, 166]	[10000, 10000, 9986, 9994, 9997]	[190, 142, 179, 201, 172]
942	34.0	[175, 79, 14, 50, 92]	[-162, -137, -80, 18, -112]	[-152, -33, 16, -10, -177]	[-49, -157, -76, -91, -100]	[123, -85, -91, 45, 9]	[-113, -25, 12, -38, 122]	[-94, 53, 5, 83, 141]	[-131, -129, -122, -130, -119]	[-163, -151, -125, -120, -123]	[-9, -19, -23, -15, -65]	[120, 130, 124, 161, 163]	[10003, 10000, 9992, 9993, 9998]	[184, 191, 181, 201, 168]
943	43.0	[68, 74, -29, 44, 94]	[-117, -157, -80, 21, -25]	[-155, -44, 20, -9, -120]	[-42, -165, -80, -101, -57]	[126, -75, -101, 40, 16]	[-132, -26, 18, -37, 109]	[-97, 52, 8, 90, 157]	[-116, -123, -117, -120, -142]	[-165, -135, -120, -114, -132]	[7, -18, -19, -27, -62]	[114, 120, 114, 179, 133]	[10000, 9997, 9986, 9994, 9996]	[197, 139, 179, 210, 173]
944	43.5	[68, 74, -29, 44, 94]	[-117, -157, -80, 21, -25]	[-155, -44, 20, -9, -120]	[-42, -165, -80, -101, -57]	[126, -75, -101, 40, 16]	[-132, -26, 18, -37, 109]	[-97, 52, 8, 90, 157]	[-116, -123, -117, -120, -142]	[-165, -135, -120, -114, -132]	[7, -18, -19, -27, -62]	[114, 120, 114, 179, 133]	[10000, 9997, 9986, 9994, 9996]	[197, 139, 179, 210, 173]
945	43.5	[68, 74, -29, 44, 94]	[-117, -157, -80, 21, -25]	[-155, -44, 20, -9, -120]	[-42, -165, -80, -101, -57]	[126, -75, -101, 40, 16]	[-132, -26, 18, -37, 109]	[-97, 52, 8, 90, 157]	[-116, -123, -117, -120, -142]	[-165, -135, -120, -114, -132]	[7, -18, -19, -27, -62]	[114, 120, 114, 179, 133]	[10000, 9997, 9986, 9994, 9996]	[197, 139, 179, 210, 173]
946	38.5	[175, 79, 14, 50, 92]	[-162, -137, -80, 18, -112]	[-152, -33, 16, -10, -177]	[-49, -157, -76, -91, -100]	[123, -85, -91, 45, 9]	[-113, -25, 12, -38, 122]	[-94, 53, 5, 83, 141]	[-131, -129, -122, -130, -119]	[-163, -151, -125, -120, -123]	[-9, -19, -23, -15, -65]	[120, 130, 124, 161, 163]	[10003, 10000, 9992, 9993, 9998]	[184, 191, 181, 201, 168]
947	36.0	[175, 114, 29, 68, 92]	[-149, -122, -79, 19, -112]	[-156, -33, 16, -10, -177]	[-48, -159, -76, -91, -100]	[126, -82, -94, 45, 10]	[-113, -25, 12, -38, 114]	[-94, 53, 6, 89, 147]	[-131, -126, -122, -118, -119]	[-163, -141, -125, -116, -131]	[-8, -31, -23, -18, -73]	[127, 130, 126, 164, 170]	[10003, 10000, 9974, 9999, 9998]	[190, 191, 181, 201, 168]
948	36.5	[175, 79, 14, 50, 92]	[-162, -137, -80, 18, -112]	[-152, -29, 16, -10, -177]	[-49, -157, -77, -91, -100]	[123, -85, -89, 45, 13]	[-113, -25, 12, -38, 122]	[-94, 53, 5, 82, 141]	[-131, -129, -122, -130, -119]	[-163, -151, -125, -120, -123]	[-9, -19, -23, -15, -65]	[120, 130, 124, 161, 163]	[10003, 10000, 9992, 9993, 9998]	[184, 191, 181, 201, 168]
949	37.0	[147, 58, 39, 74, 92]	[-111, -155, -76, 21, -112]	[-162, -29, 17, -10, -159]	[-52, -157, -77, -92, -87]	[120, -87, -100, 43, 7]	[-117, -27, 14, -38, 122]	[-94, 53, 5, 88, 141]	[-124, -128, -119, -117, -142]	[-163, -151, -125, -118, -129]	[3, -24, -23, -23, -76]	[120, 121, 121, 177, 171]	[10003, 9999, 9974, 9999, 9998]	[190, 191, 178, 209, 170]
950	38.0	[68, 74, -29, 44, 94]	[-117, -157, -80, 21, -25]	[-155, -44, 20, -10, -120]	[-42, -163, -78, -96, -62]	[126, -75, -98, 40, 16]	[-132, -26, 18, -37, 109]	[-97, 52, 1, 90, 157]	[-116, -123, -125, -120, -142]	[-165, -132, -122, -114, -132]	[7, -18, -19, -27, -62]	[114, 120, 114, 179, 133]	[10000, 9997, 9986, 9994, 9996]	[197, 139, 179, 210, 173]
951	36.0	[68, 74, 18, 47, 94]	[-137, -137, -74, 19, -27]	[-153, -29, 17, -10, -163]	[-48, -158, -77, -92, -88]	[122, -87, -96, 43, 14]	[-119, -25, 14, -38, 119]	[-96, 53, 8, 89, 141]	[-120, -128, -119, -134, -142]	[-164, -142, -125, -120, -129]	[-9, -27, -22, -18, -81]	[121, 130, 126, 179, 160]	[10000, 10000, 9986, 9994, 9997]	[190, 142, 180, 201, 172]
952	36.5	[116, 87, 28, 70, 92]	[-156, -138, -80, 18, -33]	[-150, -29, 20, -16, -177]	[-46, -160, -75, -91, -100]	[121, -79, -97, 45, 13]	[-115, -27, 14, -38, 111]	[-92, 52, 5, 86, 142]	[-130, -128, -119, -114, -135]	[-163, -143, -125, -118, -124]	[-8, -19, -29, -18, -87]	[114, 123, 118, 175, 168]	[10003, 9995, 9978, 9994, 9995]	[190, 191, 185, 204, 168]
953	37.5	[116, 87, 28, 70, 92]	[-156, -138, -80, 18, -33]	[-150, -29, 20, -16, -177]	[-46, -160, -75, -91, -100]	[121, -79, -97, 45, 13]	[-115, -27, 14, -38, 113]	[-92, 52, 5, 88, 142]	[-130, -128, -119, -114, -135]	[-163, -143, -125, -120, -124]	[-6, -19, -29, -20, -77]	[115, 122, 120, 175, 168]	[10003, 9995, 9974, 9996, 9998]	[190, 191, 185, 204, 168]
954	43.0	[147, 58, 39, 74, 92]	[-111, -155, -76, 21, -112]	[-167, -29, 17, -10, -159]	[-52, -157, -78, -92, -82]	[102, -87, -100, 43, 7]	[-113, -25, 12, -38, 122]	[-94, 53, 5, 88, 141]	[-131, -135, -119, -111, -122]	[-163, -143, -123, -115, -129]	[3, -19, -21, -27, -65]	[120, 121, 121, 174, 172]	[10003, 9999, 9974, 9999, 9998]	[190, 185, 178, 215, 170]
955	37.0	[68, 74, -29, 44, 94]	[-117, -157, -80, 21, -25]	[-155, -44, 20, -10, -120]	[-42, -159, -77, -93, -62]	[118, -92, -98, 43, 16]	[-132, -26, 18, -37, 117]	[-97, 52, 1, 86, 154]	[-119, -129, -125, -120, -131]	[-165, -132, -122, -114, -132]	[7, -18, -19, -27, -62]	[114, 120, 114, 179, 133]	[10000, 9997, 9986, 9994, 9996]	[197, 139, 179, 210, 173]
956	32.0	[68, 74, -29, 44, 88]	[-117, -157, -80, 21, -25]	[-155, -44, 20, -10, -120]	[-42, -163, -78, -96, -62]	[126, -75, -95, 41, 16]	[-132, -26, 18, -37, 110]	[-97, 52, 1, 85, 157]	[-116, -124, -125, -120, -142]	[-165, -132, -122, -120, -124]	[7, -18, -24, -23, -68]	[114, 127, 117, 170, 150]	[10000, 9997, 9986, 9994, 9996]	[197, 139, 179, 210, 173]
957	41.5	[147, 58, 39, 74, 92]	[-111, -155, -76, 21, -112]	[-167, -29, 17, -10, -159]	[-52, -157, -78, -92, -82]	[102, -87, -100, 43, 7]	[-113, -25, 12, -38, 122]	[-94, 53, 5, 88, 141]	[-131, -135, -119, -111, -128]	[-163, -151, -123, -115, -129]	[3, -21, -22, -27, -80]	[121, 126, 124, 178, 161]	[10003, 9999, 9986, 9999, 9998]	[190, 185, 178, 215, 170]
958	39.5	[147, 58, 39, 74, 92]	[-111, -155, -76, 21, -112]	[-167, -29, 17, -10, -159]	[-52, -157, -78, -92, -82]	[102, -87, -100, 43, 7]	[-113, -25, 12, -38, 122]	[-94, 53, 5, 88, 141]	[-131, -135, -119, -111, -122]	[-163, -143, -123, -115, -129]	[3, -19, -21, -27, -65]	[120, 121, 121, 174, 172]	[10003, 9999, 9974, 9999, 9998]	[190, 185, 178, 215, 170]
959	41.5	[68, 74, -29, 44, 94]	[-117, -157, -80, 21, -25]	[-155, -44, 20, -16, -120]	[-44, -159, -76, -91, -96]	[118, -92, -98, 43, 15]	[-132, -26, 18, -37, 117]	[-97, 52, 1, 86, 154]	[-119, -129, -125, -120, -131]	[-165, -132, -122, -114, -132]	[7, -18, -19, -27, -62]	[114, 120, 114, 179, 133]	[10000, 9997, 9986, 9994, 9996]	[197, 139, 179, 210, 173]
960	38.0	[68, 74, 18, 47, 94]	[-137, -137, -74, 19, -27]	[-153, -29, 17, -10, -163]	[-48, -158, -76, -91, -88]	[122, -86, -94, 43, 14]	[-119, -25, 13, -38, 119]	[-96, 53, 7, 89, 141]	[-123, -128, -119, -134, -142]	[-164, -142, -125, -120, -129]	[-9, -26, -22, -18, -81]	[121, 130, 126, 170, 160]	[10000, 10000, 9992, 9999, 9998]	[184, 165, 180, 201, 171]
961	43.0	[147, 58, 39, 74, 92]	[-111, -155, -70, 21, -112]	[-167, -29, 17, -10, -159]	[-52, -157, -78, -92, -82]	[102, -87, -100, 43, 7]	[-113, -25, 12, -38, 122]	[-94, 53, 5, 88, 141]	[-131, -135, -119, -111, -122]	[-163, -143, -123, -115, -129]	[3, -19, -21, -27, -65]	[120, 121, 121, 174, 172]	[10003, 9999, 9974, 9999, 9998]	[190, 185, 178, 215, 170]
962	41.0	[147, 58, 39, 74, 92]	[-111, -155, -70, 21, -112]	[-167, -29, 17, -10, -159]	[-52, -157, -78, -92, -82]	[102, -87, -100, 43, 7]	[-113, -25, 12, -38, 122]	[-94, 53, 5, 88, 141]	[-131, -135, -119, -111, -128]	[-163, -143, -123, -115, -129]	[3, -19, -21, -27, -65]	[120, 121, 121, 174, 172]	[10003, 9999, 9974, 9999, 9998]	[190, 185, 178, 215, 170]
963	39.5	[147, 58, 39, 74, 92]	[-111, -155, -76, 21, -112]	[-167, -29, 17, -10, -159]	[-52, -157, -78, -92, -82]	[96, -87, -100, 43, 7]	[-113, -25, 12, -38, 122]	[-94, 53, 5, 88, 141]	[-131, -135, -119, -111, -128]	[-163, -151, -123, -115, -129]	[3, -21, -22, -27, -80]	[121, 126, 124, 178, 161]	[10003, 9999, 9986, 9999, 10004]	[190, 185, 184, 215, 170]
964	39.0	[175, 79, 14, 50, 92]	[-162, -137, -80, 18, -112]	[-152, -33, 16, -10, -177]	[-49, -157, -76, -91, -100]	[123, -85, -94, 45, 9]	[-113, -25, 12, -38, 122]	[-94, 53, 6, 83, 141]	[-131, -129, -122, -130, -119]	[-163, -151, -125, -120, -124]	[-9, -21, -23, -17, -65]	[120, 130, 124, 164, 165]	[10003, 10000, 9992, 9993, 9998]	[184, 191, 181, 201, 168]
965	37.0	[147, 58, 39, 74, 92]	[-111, -155, -70, 21, -112]	[-167, -29, 17, -10, -159]	[-52, -157, -78, -92, -82]	[102, -87, -100, 43, 7]	[-113, -25, 12, -38, 122]	[-94, 53, 5, 88, 141]	[-131, -135, -119, -111, -128]	[-163, -143, -123, -120, -129]	[-1, -19, -21, -27, -65]	[117, 122, 118, 174, 172]	[10003, 9999, 9974, 9999, 9997]	[190, 185, 178, 215, 170]
966	35.5	[116, 87, 28, 70, 92]	[-156, -138, -80, 18, -33]	[-150, -29, 18, -16, -177]	[-46, -154, -76, -91, -100]	[121, -79, -96, 45, 13]	[-114, -26, 14, -38, 113]	[-93, 53, 6, 83, 142]	[-130, -128, -119, -114, -135]	[-163, -148, -125, -120, -124]	[-6, -19, -29, -20, -77]	[115, 122, 120, 175, 168]	[10003, 9995, 9974, 9996, 9998]	[190, 191, 191, 204, 168]
967	36.0	[116, 87, 28, 70, 92]	[-150, -140, -84, 18, -33]	[-150, -34, 21, -14, -173]	[-46, -160, -77, -92, -86]	[121, -85, -97, 40, 7]	[-115, -27, 14, -38, 108]	[-92, 53, 4, 90, 141]	[-118, -127, -121, -111, -135]	[-163, -132, -122, -120, -129]	[-8, -19, -29, -18, -87]	[114, 123, 118, 175, 168]	[10003, 9995, 9978, 9994, 9995]	[190, 191, 185, 204, 168]
968	36.0	[116, 87, 28, 70, 92]	[-150, -140, -84, 18, -33]	[-150, -34, 21, -14, -173]	[-46, -160, -77, -92, -86]	[121, -85, -97, 40, 7]	[-115, -27, 14, -38, 108]	[-92, 53, 4, 90, 141]	[-118, -127, -121, -111, -135]	[-163, -132, -122, -120, -129]	[-8, -19, -29, -18, -87]	[114, 123, 118, 175, 168]	[10003, 9995, 9978, 9994, 9995]	[190, 191, 185, 204, 168]
969	39.0	[147, 58, 39, 74, 92]	[-111, -155, -70, 21, -112]	[-167, -29, 19, -10, -156]	[-52, -157, -78, -93, -95]	[102, -87, -96, 43, 7]	[-113, -25, 14, -38, 122]	[-94, 53, 5, 88, 141]	[-131, -135, -122, -111, -128]	[-163, -151, -125, -120, -126]	[-2, -21, -21, -27, -65]	[117, 122, 123, 172, 172]	[10003, 9999, 9974, 9999, 9997]	[190, 185, 178, 215, 170]
970	41.0	[116, 87, 33, 70, 92]	[-152, -147, -70, 21, -33]	[-151, -29, 18, -11, -166]	[-46, -154, -76, -91, -99]	[121, -79, -96, 45, 13]	[-114, -26, 14, -38, 113]	[-93, 53, 6, 83, 142]	[-130, -128, -119, -114, -135]	[-163, -148, -125, -120, -124]	[-6, -19, -29, -20, -77]	[115, 122, 120, 175, 168]	[10003, 9995, 9974, 9996, 9998]	[190, 191, 191, 204, 168]
971	35.0	[147, 58, 39, 74, 92]	[-111, -155, -70, 21, -112]	[-167, -29, 19, -10, -159]	[-52, -157, -76, -91, -89]	[118, -86, -100, 43, 7]	[-113, -25, 12, -38, 118]	[-94, 53, 5, 88, 141]	[-131, -135, -119, -111, -128]	[-163, -143, -123, -120, -129]	[-1, -19, -21, -27, -65]	[117, 122, 118, 174, 172]	[10003, 9999, 9974, 9999, 9997]	[190, 185, 178, 215, 170]
972	34.0	[68, 74, -29, 44, 94]	[-117, -157, -80, 21, -25]	[-155, -44, 20, -16, -120]	[-44, -159, -76, -91, -96]	[118, -92, -98, 43, 15]	[-132, -26, 18, -37, 117]	[-97, 52, 2, 86, 154]	[-119, -129, -122, -120, -133]	[-165, -137, -122, -114, -132]	[7, -18, -19, -27, -62]	[114, 120, 114, 179, 133]	[10000, 9997, 9986, 9994, 9996]	[197, 139, 181, 210, 173]
973	40.5	[68, 74, -29, 44, 94]	[-117, -157, -80, 21, -25]	[-155, -44, 20, -16, -120]	[-44, -159, -76, -91, -96]	[118, -92, -98, 43, 15]	[-132, -26, 18, -37, 117]	[-97, 52, 1, 86, 154]	[-119, -129, -125, -120, -131]	[-165, -132, -122, -114, -132]	[7, -18, -19, -27, -62]	[114, 120, 114, 179, 133]	[10000, 9997, 9986, 9994, 9996]	[197, 139, 179, 210, 173]
974	37.5	[116, 87, 28, 70, 92]	[-150, -140, -84, 18, -33]	[-150, -34, 21, -14, -173]	[-46, -160, -77, -92, -86]	[121, -85, -97, 40, 7]	[-115, -27, 14, -38, 108]	[-92, 53, 4, 90, 141]	[-118, -127, -121, -111, -135]	[-163, -132, -122, -120, -129]	[-8, -19, -29, -18, -93]	[114, 123, 118, 175, 168]	[10003, 9995, 9978, 9994, 9995]	[190, 191, 185, 204, 168]
975	40.5	[116, 87, 33, 70, 92]	[-152, -147, -70, 21, -33]	[-151, -29, 18, -11, -166]	[-46, -154, -76, -91, -99]	[121, -79, -96, 45, 13]	[-114, -26, 14, -38, 113]	[-93, 53, 6, 83, 142]	[-130, -128, -119, -114, -135]	[-163, -148, -125, -120, -124]	[-6, -19, -29, -20, -77]	[115, 122, 120, 175, 168]	[10003, 9995, 9974, 9996, 9998]	[190, 191, 191, 204, 168]
976	45.5	[175, 79, 14, 50, 92]	[-162, -137, -80, 18, -112]	[-152, -33, 16, -10, -177]	[-49, -157, -76, -91, -100]	[123, -85, -94, 45, 9]	[-113, -25, 12, -38, 122]	[-94, 53, 6, 83, 141]	[-131, -129, -122, -130, -119]	[-163, -151, -125, -120, -118]	[-9, -21, -23, -17, -65]	[120, 130, 124, 164, 165]	[10003, 10000, 9992, 9993, 9998]	[184, 191, 181, 201, 168]
977	41.0	[147, 58, 39, 74, 92]	[-111, -155, -70, 21, -112]	[-167, -29, 19, -10, -159]	[-52, -157, -76, -91, -89]	[118, -86, -100, 43, 7]	[-113, -25, 12, -38, 118]	[-94, 53, 5, 88, 141]	[-131, -135, -119, -111, -128]	[-163, -143, -123, -120, -129]	[-1, -19, -21, -27, -65]	[117, 122, 124, 174, 172]	[10003, 9999, 9974, 9999, 9997]	[190, 185, 178, 215, 170]
978	35.5	[147, 58, 39, 74, 92]	[-111, -155, -70, 21, -112]	[-167, -29, 19, -10, -159]	[-52, -157, -76, -91, -89]	[118, -86, -100, 43, 7]	[-113, -25, 12, -38, 118]	[-94, 53, 5, 88, 141]	[-131, -135, -113, -111, -128]	[-163, -143, -123, -120, -129]	[-1, -19, -21, -27, -65]	[117, 122, 124, 174, 172]	[10003, 9999, 9974, 9999, 9997]	[190, 185, 178, 215, 170]
979	36.0	[175, 79, -21, 43, 92]	[-162, -137, -80, 18, -45]	[-155, -44, 16, -10, -177]	[-49, -157, -76, -91, -62]	[122, -86, -95, 43, 9]	[-113, -25, 18, -38, 122]	[-95, 53, 6, 88, 141]	[-119, -127, -123, -111, -132]	[-163, -151, -125, -117, -128]	[-9, -22, -22, -15, -66]	[120, 130, 124, 169, 165]	[10003, 9999, 9986, 9996, 9998]	[184, 191, 182, 208, 168]
980	37.5	[175, 79, 14, 50, 92]	[-162, -137, -80, 18, -112]	[-152, -33, 16, -10, -177]	[-49, -157, -76, -91, -100]	[123, -85, -94, 45, 9]	[-113, -25, 12, -38, 122]	[-94, 53, 3, 85, 146]	[-131, -129, -122, -130, -119]	[-163, -151, -125, -116, -118]	[-9, -22, -22, -17, -65]	[120, 123, 124, 164, 165]	[10003, 10000, 9992, 9993, 9998]	[184, 191, 181, 201, 162]
981	35.5	[68, 74, -29, 44, 94]	[-117, -157, -80, 21, -25]	[-155, -44, 20, -16, -120]	[-44, -159, -77, -91, -96]	[122, -87, -95, 43, 15]	[-122, -26, 18, -37, 117]	[-97, 58, 1, 88, 142]	[-118, -127, -122, -120, -134]	[-165, -137, -122, -108, -132]	[7, -22, -22, -22, -71]	[114, 120, 114, 179, 133]	[10000, 9997, 9986, 9994, 9996]	[197, 139, 179, 210, 173]
982	42.0	[175, 79, 14, 50, 92]	[-162, -137, -80, 18, -112]	[-152, -33, 16, -10, -177]	[-49, -157, -76, -91, -100]	[123, -85, -94, 45, 9]	[-113, -25, 12, -38, 122]	[-94, 53, 3, 85, 146]	[-131, -129, -122, -130, -119]	[-163, -151, -125, -116, -118]	[-9, -22, -22, -17, -65]	[120, 123, 124, 164, 165]	[10003, 10000, 9992, 9993, 9998]	[184, 191, 181, 201, 162]
983	44.5	[116, 87, 28, 70, 92]	[-150, -140, -84, 18, -33]	[-150, -34, 21, -14, -173]	[-46, -160, -77, -92, -86]	[121, -85, -97, 42, 7]	[-123, -19, 18, -37, 110]	[-93, 53, 3, 86, 146]	[-118, -127, -122, -111, -135]	[-163, -132, -122, -120, -127]	[-8, -19, -24, -21, -66]	[112, 127, 120, 172, 166]	[10003, 9998, 9984, 9994, 9995]	[190, 191, 183, 203, 168]
984	36.0	[68, 74, -29, 44, 94]	[-117, -157, -80, 21, -25]	[-155, -44, 20, -16, -126]	[-44, -159, -76, -91, -96]	[118, -92, -98, 43, 15]	[-132, -26, 18, -37, 117]	[-97, 52, 2, 86, 154]	[-119, -129, -122, -120, -133]	[-165, -137, -122, -114, -132]	[7, -18, -19, -27, -62]	[114, 120, 114, 179, 133]	[10000, 9997, 9986, 9994, 9996]	[197, 139, 181, 210, 173]
985	35.0	[116, 87, 33, 70, 92]	[-152, -147, -70, 21, -33]	[-151, -29, 18, -11, -166]	[-46, -154, -76, -91, -99]	[121, -79, -96, 45, 13]	[-114, -32, 14, -38, 113]	[-93, 53, 6, 83, 142]	[-130, -128, -119, -114, -135]	[-163, -148, -125, -120, -124]	[-6, -19, -29, -20, -77]	[115, 122, 120, 175, 168]	[10003, 9995, 9974, 9996, 9998]	[190, 191, 191, 204, 168]
986	34.0	[68, 74, -29, 44, 94]	[-117, -157, -80, 21, -25]	[-155, -50, 20, -16, -126]	[-44, -159, -76, -91, -96]	[118, -92, -98, 43, 15]	[-132, -26, 18, -37, 117]	[-97, 52, 2, 86, 154]	[-119, -129, -122, -120, -133]	[-165, -137, -122, -114, -132]	[7, -18, -19, -27, -62]	[114, 120, 114, 179, 133]	[10000, 9997, 9986, 9994, 9996]	[197, 139, 181, 210, 173]
987	39.0	[175, 79, 14, 44, 93]	[-162, -137, -80, 20, -69]	[-152, -34, 20, -10, -177]	[-49, -157, -76, -91, -96]	[118, -90, -94, 45, 9]	[-113, -25, 12, -37, 122]	[-94, 53, 5, 85, 143]	[-120, -129, -123, -128, -121]	[-163, -151, -125, -116, -126]	[-9, -22, -22, -17, -65]	[120, 126, 124, 164, 165]	[10003, 10000, 9992, 9993, 9998]	[184, 191, 181, 201, 162]
988	37.5	[175, 79, 14, 50, 92]	[-162, -137, -80, 18, -112]	[-152, -44, 10, -10, -177]	[-49, -158, -76, -91, -100]	[123, -90, -94, 45, 14]	[-128, -26, 17, -38, 122]	[-94, 53, 5, 85, 153]	[-120, -129, -123, -128, -121]	[-163, -151, -125, -116, -126]	[-9, -22, -22, -17, -65]	[120, 126, 124, 164, 165]	[10003, 10000, 9992, 9993, 9998]	[184, 191, 181, 201, 162]
989	36.0	[68, 74, -29, 44, 94]	[-117, -157, -80, 21, -25]	[-155, -44, 17, -16, -120]	[-44, -159, -76, -91, -78]	[118, -91, -98, 43, 15]	[-132, -26, 18, -31, 117]	[-97, 52, 1, 86, 154]	[-119, -129, -125, -120, -131]	[-165, -132, -122, -120, -132]	[7, -18, -19, -27, -62]	[114, 120, 114, 179, 133]	[10000, 9997, 9986, 9994, 9996]	[197, 139, 179, 210, 173]
990	38.5	[175, 79, 14, 50, 92]	[-162, -137, -80, 18, -112]	[-152, -44, 10, -10, -177]	[-49, -158, -76, -91, -100]	[123, -90, -94, 45, 14]	[-128, -26, 17, -38, 122]	[-94, 53, 5, 85, 153]	[-120, -129, -123, -128, -121]	[-163, -151, -125, -116, -126]	[-9, -22, -22, -17, -65]	[120, 126, 124, 164, 165]	[10003, 10000, 9992, 9993, 9998]	[184, 191, 181, 201, 162]
991	41.0	[116, 87, 28, 70, 92]	[-150, -138, -84, 18, -33]	[-152, -36, 18, -14, -173]	[-46, -160, -77, -91, -86]	[121, -85, -97, 42, 7]	[-123, -19, 18, -37, 110]	[-93, 53, 3, 86, 146]	[-118, -127, -122, -111, -135]	[-163, -132, -123, -120, -123]	[-8, -19, -23, -21, -67]	[112, 127, 118, 174, 165]	[10003, 9995, 9984, 9994, 9995]	[190, 191, 185, 204, 168]
992	43.0	[116, 87, 28, 70, 92]	[-150, -138, -84, 18, -33]	[-152, -36, 18, -14, -173]	[-46, -160, -77, -91, -86]	[121, -85, -97, 42, 7]	[-123, -19, 18, -37, 110]	[-93, 53, 3, 86, 146]	[-118, -127, -122, -111, -135]	[-163, -132, -123, -120, -123]	[-8, -19, -23, -21, -67]	[112, 127, 118, 174, 165]	[10003, 9995, 9984, 9994, 9995]	[190, 191, 185, 204, 168]
993	40.5	[116, 87, 28, 70, 92]	[-150, -138, -84, 18, -33]	[-152, -36, 18, -14, -173]	[-46, -160, -77, -91, -86]	[121, -85, -97, 42, 7]	[-123, -19, 18, -37, 110]	[-93, 53, 3, 86, 146]	[-118, -127, -122, -111, -135]	[-163, -132, -123, -120, -123]	[-8, -19, -23, -21, -67]	[112, 127, 118, 174, 165]	[10003, 9995, 9984, 9994, 9995]	[190, 191, 185, 204, 168]
994	39.0	[68, 74, -29, 44, 94]	[-117, -157, -80, 21, -25]	[-155, -44, 20, -16, -120]	[-44, -157, -77, -91, -96]	[122, -87, -94, 44, 15]	[-121, -25, 17, -37, 117]	[-97, 57, 4, 88, 142]	[-118, -127, -122, -120, -134]	[-165, -134, -122, -108, -132]	[-6, -19, -27, -18, -78]	[114, 120, 114, 179, 133]	[10000, 9997, 9986, 9994, 9996]	[197, 139, 179, 210, 173]
995	43.5	[116, 87, 28, 70, 92]	[-150, -140, -84, 18, -33]	[-150, -34, 21, -14, -173]	[-46, -160, -77, -92, -86]	[121, -85, -97, 42, 7]	[-123, -19, 18, -37, 110]	[-93, 53, 3, 86, 146]	[-118, -127, -122, -111, -135]	[-163, -132, -122, -120, -127]	[-8, -19, -24, -21, -66]	[112, 127, 120, 172, 166]	[10003, 9998, 9984, 9994, 9995]	[190, 191, 183, 203, 168]
996	44.0	[175, 79, 14, 50, 92]	[-162, -137, -80, 18, -112]	[-152, -44, 10, -10, -177]	[-49, -158, -76, -85, -100]	[123, -90, -94, 45, 14]	[-128, -26, 17, -38, 122]	[-94, 53, 5, 85, 153]	[-120, -129, -123, -128, -121]	[-163, -151, -125, -116, -126]	[-9, -22, -22, -17, -65]	[120, 126, 124, 164, 165]	[10003, 10000, 9998, 9993, 9998]	[184, 191, 181, 201, 162]
997	39.0	[175, 79, 14, 50, 92]	[-162, -137, -80, 18, -112]	[-152, -44, 10, -10, -177]	[-49, -158, -76, -85, -100]	[123, -90, -94, 45, 14]	[-128, -26, 17, -38, 122]	[-94, 53, 5, 85, 153]	[-120, -129, -123, -128, -121]	[-163, -151, -125, -116, -126]	[-9, -22, -22, -17, -65]	[120, 126, 124, 164, 165]	[10003, 10000, 9998, 9993, 9998]	[184, 191, 181, 201, 162]
998	39.0	[175, 79, 14, 50, 86]	[-162, -137, -80, 18, -112]	[-152, -33, 16, -10, -177]	[-49, -157, -76, -91, -100]	[123, -85, -94, 45, 9]	[-113, -25, 12, -38, 122]	[-94, 53, 2, 84, 142]	[-131, -129, -123, -130, -119]	[-164, -133, -125, -120, -118]	[-9, -21, -23, -14, -68]	[120, 127, 123, 167, 164]	[10003, 10000, 9987, 9994, 9996]	[184, 191, 181, 201, 168]
999	39.0	[122, 87, 28, 70, 92]	[-150, -140, -84, 18, -33]	[-150, -34, 21, -14, -173]	[-46, -160, -77, -92, -86]	[121, -85, -97, 42, 7]	[-123, -19, 18, -37, 110]	[-93, 53, 3, 86, 146]	[-118, -127, -122, -111, -135]	[-163, -132, -122, -120, -127]	[-8, -19, -24, -21, -66]	[112, 127, 120, 172, 166]	[10003, 9998, 9984, 9994, 9995]	[190, 191, 183, 203, 168]
