generation	fitness	corner	c	a1	a2	b	o	x	wp	we
0	2.5	[-199, 22, -126, 0, 197, -106, 17, -189, -17, -65]	[87, 63, -187, -196, 88, -163, 96, -89, -169, -68]	[26, -40, -18, -12, 61, -17, 40, 173, 87, -105]	[130, -108, -35, -36, 87, 150, 54, -190, -171, -109]	[-128, -17, -37, -82, 59, -22, -119, -66, -30, -78]	[183, 106, 128, 73, -44, -106, -5, -96, -62, 16]	[97, -189, -161, 148, -105, 123, 3, 72, -137, -124]	[157, 21, 188, 169, 117, 18, 69, 45, -133, -30]	[-189, 30, 167, 131, -169, 3, 148, -13, 198, 67]
1	3.0	[-179, 167, -7, 125, 47, 116, 141, -143, -77, 151]	[-141, 25, 86, -154, -146, -24, 76, -127, -148, 123]	[6, -36, -82, 148, -55, 25, -11, -140, -28, 173]	[56, 83, -45, -158, 7, 5, -123, -54, -169, -13]	[8, 187, 159, 167, 158, 106, 4, 38, 98, 132]	[-82, -170, 104, -69, -148, 68, -163, -9, 12, 15]	[-184, -111, 93, -29, 132, 125, -96, -105, -38, -177]	[-109, -32, -152, 196, -52, -37, -144, 73, 87, 56]	[70, -35, -36, 51, -130, 121, 188, 192, 70, -41]
2	3.0	[-70, -182, -136, -40, -147, 63, -25, -73, 154, -5]	[-26, -100, 82, -4, -27, 119, 64, -161, 37, 98]	[63, -181, -40, 0, -38, -172, 35, 18, 134, 43]	[60, -120, 30, 11, 5, 76, -70, 60, -35, 125]	[-44, 81, 140, -132, 186, 128, -4, 170, 124, 144]	[166, -164, -92, -116, 52, 91, 168, 30, 117, 159]	[-78, 93, -158, -141, -175, 172, -198, -74, -191, 134]	[51, -199, 107, 113, -162, 17, -57, 68, 165, -167]	[66, 163, -150, -97, 42, -170, 159, 178, -14, -32]
3	6.0	[127, 136, -8, 124, 57, -65, -136, -168, -179, -94]	[25, 49, -65, -105, -153, 4, 0, 146, 65, -186]	[140, -79, -18, -138, -197, -63, -1, -62, 121, 131]	[121, -88, 188, 9, -46, 39, -15, -49, 95, 20]	[45, 159, 134, -101, -93, 141, 170, 113, -61, 22]	[60, 46, -84, -8, -157, -46, -39, -21, 44, -143]	[-169, 153, -82, 16, -146, -198, -186, -73, -151, -14]	[12, 70, -158, 6, 102, 145, -24, 58, -14, -127]	[114, -142, 65, 76, -136, 151, -14, 131, 87, -68]
4	3.0	[-76, -81, -190, 21, -77, -187, 78, 157, -23, -21]	[0, -52, 46, 96, -50, 184, 108, 153, -189, 150]	[157, -3, 72, 31, 31, -49, -104, 78, -148, -132]	[156, -186, -163, 81, -186, 185, -160, -157, -153, -37]	[-198, 177, 142, 17, -34, 77, 15, 15, -1, -184]	[84, 156, -87, -149, 65, 116, 197, -168, 131, 78]	[-155, -66, -157, -92, 93, -86, -39, 112, 174, -77]	[-179, -129, -67, -48, 7, -13, 48, 177, -104, 91]	[-130, 69, 115, 132, 75, 183, 131, -25, -163, -163]
5	7.0	[-179, 167, -7, 125, 47, 116, 141, -143, -77, 151]	[-141, 25, 86, -154, -146, -24, 76, -127, -148, 123]	[6, -36, -82, 148, -55, 25, -11, -140, -28, 173]	[56, 83, -45, -158, 7, 5, -123, -54, -169, -13]	[8, 187, 159, 167, 158, 106, 4, 38, 98, 132]	[-82, -170, 104, -69, -148, 68, -163, -9, 12, 15]	[-184, -111, 93, -29, 132, 125, -96, -105, -38, -177]	[-109, -32, -152, 196, -52, -37, -144, 73, 84, 56]	[70, -35, -36, 51, -130, 121, 188, 192, 70, -41]
6	3.0	[127, 136, -8, 124, 57, -65, -136, -168, -179, -94]	[25, 49, -65, -105, -153, 4, 0, 146, 65, -186]	[140, -79, -18, -138, -197, -63, -1, -62, 121, 131]	[121, -88, 188, 9, -46, 39, -15, -49, 95, 20]	[45, 159, 134, -101, -93, 141, 170, 113, -61, 22]	[60, 46, -84, -8, -157, -46, -39, -21, 44, -143]	[-169, 153, -82, 16, -146, -198, -186, -73, -151, -14]	[12, 70, -158, 6, 102, 145, -24, 58, -14, -127]	[114, -142, 65, 76, -136, 151, -14, 131, 87, -68]
7	3.0	[-199, 22, -126, 0, 197, -106, 17, -189, -17, -65]	[87, 63, -187, -196, 88, -163, 96, -89, -169, -68]	[26, -40, -18, -12, 61, -17, 40, 173, 87, -105]	[130, 193, -43, -199, 9, 19, 85, 186, 135, -109]	[-128, -17, -37, -82, 59, -22, -119, -66, -30, -78]	[183, 106, 128, 73, -44, -106, -5, -96, -62, 16]	[97, -189, -161, 148, -105, 123, 3, 72, -137, -124]	[157, 21, 188, 169, 117, 18, 69, 45, -133, -30]	[-189, 30, 167, 131, -169, 3, 148, -13, 198, 67]
8	6.0	[-179, 167, -7, 125, 47, 116, 141, -143, -77, 151]	[-141, 25, 86, -154, -146, -24, 76, -127, -148, 123]	[6, -36, -82, 148, -55, 25, -11, -140, -28, 173]	[56, 83, -45, -158, 7, 5, -123, -54, -169, -13]	[8, 187, 159, 167, 158, 106, 4, 38, 98, 132]	[-82, -170, 104, -69, -148, 68, -163, -9, 12, 15]	[-92, -20, 93, -29, 132, 125, -96, -105, -38, -177]	[-109, -32, -152, 196, -52, -37, -144, 73, 84, 56]	[-167, 177, -36, 51, -130, 121, 188, 192, 70, -41]
9	5.5	[-179, 167, -7, 125, 47, 116, 141, -143, -77, 151]	[-141, 25, 86, -154, -146, -24, 76, -127, -148, 123]	[6, -36, -82, 148, -55, 25, -11, -140, -28, 173]	[56, 83, -45, -158, 7, 5, -123, -54, -169, -13]	[8, 187, 159, 167, 158, 106, 4, 38, 98, 132]	[-82, -170, 104, -69, -148, 68, -163, -9, 12, 15]	[-92, -20, 93, -29, 132, 125, -96, -105, -38, -177]	[-109, -32, -152, 196, -52, -37, -144, 73, 84, 56]	[-167, 177, -36, 51, -130, 121, 188, 192, 70, -41]
10	6.0	[-179, 167, -7, 125, 47, 116, 141, -143, -77, 151]	[-141, 25, 86, -154, -146, -24, 76, -127, -148, 123]	[6, -36, -82, 148, -55, 25, -11, -140, -28, 173]	[56, 83, -45, -158, 7, 5, -123, -54, -169, -13]	[8, 187, 159, 167, 158, 106, 4, 38, 98, 132]	[-82, -170, -181, -31, 155, 84, -43, -9, 12, 15]	[-184, -111, 93, -29, 132, 125, -96, -105, 146, -177]	[-109, -32, -152, 196, -52, -37, -144, 73, 84, 56]	[70, -35, -36, 51, -130, 121, 188, 192, 70, -41]
11	6.0	[-179, 167, -7, 125, 47, 116, 141, -143, -77, 151]	[-141, 25, 86, -154, -146, -24, 76, -127, -148, 123]	[6, -36, -82, 148, -55, 25, -11, -140, -28, 173]	[56, 83, -45, -158, 7, 5, -123, -54, -169, -13]	[8, 187, 159, 167, 158, 106, 4, 38, 98, 132]	[-82, -170, -181, -31, 155, 84, -43, -9, 12, 15]	[-184, -111, 93, -29, 132, 125, -96, -105, 146, -177]	[-109, -32, -152, 196, -52, -37, -144, 73, 84, 56]	[70, -35, -36, 51, -130, 121, 188, 192, 70, -41]
12	3.0	[38, -33, -96, -31, 12, -70, -53, -185, -13, 161]	[-193, -45, -191, -186, 50, 110, 82, -27, 125, -124]	[178, 85, 49, 19, 184, 146, -176, 49, 169, -16]	[-73, 137, 113, -189, 189, -132, 38, 145, 9, 102]	[19, -132, 165, 132, -55, 59, 148, -36, -95, -14]	[-89, -30, 193, -55, -195, 161, -7, -122, -63, 43]	[-31, -28, -107, -99, 7, 11, 40, 96, -63, 10]	[45, 128, 178, -140, -141, -59, 53, 142, -161, 0]	[26, 115, -50, -78, 61, -196, 89, -133, 99, 88]
13	4.5	[127, 136, -8, 124, 57, -65, -136, -168, -179, -94]	[25, 49, -65, -105, -153, 4, 0, 146, 65, -186]	[140, -79, -18, -138, -197, -63, -1, -62, 121, 131]	[121, -88, 188, 81, -186, 185, -160, -49, 95, 20]	[45, 159, 134, -101, -93, 141, 170, 113, -61, 22]	[60, 46, -84, -8, -157, -46, -39, -21, 44, -143]	[-169, 153, -82, 16, -146, -198, -186, -73, -151, -14]	[12, 70, -158, 6, 102, 145, -24, 58, -14, -127]	[114, -142, 65, 76, -136, 151, -14, 131, 87, -68]
14	3.5	[127, 136, -8, 124, 57, -65, -136, -168, -179, -94]	[25, 49, -65, -105, -153, 4, 0, 146, 65, -186]	[140, -79, -18, -138, -197, -63, -1, -62, 121, 131]	[156, -186, -163, 81, -186, 39, -15, -49, 95, 20]	[45, 159, 134, -101, -93, 141, 170, 113, -61, 22]	[60, 46, -84, -149, -157, -46, -39, -21, 44, -143]	[-169, 153, -82, -92, 93, -198, -186, -73, -151, -14]	[12, 70, -158, 6, 102, 145, -24, 58, -14, -127]	[114, -142, 65, 76, -136, 151, -14, 131, 87, -68]
15	4.0	[127, 136, -8, 124, 57, -65, -136, -168, -179, -94]	[25, 49, -65, -105, -153, 4, 0, 146, 65, -186]	[140, -79, -18, -138, -197, -63, -1, -62, 121, 131]	[121, -88, 188, 81, -186, 185, -160, -49, 95, 20]	[45, 159, 134, -101, -93, 141, 170, 113, -61, 22]	[60, 46, -84, -8, -157, -46, -39, -21, 44, -143]	[-169, 153, -82, 16, -146, -198, -186, -73, -151, -14]	[12, 70, -158, 6, 102, 145, -24, 58, -14, -127]	[114, -142, 65, 76, -136, 151, -14, 131, 87, -68]
16	5.0	[-179, 167, -7, 125, 47, 116, 141, -143, -77, 151]	[-141, 25, 86, -154, -146, -24, 76, -127, -148, 123]	[6, -36, -29, 85, 109, -16, -120, -60, -28, 173]	[56, 83, -45, -158, -60, -137, 143, -54, -169, -13]	[8, 187, 159, 167, 158, 106, 4, 38, 98, 132]	[-82, 35, -59, 176, -182, -25, -14, 18, -178, 15]	[-184, -111, 93, -29, 123, 125, -96, -105, -38, -177]	[-44, 184, -148, -21, 43, -37, -144, 73, 84, 56]	[70, -35, -36, 51, -130, 121, 188, 192, 70, -41]
17	3.5	[127, 136, -8, 124, 57, -65, -136, -168, -179, -94]	[25, 49, -65, -105, -153, 4, 0, 146, 65, -186]	[140, -79, -18, -138, -197, -63, -1, -62, 121, 131]	[156, -186, -163, 81, -186, 39, -15, -49, 95, 20]	[45, 159, 134, -101, -93, 141, 170, 113, -61, 22]	[60, 46, -84, -149, -157, -46, -39, -21, 44, -143]	[-169, 153, -82, -92, 93, -198, -186, -73, -151, -14]	[12, 70, -158, 6, 102, 145, -24, 58, -14, -127]	[114, -142, 65, 76, -136, 151, -14, 131, 87, -68]
18	5.5	[-199, 22, -126, 0, 197, -106, 17, -189, -17, -65]	[87, 160, -120, 5, 59, -183, 104, 120, -169, -68]	[29, -40, -53, -52, 61, -17, 40, 173, 87, -105]	[130, 193, -43, -199, 9, 19, 85, 186, 135, -109]	[-128, 148, 71, 43, -43, 199, 1, -66, -30, -78]	[183, 106, 128, 73, -44, -106, -5, -96, -62, 16]	[97, -47, -116, -165, -105, 123, 3, 72, -137, -124]	[157, 21, 188, 169, 117, 18, 69, 45, -133, -30]	[-189, 30, 167, 131, -169, 3, 148, -13, 198, -144]
19	4.0	[-179, 167, -7, 125, 47, 116, 141, -143, -77, 151]	[-141, 25, 86, -154, -146, -24, 76, -127, -148, 123]	[6, -36, -29, 85, 109, -16, -120, -60, -28, 173]	[56, 83, -45, -158, -60, -137, 143, -54, -169, -13]	[8, 187, 159, 167, 158, 106, 4, 38, 98, 132]	[-82, 35, -59, 176, -182, -25, -14, 18, -178, 15]	[-184, -111, 93, -29, 123, 125, -96, -105, -38, -177]	[-44, 184, -148, -21, 43, -37, -144, 73, 84, 56]	[70, -35, -36, 51, -130, 121, 188, 192, 70, -41]
20	5.0	[-179, 167, -7, 125, 47, 116, 141, -143, -77, 151]	[-141, 25, 86, -154, -146, -24, 76, -127, -148, 123]	[6, -36, -29, 85, 109, -16, -120, -60, -28, 173]	[56, 83, -45, -158, -60, -137, 143, -54, -169, -13]	[8, 187, 159, 167, 158, 106, 4, 38, 98, 132]	[-82, 35, -59, 176, -182, -25, -14, 18, -178, 15]	[-184, -111, 93, -29, 123, 125, -96, -105, -38, -177]	[-44, 184, -148, -21, 43, -37, -144, 73, 84, 56]	[70, -35, -36, 51, -130, 121, 188, 192, 70, -41]
21	5.0	[127, 136, -8, 124, 57, -65, -136, -168, -179, -94]	[25, 49, -65, -105, 136, 5, 129, 183, -13, -186]	[140, -79, -18, -138, -197, -36, 120, 152, 18, 187]	[121, -88, 188, 81, -186, 185, -160, -49, 95, 20]	[45, 159, 134, -101, -162, 32, 170, 113, -61, 22]	[60, 46, -84, -8, -157, -46, -39, -21, 44, -143]	[-169, 153, -82, 16, -146, -198, -186, -73, -151, -14]	[12, 70, -158, 6, 102, 145, -24, 58, -14, -127]	[114, -142, 65, 76, -136, 151, -14, 131, 87, -68]
22	4.0	[-199, 22, -126, 0, 197, -106, 17, -189, -17, -65]	[87, 160, -120, 5, 59, -183, 104, 120, -169, -68]	[29, -40, -53, -52, 61, -17, 40, 173, 87, -105]	[130, 193, -43, -199, 9, 19, 85, 186, 135, -109]	[-128, 148, 71, 43, -43, 199, 1, -66, -30, -78]	[183, 106, 128, 73, -44, -106, -5, -96, -62, 16]	[97, -47, -116, -165, -105, 123, 3, 72, -137, -124]	[157, 21, 188, 169, 117, 18, 69, 45, -133, -30]	[-189, 30, 167, 131, -169, 3, 148, -13, 198, -144]
23	4.0	[127, 136, -8, 124, 57, -65, -136, -168, -179, -94]	[25, 49, -65, -105, -153, 4, 0, 146, 65, -186]	[140, -79, -18, -138, -197, -63, -1, -62, 121, 131]	[156, -186, -163, 81, -186, 39, -15, -49, 95, 20]	[45, 159, 134, -101, -93, 141, 170, 113, -61, 22]	[60, 46, -84, -149, -157, -46, -39, -21, 44, -143]	[-169, 153, -82, -92, 93, -198, -186, -73, -151, -14]	[12, 70, -158, 6, 102, 145, -24, 58, -14, -127]	[114, -142, 65, 76, -136, 151, -14, 131, 87, -68]
24	6.0	[-179, 167, -7, 125, 47, 116, 141, -143, -77, 151]	[-141, 25, 86, -154, -146, -24, 76, -127, -148, 123]	[6, -36, -82, 148, -55, 25, -11, -140, -28, 173]	[56, 83, -45, -158, 7, 5, -123, -54, -169, -13]	[8, 187, 159, 167, 158, 106, 4, 38, 98, 132]	[-82, -170, 104, -69, -148, 68, -163, -9, 12, 15]	[-92, -20, 93, -29, 132, 125, -96, -105, -38, -177]	[-109, -32, -152, 196, -52, -37, -144, 73, 84, 56]	[-167, 177, -36, 51, -130, 121, 188, 192, 70, -41]
25	5.0	[-179, 167, -7, 125, 47, 116, 141, -143, -77, 151]	[-141, 25, 82, 69, -88, 88, 27, -127, -148, 123]	[6, -36, -82, 148, -55, 25, -11, -140, -28, 173]	[56, 83, -45, -158, 7, 5, -123, -54, -169, -13]	[8, 187, 159, 167, 158, 106, 4, 38, 98, 132]	[-82, -170, -181, -31, 155, 84, -43, -9, 12, 15]	[-184, -111, 93, -29, 132, 125, -96, -105, 146, -177]	[-109, -32, -152, 196, -52, -37, -141, 73, 84, 56]	[70, -35, -36, 51, -130, 121, 188, 192, 70, -41]
26	4.0	[127, 136, -8, 124, 57, -65, -136, -168, -179, -94]	[25, 49, -65, -105, -153, 4, 0, 146, 65, -186]	[140, -79, -18, -138, -197, -63, -1, -62, 121, 131]	[156, -186, -163, 81, -186, 39, -15, -49, 95, 20]	[45, 159, 134, -101, -93, 141, 170, 113, -61, 22]	[60, 46, -84, -149, -157, -46, -39, -21, 44, -143]	[-169, 153, -82, -92, 93, -198, -186, -73, -151, -14]	[12, 70, -158, 6, 102, 145, -24, 58, -14, -127]	[114, -142, 65, 76, -136, 151, -14, 131, 87, -68]
27	4.5	[127, 136, -8, 124, 57, -65, -136, -168, -179, -94]	[25, 49, -65, -105, -153, 4, 0, 146, 65, -186]	[140, -79, -18, -138, -197, -63, -1, -62, 121, 131]	[156, -186, -163, 81, -186, 39, -15, -49, 95, 20]	[45, 159, 134, -101, -93, 141, 170, 113, -61, 22]	[60, 46, -84, -149, -157, -46, -39, -21, 44, -143]	[-169, 153, -82, -92, 93, -198, -186, -73, -151, -14]	[12, 70, -158, 6, 102, 145, -24, 58, -14, -127]	[114, -142, 65, 76, -136, 151, -14, 131, 87, -68]
28	3.5	[-179, 167, -7, 125, 47, 116, 141, -143, -77, 151]	[-141, 25, 86, -154, -146, -24, 76, -127, -148, 123]	[6, -36, -29, 85, 109, -16, -120, -60, -28, 173]	[56, 83, -45, -158, -60, -137, 143, -54, -169, -13]	[8, 187, 159, 167, 158, 106, 4, 38, 98, 132]	[-82, 35, -59, 176, -182, -25, -14, 18, -178, 15]	[-184, -111, 93, -29, 123, 125, -96, -105, -38, -177]	[-44, 184, -148, -21, 43, -37, -144, 73, 84, 56]	[70, -35, -36, 51, -130, 121, 188, 192, 70, -41]
29	4.0	[44, -98, 13, -128, -6, 15, 58, 0, 64, -149]	[61, 160, 166, 86, -17, -166, -99, -118, 156, -32]	[-164, -50, -136, 174, -25, -33, 101, 171, 34, -125]	[95, -128, 113, -189, 84, -192, 174, 154, 84, -69]	[-155, -132, 165, 132, 81, 195, -89, -29, 17, -132]	[-1, 98, -28, -55, -195, -192, 31, 34, 160, -91]	[-149, -143, -153, -45, 37, 163, -145, 115, 193, 67]	[-28, 124, 156, -60, -184, 120, 31, 28, 157, -185]	[-33, 116, 160, 138, 190, -136, -195, 146, 56, -117]
30	5.0	[-199, 22, -126, 0, 197, -106, 17, -189, -17, -65]	[87, 160, -120, 5, 59, -183, 104, 120, -169, -68]	[29, -40, -53, -52, 61, -17, 40, 173, 87, -105]	[130, 193, -43, -199, 9, 19, 85, 186, 135, -109]	[-128, 148, 71, 43, -43, 199, 1, -66, -30, -78]	[183, 106, 128, 73, -41, -106, -5, -96, -62, 16]	[97, -47, -116, -165, -105, 123, 3, 72, -137, -124]	[157, 21, 188, 169, 117, 18, 69, 45, -133, -30]	[-189, 30, 167, 131, -169, 3, 148, -13, 198, -144]
31	5.5	[-179, 167, -7, 125, 47, 116, 141, -143, -77, 151]	[-141, 25, 86, -154, -146, -24, 76, -127, -148, 123]	[6, -36, -29, 85, 109, -16, -120, -60, -28, 173]	[56, 83, -45, -158, -60, -137, 143, -54, -169, -13]	[8, 187, 159, 167, 158, 106, 4, 38, 98, 132]	[-82, 35, -59, 176, -182, -25, -14, 18, -178, 15]	[-184, -111, 93, -29, 123, 125, -96, -105, -38, -177]	[-44, 184, -148, -21, 43, -37, -144, 73, 84, 56]	[70, -35, -36, 51, -130, 121, 188, 192, 70, -41]
32	4.5	[144, 134, -89, -162, -126, 95, 103, 4, -193, 86]	[-96, 88, 67, 3, 136, 5, 129, 183, -13, 157]	[175, -79, -18, 189, 5, -36, 120, 152, 18, 187]	[-61, 89, -19, -58, -165, 117, -74, 104, 99, -133]	[-92, 159, 134, -101, -93, 32, 177, 111, 17, 60]	[-13, 46, -84, -8, -157, -46, -39, -21, 44, -61]	[-169, 153, -2, 148, -40, 0, -142, 22, -91, -90]	[-98, -122, -60, 164, 132, 85, -31, 14, 114, -127]	[-141, -152, 112, -157, -136, 26, 109, -156, 157, -188]
33	5.5	[127, 136, -8, 124, 57, -65, -136, -168, -179, -94]	[25, 49, -65, -105, 136, 5, 129, 183, -13, -186]	[140, -79, -18, -138, -197, -36, 120, 152, 18, 187]	[121, -88, 188, 81, -186, 185, -160, -49, 95, 20]	[45, 159, 134, -101, -162, 32, 170, 113, -61, 22]	[60, 46, -84, -8, -157, -46, -39, -21, 44, -143]	[-169, 153, -82, 16, -146, -198, -186, -73, -151, -14]	[12, 70, -158, 6, 102, 145, -24, 58, -14, -127]	[114, -142, 65, 76, -136, 151, -14, 131, 87, -68]
34	5.5	[127, 136, -8, 124, 57, -65, -136, -168, -179, -94]	[25, 49, -65, -105, 136, 5, 129, 183, -13, -186]	[140, -79, -18, -138, -197, -36, 120, 152, 18, 187]	[121, -88, 188, 81, -186, 185, -160, -49, 95, 20]	[45, 159, 134, -101, -162, 32, 170, 113, -61, 22]	[60, 46, -84, -8, -157, -46, -39, -21, 44, -143]	[-169, 153, -82, 16, -146, -198, -186, -73, -151, -14]	[12, 70, -158, 6, 102, 145, -24, 58, -14, -127]	[114, -142, 65, 76, -136, 151, -14, 131, 87, -68]
35	6.0	[-199, 22, -126, 0, 197, -106, 17, -189, -17, -65]	[87, 160, -120, 5, 59, -183, 104, 120, -169, -68]	[29, -40, -53, -52, 61, -17, 40, 173, 87, -105]	[130, 193, -43, -199, 9, 19, 85, 186, 135, -109]	[-128, 148, 71, 43, -43, 199, 1, -66, -30, -78]	[183, 106, 128, 73, -41, -106, -5, -96, -62, 16]	[97, -47, -116, -165, -105, 123, 3, 72, -137, -124]	[157, 21, 188, 169, 117, 18, 69, 45, -133, -30]	[-189, 30, 167, 131, -169, 3, 148, -13, 198, -144]
36	4.5	[-179, 167, -7, 125, 47, 116, 141, -143, -77, 151]	[-141, 25, 86, -154, -146, -24, 76, -127, -148, 123]	[6, -36, -29, 85, 109, -16, -120, -60, -28, 173]	[56, 83, -45, -158, -60, -137, 143, -54, -169, -13]	[8, 187, 159, 167, 158, 106, 4, 38, 98, 132]	[-82, 35, -59, 176, -182, -25, -14, 18, -178, 15]	[-184, -111, 93, -29, 123, 125, -96, -105, -38, -177]	[-44, 184, -148, -21, 43, -37, -144, 73, 84, 56]	[70, -35, -36, 51, -130, 121, 188, 192, 70, -41]
37	5.0	[-199, 22, -126, 0, 197, -106, 17, -189, -17, -65]	[87, 160, -120, 5, 59, -183, 104, 120, -169, -68]	[29, -40, -53, -52, 61, -17, 40, 173, 87, -105]	[130, 193, -43, -199, 9, 19, 85, 186, 135, -109]	[-128, 148, 71, 43, -43, 199, 1, -66, -30, -78]	[183, 106, 128, 73, -41, -106, -5, -96, -62, 16]	[97, -47, -116, -165, -105, 123, 3, 72, -137, -124]	[157, 21, 188, 169, 117, 18, 69, 45, -133, -30]	[-189, 30, 167, 131, -169, 3, 148, -13, 198, -144]
38	5.5	[-179, 167, -7, 125, 47, 116, 141, -143, -77, 151]	[-141, 25, 86, -154, -146, -24, 76, -127, -148, 123]	[6, -36, -29, 85, 109, -16, -120, -60, -28, 173]	[56, 83, -45, -158, -60, -137, 143, -54, -169, -13]	[8, 187, 159, 167, 158, 106, 4, 38, 98, 132]	[-82, 35, -59, 176, -182, -25, -14, 18, -178, 15]	[-184, -111, 93, -29, 123, 125, -96, -105, -38, -177]	[-44, 184, -148, -21, 43, -37, -144, 73, 84, 56]	[70, -35, -36, 51, -130, 121, 188, 192, 70, -41]
39	5.0	[-199, 22, -126, 0, 197, -106, 17, -189, -17, -65]	[87, 160, -120, 5, 59, -183, 104, 120, -169, -68]	[29, -40, -53, -52, 61, -17, 40, 173, 87, -105]	[130, 193, -43, -199, 9, 19, 85, 186, 135, -109]	[-128, 148, 71, 43, -43, 199, 1, -66, -30, -78]	[183, 106, 128, 73, -41, -106, -39, -21, 44, -143]	[97, -47, -116, -165, 93, -198, -186, 72, -137, -124]	[157, 21, 188, 169, 117, 18, 69, 58, -14, -127]	[-189, 30, 167, 131, -169, 3, 148, -13, 198, -144]
40	4.5	[-179, 167, -7, 125, 47, 116, 141, -143, -77, 151]	[-141, 25, 86, -154, -146, -24, 76, -127, -148, 123]	[6, -36, -82, 148, -55, 25, -11, -140, -28, 173]	[56, 83, -45, -158, 7, 5, -123, -54, -169, -13]	[8, 187, 159, 167, 158, 106, 4, 38, 98, 132]	[-82, -170, 104, -69, -148, 68, -39, -21, 44, 15]	[-92, -20, 93, -29, 132, 125, -96, -105, -38, -177]	[-109, -32, -152, 196, -52, -37, -144, 73, 84, 56]	[-167, 177, -36, 51, -130, 121, 188, 192, 70, -41]
41	4.0	[127, 136, -8, 124, 57, -65, -136, -168, -179, -94]	[25, 49, -65, -105, 136, 5, 129, 183, -13, -186]	[140, -79, -18, -138, -197, -36, 120, 152, 18, 187]	[121, -88, 188, 81, -186, 185, -160, -49, 95, 20]	[45, 159, 134, -101, -162, 32, 170, 113, -61, 22]	[60, 46, -84, -8, -157, -46, -39, -21, 44, -143]	[-169, 153, -82, 16, -146, -198, -186, -73, -151, -14]	[12, 70, -158, 6, 102, 145, -24, 58, -14, -127]	[114, -142, 65, 76, -136, 151, -14, 131, 87, -68]
42	5.5	[127, 136, -8, 124, 57, -65, -136, -168, -179, -94]	[25, 49, -65, -105, -153, 4, 0, 146, 65, -186]	[140, -79, -18, -52, 61, -17, -1, -62, 121, 131]	[156, -186, -163, 81, -186, 39, -15, -49, 135, 20]	[45, 159, 134, -101, -93, 141, 170, 113, -61, 22]	[60, 46, -84, -149, -157, -46, -39, -21, 44, -143]	[-169, 153, -82, -92, 93, -198, -186, -73, -151, -14]	[12, 70, -158, 6, 102, 145, -24, 58, -14, -127]	[114, -142, 65, 76, -136, 151, -14, 131, 87, -68]
43	7.0	[127, 136, -8, 124, 57, -65, -136, -168, -179, -94]	[25, 49, -65, -105, -153, 4, 0, 146, 65, -186]	[140, -79, -18, -52, 61, -17, -1, -62, 121, 131]	[156, -186, -163, 81, -186, 39, -15, -49, 135, 20]	[45, 159, 134, -101, -93, 141, 170, 113, -61, 22]	[60, 46, -84, -149, -157, -46, -39, -21, 44, -143]	[-169, 153, -82, -92, 93, -198, -186, -73, -151, -14]	[12, 70, -158, 6, 102, 145, -24, 58, -14, -127]	[114, -142, 65, 76, -136, 151, -14, 131, 87, -68]
44	4.0	[127, 136, -8, 124, 57, -65, -136, -168, -179, -94]	[25, 49, -65, -105, 136, 5, 129, 183, -13, -186]	[140, -79, -18, -138, -197, -36, 120, 152, 18, 190]	[121, -88, 188, 81, -186, 185, -160, -49, 95, 20]	[45, 159, 134, -101, -162, 32, 170, 113, -61, 22]	[60, 46, -84, -8, -157, -46, -39, -21, 44, -143]	[-169, 153, -82, 16, -146, -198, -186, -73, -151, -14]	[12, 70, -158, 6, 102, 145, -24, 58, -14, -127]	[114, -142, 65, 76, -136, 151, -14, 131, 87, -68]
45	2.5	[132, 126, -57, -37, -128, -91, -63, 58, 137, 61]	[122, 47, 106, -150, -28, 122, -42, 30, -139, 7]	[110, 86, 151, -14, 165, -35, -147, -53, 176, 190]	[88, -43, 135, 6, -172, -83, -173, -67, -69, 0]	[86, -65, -88, -16, -136, 76, 53, 76, 93, -33]	[-165, -198, 88, -18, -137, 194, -164, 175, 72, -60]	[7, -103, -136, 56, 95, -147, 84, 79, 5, 23]	[159, 99, 16, 99, 73, 120, -6, 177, -84, -87]	[-30, -146, -199, 33, -3, -26, -136, 100, -53, -120]
46	5.5	[-179, 167, -7, 125, 47, 116, 141, -143, -77, 151]	[-141, 25, 86, -154, -146, -24, 76, 120, -169, -68]	[6, -36, -82, 148, -55, 25, -11, -140, -28, -105]	[56, 193, -43, -199, 9, 19, 85, 186, 135, -13]	[8, 187, 71, 43, -43, 199, 1, -66, -30, -78]	[-82, -173, 104, -69, -148, 68, -163, -9, 12, 15]	[-92, -20, 93, -29, 129, 125, -96, -105, -38, -177]	[-109, -32, -152, 196, -52, -37, -144, 73, 84, 56]	[-167, 177, -36, 51, -130, 121, 188, 192, 70, -41]
47	5.5	[-199, 22, -126, 0, 197, -106, 17, -189, -17, -65]	[87, 160, -120, 5, 59, -180, 104, 120, -169, -68]	[29, -40, -53, -52, 61, -17, 40, 173, 90, -105]	[130, 193, -43, -199, 9, 39, -15, -49, 135, 20]	[-128, 148, 71, 43, -43, 199, 1, -66, -30, -78]	[183, 106, 128, 73, -41, -106, -5, -96, -62, 16]	[97, -47, -116, -165, 93, -198, -186, 72, -137, -124]	[198, 84, 106, 133, 117, 18, 69, 45, -133, -30]	[-189, 30, 164, 131, -169, 3, 148, -13, 198, -144]
48	4.0	[127, 136, -8, 124, 57, -65, -136, -168, -179, -94]	[25, 49, -65, -105, 136, 5, 129, 183, -13, -186]	[140, -79, -18, -138, -197, -36, 120, 152, 18, 190]	[121, -88, 188, 81, -186, 185, -160, -49, 95, 20]	[45, 159, 134, -101, -162, 32, 170, 113, -61, 22]	[60, 46, -84, -8, -157, -46, -39, -21, 44, -143]	[-169, 153, -82, 16, -146, -198, -186, -73, -151, -14]	[12, 73, -158, 6, 102, 145, -24, 58, -14, -127]	[114, -142, 65, 76, -136, 151, -14, 131, 87, -68]
49	4.0	[-179, 167, -7, 125, 47, 116, 141, -143, -77, 151]	[-141, 25, 86, -154, -146, -24, 76, -127, -148, 123]	[6, -36, -82, 148, -55, 25, -11, -140, -28, 173]	[56, 83, -45, -158, 7, 5, -123, -54, -169, -13]	[8, 187, 159, -101, -93, 32, 177, 111, 98, 132]	[-82, -170, 107, -69, -148, 68, -39, -21, 44, 15]	[-92, -20, 93, -29, 132, 125, -96, -105, -38, -177]	[-109, -32, -152, 196, -52, -37, -144, 73, 84, 56]	[-167, 177, -36, 51, -130, 121, 188, 192, 70, -41]
50	5.0	[-199, 22, -126, 0, 197, -106, 17, -189, -17, -65]	[87, 160, -120, 5, 59, -180, 104, 120, -169, -68]	[29, -40, -53, -52, 61, -17, 40, 173, 90, -105]	[130, 193, -43, -199, 9, 19, 85, 186, 135, -109]	[-128, 159, 134, -101, -43, -22, -119, -66, 80, -78]	[183, 106, 128, 73, -41, -106, -5, -96, -62, 16]	[97, -47, -116, -165, -105, 123, 3, 72, -137, -124]	[198, 84, 106, 133, 117, 18, 69, 45, -133, -30]	[-189, 30, 164, 131, -169, 3, 148, -13, 198, -144]
51	7.5	[-179, 167, -7, 125, 47, 116, 141, -143, -77, 151]	[-141, 25, 86, -154, -149, -24, 76, -127, -148, 123]	[6, -36, -82, 148, -55, 25, -11, -140, -28, 173]	[56, 83, -45, -158, -186, 39, -123, -54, -169, -13]	[-92, 159, 134, -101, -93, 32, 4, 38, 98, 132]	[-82, -170, 104, -69, -148, 68, -39, -21, 44, -61]	[-92, -20, 93, -29, 132, 125, -96, -105, -38, -177]	[12, 70, -158, 6, 102, 145, -24, 58, 84, 56]	[-167, 177, -36, 51, -130, 121, 188, 192, 70, -41]
52	5.0	[-199, 22, -126, 0, 197, -106, 17, -189, -17, -65]	[87, 157, -120, 5, 59, -180, 104, 120, -169, -68]	[29, -40, -53, -52, 61, -17, 40, 173, 90, -105]	[130, 193, -43, -199, 9, 39, -15, -49, 135, 20]	[-128, 148, 71, 43, -43, 199, 1, -66, -30, -78]	[183, 106, 128, 73, -41, -106, -5, -96, -62, 16]	[97, -47, -116, -165, 93, -198, -186, 72, -137, -124]	[198, 84, 106, 133, 117, 18, 69, 45, -133, -30]	[-189, 30, 164, 131, -169, 3, 148, -13, 198, -144]
53	6.5	[-179, 167, -7, 125, 47, 116, 141, -143, -77, 151]	[-141, 25, 86, -154, -149, -24, 76, -127, -148, 123]	[6, -36, -82, 148, -55, 25, -11, -140, -28, 173]	[56, 83, -45, -158, -186, 39, -123, -54, -169, -13]	[-92, 159, 134, -101, -93, 32, 4, 38, 98, 132]	[-82, -170, 104, -69, -148, 68, -39, -21, 44, -61]	[-92, -20, 93, -29, 132, 125, -96, -105, -38, -177]	[12, 70, -158, 6, 102, 145, -24, 58, 84, 56]	[-167, 177, -36, 51, -130, 121, 188, 192, 70, -41]
54	4.5	[-179, 167, -7, 125, 47, 116, 141, -143, -77, 151]	[-141, 25, 86, -154, -149, -24, 76, -127, -148, 123]	[6, -36, -82, 148, -55, 25, -11, -140, -28, 173]	[56, 83, -45, -158, -186, 39, -123, -54, -169, -13]	[-92, 159, 134, -101, -93, 32, 4, 38, 98, 132]	[-82, -170, 104, -69, -148, 68, -39, -21, 44, -61]	[-92, -20, 93, -29, 132, 125, -96, -105, -38, -177]	[12, 70, -158, 6, 102, 145, -24, 58, 84, 56]	[-167, 177, -36, 51, -130, 121, 188, 192, 70, -41]
55	5.0	[-199, 22, -126, 0, 197, -106, 17, -189, -17, -65]	[87, 160, -120, 5, 59, -183, 104, 120, -169, -68]	[29, -40, -53, -52, 61, -17, 40, 173, 87, -105]	[130, 193, -43, -199, 9, 19, 85, 186, 135, -109]	[-128, 148, 71, 43, -43, 199, 1, -66, -30, -78]	[183, 106, 128, 73, -41, -106, -39, -21, 44, -143]	[97, -47, -116, -165, 93, -198, -186, 72, -137, -124]	[157, 21, 188, 169, 117, 18, 69, 58, -14, -127]	[-189, 30, 167, 131, -169, 3, 148, -13, 198, -144]
56	6.5	[127, 136, -8, 124, 57, -65, -136, -168, -179, 151]	[25, 49, 86, -154, -149, -24, 76, -127, 65, -186]	[140, -36, -82, 148, -55, 25, -11, -140, 121, 131]	[156, -186, -163, 81, -186, 39, -15, -49, 135, 20]	[45, 159, 134, -101, -93, 32, 4, 38, -61, 22]	[60, 46, -84, -149, -157, -46, -39, -21, 44, -143]	[-169, 153, -82, -92, 93, -198, -186, -73, -151, -14]	[12, 70, -158, 6, 102, 145, -24, 58, -14, -127]	[114, -142, 65, 76, -136, 151, -14, 131, 87, -68]
57	7.0	[-179, 167, -7, 125, 47, 116, 141, -143, -77, 151]	[-141, 25, 86, -154, -149, -24, 76, -127, -148, 123]	[6, -36, -82, 148, -55, 25, -11, -140, -28, 173]	[56, 83, -45, -158, -186, 39, -123, -54, -169, -13]	[-92, 159, 84, -154, 168, 32, 4, 38, 98, 132]	[-121, -170, 104, -69, -148, 68, -39, -21, 44, -61]	[-92, -20, 93, -29, 132, 125, -96, -105, -38, -177]	[15, 70, -158, 6, 102, 145, -24, 58, 84, 56]	[-167, 177, -36, 51, -130, 121, 188, 192, 70, -41]
58	5.0	[-199, 22, -126, 0, 197, -106, 17, -189, -17, -65]	[87, 157, -120, 5, 59, -180, 104, 120, -169, -68]	[29, -40, -53, -52, 61, -17, 40, 173, 90, -105]	[130, 193, -43, -199, 9, 39, -15, -49, 135, 20]	[-128, 148, 71, 43, -43, 199, 1, -66, -33, -78]	[183, 106, 128, 73, -41, -106, -5, -96, -62, 16]	[97, -47, -116, -165, 93, -198, -186, 72, -137, -124]	[198, 84, 106, 133, 117, 18, 69, 45, -133, -30]	[-189, 30, 164, 131, -169, 3, 148, -13, 198, -144]
59	5.0	[-179, 167, -7, 125, 47, 116, 141, -143, -77, 151]	[-141, 25, 86, -154, -146, -24, 76, 120, -169, -68]	[6, -36, -82, 148, -55, 25, -147, -53, -28, -105]	[88, 89, 135, 6, -172, -83, -173, 186, 135, -13]	[8, 187, 71, 43, -43, 199, 1, -66, -30, -78]	[-82, -173, 104, -69, -148, 68, -163, -9, 12, 15]	[-92, -20, 93, -29, 129, 125, -96, -105, -38, -177]	[-109, -32, -152, 196, -52, -37, -144, 73, 84, 56]	[-167, 177, -36, 51, -130, 121, 188, 192, 70, -41]
60	4.5	[-179, 167, -7, 125, 47, 116, 141, -143, -77, 151]	[-141, 25, 86, -154, -149, -24, 76, -127, -148, 123]	[6, -36, -82, 148, -55, 25, -11, -140, -28, 173]	[56, 83, -45, -158, -186, 39, -123, -54, -169, -13]	[-92, 159, 84, -154, 168, 32, 4, 38, 98, 132]	[-121, -170, 104, -69, -148, 68, -39, -21, 44, -61]	[-92, -20, 93, -29, 132, 125, -96, -105, -38, -177]	[15, 70, -158, 6, 102, 145, -24, 58, 84, 56]	[-167, 177, -36, 51, -130, 121, 188, 192, 70, -41]
61	6.0	[-199, 22, -126, 0, 197, -106, 17, -189, -17, -65]	[87, 160, -120, 5, 59, -183, 104, 120, -169, -68]	[29, -40, -53, -52, 61, -17, 40, 173, 87, -105]	[130, 193, -43, -199, 9, 19, 85, 186, 135, -109]	[-128, 148, 71, 43, -43, 199, 1, -66, -30, -78]	[183, 106, 128, 73, -41, -106, -39, -21, 44, -143]	[97, -47, -116, -165, 93, -198, -186, 72, -137, -124]	[157, 21, 188, 169, 117, 18, 69, 58, -14, -127]	[-189, 30, 167, 131, -169, 3, 148, -13, 198, -144]
62	7.0	[-179, 167, -7, 125, 47, 116, 141, -143, -77, 151]	[-141, 25, 86, -154, -149, -24, 76, -127, -148, 123]	[6, -36, -82, 148, -55, 25, -11, -140, -28, 173]	[56, 83, -45, -158, -186, 39, -123, -54, -169, -13]	[-92, 159, 84, -154, 168, 32, 4, 76, 98, 132]	[-121, -170, 88, -18, -137, 68, -39, -21, 44, -61]	[-92, -103, -136, 175, 146, -57, -93, -105, -38, -177]	[15, 70, -158, 6, 102, 145, -24, 58, 84, 56]	[-167, 177, -36, 51, -130, 121, 188, 192, 70, -41]
63	3.5	[-179, 167, -7, 125, 47, 116, 141, -143, -77, 151]	[-141, 25, 86, -154, -149, -24, 76, -127, -148, 123]	[6, -36, -82, 148, -55, 25, -11, -140, -28, 173]	[56, 83, -45, -158, -186, 39, -123, -54, -169, -13]	[-92, 159, 84, -154, 168, 32, 4, 76, 98, 132]	[-121, -170, 88, -18, -137, 68, -39, -21, 44, -61]	[-92, -103, -136, 175, 146, -57, -93, -105, -38, -177]	[15, 70, -158, 6, 102, 145, -24, 58, 84, 56]	[-167, 177, -36, 51, -130, 121, 188, 192, 70, -41]
64	7.0	[-179, 167, -7, 125, 47, 116, 141, -143, -77, 151]	[-141, 25, 86, -154, -149, -24, 76, -127, -148, 123]	[6, -36, -82, 148, -55, 25, -11, -140, -28, 173]	[56, 83, -45, -158, -186, 5, -123, -54, -169, -13]	[-92, 159, 84, -154, 168, 32, 4, 76, 98, 132]	[-121, -170, 107, -69, -148, 68, -39, -21, 44, -61]	[-92, -103, -136, 175, 132, 125, -96, -105, -38, -177]	[15, 70, -158, 6, 102, 145, -24, 58, 84, 56]	[-167, 177, -36, 51, -130, 121, 188, 192, 70, -41]
65	7.5	[-179, 167, -7, 125, 47, 116, 141, -143, -77, 151]	[-141, 25, 86, -154, -149, -24, 76, -127, -148, 123]	[6, -36, -82, 148, -55, 25, -11, -140, -28, 173]	[56, 83, -45, -158, -186, 39, -123, -54, -169, -13]	[-92, 159, 84, -154, 168, 32, 4, 38, 98, 132]	[-121, -170, 104, -69, -148, 68, -39, -21, 44, -61]	[-92, -20, 93, -29, 132, 125, -96, -105, -38, -177]	[15, 70, -158, 6, 102, 145, -24, 58, 84, 56]	[-167, 177, -33, 51, -130, 121, 188, 192, 70, -41]
66	4.5	[-179, 167, -7, 125, 47, 116, 141, -143, -77, 151]	[-141, 25, 86, -154, -149, -24, 76, -127, -148, 123]	[6, -36, -82, 148, -55, 25, -11, -140, -28, 173]	[56, 83, -45, -158, -186, 39, -123, -54, -169, -13]	[-92, 159, 84, -101, -93, 32, 4, 76, 98, 132]	[-121, -170, 88, -18, -137, 68, -39, -21, 44, -61]	[-92, -103, -136, 175, 146, -57, -93, -105, -38, -177]	[15, 70, -158, 6, 102, 145, -24, 58, 84, 56]	[-167, 177, -36, 51, -130, 121, 188, 192, 70, -41]
67	7.0	[-179, 167, -7, 125, 47, 181, -96, -142, 54, 151]	[-141, 25, 86, -154, 50, 28, 76, -127, -148, 123]	[6, -36, -82, 68, -68, 25, -11, -140, -28, 173]	[56, 83, -45, -158, -186, 39, -123, -54, -169, -13]	[-92, 159, 84, -154, 168, -97, 4, 38, 98, 132]	[-82, -170, -113, -191, 25, 24, 83, -102, -74, -61]	[-92, 173, 93, -29, 132, 125, -96, -105, -38, -177]	[12, -63, 8, 6, 102, 145, -24, 58, 84, 56]	[-167, 177, -36, 51, -130, 121, 188, 192, 70, -41]
68	4.5	[-179, 167, -7, 125, 47, 116, 141, -143, -77, 151]	[-141, 25, 86, -154, -149, -24, 76, -127, -148, 123]	[6, -36, -82, 148, -55, 25, -11, -140, -28, 173]	[56, 83, -45, -158, -186, 5, -123, -54, -169, -13]	[-92, 159, 84, -154, 168, 32, 4, 76, 98, 132]	[-121, -170, 107, -69, -148, 68, -39, -21, 44, -61]	[-92, -103, -136, 175, 132, 125, -96, -105, -38, -177]	[15, 70, -158, 6, 102, 145, -24, 58, 84, 56]	[-167, 177, -36, 51, -130, 121, 188, 192, 70, -41]
69	10.0	[-179, 167, -7, 125, 47, 116, 141, -143, -77, 151]	[-141, 25, 86, -154, -149, -24, 76, -127, -148, 123]	[6, -36, -82, 148, -55, 25, -11, -140, -28, 173]	[56, 83, -45, -158, -186, 5, -123, -54, -169, -13]	[-92, 159, 84, -154, 168, 32, 4, 76, 98, 132]	[-121, -170, 107, -69, -148, 68, -39, -21, 44, -61]	[-92, -103, -136, 175, 132, 125, -96, -105, -38, -177]	[15, 70, -158, 6, 102, 145, -24, 58, 84, 56]	[-167, 177, -36, 51, -130, 121, 188, 192, 70, -41]
70	6.0	[-179, 167, -7, 125, 47, 116, 141, -143, -77, 151]	[-141, 25, 86, -154, -149, -24, 76, -127, -148, 123]	[6, -36, -82, 148, -55, 25, -11, -140, -28, 173]	[56, 83, -45, -158, -186, 39, -123, -54, -169, -13]	[-92, 159, 84, -154, 168, 32, 4, 38, 98, 132]	[-121, -170, 104, -69, -148, 68, -39, -21, 44, -61]	[-92, -20, 93, -29, 132, 125, -96, -105, -38, -177]	[15, 70, -158, 6, 102, 145, -24, 58, 84, 56]	[-167, 177, -33, 51, -130, 121, 188, 192, 70, -41]
71	6.5	[127, 136, -8, 124, 57, -65, -136, -168, -179, -65]	[87, 160, -120, 5, 59, -183, 104, 120, -169, -68]	[29, -40, -53, -52, 61, -17, -11, 173, 90, -105]	[130, -186, -160, 81, 9, 19, 85, 186, 135, -109]	[-128, -65, -88, -16, -136, 76, 53, 76, 93, -33]	[183, 106, 128, -149, -157, -46, -5, -96, -62, 16]	[-169, 153, -82, -92, 93, -198, -186, 72, -137, -124]	[12, 84, 106, 133, 117, 18, 69, 45, -133, -30]	[-189, 30, 164, 131, -169, 3, 148, -13, 198, -144]
72	4.5	[-179, 167, -7, 125, 47, 116, 141, -143, -77, 151]	[-141, 25, 86, -154, -149, -24, 76, -127, -148, 123]	[6, -36, -82, 148, -55, 25, -11, -140, -28, 173]	[56, 83, -45, -158, -186, 39, -123, -54, -169, -13]	[-92, 159, 84, -154, 168, 32, 4, 38, 98, 132]	[-121, -170, 104, -69, -148, 68, -39, -21, 44, -61]	[-92, -20, 93, -29, 132, 125, -96, -105, -38, -177]	[15, 70, -158, 6, 102, 145, -24, 58, 84, 56]	[-167, 177, -33, 51, -130, 121, 188, 192, 70, -41]
73	6.5	[-68, 82, 135, 65, -78, 116, 141, -143, -77, 151]	[119, 47, 106, -150, -28, 88, 27, -127, -151, 123]	[110, 7, -53, -14, 165, 25, -11, -140, -28, 173]	[56, 83, -45, -131, -127, -18, -123, -54, -169, -13]	[8, 187, 159, 167, 158, 106, 4, 38, 98, 132]	[-82, 98, -181, -31, 155, 84, -43, -9, 12, 15]	[-184, -47, -116, -165, 93, -198, -186, 115, 146, -177]	[-109, 124, -152, 196, -52, -37, -141, 73, 84, 56]	[70, -35, -36, 51, -130, 121, 188, 192, 70, -41]
74	7.0	[-179, 167, -7, 125, 47, 181, -96, -142, 54, 151]	[-141, 25, 86, -154, 50, 28, 76, -127, -148, 123]	[6, -36, -82, 68, -68, 25, -11, -140, -28, 173]	[56, 83, -45, -158, -186, 39, -123, -54, -169, -13]	[-92, 159, 84, -154, 168, -97, 4, 38, 98, 132]	[-82, -170, -113, -191, 25, 24, 83, -102, -74, -61]	[-92, 173, 93, -29, 132, 125, -96, -105, -38, -177]	[12, -63, 8, 6, 102, 145, -24, 58, 84, 56]	[-167, 177, -36, 51, -130, 121, 188, 192, 70, -41]
75	7.0	[127, 136, -8, 124, 57, -65, -136, -168, -179, -65]	[87, 160, -120, 5, 59, -183, 104, 120, -169, -68]	[29, -40, -53, -52, 61, -17, -11, 173, 90, -105]	[130, -186, -160, 81, 9, 19, 85, 186, 135, -109]	[-128, -65, -88, -16, -136, 76, 53, 76, 93, -33]	[183, 106, 128, -149, -157, -46, -5, -96, -62, 16]	[-169, 153, -82, -92, 93, -198, -186, 72, -137, -124]	[12, 84, 106, 133, 117, 18, 69, 45, -133, -30]	[-189, 30, 164, 131, -169, 3, 148, -13, 198, -144]
76	5.0	[127, 136, -8, 124, 57, -65, -136, -168, -179, -94]	[25, 49, -65, -105, 136, 5, 129, 183, -13, -186]	[29, -40, -53, -52, 61, -17, 40, 173, 18, 190]	[121, 193, -43, -199, 9, 39, -15, -49, 95, 20]	[45, 159, 134, -101, -162, 32, 170, 113, -61, 22]	[60, 46, -84, -8, -157, -46, -39, -21, 44, -143]	[-169, 153, -82, 16, -146, -198, -186, -73, -151, -14]	[12, 73, -158, 6, 102, 145, -24, 58, -14, -127]	[114, -35, -36, 51, -130, 151, -14, 131, 87, -68]
77	3.0	[-179, 167, -7, 125, 47, 113, 141, -143, -77, 151]	[-141, 25, 86, -154, -146, -24, 76, 120, -166, -68]	[6, -36, -82, 148, -55, 25, -147, -53, -28, -105]	[88, 89, 135, 6, -172, -83, -173, 186, 135, -13]	[8, 187, 71, 43, -43, 199, 1, -66, -30, -78]	[-82, -173, 104, -69, -148, 68, -163, -9, 12, 15]	[-92, -20, 93, -29, 129, 125, -96, -105, -38, -177]	[-109, -32, -152, 196, -52, -37, -144, 73, 84, 56]	[-167, 177, -36, 51, -130, 121, 188, 192, 70, -41]
78	6.0	[-179, 167, -7, 125, 47, 113, 141, -143, -77, 151]	[-141, 25, 86, -154, -146, -24, 76, 120, -166, -68]	[6, -36, -82, 148, -55, 25, -147, -53, -28, -105]	[88, 89, 135, 6, -172, -83, -173, 186, 135, -13]	[8, 187, 71, 43, -43, 199, 1, -66, -30, -78]	[-82, -173, 104, -69, -148, 68, -163, -9, 12, 15]	[-92, -20, 93, -29, 129, 125, -96, -105, -38, -177]	[-109, -32, -152, 196, -52, -37, -144, 73, 84, 56]	[-167, 177, -36, 51, -130, 121, 188, 192, 70, -41]
79	6.5	[127, 136, -8, 124, 57, -106, 17, -168, -179, 151]	[25, 49, -120, 5, 59, -183, 104, 120, -169, -68]	[140, -36, -82, 148, -55, 25, -11, -140, 121, 131]	[156, -186, -163, 81, -186, 39, -15, -49, 135, 20]	[45, 159, 134, -101, -93, 32, 4, -66, 80, -78]	[60, 46, -84, -149, -157, -46, -39, -21, 44, -143]	[-169, 153, -82, -92, 93, -198, -186, -73, -151, -14]	[12, 70, -158, 6, 102, 145, -24, 58, -14, -127]	[114, -142, 65, 76, -136, 151, -14, 131, 87, -68]
80	5.5	[-179, 167, -7, 125, 47, 116, 141, -143, -77, 151]	[-141, 25, 86, -154, -149, -24, 76, -127, -148, 123]	[6, -36, -82, 148, -55, 25, -11, -140, -28, 173]	[56, 83, -45, -158, -186, 5, -123, -54, -169, -13]	[-92, 159, 84, -154, 168, 32, 4, 76, 98, 132]	[-121, -170, 107, -69, -148, 68, -39, -21, 44, -61]	[-92, -103, -136, 175, 132, 125, -96, -105, -38, -177]	[15, 70, -158, 6, 102, 145, -24, 58, 84, 56]	[-167, 177, -36, 51, -130, 121, 188, 192, 70, -41]
81	5.5	[-179, 167, -7, 125, 47, 181, -96, -142, 54, 151]	[-141, 25, 86, -154, 50, 28, 76, -127, -148, 123]	[6, -36, -82, 68, -68, 25, -11, -140, -28, 173]	[56, 83, -45, -158, -186, 39, -123, -54, -169, -13]	[-92, 159, 84, -151, 168, -97, 4, 38, 98, 132]	[-82, -170, -113, -191, 25, 27, 83, -102, -74, -61]	[-92, 173, 93, -29, 132, 125, -96, -105, -38, -177]	[12, -63, 8, 6, 102, 145, -24, 58, 84, 56]	[-167, 177, -36, 51, -130, 121, 188, 192, 70, -41]
82	5.5	[-179, -22, 30, -146, 166, 116, 141, -143, -77, 151]	[-141, 25, 86, -154, 27, -131, 142, -189, -148, 123]	[6, -36, -82, 148, -55, 25, -11, -140, -28, 173]	[56, 83, -45, -158, -186, 39, -123, -54, -36, -13]	[-92, 159, 84, -154, 168, 32, 4, 38, 98, 132]	[-121, -170, 104, -69, -148, 68, -39, -21, 44, -61]	[-92, -20, 93, -29, 132, 125, -96, -105, -38, -177]	[15, 70, -158, 6, 102, 145, -24, 58, 84, 56]	[-167, 177, -33, 51, -130, 121, 188, 192, 70, -41]
83	7.5	[-179, 167, -7, 125, 47, 116, 141, -143, -77, 151]	[-141, 25, 86, -154, -149, -24, 76, -127, -148, 123]	[6, -36, -82, 148, -55, 25, -11, -140, -28, 173]	[56, 83, -45, -158, -186, 5, -123, -54, -169, -13]	[-92, 159, 84, -154, 168, 32, 4, 76, 98, 132]	[-121, -170, 107, -69, -148, 68, -39, -21, 44, -61]	[-92, -103, -136, 175, 132, 125, -96, -105, -38, -177]	[15, 70, -158, 6, 102, 145, -24, 58, 84, 56]	[-167, 177, -36, 51, -130, 121, 188, 192, 70, -41]
84	7.5	[-179, 167, -7, 125, 47, 116, 141, -143, -77, 151]	[-141, 25, 86, -154, -149, -24, 76, -127, -148, 123]	[6, -36, -82, 148, -55, 25, -11, -140, -28, 173]	[56, 83, -45, -158, -186, 5, -123, -54, -169, -13]	[-92, 159, 84, -154, 168, 32, 4, 76, 98, 132]	[-121, -170, 107, -69, -148, 68, -39, -21, 44, -61]	[-92, -103, -136, 175, 132, 125, -96, -105, -38, -177]	[15, 70, -158, 6, 102, 145, -24, 58, 84, 56]	[-167, 177, -36, 51, -130, 121, 188, 192, 70, -41]
85	10.0	[-179, 167, -7, 125, 47, 116, 141, -143, -77, 151]	[-141, 25, 86, -154, -149, -24, 76, -127, -148, 123]	[6, -36, -82, 148, -55, 25, -11, -140, -28, 173]	[56, 83, -45, -158, -186, 39, -123, -54, -169, -13]	[117, 159, 84, -154, 168, 32, 4, 38, 98, 132]	[-121, 43, 45, -18, -137, -106, -5, 176, 109, 194]	[-92, -20, 93, -29, 132, 125, -96, -105, -38, -177]	[180, 193, 103, 133, 117, 18, 90, 190, -80, -95]	[-167, 177, 170, 152, -120, 121, 188, 192, 70, -41]
86	6.0	[-179, 167, -7, 125, 47, 181, -96, -142, 54, 151]	[-141, 25, 86, -150, -28, 170, -188, 30, -139, 7]	[6, -36, -82, 68, -68, 25, -11, -140, -28, 173]	[56, -43, -45, -158, -186, 39, -123, -54, -169, -13]	[-92, 159, 84, -151, 168, -97, 4, 38, 98, 132]	[-82, -170, -113, -191, 25, 27, 83, -102, -74, -61]	[-92, 173, 93, -29, 132, 125, -96, -105, -38, -177]	[12, -63, 8, 6, 102, 145, -24, 58, 84, 56]	[-167, 177, -36, 51, -130, 121, 188, 192, 70, -41]
87	6.0	[-179, 167, -7, 125, 47, 181, -96, -142, 54, 151]	[-141, 25, 86, -154, 50, 28, 76, -127, -148, 123]	[6, -36, -82, 68, -68, 25, -11, -140, -28, 173]	[56, 83, -45, -158, -186, 39, -123, -54, -169, -13]	[-92, 159, 84, -151, 168, -97, 4, 38, 98, 132]	[-82, -170, -113, -191, 25, 68, -39, -21, 44, -61]	[-92, 173, 93, -29, 132, 125, -96, -105, -38, -177]	[12, -63, 8, 6, 102, 145, -27, 58, 84, 56]	[-167, 177, -36, 51, -130, 121, 188, 192, 70, -41]
88	5.5	[-179, 167, -7, 125, 47, 181, -96, -142, 54, 151]	[-141, 25, 86, -150, -28, 170, -188, 30, -139, 7]	[6, -36, -82, 68, -68, 25, -11, -140, -28, 173]	[56, -43, -45, -158, -186, 39, -123, -54, -169, -13]	[-92, 159, 84, -151, 168, -97, 4, 38, 98, 132]	[-82, -170, -113, -191, 25, 27, 83, -102, -74, -61]	[-92, 173, 93, -29, 132, 125, -96, -105, -38, -177]	[12, -63, 8, 6, 102, 145, -24, 58, 84, 56]	[-167, 177, -36, 51, -130, 121, 188, 192, 70, -41]
89	7.0	[-179, 167, -7, 125, 47, 181, -96, -142, 54, 151]	[-141, 25, 86, -154, 50, 28, 76, -127, -148, 123]	[6, -36, -82, 68, -68, 25, -11, -140, -28, 173]	[56, 83, -45, -158, -186, 39, -123, -54, -169, -13]	[-92, 159, 84, -151, 168, -97, 4, 38, 98, 132]	[-82, -170, -113, -191, -41, -106, -5, -102, -74, -61]	[-92, 173, 93, -29, 132, 125, -96, -105, -38, -177]	[12, 70, -158, 6, 102, 145, -24, 58, 84, 56]	[-167, 177, -36, 51, -130, 121, 188, 192, 70, -41]
90	6.0	[-179, -22, 30, -146, 166, 116, 141, -143, -77, 151]	[-141, 25, 86, -154, 27, -131, 142, -189, -148, 123]	[6, -36, -82, 148, -55, 25, -11, -140, -28, 173]	[56, 83, -45, -155, -186, 39, -123, -54, -36, -13]	[-92, 159, 84, -154, 168, 32, 4, 38, 98, 132]	[-121, -170, 104, -69, -148, 68, -39, -21, 44, -61]	[-92, -20, 93, -29, 132, 125, -96, -105, -38, -177]	[15, 70, -158, 6, 102, 145, -24, 58, 84, 56]	[-167, 177, -33, 51, -130, 121, 188, 192, 70, -41]
91	9.0	[44, -98, 13, -128, -6, 15, 58, 0, 64, -149]	[61, 160, 166, 86, -17, -166, -99, -118, 156, -32]	[-164, -50, -136, 174, -25, -33, 101, 173, 87, -105]	[95, -128, -43, -199, 84, -192, 174, 154, 84, -69]	[-128, -65, -88, -16, -43, 76, -89, -29, 17, -132]	[-1, 98, 128, -55, -195, -192, -43, -9, 12, 15]	[-149, -47, -116, -165, 93, -198, -96, -105, 146, 67]	[-28, 124, 156, 133, 117, 18, 69, 45, 84, -185]	[-33, 116, 160, 138, 190, -136, -195, 146, 56, -117]
92	5.0	[44, -98, 13, -128, -6, 15, 58, 0, 64, -149]	[61, 160, 166, 86, -17, -166, -99, -118, 156, -32]	[-164, -50, -136, 174, -25, -33, 101, 173, 87, -105]	[95, -128, -43, -199, 84, -192, 174, 154, 84, -69]	[-128, -65, -88, -16, -43, 76, -89, -29, 17, -132]	[-1, 98, 128, -55, -195, -192, -43, -9, 12, 15]	[-149, -47, -116, -165, 93, -195, -96, -105, 146, 67]	[-28, 124, 156, 133, 117, 18, 69, 45, 84, -185]	[-33, 116, 160, 138, 190, -136, -195, 146, 56, -117]
93	5.5	[-179, 167, -7, 125, 47, 181, -96, -142, 54, 151]	[-141, 25, 86, -150, -28, 170, -188, 30, -139, 7]	[6, -36, -82, 68, -68, 25, -11, -140, -28, 173]	[56, -43, -45, -158, -186, 39, -123, -54, -169, -13]	[-92, 159, 84, -151, 168, -97, 4, 38, 98, 132]	[-82, -170, -113, -191, 25, 27, 83, -102, -74, -61]	[-92, 173, 93, -29, 132, 125, -96, -105, -38, -177]	[12, -63, 8, 6, 102, 145, -24, 58, 84, 56]	[-167, 177, -36, 51, -130, 121, 188, 192, 70, -41]
94	7.0	[-179, 167, -7, 125, 47, 116, 141, -143, -77, 151]	[-141, 25, 86, -154, -149, -24, 76, -127, -148, 123]	[6, -36, -82, 148, -55, 25, -11, -140, -28, 173]	[56, 83, -45, -158, -186, 5, -123, -54, -169, -13]	[-92, 159, 84, -154, 168, 32, 4, 76, 98, 132]	[-121, -170, 107, -69, -148, 68, -39, -21, 44, -61]	[-92, -103, -136, 175, 132, 125, -96, -105, -38, -177]	[15, 70, -158, 9, 102, 145, -24, 58, 84, 56]	[-167, 177, -36, 51, -130, 121, 188, 192, 70, -41]
95	5.5	[-179, -22, 30, -146, 166, 116, 141, -143, -77, 151]	[-141, 25, 86, -154, 27, -131, 142, -189, -148, 123]	[6, -36, -82, 148, -55, 25, -11, -140, -28, 173]	[56, 83, -45, -155, -189, 39, -123, -54, -36, -13]	[-92, 162, 84, -154, 168, 32, 4, 38, 98, 132]	[-121, -170, 104, -69, -148, 68, -39, -21, 44, -61]	[-92, -20, 93, -29, 132, 125, -96, -105, -38, -177]	[15, 70, -158, 6, 102, 145, -24, 58, 84, 56]	[-167, 177, -33, 51, -130, 121, 188, 192, 70, -41]
96	6.5	[127, 136, -8, 124, 57, -65, -136, -168, -179, -65]	[87, 160, -120, 5, 59, -183, 104, 120, -169, -68]	[29, -40, -53, -52, 61, -17, -11, 173, 90, -105]	[130, -186, -163, 81, 9, 19, 85, 186, 135, -109]	[-128, 159, 134, -101, -93, 32, 4, 38, -61, -78]	[183, 106, 128, -149, -157, -46, -5, -96, -62, 16]	[-172, 153, -82, -165, -105, 123, 3, 72, -137, -124]	[12, 70, -158, 6, 102, 145, 69, 45, -133, -30]	[-189, 30, 164, 131, -169, 3, 148, -13, 198, -144]
97	11.5	[44, -98, 13, -128, -6, 15, 58, 0, 64, -149]	[61, 160, 166, 86, -17, -166, -99, -118, 156, -32]	[-164, -50, -136, 174, -25, -33, 101, 173, 87, -105]	[95, -128, -43, -199, 84, -192, 174, 154, 84, -69]	[-128, -65, -88, -16, -43, 76, -89, -29, 17, -132]	[-1, 98, 128, -55, -195, -192, -43, -9, 12, 15]	[-149, -47, -116, -165, 93, -195, -96, -105, 146, 67]	[-28, 124, 156, 133, 117, 18, 69, 45, 84, -185]	[-33, 116, 160, 138, 190, -136, -195, 146, 56, -117]
98	9.0	[-179, 167, -7, 125, 47, 116, 141, -143, -77, 151]	[61, 160, 166, -154, -149, -24, 76, -127, -148, 123]	[-164, -50, -82, 148, -55, 25, -11, -140, -28, 173]	[56, 83, -45, -158, -186, -192, 85, -54, -169, -13]	[-155, -132, 198, 43, -43, 32, 53, 76, 93, 132]	[-121, 43, 45, -18, -137, -192, -163, -9, 12, 194]	[-92, -20, 93, -29, 132, 125, -96, -105, -38, -177]	[180, 193, 103, 133, 117, 18, 90, 190, -80, -95]	[-167, 177, 170, 152, -120, 121, 188, 192, 70, -41]
99	8.5	[-179, 167, -7, 125, 47, 116, 141, -143, -77, 151]	[61, 160, 166, -154, -149, -24, 76, -127, -148, 123]	[-164, -50, -82, 148, -55, 25, -11, -140, -28, 173]	[56, 83, -45, -158, -186, -192, 85, -54, -169, -13]	[-155, -132, 198, 43, -43, 32, 53, 76, 93, 132]	[-121, 43, 45, -18, -137, -192, -163, -9, 12, 194]	[-92, -20, 93, -29, 132, 125, -96, -105, -38, -177]	[180, 193, 103, 133, 117, 18, 90, 190, -80, -95]	[-167, 177, 170, 152, -120, 121, 188, 192, 70, -41]
100	8.0	[-179, 167, -7, 125, 47, 181, -96, -142, 54, 151]	[-141, 25, 86, -150, -28, 170, -188, 30, -114, 4]	[6, -36, -82, 68, -68, 25, -11, -140, -28, 173]	[56, -43, -45, -158, -186, 39, -123, -54, -169, -13]	[-92, 159, 84, -151, 168, -97, 4, 38, 98, 132]	[-82, -170, -113, -191, 25, 27, 83, -102, -74, -61]	[-92, 173, 93, -29, 132, 125, -96, -105, -38, -177]	[12, -63, 8, 6, 102, 145, 69, 58, 84, 56]	[-167, 177, -36, 51, -130, 121, 188, 192, 70, -41]
101	9.5	[-179, 167, -7, 125, 47, 116, 141, -143, -77, 151]	[61, 160, 166, -154, -149, -24, 76, -127, -148, 123]	[-164, -50, -82, 148, -55, 25, -11, -140, -28, 173]	[56, 83, -45, -158, -186, -192, 85, -54, -169, -13]	[-155, -132, 198, 43, -43, 32, 53, 76, 118, 132]	[-121, 43, 45, -18, -137, -192, -163, -9, 12, 194]	[-92, -20, 93, -29, 132, 125, -96, -105, -38, -177]	[180, 193, 103, 133, 117, 18, 90, 190, -80, -95]	[-167, 177, 170, 152, -120, 121, 188, 192, 70, -41]
102	9.0	[44, -98, 13, -128, -6, 15, 58, 0, 64, -149]	[61, 160, 166, 86, -17, -166, 76, -127, -148, -32]	[-164, -36, -136, 174, -25, -33, 101, 173, 87, -105]	[95, -128, -43, -199, 84, -192, 174, 154, 84, -69]	[-128, -65, -88, -16, -43, 76, -89, -29, 17, -132]	[-1, 98, 128, -55, -195, -192, -43, -9, 12, 15]	[-149, -47, -116, -165, 93, -195, -96, -105, -38, 67]	[-28, 149, 156, 133, 117, 18, 69, 45, 84, -185]	[-33, 116, 160, 138, 190, -136, -195, 146, 56, -117]
103	11.0	[-179, 167, -7, 125, 47, 116, 141, -143, -77, 176]	[-141, 25, 72, 17, -140, 170, -188, -127, -148, 123]	[6, -36, -82, 148, 22, -117, -11, -140, -28, 173]	[56, 83, -45, -158, -186, 39, -123, -54, 84, -69]	[117, 159, 165, 132, 168, 32, 4, 38, 98, 132]	[-121, 43, 45, -55, -137, -106, -5, 176, 109, 194]	[-92, -20, 93, -29, 132, -198, -96, -105, -38, -177]	[180, 193, 103, 133, 117, 18, 90, 190, -80, -95]	[-167, 177, 170, 152, -120, 121, 188, 192, 70, -41]
104	12.0	[-179, 167, -7, 125, 47, 116, 141, -143, -77, 176]	[-141, 25, 86, -154, -149, -24, 76, -127, -148, 123]	[6, -36, -82, 148, -55, 25, -11, -140, -28, 173]	[56, 83, -45, -158, -186, 39, -123, -54, 84, -69]	[117, 159, 165, 132, 168, 32, 4, 38, 98, 132]	[-121, 43, 45, -55, -137, -192, -39, -21, 44, 194]	[-92, -20, 93, -29, 132, -198, 3, -144, -33, -84]	[180, 193, 103, 133, 117, 18, 90, 190, -80, -95]	[-167, 177, 170, 152, -120, 121, 188, 192, 70, -41]
105	14.0	[-179, 167, -7, 125, 47, 116, 141, -143, -77, 176]	[-141, 25, 86, -154, -149, -24, 76, -127, -148, 123]	[6, -36, -82, 148, -55, 25, -11, -140, -28, 173]	[56, 83, -45, -158, -186, 39, -123, -54, 84, -69]	[117, 159, 165, 132, 168, 32, 4, 38, 98, 132]	[-121, 43, 45, -55, -137, -192, -39, -21, 44, 194]	[-92, -20, 93, -29, 132, -198, 3, -144, -33, -84]	[180, 193, 103, 133, 117, 18, 90, 190, -80, -95]	[-167, 177, 170, 152, -120, 121, 188, 192, 70, -41]
106	7.5	[-179, 167, -7, 125, 47, 181, -96, -142, 54, 151]	[-141, 25, 86, -150, -28, 170, -188, 30, -114, 4]	[6, -36, -82, 68, -68, 25, -11, -140, -28, 173]	[56, -43, -45, -158, -186, 39, -123, -54, -169, -13]	[-92, 159, 84, -151, 168, -97, 4, 38, 98, 132]	[-82, -170, -113, -191, 25, 27, 83, -102, -74, -61]	[-92, 173, 93, -29, 132, 125, -96, -105, -38, -177]	[12, -63, 8, 6, 102, 145, 69, 58, 84, 56]	[-167, 177, -36, 51, -130, 121, 188, 192, 70, -41]
107	9.0	[-179, -22, 30, -146, 166, 116, 141, -143, -77, 151]	[-163, 25, 86, -154, -149, -24, 76, -127, -148, 123]	[6, -36, -82, 148, -55, 25, -11, -140, -28, 173]	[56, 83, -45, -155, -189, 39, -123, -54, -36, -13]	[-92, 162, 84, -151, 168, 32, 4, 38, 98, 132]	[-121, -170, 104, -69, -148, -106, -39, -21, 44, -61]	[-92, -143, -153, -45, 37, 125, -96, -105, -38, -177]	[15, 70, -158, 6, 102, 145, -24, 58, 84, 56]	[-167, 177, -33, 51, -130, 121, 188, 192, 70, -41]
108	8.0	[-179, -22, 30, -146, 166, 116, 141, -143, -77, 151]	[-166, 25, 86, -154, 27, -131, 142, -189, -148, 123]	[6, -36, -82, 148, -55, 25, -11, -140, -28, 176]	[56, 83, -45, -155, -189, 39, -123, -54, -36, -13]	[-92, 162, 84, -151, 168, 32, 4, 38, 98, 132]	[-121, -170, 104, -69, -41, -106, -163, -9, 12, 15]	[-92, -143, -153, -45, 37, 163, -96, -105, -38, -177]	[15, 70, -158, 196, -52, 18, 90, 190, 84, 56]	[-167, 177, -33, 51, -130, 121, 188, 192, 70, -41]
109	10.0	[44, -98, 13, -128, -6, 15, 58, 0, 64, -149]	[61, 160, 166, 86, -17, -166, -99, -118, 156, -32]	[29, -40, -53, -52, 61, -17, 40, 176, 112, -105]	[95, -128, -43, -199, 84, -192, 174, 154, 84, -69]	[-128, -65, -88, -16, -43, 76, -89, -29, 17, -132]	[-1, 98, 128, -55, -195, -192, -43, -9, 12, 15]	[-149, -47, -116, -165, 93, -195, -96, -105, 146, 67]	[-28, 124, 159, 133, 117, 18, 69, 45, 84, -185]	[-33, 116, 160, 138, 190, -136, -195, 146, 56, -117]
110	8.0	[44, -98, -7, 125, 47, 181, -96, -142, 54, -149]	[61, 160, -120, -154, 50, -180, -99, -118, 156, -32]	[-164, -64, 155, 48, -48, -57, 98, -35, -84, 182]	[95, -128, -122, 28, -11, -178, -194, 195, -36, 128]	[-128, -65, -88, -16, -43, 76, 4, 38, 98, -132]	[-1, 98, 128, -55, -195, -192, -43, -9, 12, 15]	[-149, -143, 97, 109, 93, -195, -96, -105, 146, 67]	[-28, 124, 156, 133, 117, 18, 69, 45, 84, -185]	[-33, 177, 170, 152, 190, -136, -195, 146, 56, -117]
111	11.5	[-179, 167, -7, 125, 47, 116, 141, -143, -77, 176]	[-141, 25, 86, -154, -149, -24, 76, -127, -148, 123]	[6, -36, -82, 148, -55, 25, -11, -140, -28, 173]	[56, 83, -45, -158, -186, 39, -123, -54, 84, -69]	[117, 159, 165, 132, 168, 32, 4, 38, 98, 132]	[-121, 43, 45, -55, -137, -192, -39, -21, 44, 194]	[-92, -20, 93, -29, 132, -198, 3, -144, -33, -84]	[180, 193, 103, 133, 117, 18, 90, 190, -80, -95]	[-167, 177, 170, 152, -120, 121, 188, 192, 70, -41]
112	8.5	[-179, -22, 30, -146, 166, 116, 141, -143, -77, 151]	[-163, 25, 86, -154, 27, -131, 142, -189, -148, 123]	[6, -36, -82, 148, -55, 25, -11, -140, -28, 173]	[56, 83, -45, -155, -189, 39, -123, -54, -36, -13]	[-92, 162, 84, -151, 168, 32, 4, 38, 98, 132]	[-121, -170, 104, -69, -148, -106, -39, -24, 44, -61]	[-92, -143, -153, -45, 37, 125, -96, -105, -38, -177]	[15, 70, -158, 6, 102, 145, -24, 58, 84, 59]	[-167, 177, -33, 51, -130, 121, 188, 192, 70, -41]
113	9.0	[44, -98, -7, 125, 47, 181, -96, -142, 54, -149]	[61, 160, -120, -154, 50, -180, -99, -118, 156, -32]	[-164, -64, 155, 48, -48, -57, 98, -35, -84, 182]	[95, -128, -122, 28, -11, -178, -194, 195, -36, 128]	[-128, -65, -88, -16, -43, 76, 4, 38, 98, -132]	[-1, 98, 128, -55, -195, -192, -43, -9, 12, 15]	[-149, -143, 97, 109, 93, -195, -96, -105, 146, 67]	[-28, 124, 156, 133, 117, 18, 69, 45, 84, -185]	[-33, 177, 170, 152, 190, -136, -195, 146, 56, -117]
114	12.0	[-179, -22, 30, -146, 166, 116, 141, -143, -77, 151]	[-163, 25, 86, -154, 27, -131, 142, -189, -148, 123]	[6, -36, -82, 148, -55, 25, -11, -140, -28, 173]	[56, 83, -45, -155, -189, 39, -123, -54, -36, -13]	[-92, 162, 84, -148, 168, 32, 4, 38, 98, 132]	[-121, -170, 104, -69, -148, -106, -39, -24, 44, -61]	[-92, -143, -153, -45, 37, 125, -96, -105, -38, -177]	[15, 70, -158, 6, 102, 145, -24, 58, 84, 59]	[-167, 177, -33, 51, -130, 121, 188, 192, 70, -41]
115	8.0	[44, -98, 13, -128, -6, 15, 58, 0, 64, -149]	[61, 160, -120, 5, 59, -180, -99, -118, 156, -32]	[-164, -50, -136, 174, -25, -33, 101, 176, 112, -105]	[95, -128, -43, -199, 84, -192, 174, 154, 84, -69]	[-128, -65, -88, -16, -43, -97, 4, 38, 17, -132]	[-1, 98, 128, -55, -195, -192, -43, -9, 12, 15]	[-149, -47, -116, -165, 93, -195, -96, -105, 146, 67]	[-28, 124, 156, 133, 117, 18, 69, 45, 84, -185]	[-33, 116, 160, 138, 190, -136, -195, 146, 56, -117]
116	9.0	[44, -98, -7, 125, 47, 181, -96, -142, 54, -149]	[61, 160, -120, -154, 50, -180, -99, -118, 156, -32]	[-164, -50, -136, 174, -25, -33, -11, 173, 121, -105]	[95, -128, -43, -199, 84, -192, 174, 154, -169, -13]	[-128, -65, -88, -16, -43, 76, 4, 38, 98, -132]	[96, 95, 56, 6, -106, -157, -83, -9, 12, 15]	[-149, -47, -116, -165, 93, -195, -96, -105, 146, 67]	[-28, 124, 156, 133, 117, 18, 69, 45, 84, -185]	[-33, 116, 160, 138, 190, -136, -195, 146, 56, -117]
117	11.0	[-179, 167, -7, 125, 47, 116, 141, -143, -77, 176]	[-141, 25, 86, -154, -149, -24, 76, -127, -148, 123]	[6, -39, -82, 148, -55, 25, -11, -140, -28, 173]	[56, 83, -45, -158, -186, 39, -123, -54, 84, -69]	[117, 159, 168, 132, 168, 32, 4, 38, 98, 132]	[-121, 43, 45, -55, -137, -192, -39, -21, 44, 194]	[-92, -20, 93, -29, 132, -198, 3, -144, -33, -84]	[180, 193, 103, 133, 117, 18, 90, 190, -80, -95]	[-167, 177, 170, 152, -120, 121, 188, 192, 70, -41]
118	10.0	[-179, -22, 30, -146, 166, 116, 141, -143, -77, 151]	[-163, 25, 86, -154, 27, -131, 142, -189, -148, 123]	[6, -36, -82, 148, -55, 25, -11, -140, -28, 173]	[56, 83, -45, -155, -189, 39, -123, -54, -36, -13]	[-89, 162, 84, -151, 168, 32, 4, 38, 98, 132]	[-121, -170, 104, -69, -157, -46, -39, -21, 44, -61]	[-92, -143, -153, -45, 37, 125, -96, -105, -38, -177]	[15, 70, -158, 6, 102, 145, -24, 58, 84, 56]	[-167, 177, -33, 51, -130, 121, 188, 192, 70, -41]
119	8.0	[44, -98, -7, 125, 47, 181, -96, -142, 54, -149]	[61, 160, -120, -154, 50, -180, -99, -118, 156, -32]	[-164, -50, -136, 174, -25, -33, 101, 173, 121, -105]	[95, -128, -43, -199, 84, -192, 174, 154, -169, -13]	[-128, -65, -88, -16, -43, 76, 4, 38, 98, -132]	[96, 95, 56, 6, -106, -157, -83, -9, 12, 15]	[-149, -47, -116, -165, 93, -195, -96, -105, 146, 67]	[-28, 124, 156, 133, 117, 18, 69, 45, 84, -185]	[-33, 116, 160, 138, 190, -136, -195, 146, 56, -117]
120	10.0	[-179, 167, -7, 125, 47, 116, 141, -143, -77, 176]	[-141, 25, 86, -154, -149, -24, 76, -127, -148, 123]	[6, -39, -82, 148, -55, 25, -11, -140, -28, 173]	[56, 83, -45, -158, -186, 39, -123, -54, 84, -69]	[117, 159, 168, 132, 168, 32, 4, 38, 98, 132]	[-121, 43, 45, -55, -137, -192, -39, -21, 44, 194]	[-92, -20, 93, -29, 132, -198, 3, -144, -33, -84]	[180, 193, 103, 133, 117, 18, 90, 190, -80, -95]	[-167, 177, 170, 152, -120, 121, 188, 192, 70, -41]
121	12.5	[-179, 167, -7, 125, 47, 116, 141, -143, -77, 176]	[-141, 25, 86, -154, -149, -24, 76, -127, -148, 123]	[6, -39, -82, 148, -55, 25, -11, -140, -28, 173]	[56, 83, -45, -158, -186, 39, -123, -54, 84, -69]	[117, 159, 168, 132, 168, 32, 4, 38, 98, 132]	[-121, 43, 45, -55, -137, -192, -39, -21, 44, 194]	[-92, -20, 93, -29, 132, -198, 3, -144, -33, -84]	[180, 193, 103, 133, 117, 18, 90, 190, -80, -95]	[-167, 177, 170, 152, -120, 121, 188, 192, 70, -41]
122	9.5	[-179, 167, -7, 125, 47, 116, 141, -143, -77, 176]	[-141, 25, 86, -154, -149, -24, 76, -127, -148, 123]	[6, -39, -82, 148, -55, 25, -11, -140, -28, 173]	[56, 83, -45, -158, -186, 39, -123, -54, 84, -69]	[117, 159, 168, 132, 168, 32, 4, 38, 98, 132]	[-121, 43, 45, -55, -137, -192, -39, -21, 44, 194]	[-92, -20, 93, -29, 132, -198, 3, -144, -33, -84]	[180, 193, 103, 133, 117, 18, 90, 190, -80, -95]	[-167, 177, 170, 152, -120, 121, 188, 192, 70, -41]
123	10.0	[-179, 167, -7, 125, 47, 181, -96, -142, 54, 151]	[-141, 28, 86, -154, 50, 28, 76, -127, -148, 123]	[6, -36, -82, 68, -68, 25, -11, -140, -28, 173]	[56, 83, -45, -199, 84, -192, 174, 154, 84, -69]	[-92, 159, 84, -151, 168, -97, 4, -29, 17, 132]	[-82, -170, -113, -55, -195, -192, -43, -9, 12, 15]	[-92, 173, 93, -165, 93, -198, -96, -105, 146, -177]	[12, 124, 159, 133, 117, 145, -24, 58, 84, 56]	[-167, 177, -36, 51, -130, 121, 188, 192, 70, -41]
124	12.0	[-179, 167, -7, 125, 47, 116, 141, -143, -77, 176]	[-141, 25, 86, -154, -149, -24, 76, -127, -148, 123]	[6, -39, -82, 148, -55, 25, -11, -140, -28, 173]	[56, 83, -45, -158, -186, 39, -123, -54, 84, -69]	[117, 159, 168, 132, 168, 32, 4, 38, 98, 132]	[-121, 43, 45, -55, -137, -192, -39, -21, 44, 194]	[-169, 153, -82, -29, 132, -198, 3, -144, -33, -84]	[180, 193, 103, 133, 117, 18, 90, 190, -80, -95]	[-167, 177, 170, 152, -120, 121, 188, 192, 70, -41]
125	11.0	[44, -98, -7, 125, 47, 181, -96, -142, 54, -149]	[61, 160, -120, -154, 50, -180, -99, -118, 156, -32]	[-164, -64, 155, 48, -48, -57, 98, -35, -84, 182]	[95, -128, -122, 28, -11, -178, -194, 195, -36, 128]	[-128, -65, -88, -16, -43, 76, 4, 38, 98, -132]	[-1, 98, 128, -55, -195, -192, -43, -9, 12, 15]	[-149, -47, -116, -165, 93, -195, -96, -105, 146, 67]	[-28, 124, 156, 133, 117, 18, 69, 45, 84, -185]	[-33, 177, 170, 152, 190, -136, -195, 146, 56, -120]
126	11.0	[-179, 167, -7, 125, 47, 181, -96, -142, 54, 151]	[-141, 28, 86, -154, 50, 28, 76, -127, -148, 123]	[6, -36, -82, 68, -68, 25, -11, -140, -28, 173]	[56, 83, -45, -199, 84, -192, 174, 154, 84, -69]	[-92, 159, 84, -151, 168, -97, 4, -29, 17, 132]	[-82, -170, -113, -55, -195, -192, -43, -9, 12, 15]	[-92, 173, 93, -165, 93, -198, -96, -105, 146, -177]	[12, 124, 159, 133, 117, 145, -24, 58, 84, 56]	[-167, 177, -36, 51, -130, 121, 188, 192, 70, -41]
127	12.0	[-179, 167, -7, 125, 47, 116, 141, -143, -77, 176]	[-141, 25, 86, -154, -149, -24, 76, -127, -148, 123]	[6, -39, -82, 148, -55, 25, -11, -140, -28, 173]	[56, 83, -45, -158, -186, 39, -123, -54, 84, -69]	[117, 159, 168, 132, 168, 32, 4, 38, 98, 132]	[-82, -170, -113, -55, -195, -192, -39, -21, 44, 194]	[-169, 153, -82, -29, 132, -198, 3, -144, -33, -84]	[180, 193, 159, 133, 117, 18, 90, 190, -80, -95]	[-167, 177, 170, 152, -120, 121, 188, 192, 70, -41]
128	11.0	[44, -98, -7, 125, 47, 181, -96, -142, 54, -149]	[61, 160, -120, -154, 50, -180, -99, -118, 156, -32]	[-164, -64, 155, 48, -48, -57, 98, -35, -84, 182]	[95, -128, -122, 28, -11, -178, -194, 195, -36, 128]	[-128, -65, -88, -16, -43, 76, 4, 38, 98, -132]	[-1, 98, 128, -55, -195, -192, -43, -9, 12, 15]	[-149, -47, -116, -165, 93, -195, -96, -105, 146, 67]	[-28, 124, 156, 133, 117, 18, 69, 45, 84, -185]	[-33, 177, 170, 152, 190, -136, -195, 146, 56, -120]
129	10.5	[-179, 167, -7, 125, 47, 181, -96, -142, 54, 151]	[-141, 28, 86, -154, 50, 28, 76, -127, -148, 123]	[6, -36, -82, 68, -68, 25, -11, -140, -28, 173]	[56, 83, -45, -199, 84, -192, 174, 154, 84, -69]	[-92, 159, 84, -151, 168, -97, 4, -29, 17, 132]	[-82, -170, -113, -55, -195, -192, -43, -9, 12, 15]	[-92, 173, 93, -165, 93, -198, -96, -105, 146, -177]	[12, 124, 159, 133, 117, 145, -24, 58, 84, 56]	[-167, 177, -36, 51, -130, 121, 188, 192, 70, -41]
130	11.5	[-179, 167, -7, 125, 47, 181, -96, -142, 54, 151]	[-141, 28, 86, -154, 50, 28, 76, -127, -148, 123]	[6, -36, -82, 68, -68, 25, -11, -140, -28, 173]	[56, 83, -45, -199, 84, -192, 174, 154, 84, -69]	[-92, 159, 84, -151, 168, -97, 4, -29, 17, 132]	[-82, -170, -113, -55, -195, -192, -43, -9, 12, 15]	[-92, 173, 93, -165, 93, -198, -96, -105, 146, -177]	[12, 124, 159, 133, 117, 145, -24, 58, 84, 56]	[-167, 177, -36, 51, -130, 121, 188, 192, 70, -41]
131	10.0	[-179, -22, 30, -146, 166, 116, 141, -143, -77, 151]	[-163, 25, 86, -154, -149, -24, 76, -127, -148, 123]	[6, -36, -82, 148, -52, 25, -11, -140, -28, 173]	[56, 83, -45, -155, -189, 39, -123, -54, -36, -13]	[-92, 162, 84, -151, 168, 32, 4, 38, 98, 132]	[-121, -170, 104, -69, -148, -106, -39, -21, 44, -61]	[-92, -143, -153, -45, 37, 125, -96, -105, -38, -177]	[15, 70, -158, 6, 102, 145, -24, 58, 84, 56]	[-167, 177, -33, 51, -130, 121, 188, 192, 70, -41]
132	10.0	[-179, 167, -7, 125, 47, 116, 141, -143, -77, 151]	[61, 160, 166, -154, -149, -24, 76, -124, -148, 123]	[-164, -50, -82, 148, -55, 25, -11, -140, -28, 173]	[56, 83, -45, -158, -186, 39, -123, -54, -169, -13]	[-155, -65, -88, 132, -43, 32, 53, 76, 118, 132]	[-121, 43, 45, -18, -137, -192, -163, -9, 12, 194]	[-92, -20, 93, -29, 135, -198, -96, -105, -38, -177]	[180, 193, 103, 133, 117, -7, 90, 190, -80, -95]	[-167, 177, 170, 152, -120, 121, 188, 192, 70, -41]
133	12.0	[-179, 167, -7, 125, 47, 181, -96, -142, 54, 151]	[-141, 28, 86, -154, 50, 28, 76, -127, -148, 123]	[6, -36, -82, 68, -68, 25, -11, -140, -28, 173]	[56, 83, -45, -199, 84, -192, 174, 154, 84, -69]	[-92, 159, 84, -151, 168, -97, 4, -29, 17, 132]	[-82, -170, -113, -55, -195, -192, -43, -9, 12, 15]	[-92, 173, 93, -165, 93, -198, -96, -105, 146, -177]	[12, 124, 159, 133, 117, 145, -24, 58, 84, 56]	[-167, 177, -36, 51, -130, 121, 188, 192, 70, -41]
134	12.5	[-179, 167, -7, 125, 47, 116, 141, -143, -77, 176]	[-141, 25, 86, -154, -149, -24, 76, -127, -148, 123]	[6, -39, -82, 148, -55, 25, -11, -140, -28, 173]	[56, 83, -45, -158, -186, 39, -123, -54, 84, -69]	[117, 159, 168, 132, 168, 32, 4, 38, 98, 132]	[-121, 43, 45, -55, -137, -192, -39, -21, 44, 194]	[-169, 153, -82, -29, 132, 125, -96, -105, -33, -84]	[180, 193, 103, 133, 117, 18, 90, 190, -80, -95]	[-167, 177, 170, 152, -120, 121, 188, 192, 70, -41]
135	11.5	[-179, 167, -7, 125, 47, 181, -96, -142, 54, 151]	[-141, 28, 86, -154, 50, 28, 76, -127, -148, 123]	[6, -36, -82, 68, -68, 25, -11, -140, -28, 173]	[56, 83, -45, -199, 84, -192, 174, 154, 84, -69]	[-92, 159, 84, -151, 168, -97, 4, -29, 17, 132]	[-82, -170, -113, -55, -195, -192, -43, -9, 12, 15]	[-92, 173, 93, -165, 93, -198, -96, -105, 146, -177]	[12, 124, 159, 133, 117, 145, -24, 58, 84, 56]	[-167, 177, -36, 51, -130, 121, 188, 192, 70, -41]
136	12.0	[-179, 167, -7, 125, 47, 116, 141, -143, -77, 151]	[61, 160, 166, -154, -149, -24, 76, -127, -148, 123]	[-164, -50, -82, 148, -55, 25, -11, -140, -28, 173]	[56, 83, -45, -158, -186, -192, 85, -54, -169, -13]	[-155, -132, 198, 132, -43, 32, 53, 76, 118, 132]	[-121, 43, 45, -18, -137, -192, -163, -9, 12, 194]	[-92, -20, 93, -29, 135, -198, -96, -105, -38, -177]	[180, 193, 103, 133, 117, 18, 90, 190, -80, -95]	[-167, 177, 170, 152, -120, 121, 188, 192, 70, -41]
137	10.5	[-179, 167, -7, 125, 47, 181, -96, -142, 54, 151]	[-141, 28, 86, -154, 50, 28, 76, -127, -148, 123]	[6, -36, -82, 68, -68, 25, -11, -140, -28, 173]	[56, 83, -45, -199, 84, -192, 174, 154, 84, -69]	[-92, 159, 84, -151, 168, -97, 4, -29, 17, 132]	[-82, -170, -113, -55, -195, -192, -43, -9, 12, 15]	[-92, 173, 93, -165, 93, -198, -96, -105, 146, -177]	[12, 124, 159, 133, 117, 145, -24, 58, 84, 56]	[-167, 177, -36, 51, -130, 121, 188, 192, 70, -41]
138	13.0	[-179, -22, 30, -146, 166, 116, 141, -143, -77, 151]	[-163, 25, 86, -154, -149, -24, 76, -127, -148, 123]	[6, -36, -82, 148, -52, 25, -11, -140, -28, 173]	[56, 83, -45, -155, -189, 39, -123, -54, -36, -13]	[-92, 162, 84, -16, 168, 32, 4, 38, 98, 132]	[-121, -170, 104, -69, -148, -106, -39, -21, 44, -61]	[-92, -143, -153, -45, 37, 163, -96, -105, -38, -177]	[15, 70, 159, 133, 102, 145, 90, 190, 84, 56]	[-167, 177, -33, 51, -130, 121, 188, 192, 70, -41]
139	13.0	[44, -98, -7, 125, 47, 181, -96, -142, 54, -149]	[61, 160, -120, -154, 50, -180, -99, -118, 156, -32]	[-164, -64, 155, 48, -48, -57, 98, -35, -84, 182]	[95, -128, -122, 28, -11, -178, -194, 195, -36, 128]	[-128, -65, -88, -16, -43, 76, 4, 38, 98, -132]	[-1, 98, 128, -55, -195, -192, -43, -9, 12, 15]	[-149, -47, -116, -165, 93, -195, -96, -105, 146, 67]	[-28, 124, 156, 133, 117, 18, 69, 45, 84, -185]	[-33, 177, 170, 152, 190, -136, -195, 146, 56, -120]
140	10.0	[44, -98, -7, 125, 47, 181, -96, -142, 54, -149]	[61, 160, -120, -154, 50, -180, -99, -118, 156, -32]	[-164, -64, 155, 48, -48, -57, 98, -35, -84, 182]	[95, -128, -122, 28, -11, -178, -194, 195, -36, 128]	[-128, -65, -88, -16, -43, 76, 4, 38, 98, -132]	[-1, 98, 128, -55, -195, -192, -43, -9, 12, 15]	[-149, -47, -116, -165, 93, -195, -96, -105, 146, 67]	[-28, 124, 156, 133, 117, 18, 69, 45, 84, -185]	[-33, 177, 170, 152, 190, -136, -195, 146, 56, -120]
141	11.5	[-179, -22, 30, -146, 166, 116, 141, -143, -77, 151]	[-163, 25, 86, -154, -149, -24, 76, -127, -148, 123]	[6, -36, -82, 148, -52, 25, -11, -140, -28, 173]	[56, 83, -45, -155, -189, 39, -123, -54, -36, -13]	[-92, 162, 84, -16, 168, 32, 4, 38, 98, 132]	[-121, -170, 104, -69, -148, -106, -39, -21, 44, -61]	[-92, -143, -153, -45, 37, 163, -96, -105, -38, -177]	[15, 70, 159, 133, 102, 145, 90, 190, 84, 56]	[-167, 177, -33, 51, -130, 121, 188, 192, 70, -41]
142	12.5	[-179, -22, 30, -146, 166, 116, 141, -143, -77, 151]	[-163, 25, 86, -154, -149, -24, 76, -127, -148, 123]	[6, -36, -82, 148, -52, 25, -11, -140, -28, 173]	[56, 83, -45, -155, -189, 39, -123, -54, -36, -13]	[-92, 162, 84, -151, 168, 32, 4, 38, 98, 132]	[-121, -170, 104, -69, -148, -106, -39, -21, 44, -61]	[-92, -143, -153, -45, 37, 125, -96, -105, -38, -177]	[15, 70, -158, 6, 102, 145, 90, 58, 84, 56]	[-167, 177, -33, 51, -130, 121, 188, 192, 70, -41]
143	11.0	[-179, -22, 30, -146, 166, 181, -96, -142, -77, 151]	[-163, 25, 86, -154, -149, -24, 76, -127, -148, 123]	[-164, -50, -136, 174, -52, 25, -11, -140, -28, 173]	[56, 83, -45, -155, -189, 39, -123, -54, -36, -13]	[-92, 162, 84, -151, 168, 32, 4, 38, 98, 132]	[-121, -170, 104, -69, -148, -106, -39, -21, 44, -61]	[-92, -143, -153, -45, 37, 163, -96, -105, -38, -177]	[15, 70, 159, 133, 102, 145, 90, 190, 84, 56]	[-167, 177, -33, 51, -130, 121, 188, 192, 70, -41]
144	9.5	[-179, -22, 30, -146, 166, 116, 141, -143, -77, 151]	[-163, 25, 86, -154, 27, -131, 142, -189, -148, 123]	[6, -36, -82, 148, -55, 25, -8, -140, -28, 176]	[56, 83, -45, -155, -189, 39, -123, -54, -36, -13]	[-92, 162, 84, -148, 168, 32, 4, 38, 98, 132]	[-121, -170, 104, -69, -148, -106, -5, -24, 44, -61]	[-92, -143, -153, -45, 37, 125, -96, -105, -38, -177]	[15, 193, 103, 133, 117, 18, 90, 58, 84, 59]	[-167, 177, -33, 51, -130, 121, 188, 192, 70, -41]
145	17.0	[-179, 167, -7, 125, 47, 116, 141, -143, -77, 176]	[-141, 25, 86, -154, -149, -24, 76, -127, -148, 123]	[-164, -50, -82, -52, -55, 25, -11, -140, -28, 173]	[56, 83, -163, 81, -186, 39, -123, -57, -169, -69]	[117, 159, 168, 132, 168, 32, 4, 38, 98, 132]	[-121, 43, 45, -55, -137, -192, -39, -21, 44, 194]	[-169, 153, -82, -29, 132, 125, -96, -105, -33, -84]	[180, 193, 103, 133, 117, 18, 90, 190, -80, -95]	[-167, 177, 170, 152, -120, 121, 188, 192, 70, -41]
146	11.0	[-179, -22, 30, -146, 166, 181, -96, -142, -77, 151]	[-163, 25, 86, -154, -149, -24, 76, -127, -148, 123]	[-164, -50, -136, 174, -52, 25, -11, -140, -28, 173]	[56, 83, -45, -155, -189, 39, -123, -54, -36, -13]	[-92, 162, 84, -151, 168, 32, 4, 38, 98, 132]	[-121, -170, 104, -69, -148, -106, -39, -21, 44, -61]	[-92, -143, -153, -45, 37, 163, -96, -105, -38, -177]	[15, 70, 159, 133, 102, 145, 90, 190, 84, 56]	[-167, 177, -33, 51, -130, 121, 188, 192, 70, -41]
147	10.5	[-179, -22, 30, -146, 166, 116, 141, -143, -77, 151]	[-163, 25, 86, -154, -149, -24, 76, -127, -148, 123]	[6, -36, -82, 148, -52, 25, -11, -140, -28, 173]	[56, 83, -45, -155, -189, 39, -123, -54, -36, -13]	[-92, 162, 84, -16, 168, 32, 4, 38, 98, 132]	[-121, -170, 104, -69, -148, -106, -39, -21, 44, -61]	[-92, -143, -153, -45, 37, 163, -96, -105, -38, -177]	[15, 70, 159, 133, 102, 145, 90, 190, 84, 56]	[-167, 177, -33, 51, -130, 121, 188, 192, 70, -41]
148	12.5	[-179, 167, -7, 125, 47, 181, -96, -142, 54, 151]	[-141, 28, 86, -154, 50, 28, 76, -127, -148, 123]	[6, -36, -82, 68, -68, 25, -11, -140, -28, 173]	[56, 83, -45, -199, 84, -192, 174, 154, 84, -69]	[-92, 159, 84, -151, 168, -97, 4, -29, 17, 132]	[-82, -170, -113, -55, -195, -192, -43, -9, 12, 15]	[-92, 173, 93, -165, -108, 120, -96, -105, -38, -177]	[12, 193, 103, 133, 117, -7, 90, 190, 84, 56]	[-167, 177, -36, 51, -130, 121, 188, 192, 70, -41]
149	16.0	[-179, 167, -7, 125, 47, 181, -96, -142, 54, 151]	[-141, 28, 86, -154, 50, 28, 76, -127, -148, 123]	[6, -36, -82, 68, -68, 25, -11, -140, -28, 173]	[56, 83, -45, -199, 84, -192, 174, 154, 84, -69]	[-92, 159, 84, -151, 168, -97, 4, -29, 17, 132]	[-82, -170, -113, -55, -195, -192, -43, -9, 12, 15]	[-92, 173, 93, -165, -108, 120, -96, -105, -38, -177]	[12, 193, 103, 133, 117, -7, 90, 190, 84, 56]	[-167, 177, -36, 51, -130, 121, 188, 192, 70, -41]
150	12.5	[44, -98, -7, 125, 47, 181, -96, -142, 54, -149]	[61, 160, -120, -154, 50, -180, -99, -118, 156, -32]	[-164, -64, 155, 48, -48, -57, 98, -35, -84, 182]	[95, -128, -122, 28, -11, -178, -194, 195, -36, 128]	[-128, -65, -88, -16, -43, 76, 4, 38, 98, -132]	[-1, 98, 128, -55, -195, -192, -43, -9, 12, 15]	[-149, -47, -116, -165, 93, -195, -96, -105, 146, 67]	[-28, 124, 156, 133, 117, 18, 69, 45, 84, -185]	[-33, 177, 170, 152, 190, -136, -195, 146, 56, -120]
151	16.0	[-179, 167, -7, 125, 47, 181, -96, -142, 54, 151]	[-141, 28, 86, -154, 50, 28, 76, -127, -148, 123]	[6, -36, -82, 68, -68, 25, -11, -140, -28, 173]	[56, 83, -45, -199, 84, -192, 174, 154, 84, -69]	[-92, 159, 84, -151, 168, -97, 4, -29, 17, 132]	[-82, -170, -113, -55, -195, -157, -83, -9, 12, 15]	[-92, 173, -116, -165, 93, -195, -96, -105, -38, -177]	[12, 193, 103, 133, 117, -7, 90, 190, 84, 56]	[-167, 177, -36, 51, -130, 121, 188, 192, 70, -41]
152	13.0	[-179, -22, 30, -146, 166, 181, -96, -142, -77, 151]	[-163, 25, 86, -154, -149, -24, 76, -127, -148, 123]	[-164, -50, -82, 68, -68, 25, -11, -140, -28, 173]	[56, 83, -45, -155, -189, 39, -123, -54, -36, -13]	[-92, 162, 84, -151, 168, -97, 4, 38, 98, 132]	[-82, -170, -113, -55, -195, -192, -43, -9, 12, 15]	[-92, -47, -116, -165, 93, -195, -96, -105, 146, -177]	[15, 70, 159, 133, 102, 145, 90, 190, 84, 56]	[-167, 177, -33, 51, -130, 121, 188, 192, 70, -41]
153	11.0	[44, -98, -7, 125, 47, 181, -96, -142, 54, -149]	[61, 160, -120, -154, 50, -180, -99, -118, 156, -32]	[-164, -50, -136, 174, -25, -33, 101, 176, 112, -105]	[95, -128, -43, -199, -11, -178, -194, 195, -36, -13]	[-128, -65, -88, -16, -43, 76, 4, 38, 98, -132]	[96, 95, 56, 6, -106, -157, -83, -9, 12, 15]	[-149, -143, -153, -45, 37, -195, -96, -105, 146, 67]	[-28, 124, 156, 133, 117, 21, 69, 45, 84, -185]	[-33, 116, 160, 138, 190, -136, -195, 146, 56, -117]
154	12.0	[-179, -22, 30, -146, 166, 116, 141, -143, -77, 151]	[-163, 25, 86, -154, -149, -24, 76, -127, -148, 123]	[6, -36, -82, 148, -52, 25, -11, -140, -28, 173]	[56, 83, -45, -155, -189, 39, -123, -54, -36, -13]	[-92, 162, 84, -16, 168, 32, 4, 38, 98, 132]	[-121, -170, 104, -69, -148, -106, -39, -21, 44, -61]	[-92, -143, -153, -45, 37, 163, -96, -105, -38, -177]	[15, 70, 159, 133, 102, 145, 90, 190, 84, 56]	[-167, 177, -33, 51, -130, 121, 188, 192, 70, -41]
155	17.0	[-179, -22, 30, -146, 166, 181, -96, -142, -77, 151]	[-163, 25, 86, -154, -149, -24, 76, -127, -148, 123]	[-164, -50, -82, 68, -68, 25, -11, -140, -28, 173]	[56, 83, -45, -155, -189, 39, -123, -54, -36, -13]	[-92, 162, 84, -151, 168, -97, 4, 38, 98, 132]	[-82, -170, -113, -55, -195, -192, -43, -9, 12, 15]	[-92, -47, -116, -165, 93, -195, -96, -105, 146, -177]	[15, 70, 159, 133, 102, 145, 90, 190, 84, 56]	[-167, 177, -33, 51, -130, 121, 188, 192, 70, -41]
156	11.5	[-179, -22, 30, -146, 166, 116, 141, -143, -77, 151]	[-163, 25, 86, -154, 27, -131, 142, -189, -148, 123]	[6, -36, -82, 148, -55, 25, -8, -140, -28, 176]	[56, 83, -45, -155, -189, 39, -123, -54, -36, -13]	[-92, 162, 84, -148, 168, 32, 4, 38, 98, 132]	[-121, -170, 104, -69, -148, -106, -5, -24, 44, -61]	[-92, -143, -153, -45, 37, 125, -96, -105, -38, -177]	[15, 193, 103, 133, 117, 18, 90, 58, 84, 59]	[-167, 177, -33, 51, -130, 121, 188, 192, 70, -41]
157	16.0	[-179, -22, 30, -146, 166, 181, -96, -142, -77, 151]	[-163, 25, 86, -154, -149, -24, 76, -127, -148, 123]	[-164, -50, -82, 68, -68, 25, -11, -140, -28, 173]	[56, 83, -45, -155, -189, 39, -123, -54, -36, -13]	[-92, 162, 84, -151, 168, -97, 4, 38, 98, 132]	[-82, -170, -113, -55, -195, -192, -43, -9, 12, 15]	[-92, -47, -116, -165, 93, -195, -96, -105, 146, -177]	[15, 70, 159, 133, 102, 145, 90, 190, 84, 56]	[-167, 177, -33, 51, -130, 121, 188, 192, 70, -41]
158	15.5	[-179, -22, 30, -146, 166, 181, -96, -142, -77, 151]	[-163, 25, 86, -154, -149, -24, 76, -127, -148, 123]	[-164, -50, -82, 68, -68, 25, -11, -140, -28, 173]	[56, 83, -45, -155, -189, 39, -123, -54, -36, -13]	[-92, 162, 84, -151, 168, -97, 4, 38, 98, 132]	[-82, -170, -113, -55, -195, -192, -43, -9, 12, 15]	[-92, -47, -116, -165, 93, -195, -96, -105, 146, -177]	[15, 70, 159, 133, 102, 145, 90, 190, 84, 56]	[-167, 177, -33, 51, -130, 121, 188, 192, 70, -41]
159	14.5	[-179, 167, -7, 125, 47, 116, 144, -143, -77, 176]	[-141, 25, 86, -154, -149, -24, 76, -124, -148, 123]	[-164, -50, -82, -52, -55, 25, -11, -140, -28, 173]	[56, 83, -163, 81, -186, 39, -123, -57, -169, -69]	[117, 159, 168, 132, 168, 32, 4, 38, 98, 132]	[-121, 43, 45, -55, -137, -192, -39, -21, 44, 194]	[-169, 153, -82, -29, 132, 125, -96, -105, -33, -84]	[180, 193, 103, 133, 117, 18, 90, 190, -80, -95]	[-167, 177, 170, 152, -120, 121, 188, 192, 70, -41]
160	13.5	[-179, -22, 30, -146, 166, 116, 141, -143, -77, 151]	[-163, 25, 86, -154, -149, -24, 76, -127, -148, 123]	[6, -36, -82, 148, -52, 25, -11, -140, -28, 173]	[56, 83, -45, -155, -189, 39, -123, -54, -36, -13]	[-92, 162, 84, -16, 168, 32, 4, 38, 98, 132]	[-121, -170, 104, -69, -148, -106, -39, -21, 44, -61]	[-92, -143, -153, -45, 37, 163, -96, -105, -38, -177]	[15, 70, 159, 133, 102, 145, 90, 190, 84, 56]	[-167, 177, -33, 51, -130, 121, 188, 192, 70, -41]
161	13.5	[-179, -22, 30, -146, 166, 181, -96, -142, -77, 151]	[-163, 25, 86, -154, -149, -24, 76, -127, -148, 123]	[-164, -50, -82, 68, -68, 25, -11, -140, -28, 173]	[56, 83, -45, -155, -189, 39, -123, -54, -36, -13]	[-92, 162, 84, -151, 168, -97, 4, 38, 98, 132]	[-82, -170, -113, -55, -195, -192, -43, -9, 12, 15]	[-92, -47, -116, -165, 93, -195, -96, -105, 146, -177]	[15, 70, 159, 133, 102, 145, 90, 190, 84, 56]	[-167, 177, -33, 51, -130, 121, 188, 192, 70, -41]
162	11.5	[-179, -22, 30, -146, 166, 181, -96, -142, -77, 151]	[-163, 25, 86, -154, -149, -24, 76, -127, -148, 123]	[-164, -50, -82, 68, -68, 25, -11, -140, -28, 173]	[56, 83, -45, -155, -186, 39, -123, -54, -36, -13]	[-92, 162, 84, -151, 168, -97, 4, 38, 98, 132]	[-82, -170, -113, -55, -195, -192, -43, -9, 12, 15]	[-92, 173, 93, -29, 93, -195, -96, -105, 146, -177]	[15, 70, 159, 133, 102, 145, 90, 190, 84, 56]	[-167, 177, -33, 51, -130, 121, 188, 192, 70, -41]
163	14.0	[-179, -22, 30, -146, 166, 181, -96, -142, -77, 151]	[-163, 25, 86, -154, -149, -24, 76, -127, -148, 123]	[-164, -50, -82, 68, -68, 25, -11, -140, -28, 173]	[56, 83, -45, -155, -189, 39, -123, -54, -36, -13]	[-92, 162, 84, -151, 168, -97, 4, 38, 98, 132]	[-82, -170, -113, -55, -195, -192, -43, -9, 12, 15]	[-92, -47, -116, -165, 93, -195, -96, -105, 146, -177]	[15, 70, 159, 133, 102, 145, 90, 190, 84, 56]	[-167, 177, -33, 51, -130, 121, 188, 192, 70, -41]
164	13.5	[-179, -22, 30, -146, 166, 181, -96, -142, -77, 151]	[-163, 25, 86, -154, -149, -24, 76, -127, -148, 123]	[-164, -50, -82, 68, -68, 25, -11, -140, -28, 173]	[56, 83, -45, -155, -186, 39, -123, -54, -36, -13]	[-92, 162, 84, -151, 168, -97, 4, 38, 98, 132]	[-82, -170, -113, -55, -195, -192, -43, -9, 12, 15]	[-92, 173, 93, -29, 93, -195, -96, -105, 146, -177]	[15, 70, 159, 133, 102, 145, 90, 190, 84, 56]	[-167, 177, -33, 51, -130, 121, 188, 192, 70, -41]
165	18.5	[-179, -22, 30, -146, 166, 116, 141, -143, -77, 151]	[-163, 25, 86, -154, -149, -24, 76, -127, -148, 123]	[6, -36, -82, 148, -52, 25, -11, -140, -28, 173]	[56, 83, -45, -155, -189, 39, -123, -54, -36, -13]	[-92, 162, 84, -16, 168, 32, 4, 38, 98, 132]	[-121, -173, 104, -69, -148, -106, -39, -21, 44, -61]	[-92, -143, -153, -45, 37, 163, -96, -105, -38, -174]	[15, 70, 159, 133, 102, 145, 90, 190, 84, 56]	[-167, 177, -33, 51, -130, 121, 188, 192, 70, -41]
166	19.5	[-179, -22, 30, -146, 166, 181, -96, -142, -77, 151]	[-163, 25, 86, -154, -149, -24, 76, -127, -148, 126]	[-164, -50, -82, 68, -68, 25, -11, -140, -28, 173]	[56, 83, -45, -155, -189, 39, -123, -54, -36, -13]	[-92, 162, 84, -151, 168, -97, 4, 38, 98, 132]	[-82, -170, -113, -55, -195, -192, -43, -9, 12, 15]	[-92, -47, -116, -165, 93, -195, -96, -105, 146, -177]	[15, 70, 159, 133, 102, 145, 90, 190, 84, 56]	[-167, 177, -33, 51, -130, 121, 188, 192, 70, -41]
167	16.0	[-179, -22, 30, -146, 166, 181, -96, -142, -77, 151]	[-163, 25, 86, -154, -149, -24, 76, -127, -148, 126]	[-164, -50, -82, 68, -68, 25, -11, -140, -28, 173]	[56, 83, -45, -155, -189, 39, -123, -54, -36, -13]	[-92, 162, 84, -151, 168, -97, 4, 38, 98, 132]	[-82, -170, -113, -55, -195, -192, -43, -9, 12, 15]	[-92, -47, -116, -165, 93, -195, -96, -105, 146, -177]	[15, 70, 159, 133, 102, 145, 90, 190, 84, 56]	[-167, 177, -33, 51, -130, 121, 188, 192, 70, -41]
168	16.5	[-179, -22, 30, -146, 166, 181, -96, -142, -77, 151]	[-163, 25, 86, -154, -149, -24, 76, -127, -148, 126]	[-164, -50, -82, 68, -68, 25, -11, -140, -28, 173]	[56, 83, -45, -155, -189, 39, -123, -54, -36, -13]	[-92, 162, 84, -151, 168, -97, 4, 38, 98, 132]	[-82, -170, -113, -55, -195, -192, -43, -9, 12, 15]	[-92, -47, -116, -165, 93, -195, -96, -105, 146, -177]	[15, 70, 159, 133, 102, 145, 90, 190, 84, 56]	[-167, 177, -33, 51, -130, 121, 188, 192, 70, -41]
169	17.5	[-179, -22, 30, -146, 166, 116, 141, -143, -77, 151]	[-163, 25, 86, -154, -149, -24, 76, -127, -148, 123]	[6, -36, -82, 68, -68, 25, -11, -140, -28, 173]	[56, 83, -45, -158, -186, 39, -123, -54, -36, -69]	[-92, 159, 84, -16, -43, -97, 4, 38, 98, 132]	[-85, -170, -110, -191, -195, -192, -39, -21, 44, -61]	[-92, -47, -116, -165, 37, 163, -96, -105, -38, -174]	[15, 70, 8, 6, 102, 145, 69, 45, 84, 56]	[-167, 177, -33, 51, -130, 121, 188, 192, 70, -41]
170	16.0	[-179, 167, -7, 125, 47, 181, -96, -142, 54, 151]	[-141, 28, 86, -154, 50, 28, 76, -127, -148, 123]	[6, -36, -82, 68, -68, 25, -11, -140, -28, 173]	[56, 83, -45, -199, -186, 39, -123, 154, 84, -69]	[-92, 159, 84, -151, 168, -97, 4, -29, 17, 132]	[-82, -170, -113, -55, -195, -157, -43, -9, 12, 15]	[-92, 173, -116, -165, 93, -195, -96, -105, 146, 67]	[12, 124, 159, 133, 117, 145, 90, 190, 84, 56]	[-167, 177, -36, 51, -130, 121, 188, 192, 70, -41]
171	14.0	[-179, 167, -7, 125, 47, 181, -96, -142, 54, 151]	[-141, 28, 86, -154, 50, 28, 76, -127, -148, 123]	[6, -36, -82, 68, -68, 25, -11, -140, -28, 173]	[56, 83, -45, -199, 84, -192, 174, 154, 84, -69]	[-92, 159, 84, -151, 168, -97, 4, -29, 17, 132]	[-82, -170, -113, -55, -195, -157, -83, -9, 12, 15]	[-92, 173, -116, -165, 93, -195, -96, -105, -38, -177]	[12, 193, 103, 133, 117, -7, 90, 190, 84, 56]	[-167, 177, -36, 51, -130, 121, 188, 192, 70, -41]
172	14.0	[-179, 167, -7, 125, 47, 181, -96, -142, 54, 151]	[-141, 28, 86, -154, 50, 28, 76, -127, -148, 123]	[6, -36, -82, 68, -68, 25, -11, -140, -28, 173]	[56, 83, -45, -199, -186, 39, -123, 154, 84, -69]	[-92, 159, 84, -151, 168, -97, 4, -29, 17, 132]	[-82, -170, -113, -55, -195, -157, -43, -9, 12, 15]	[-92, 173, -116, -165, 93, -195, -96, -105, 146, 67]	[12, 124, 159, 133, 117, 145, 90, 190, 84, 56]	[-167, 177, -36, 51, -130, 121, 188, 192, 70, -41]
173	16.0	[-179, -22, 30, -146, 166, 181, -96, -142, -77, 151]	[-163, 25, 86, -154, -149, -24, 76, -127, -148, 126]	[-164, -50, -82, 68, -68, 25, -11, -140, -28, 173]	[56, 83, -45, -155, -189, 39, -123, -54, -36, -13]	[-92, 162, 84, -151, 168, -97, 4, 38, 98, 132]	[-82, -170, -113, -55, -195, -192, -43, -9, 12, 15]	[-92, -47, -116, -165, 93, -195, -96, -105, 146, -177]	[15, 70, 159, 133, 102, 145, 90, 190, 84, 56]	[-167, 177, -33, 51, -130, 121, 188, 192, 70, -41]
174	15.5	[-179, -22, 30, -146, 166, 116, 141, -143, -77, 151]	[-163, 25, 86, -154, -149, -24, -96, -127, -148, 123]	[6, -36, -82, 68, -68, 25, -11, -140, -28, 173]	[56, 83, -45, -155, -189, 39, -123, -54, -169, -69]	[-92, 159, 84, -151, 168, -97, 4, 38, 98, 132]	[-121, -173, -113, -55, -195, -192, -39, -21, 44, 15]	[-92, -47, -116, -165, 93, -195, -96, -105, -38, -174]	[15, 70, 159, 133, 102, 145, 90, 190, 84, 56]	[-167, 177, -33, 51, -130, 121, 188, 192, 70, -41]
175	14.5	[-179, -22, 30, -146, 166, 116, 141, -143, -77, 151]	[-163, 25, 86, -154, -149, -24, 76, -127, -148, 123]	[6, -36, -82, 68, -68, 25, -11, -140, -28, 173]	[56, 83, -45, -158, -186, 39, -123, -54, -36, -69]	[-92, 159, 84, -16, -43, -97, 4, 38, 98, 132]	[-85, -170, -110, -191, -195, -192, -39, -21, 44, -61]	[-92, -47, -116, -165, 37, 163, -93, -105, -38, -174]	[15, 70, 8, 6, 102, 145, 69, 45, 84, 56]	[-167, 177, -33, 51, -130, 121, 188, 192, 70, -41]
176	16.0	[-179, -22, 30, -146, 166, 181, -96, -142, -77, 151]	[-166, 25, 86, -154, -149, -24, 76, -127, -148, 123]	[-164, -50, -82, 68, -68, 25, -11, -140, -28, 173]	[56, 83, -45, -155, -186, 39, -123, -54, -36, -13]	[-92, 162, 84, -151, 168, -97, 4, 38, 98, 132]	[-82, -170, -113, -55, -195, -192, -43, -9, 12, 15]	[-92, 173, 93, -29, 93, -195, -96, -105, 146, -177]	[15, 70, 159, 133, 102, 145, 90, 190, 84, 56]	[-167, 177, -33, 51, -130, 121, 188, 192, 70, -41]
177	13.5	[-179, 167, -7, 125, 47, 181, -96, -142, 54, 151]	[-141, 28, 86, -154, 50, 28, 76, -127, -148, 123]	[6, -36, -82, 65, -68, 25, -8, -140, -28, 173]	[56, 83, -45, -199, -186, -192, 174, 154, 84, -69]	[-92, 159, 84, -151, 168, 32, 4, 38, 98, -33]	[-82, -170, -113, -55, -195, -157, -83, -96, 12, 15]	[-92, 173, -116, -165, 93, -195, -96, -105, -38, -177]	[12, 193, 103, 133, 117, -7, 90, 190, 84, 56]	[-167, 177, -36, 51, -130, 121, 188, 192, 70, -41]
178	22.0	[-179, -22, 30, -146, 166, 116, 141, -143, -77, 151]	[-163, 25, 86, -154, -149, -24, -96, -127, -148, 123]	[6, -36, -82, 68, -68, 25, -11, -140, -28, 173]	[56, 83, -45, -155, -189, 39, -123, -54, -169, -69]	[-92, 159, 84, -151, 168, -97, 4, 35, 98, 132]	[-121, -173, -113, -55, -195, -192, -39, -21, 44, 15]	[-92, -47, -116, -165, 93, -195, -96, -105, -38, -174]	[15, 70, 159, 133, 102, 145, 90, 190, 84, 56]	[-167, 177, -33, 51, -130, 121, 188, 192, 70, -41]
179	18.5	[-179, -22, 30, -146, 166, 181, -96, -142, -77, 151]	[-163, 25, 86, -154, -149, -24, 76, -127, -148, 126]	[-164, -50, -82, 68, -68, 25, -11, -140, -28, 173]	[56, 83, -45, -155, -189, 39, -123, -54, -36, -13]	[-92, 162, 84, -151, 168, -97, 4, 38, 98, 132]	[-82, -170, -113, -55, -195, -192, -43, -9, 12, 15]	[-92, -47, -116, -165, 93, -195, -96, -105, 146, -177]	[15, 70, 159, 133, 102, 145, 90, 190, 84, 56]	[-167, 177, -33, 51, -130, 121, 188, 192, 70, -41]
180	19.5	[-179, 167, -7, 125, 47, 181, -96, -142, 54, 151]	[-141, 28, 86, -154, 50, 28, 76, -127, -148, 123]	[6, -36, -82, 68, -68, 25, -11, -140, -28, 173]	[56, 83, -45, -199, -186, 39, -123, 154, 84, -69]	[-92, 159, 84, -151, 168, -97, 4, -29, 17, 132]	[-82, -170, -113, -55, -195, -157, -83, -9, 12, 15]	[-92, 173, -116, -165, 96, -195, -96, -105, 146, 67]	[12, 124, 159, 133, 117, 145, 90, 190, 84, 56]	[-167, 177, -36, 51, -130, 121, 188, 192, 70, -41]
181	15.0	[-179, -22, 30, -146, 166, 181, -96, -142, -77, 151]	[-166, 25, 86, -154, -149, -24, 76, -127, -148, 123]	[-164, -50, -82, 68, -68, 25, -11, -140, -28, 173]	[56, 83, -45, -155, -186, 39, -123, -54, -36, -13]	[-92, 162, 84, -151, 168, -97, 4, 38, 98, 132]	[-82, -170, -113, -55, -195, -192, -43, -9, 12, 15]	[-92, 173, 93, -29, 93, -195, -96, -105, 146, -177]	[15, 70, 159, 133, 102, 145, 90, 190, 84, 56]	[-167, 177, -33, 51, -130, 121, 188, 192, 70, -41]
182	17.0	[-179, -22, 30, -146, 166, 116, 141, -143, -77, 151]	[-163, 25, 86, -154, -149, -24, 76, -127, -148, 123]	[6, -36, -82, 68, -68, 25, -11, -140, -28, 173]	[56, 83, -45, -155, -189, 39, -123, -54, -36, -69]	[-92, 159, 84, -16, 168, -97, 4, 38, 98, 132]	[-121, -173, -113, -55, -195, -192, -39, -9, 12, 15]	[-92, -47, -116, -165, 93, -195, -96, -105, 146, -177]	[15, 70, 159, 133, 102, 145, 90, 190, 84, 56]	[-167, 177, -33, 51, -130, 121, 188, 192, 70, -41]
183	16.0	[-179, -22, 30, -146, 166, 181, -96, -142, -77, 151]	[-166, 25, 86, -154, -149, -24, 76, -127, -148, 123]	[-164, -50, -82, 68, -68, 25, -11, -140, -28, 173]	[56, 83, -45, -155, -186, 39, -123, -54, -36, -13]	[-92, 162, 84, -151, 168, -97, 4, 38, 98, 132]	[-82, -170, -113, -55, -195, -192, -43, -9, 12, 15]	[-92, 173, 93, -29, 93, -195, -96, -105, 146, -177]	[15, 70, 159, 133, 102, 145, 90, 190, 84, 56]	[-167, 177, -33, 51, -130, 121, 188, 192, 70, -41]
184	17.5	[-179, -22, 30, -146, 166, 181, -96, -142, -77, 151]	[-163, 28, 86, -154, -149, -24, 76, -127, -148, 126]	[-164, -50, -82, 68, -68, 25, -11, -140, -28, 173]	[56, 83, -45, -155, -189, 39, -123, -54, -36, -13]	[-92, 162, 84, -151, 168, -97, 4, 38, 98, 132]	[-82, -170, -113, -55, -195, -192, -43, -9, 12, 15]	[-92, -47, -116, -165, 93, -195, -96, -105, 146, -177]	[15, 70, 159, 133, 102, 145, 90, 190, 84, 56]	[-167, 177, -33, 51, -130, 121, 188, 192, 70, -41]
185	17.5	[-179, -22, 30, -146, 166, 116, 141, -143, -77, 151]	[-163, 25, 86, -154, -149, -24, 76, -127, -148, 123]	[6, -36, -82, 68, -68, 25, -11, -140, -28, 173]	[56, 83, -45, -155, -189, 39, -123, -54, -36, -69]	[-92, 159, 84, -16, 168, -97, 4, 38, 98, 132]	[-121, -173, -113, -55, -195, -192, -39, -9, 12, 15]	[-92, -47, -116, -165, 93, -195, -96, -105, 146, -177]	[15, 70, 159, 133, 102, 145, 90, 190, 84, 56]	[-167, 177, -33, 51, -130, 121, 188, 192, 70, -41]
186	17.5	[-179, -22, 30, -146, 166, 116, 141, -143, -77, 151]	[-163, 25, 86, -154, -149, -24, -96, -127, -148, 123]	[6, -36, -82, 68, -68, 25, -11, -140, -28, 173]	[95, -128, -43, -199, 84, 39, -123, -54, -169, -69]	[-92, 159, 84, -151, 168, -97, 4, 35, 98, 132]	[-121, -173, -113, -55, -195, -192, -39, -21, 44, 15]	[-92, -47, -116, -165, 93, -195, -96, -105, -38, -174]	[15, 70, 159, 133, 102, 145, 90, 190, 84, 56]	[-167, 177, -33, 51, -130, 121, 188, 192, 70, -41]
187	17.0	[-179, -22, 30, -146, 166, 116, 141, -143, -77, 151]	[-163, 25, 86, -154, -149, -24, 76, -127, -148, 123]	[6, -36, -82, 68, -68, 25, -11, -140, -28, 173]	[56, 83, -45, -155, -189, 39, -123, -54, -36, -69]	[-92, 159, 84, -16, 168, -97, 4, 38, 98, 132]	[-121, -173, -113, -55, -195, -192, -39, -9, 12, 15]	[-92, -47, -116, -165, 93, -195, -96, -105, 146, -177]	[15, 70, 159, 133, 102, 145, 90, 190, 84, 56]	[-167, 177, -33, 51, -130, 121, 188, 192, 70, -41]
188	14.0	[44, -98, 13, -128, -6, 15, 141, -143, -77, 151]	[-163, 25, 86, 86, -149, -24, -96, -127, -148, 123]	[6, -36, -82, 68, -68, 25, -11, -140, -28, 173]	[56, 83, -45, -155, -192, 39, -123, -54, -169, -69]	[-92, 159, 84, -151, 168, -97, 4, 35, 98, 132]	[-121, -173, -113, -55, -195, -192, -39, -21, 44, 15]	[-92, -47, -116, -165, 93, -195, -96, -105, -38, -174]	[15, 70, 159, 133, 102, 145, 90, 190, 84, 56]	[-167, 177, -33, 51, -130, 121, 188, 192, 70, -41]
189	16.0	[-179, -22, 30, -146, 166, 116, 141, -143, -77, 151]	[-163, 25, 86, -154, -149, -24, -96, -127, -148, 123]	[6, -36, -82, 68, -68, 25, -11, -140, -28, 173]	[95, -128, -43, -199, 84, 39, -123, -54, -169, -69]	[-92, 159, 84, -151, 168, -97, 4, 35, 98, 132]	[-121, -173, -113, -55, -195, -192, -39, -21, 44, 15]	[-92, -47, -116, -165, 93, -195, -96, -105, -38, -174]	[15, 70, 159, 133, 102, 145, 90, 190, 84, 56]	[-167, 177, -33, 51, -130, 121, 188, 192, 70, -41]
190	19.0	[-179, 167, -7, 125, 47, 181, -96, -142, 54, 151]	[-141, 28, 86, -154, 50, 28, 76, -127, -148, 123]	[6, -36, -82, 68, -68, 25, -11, -140, -28, 173]	[56, 83, -45, -199, -186, 39, -123, 154, 84, -69]	[-92, 159, 84, -151, 168, -97, 4, -29, 17, 132]	[-82, -170, -113, -55, -195, -157, -83, -9, 12, 15]	[-92, 173, -116, -165, 96, -195, -96, -105, 146, 67]	[12, 124, 159, 133, 114, 145, 90, 190, 84, 56]	[-167, 177, -36, 51, -130, 121, 188, 192, 70, -41]
191	16.0	[44, -98, 13, -128, -6, 15, 141, -143, -77, 151]	[-163, 25, 86, 86, -149, -24, -96, -127, -148, 123]	[6, -36, -82, 68, -68, 25, -11, -140, -28, 173]	[56, 83, -45, -155, -192, 39, -123, -54, -169, -69]	[-92, 159, 84, -151, 168, -97, 4, 35, 98, 132]	[-121, -173, -113, -55, -195, -192, -39, -21, 44, 15]	[-92, -47, -116, -165, 93, -195, -96, -105, -38, -174]	[15, 70, 159, 133, 102, 145, 90, 190, 84, 56]	[-167, 177, -33, 51, -130, 121, 188, 192, 70, -41]
192	17.0	[-179, 167, -7, 125, 47, 181, -96, -142, 54, 151]	[-141, 28, 86, -154, 53, 28, 76, -127, -148, 123]	[6, -36, -82, 68, -68, 25, -11, -140, -28, 173]	[56, 83, -45, -199, -186, 39, -123, 154, 84, -69]	[-92, 159, 84, -151, 168, -97, 4, -29, 17, 132]	[-82, -170, -113, -55, -195, -157, -83, -9, 12, 15]	[-92, 173, -116, -165, 96, -195, -96, -105, 146, 67]	[12, 124, 159, 133, 114, 145, 90, 190, 84, 56]	[-167, 177, -36, 51, -130, 121, 188, 192, 70, -41]
193	15.5	[-179, -22, 30, -146, 166, 181, -96, -142, -77, 151]	[-166, 25, 86, -154, -149, -24, 76, -127, -148, 123]	[-164, -50, -82, 68, -68, 25, -11, -140, -28, 173]	[56, 83, -45, -155, -186, 39, -123, -54, -36, -13]	[-92, 162, 84, -151, 168, -97, 4, 38, 98, 132]	[-82, -170, -113, -55, -195, -192, -43, -9, 12, 15]	[-92, 173, 93, -29, 93, -195, -96, -105, 146, -177]	[15, 70, 159, 133, 102, 145, 90, 190, 84, 56]	[-167, 177, -33, 51, -130, 121, 188, 192, 70, -41]
194	21.0	[-179, -22, 30, -146, 166, 116, 141, -143, -77, 151]	[-163, 25, 86, -154, -149, -24, -96, -127, -148, 123]	[6, -36, -82, 68, -68, 25, -11, -140, -28, 173]	[95, -128, -43, -199, 84, 39, -123, -54, -169, -69]	[-92, 159, 84, -151, 168, -97, 4, 35, 98, 132]	[-121, -173, -113, -55, -195, -192, -39, -21, 44, 15]	[-92, -47, -116, -165, 93, -195, -96, -105, -38, -174]	[15, 70, 159, 133, 102, 145, 90, 190, 84, 56]	[-167, 177, -33, 51, -130, 121, 188, 192, 70, -41]
195	14.5	[44, -98, -7, 125, 47, 181, -96, -142, 54, -149]	[61, 28, 86, -150, -28, -180, -99, -118, 156, -32]	[-164, -36, -82, 68, -68, 25, -11, -140, -28, 173]	[95, -128, -122, 28, -11, -178, -194, 195, -33, -13]	[-128, 159, 84, -16, -43, -97, 4, 38, 98, -132]	[96, 95, 56, 3, -106, -157, -83, -9, 12, 15]	[-149, -143, 97, -165, 93, -195, -96, -105, 146, 67]	[-28, 124, 156, 133, 117, 21, 69, 45, 84, -185]	[-33, 116, 160, 138, 190, -136, 188, 146, 56, -117]
196	17.0	[-179, -22, 30, -149, 166, 116, 141, -143, -77, 151]	[-163, 25, 86, -154, -149, -24, -96, -127, -148, 123]	[6, -36, -82, 68, -68, 25, -11, -140, -28, 173]	[95, -128, -43, -199, 84, 39, -123, -54, -169, -69]	[-92, 159, 84, -151, 168, -97, 4, 38, 98, 132]	[-121, -173, -113, -55, -195, -192, -39, -21, 44, 15]	[-92, -47, -116, -165, 93, -195, -96, -105, -38, -174]	[15, 70, 159, 133, 102, 145, 90, 190, 84, 56]	[-167, 177, -33, 51, -130, 121, 188, 192, 70, -41]
197	17.5	[-179, -22, 30, -146, 166, 181, -96, -142, -77, 151]	[-166, 25, 86, -154, -149, -24, 76, -127, -148, 123]	[-164, -50, -82, 68, -55, 25, -11, -140, -28, 173]	[56, 83, -45, -158, -186, 39, -123, -51, -172, -13]	[-92, 162, 84, -151, 168, -97, 4, 38, 98, 132]	[-82, -170, -113, -55, -195, -192, -43, -9, 12, 15]	[-92, 173, 93, -29, 93, -195, -96, -105, 146, -177]	[15, 70, 159, 133, 102, 145, 90, 190, 84, 56]	[-167, 177, -33, 51, -130, 121, 188, 192, 70, -41]
198	15.5	[-179, -22, 30, -146, 166, 116, 141, -143, -77, 151]	[-163, 25, 86, -154, -149, -24, 76, -127, -148, 123]	[6, -36, -82, 68, -68, 25, -11, -140, -28, 173]	[56, 83, -45, -158, -186, 39, -123, -54, -36, -69]	[-92, 159, 84, -16, -43, -97, 4, -29, 17, 132]	[-85, -170, -110, -191, -195, -192, -39, -21, 44, -61]	[-92, -47, -116, -165, 37, 163, -96, -105, 146, 67]	[15, 70, 8, 6, 102, 145, 69, 45, 84, 56]	[-167, 177, -33, 51, -130, 121, 188, 192, 70, -41]
199	18.0	[-179, -22, 30, -149, 166, 116, 141, -143, -77, 151]	[-163, 25, 86, -154, -149, -24, -96, -127, -148, 123]	[6, -36, -82, 68, -68, 25, -11, -140, -28, 173]	[95, -128, -43, -199, 84, 39, -123, -54, -169, -69]	[-92, 159, 84, -151, 168, -97, 4, 38, 98, 132]	[-121, -173, -113, -55, -195, -192, -39, -21, 44, 15]	[-92, -47, -116, -165, 93, -195, -96, -105, -38, -174]	[15, 70, 159, 133, 102, 145, 90, 190, 84, 56]	[-167, 177, -33, 51, -130, 121, 188, 192, 70, -41]
200	19.5	[-179, -22, 30, -149, 166, 116, 141, -143, -77, 151]	[-163, 25, 86, -154, -149, -24, -96, -127, -148, 123]	[6, -36, -82, 68, -68, 25, -11, -140, -28, 173]	[95, -128, -43, -199, 84, 39, -123, -54, -169, -69]	[-92, 159, 84, -151, 168, -97, 4, 38, 98, 132]	[-121, -173, -113, -55, -195, -192, -39, -21, 44, 15]	[-92, -47, -116, -165, 93, -195, -96, -105, -38, -174]	[15, 70, 159, 133, 102, 145, 90, 190, 84, 56]	[-167, 177, -58, 51, -130, 121, 188, 192, 70, -41]
