generation	fitness	corner	c	a1	a2	b1	b2	b3	x	o1	o2	wp	ww	we
400	26.5	[88, -11, -55, -5, 98]	[-139, -147, -72, 18, 151]	[-170, -39, 34, 9, -167]	[-43, -157, -74, -138, -106]	[142, -73, -108, 54, 2]	[-183, -24, 13, -86, 170]	[-125, 64, 7, 90, 228]	[-156, -62, -115, -115, -175]	[-177, -67, -95, -125, -108]	[-69, -18, 16, -123, -122]	[86, 171, 105, 185, 0]	[10006, 10003, 10000, 9982, 10000]	[215, -38, 183, 287, 268]
401	28.5	[-55, 86, -42, -48, -81]	[117, -220, -41, 57, -132]	[-79, -92, -3, -53, -197]	[-36, -12, -139, -61, -75]	[108, -138, -158, 100, -136]	[-26, -73, 27, -77, 12]	[60, 82, -5, 79, 155]	[46, -154, -128, -95, -177]	[-163, -96, -141, -89, -135]	[128, -6, -61, -88, -28]	[240, 114, 126, 180, 186]	[10000, 10002, 9999, 9974, 10000]	[228, 208, 200, 221, 157]
402	26.0	[-40, -21, -187, 242, -184]	[5, -139, 5, -30, -229]	[-218, -192, 98, -13, -76]	[-32, 35, -123, -96, 65]	[121, -66, -109, -44, -34]	[-123, -36, 49, -23, 128]	[74, 43, 7, 36, 252]	[-200, -9, -29, -141, 26]	[-146, -115, -98, -49, -215]	[-14, 30, 8, 10, -85]	[6, 121, 166, 166, 95]	[9999, 10000, 9994, 9987, 9997]	[-66, 190, 166, 148, 149]
403	29.5	[-55, 94, -41, -41, -76]	[123, -194, -41, 57, -132]	[-81, -92, 0, -53, -79]	[-54, -11, -133, -65, -64]	[108, -142, -169, 113, -130]	[-26, -73, 27, -77, 26]	[56, 80, -3, 92, 154]	[51, -147, -125, -95, -166]	[-163, -109, -141, -92, -111]	[127, -7, -61, -118, -44]	[235, 113, 121, 181, 183]	[10000, 10002, 9998, 10003, 9997]	[225, 218, 191, 209, 160]
404	31.0	[-40, -21, -187, 242, -184]	[5, -139, 5, -30, -229]	[-218, -192, 98, -13, -76]	[-32, 35, -123, -96, 65]	[121, -66, -109, -44, -34]	[-123, -36, 49, -23, 128]	[74, 43, 7, 36, 252]	[-200, -9, -29, -141, 26]	[-146, -115, -98, -49, -215]	[-14, 30, 8, 10, -85]	[6, 121, 166, 166, 95]	[9999, 10000, 9994, 9987, 9997]	[-66, 190, 166, 148, 149]
405	27.5	[209, 193, 45, 119, -115]	[19, -164, -98, 53, -136]	[-125, -58, 17, -6, -194]	[-32, -64, -27, -36, -89]	[120, -126, -56, 47, 156]	[-137, -47, 21, -3, 92]	[-141, 35, 11, 110, 147]	[-191, -93, -127, -51, -16]	[-166, -204, -84, -96, -134]	[123, -32, -3, 69, -49]	[-3, 132, 124, 172, 122]	[10005, 10001, 9999, 9998, 10001]	[150, 133, 200, 189, 277]
406	27.5	[209, 193, 45, 119, -115]	[-156, -95, -116, 9, -136]	[-174, -22, 17, -6, -194]	[45, 70, 22, -62, -120]	[152, -66, -56, -5, 178]	[-99, -2, -10, 14, 146]	[-148, 13, 12, 79, 200]	[-191, -60, -101, -70, -56]	[-173, -217, -62, -98, -106]	[11, -40, -104, 72, -49]	[-3, 120, 100, 169, -44]	[10005, 10002, 10000, 9998, 10003]	[150, 133, 136, 164, 277]
407	31.5	[209, 193, 45, 119, -115]	[19, -164, -98, 53, -136]	[-125, -58, 17, -6, -194]	[-32, -64, -27, -36, -89]	[120, -126, -56, 47, 156]	[-137, -47, 21, -3, 92]	[-141, 35, 11, 110, 147]	[-191, -93, -127, -51, -16]	[-166, -204, -84, -96, -134]	[123, -32, -3, 69, -49]	[-3, 132, 124, 172, 122]	[10005, 10001, 9999, 9998, 10001]	[150, 127, 200, 189, 277]
408	32.5	[-55, 94, -41, -41, -76]	[123, -194, -41, 57, -132]	[-81, -92, 0, -53, -79]	[-54, -11, -133, -65, -64]	[108, -142, -169, 113, -130]	[-26, -73, 27, -77, 26]	[56, 80, -3, 92, 154]	[51, -147, -125, -95, -166]	[-163, -109, -141, -92, -111]	[127, -7, -61, -118, -44]	[235, 113, 121, 181, 183]	[10000, 9996, 9998, 10003, 9997]	[225, 218, 191, 209, 160]
409	26.0	[209, 166, 45, 119, -115]	[60, -148, -103, 9, -136]	[-174, -22, -21, -6, -194]	[45, 70, 22, -30, -120]	[150, -110, -56, 11, 147]	[-87, -2, -10, 14, 146]	[-148, 51, 12, 79, 200]	[-7, -102, -101, -70, -56]	[-173, -87, -71, -144, -117]	[11, -40, -104, 72, -49]	[-3, 120, 100, 169, -44]	[10005, 10002, 10000, 9998, 10003]	[150, 133, 136, 164, 277]
410	29.5	[209, 193, 45, 119, -115]	[19, -164, -98, 53, -136]	[-125, -58, 17, -6, -194]	[-32, -58, -27, -36, -89]	[120, -126, -56, 47, 156]	[-137, -47, 21, -3, 92]	[-141, 35, 11, 110, 147]	[-191, -93, -127, -51, -16]	[-166, -204, -84, -96, -134]	[123, -32, -3, 69, -49]	[-3, 132, 124, 172, 122]	[10005, 10001, 9999, 9998, 10001]	[150, 127, 200, 189, 277]
411	33.5	[209, 193, 45, 116, -123]	[59, -97, -107, 9, -136]	[-174, -22, -4, -2, -194]	[49, -28, -57, -49, -120]	[155, -106, -58, 43, 3]	[-31, -26, -5, -6, 92]	[26, 55, 8, 98, 64]	[-90, -129, -117, -64, -16]	[-150, -201, -63, -145, -115]	[6, 28, 5, 117, -55]	[-3, 134, 139, 167, 59]	[10003, 10000, 9999, 9993, 9998]	[150, 171, 164, 151, 277]
412	29.5	[209, 193, 45, 116, -123]	[59, -97, -107, 9, -136]	[-174, -22, -4, -2, -194]	[49, -28, -57, -49, -120]	[155, -106, -58, 43, 3]	[-31, -26, -5, -6, 92]	[26, 55, 8, 98, 64]	[-90, -129, -117, -64, -16]	[-173, -201, -63, -145, -115]	[11, -40, 7, 11, -72]	[-3, 134, 121, 168, 82]	[10005, 10001, 9999, 9998, 10001]	[-26, 133, 136, 164, 277]
413	29.0	[209, 193, 45, 113, -213]	[-156, -95, -111, 36, -136]	[-152, -30, -12, -6, -194]	[45, -26, -57, 13, -118]	[155, -106, -58, 47, -98]	[-85, -25, 0, -3, 92]	[26, 57, 7, 78, 64]	[62, -160, -100, -120, -78]	[-173, -217, -73, -137, -106]	[11, -40, -3, 69, -49]	[-3, 134, 121, 169, -44]	[10005, 10001, 9999, 9998, 10003]	[150, 133, 136, 164, 277]
414	36.0	[209, 193, 45, 116, -123]	[59, -97, -107, 9, -136]	[-174, -22, -4, -2, -194]	[49, -28, -57, -49, -120]	[155, -106, -58, 43, 3]	[-31, -26, -5, -6, 92]	[26, 55, 8, 98, 64]	[-90, -129, -117, -64, -16]	[-150, -201, -63, -145, -115]	[6, 28, 5, 117, -55]	[-3, 134, 139, 167, 59]	[10003, 10000, 9993, 9993, 9998]	[150, 171, 164, 151, 277]
415	30.5	[209, 193, 45, 113, -213]	[-156, -95, -111, 36, -136]	[-152, -30, -12, -6, -194]	[45, -26, -57, 13, -118]	[155, -106, -58, 47, -98]	[-85, -25, 0, -3, 92]	[26, 57, 7, 78, 64]	[62, -160, -100, -120, -78]	[-173, -217, -73, -137, -106]	[11, -40, -3, 69, -49]	[-3, 134, 121, 169, -44]	[10005, 10001, 9999, 9998, 10003]	[150, 133, 136, 164, 277]
416	31.0	[209, 193, 45, 119, -115]	[19, -164, -98, 53, -136]	[-125, -58, 17, -6, -194]	[-32, -58, -27, -36, -89]	[120, -126, -56, 47, 156]	[-137, -47, 21, -3, 92]	[-141, 35, 11, 110, 147]	[-191, -93, -127, -51, -16]	[-166, -204, -84, -96, -134]	[123, -32, -3, 69, -49]	[-3, 126, 124, 172, 122]	[10002, 10001, 9996, 9991, 10001]	[150, 175, 200, 189, 277]
417	32.5	[209, 160, 40, 110, -110]	[59, -97, -107, 12, -136]	[-92, -52, -10, -8, -119]	[-30, -27, -87, -64, -95]	[155, -106, -80, 51, -24]	[-31, -26, 19, -36, 92]	[26, 76, 8, 98, 64]	[-90, -129, -131, -74, -58]	[-150, -201, -98, -145, -111]	[6, 28, 5, 117, -55]	[-3, 134, 139, 167, 59]	[10003, 10000, 9993, 9993, 9998]	[150, 171, 164, 151, 277]
418	30.5	[209, 193, 45, 116, -123]	[59, -97, -107, 9, -136]	[-174, -22, -4, -2, -194]	[49, -28, -57, -49, -120]	[155, -106, -58, 43, 3]	[-31, -26, -5, -6, 92]	[26, 55, 8, 98, 64]	[-90, -129, -117, -64, -16]	[-173, -201, -63, -145, -115]	[11, -40, 7, 11, -72]	[-3, 134, 121, 168, 82]	[10005, 10001, 9999, 9998, 10001]	[-26, 133, 136, 164, 277]
419	27.0	[-55, 94, -41, -41, -76]	[123, -194, -41, 57, -132]	[-81, -92, 0, -53, -79]	[-54, -11, -133, -65, -64]	[108, -142, -169, 113, -130]	[-26, -73, 27, -77, 26]	[56, 80, -3, 92, 154]	[51, -147, -125, -95, -166]	[-163, -109, -141, -92, -111]	[127, -7, -61, -118, -44]	[235, 113, 121, 181, 183]	[10000, 9996, 9998, 10003, 9997]	[225, 218, 191, 209, 160]
420	31.0	[209, 193, 45, 116, -123]	[59, -97, -107, 9, -136]	[-174, -22, -7, -6, -194]	[49, -27, -85, -56, -102]	[155, -106, -58, 43, 3]	[-31, -26, -5, -12, 92]	[26, 68, 8, 98, 64]	[-90, -129, -117, -64, -16]	[-173, -201, -63, -145, -115]	[11, -40, 7, 11, -72]	[-3, 134, 121, 168, 82]	[10005, 10001, 9999, 9998, 10001]	[-26, 133, 136, 164, 277]
421	34.5	[209, 193, 45, 119, -115]	[19, -164, -98, 53, -136]	[-125, -58, 17, -6, -194]	[-32, -58, -27, -36, -89]	[120, -126, -56, 47, 156]	[-137, -47, 21, -3, 92]	[-141, 35, 11, 110, 147]	[-191, -128, -126, -51, -16]	[-166, -204, -122, -92, -123]	[123, -32, -47, 69, -49]	[-3, 126, 124, 172, 122]	[10002, 10001, 9996, 9991, 10001]	[150, 175, 200, 189, 277]
422	38.5	[209, 193, 45, 116, -123]	[59, -97, -107, 9, -136]	[-174, -22, -7, -6, -194]	[49, -27, -85, -56, -102]	[155, -106, -58, 43, 3]	[-31, -26, -5, -12, 92]	[26, 68, 8, 98, 64]	[-90, -129, -117, -64, -16]	[-173, -201, -63, -145, -115]	[11, -40, 7, 11, -72]	[-3, 134, 121, 168, 82]	[10005, 10001, 9999, 9998, 10001]	[-26, 133, 136, 164, 277]
423	31.5	[209, 193, 45, 119, -115]	[19, -164, -91, 57, -136]	[-63, -38, -12, -6, -194]	[-32, -58, -30, -21, -102]	[120, -126, -59, 47, 156]	[-136, -47, 18, -3, 92]	[-141, 35, 11, 110, -36]	[-191, -154, -109, -102, -107]	[-166, -204, -121, -92, -123]	[124, -32, -15, 69, -49]	[-3, 126, 124, 172, 122]	[10002, 10001, 9996, 9991, 10001]	[150, 175, 200, 189, 277]
424	35.0	[209, 193, 45, 116, -123]	[59, -97, -107, 9, -136]	[-174, -22, -4, -2, -194]	[49, -28, -57, -49, -120]	[155, -112, -58, 43, 3]	[-31, -26, -5, -6, 92]	[26, 64, 7, 96, 125]	[-90, -142, -108, -87, -149]	[-150, -204, -83, -139, -113]	[4, 28, -1, 116, -53]	[2, 129, 130, 164, 46]	[10003, 10000, 9995, 9994, 10003]	[150, 171, 137, 145, 277]
425	33.0	[209, 193, 45, 119, -115]	[19, -164, -98, 53, -136]	[-125, -58, 7, -6, -194]	[-32, -64, -51, -1, -99]	[120, -126, -56, 47, 4]	[-93, -44, 4, -3, 92]	[-50, 40, 8, 104, 124]	[-59, -147, -126, -51, -16]	[-166, -204, -122, -107, -122]	[123, -34, -7, 69, -49]	[-3, 133, 121, 171, -15]	[10002, 10001, 9997, 9991, 10001]	[150, 164, 159, 176, 279]
426	37.5	[209, 193, 45, 116, -123]	[59, -97, -107, 9, -136]	[-174, -22, -4, -2, -194]	[49, -28, -84, -49, -120]	[155, -106, -61, 51, 3]	[-31, -26, 10, -25, 92]	[26, 62, 8, 98, 64]	[-90, -129, -129, -67, -27]	[-173, -201, -63, -145, -121]	[11, -40, 7, 11, -72]	[-3, 134, 121, 168, 82]	[10005, 10001, 9999, 9998, 10001]	[-26, 133, 136, 164, 277]
427	30.5	[209, 193, 45, 116, -123]	[59, -97, -107, 9, -136]	[-174, -22, -7, -6, -194]	[49, -27, -85, -56, -102]	[155, -106, -58, 43, 3]	[-31, -26, 1, -12, 92]	[26, 68, 8, 98, 64]	[-90, -129, -117, -64, -16]	[-173, -201, -63, -145, -115]	[11, -40, -62, 66, -72]	[-3, 121, 104, 168, 82]	[10005, 10001, 10000, 9998, 10001]	[-26, 133, 136, 164, 277]
428	29.0	[209, 193, 45, 116, -123]	[59, -97, -107, 9, -136]	[-174, -22, -4, -2, -194]	[49, -28, -84, -49, -120]	[155, -106, -61, 51, 3]	[-31, -26, 10, -25, 92]	[26, 62, 8, 98, 64]	[-90, -129, -129, -67, -27]	[-173, -201, -63, -145, -121]	[11, -40, 7, 11, -72]	[-3, 134, 121, 168, 82]	[10005, 10001, 9999, 9998, 10001]	[-26, 133, 136, 164, 277]
429	32.0	[209, 193, 45, 116, -180]	[-115, -95, -111, 36, -136]	[-152, -22, -5, -3, -194]	[45, -27, -57, 13, -118]	[155, -106, -56, 47, -69]	[-85, -37, 17, -3, 92]	[-141, 46, 11, 78, 64]	[40, -139, -115, -120, -78]	[-173, -217, -73, -137, -117]	[84, -37, -19, 69, -49]	[-3, 134, 121, 169, -44]	[10005, 10001, 9999, 9998, 10003]	[150, 133, 136, 164, 283]
430	38.0	[209, 193, 45, 116, -123]	[59, -103, -96, 18, -136]	[-174, -29, -5, -5, -194]	[49, -28, -62, -56, -102]	[153, -110, -58, 43, 3]	[-31, -26, 1, 0, 104]	[-40, 65, 8, 98, 64]	[-64, -133, -116, -64, -16]	[-173, -202, -83, -145, -115]	[11, -40, -56, 100, -56]	[-3, 121, 121, 167, 53]	[10005, 10001, 10000, 9998, 10001]	[-26, 133, 136, 164, 277]
431	36.0	[209, 193, 45, 116, -123]	[59, -97, -107, 9, -136]	[-174, -22, -4, -2, -194]	[49, -28, -84, -49, -120]	[155, -106, -61, 51, 3]	[-31, -26, 10, -25, 92]	[26, 62, 8, 98, 64]	[-90, -129, -129, -67, -27]	[-173, -201, -63, -145, -121]	[11, -40, 7, 11, -72]	[-3, 134, 121, 168, 82]	[10005, 10001, 9999, 9998, 10001]	[-26, 133, 136, 164, 277]
432	31.5	[209, 193, 45, 119, -115]	[19, -164, -98, 53, -136]	[-125, -58, 17, -6, -194]	[-32, -31, -109, -36, -89]	[120, -126, -157, 90, 156]	[-137, -62, 25, -73, 81]	[-135, 41, 11, 110, 141]	[-191, -93, -125, -67, -16]	[-166, -204, -84, -92, -134]	[123, -12, -36, 48, -48]	[-3, 126, 122, 179, 122]	[10002, 10001, 9996, 9991, 10001]	[150, 175, 200, 189, 277]
433	33.5	[209, 193, 45, 116, -123]	[59, -97, -107, 9, -136]	[-174, -22, -4, -2, -194]	[49, -28, -62, -49, -120]	[155, -107, -60, 47, 3]	[-31, -26, 10, -7, 92]	[26, 64, 8, 98, 64]	[-90, -142, -118, -67, -27]	[-173, -201, -78, -139, -115]	[4, -3, -1, 11, -72]	[-3, 134, 121, 168, 82]	[10005, 10001, 9999, 9998, 10001]	[-26, 133, 136, 164, 277]
434	33.0	[209, 193, 45, 116, -123]	[59, -103, -96, 18, -136]	[-174, -29, -5, -5, -194]	[49, -28, -62, -56, -102]	[153, -110, -58, 43, 3]	[-72, -27, 1, 0, 104]	[-40, 65, 8, 44, 60]	[-64, -133, -116, -64, -16]	[-173, -202, -83, -145, -115]	[11, -40, -56, 100, -56]	[-3, 121, 121, 167, 53]	[10005, 10001, 10000, 9998, 10001]	[-26, 133, 136, 164, 277]
435	37.0	[209, 193, 45, 116, -123]	[59, -103, -96, 17, -136]	[-174, -49, -5, -5, -194]	[49, -28, -62, -56, -102]	[153, -110, -58, 43, 3]	[-31, -26, 1, 0, 104]	[-40, 65, 8, 98, 64]	[-64, -133, -116, -64, -16]	[-173, -202, -83, -145, -115]	[11, -40, -56, 100, -56]	[-3, 121, 121, 167, 53]	[10005, 10001, 10000, 9998, 10001]	[-26, 133, 136, 164, 277]
436	29.5	[209, 193, 45, 116, -123]	[59, -103, -96, 18, -136]	[-174, -29, -5, -5, -194]	[49, -28, -62, -56, -102]	[153, -110, -58, 43, 3]	[-31, -26, 1, 0, 104]	[-40, 65, 8, 98, 64]	[-64, -133, -116, -64, -16]	[-173, -202, -83, -145, -115]	[11, -40, -56, 100, -56]	[-3, 121, 121, 167, 53]	[10005, 10001, 10000, 9998, 10001]	[-26, 133, 136, 164, 277]
437	37.5	[209, 193, 45, 119, -115]	[19, -164, -91, 57, -136]	[-63, -38, -12, -6, -194]	[42, -47, -63, -41, -110]	[120, -126, -59, 45, 156]	[-136, -47, 18, -3, 92]	[-141, 35, 11, 110, -36]	[-191, -154, -109, -102, -107]	[-166, -187, -70, -92, -123]	[85, -34, -15, 69, -49]	[-3, 126, 121, 170, 122]	[10002, 10001, 9997, 9997, 10001]	[150, 175, 200, 189, 277]
438	35.0	[209, 193, 45, 116, -123]	[59, -97, -107, 9, -136]	[-174, -22, -4, -2, -194]	[49, -28, -60, -49, -120]	[155, -107, -60, 43, 3]	[-32, -49, 10, -17, 55]	[26, 73, 8, 98, 64]	[-90, -142, -112, -70, -28]	[-173, -201, -78, -139, -115]	[4, -3, -1, 11, -72]	[0, 128, 121, 168, 82]	[10005, 10001, 9999, 9998, 10001]	[-26, 133, 136, 164, 277]
439	38.5	[209, 193, 45, 116, -123]	[59, -103, -96, 18, -136]	[-174, -32, 5, -5, -194]	[49, -28, -62, -22, -102]	[153, -110, -58, 45, 3]	[-78, -43, 1, 0, 104]	[-40, 55, 8, 103, 64]	[-64, -133, -116, -64, -16]	[-173, -202, -83, -145, -115]	[11, -40, -56, 100, -56]	[-3, 123, 122, 167, 53]	[10005, 10001, 9997, 9998, 10001]	[-26, 133, 136, 164, 277]
440	35.0	[209, 193, 45, 116, -123]	[59, -97, -107, 9, -136]	[-174, -22, -4, -2, -194]	[49, -28, -62, -49, -120]	[155, -107, -60, 47, 3]	[-37, -26, 10, -7, 92]	[26, 64, 8, 98, 64]	[-90, -142, -118, -67, -27]	[-173, -201, -78, -139, -115]	[4, 4, -2, 47, -72]	[-3, 119, 121, 168, 82]	[10005, 10001, 9999, 9998, 10001]	[-26, 133, 136, 164, 277]
441	32.5	[209, 193, 45, 119, -115]	[19, -164, -91, 57, -136]	[-63, -38, -12, -6, -194]	[42, -47, -63, -41, -110]	[120, -126, -59, 45, 156]	[-136, -47, 18, -3, 92]	[-141, 35, 11, 110, -36]	[-191, -154, -109, -96, -107]	[-166, -187, -70, -92, -123]	[85, -34, -15, 69, -49]	[-3, 126, 121, 170, 122]	[10002, 10001, 9997, 9997, 10001]	[150, 175, 200, 189, 277]
442	33.0	[209, 193, 45, 116, -123]	[59, -103, -96, 18, -136]	[-174, -32, 5, -5, -194]	[49, -28, -62, -27, -102]	[153, -110, -58, 45, 3]	[-74, -34, 1, 0, 104]	[-40, 63, 8, 92, 63]	[-64, -133, -116, -64, -16]	[-173, -202, -83, -145, -115]	[11, -40, -56, 100, -56]	[-3, 123, 121, 167, 53]	[10005, 10001, 9997, 9998, 10001]	[-26, 133, 136, 164, 277]
443	32.0	[209, 193, 45, 116, -123]	[59, -103, -96, 18, -136]	[-174, -32, 5, -5, -194]	[49, -28, -62, -22, -102]	[153, -110, -58, 45, 3]	[-78, -43, 1, 0, 104]	[-40, 55, 8, 103, 64]	[-64, -133, -116, -64, -16]	[-173, -202, -83, -145, -115]	[11, -40, -56, 100, -56]	[-3, 121, 122, 167, 53]	[10005, 10001, 9999, 9998, 10001]	[-26, 133, 136, 164, 277]
444	31.5	[209, 193, 45, 119, -115]	[19, -164, -91, 57, -136]	[-63, -38, -12, -6, -194]	[42, -47, -63, -41, -110]	[120, -126, -59, 45, 156]	[-136, -47, 18, -3, 92]	[-141, 35, 11, 110, -36]	[-191, -154, -109, -96, -107]	[-166, -187, -70, -92, -123]	[85, -34, -15, 69, -49]	[-3, 126, 121, 170, 122]	[10002, 10001, 9997, 9997, 10001]	[150, 175, 200, 189, 277]
445	31.0	[209, 193, 45, 116, -159]	[59, -107, -95, 20, -136]	[-174, -29, -10, -4, -194]	[49, -27, -75, -56, -102]	[154, -109, -56, 45, 3]	[-51, -34, 17, -2, 100]	[-96, 53, 10, 98, 64]	[-49, -123, -116, -78, -16]	[-173, -172, -70, -143, -116]	[11, -36, -43, 85, -49]	[-3, 133, 119, 169, 1]	[10003, 10001, 9999, 9998, 10001]	[-26, 133, 162, 164, 277]
446	31.5	[209, 193, 45, 116, -123]	[59, -103, -96, 18, -136]	[-174, -32, 5, -5, -194]	[49, -28, -62, -27, -102]	[153, -110, -58, 45, 3]	[-74, -34, 1, 0, 104]	[-40, 63, 8, 92, 63]	[-64, -133, -116, -64, -16]	[-173, -202, -83, -145, -115]	[11, -40, -56, 100, -56]	[-3, 123, 121, 167, 53]	[10005, 10001, 9997, 9998, 10001]	[-26, 133, 136, 164, 277]
447	34.5	[209, 193, 45, 119, -115]	[19, -164, -91, 57, -136]	[-63, -38, -12, -6, -194]	[42, -47, -63, -41, -110]	[120, -126, -59, 45, 156]	[-136, -47, 18, -3, 92]	[-141, 35, 11, 110, -36]	[-191, -154, -109, -96, -107]	[-166, -187, -70, -92, -123]	[85, -34, -15, 69, -49]	[-3, 126, 121, 170, 122]	[10002, 10001, 9997, 9997, 10001]	[150, 175, 200, 189, 277]
448	31.0	[209, 193, 45, 116, -123]	[59, -97, -107, 9, -136]	[-174, -22, -4, -2, -194]	[49, -28, -60, -49, -120]	[155, -107, -60, 43, 3]	[-32, -49, 10, -8, 55]	[26, 65, 8, 98, 64]	[-90, -142, -112, -70, -28]	[-173, -201, -78, -139, -115]	[4, -3, -1, 17, -72]	[0, 128, 121, 168, 82]	[10005, 10001, 9999, 9998, 10001]	[-26, 133, 136, 164, 277]
449	36.0	[209, 193, 45, 116, -123]	[59, -111, -95, 22, -136]	[-174, -22, -8, -6, -194]	[49, -28, -85, -56, -102]	[152, -107, -58, 42, -11]	[-54, -28, 3, -59, 143]	[19, 61, 8, 83, 64]	[-61, -135, -115, -99, -62]	[-170, -168, -66, -152, -116]	[11, -34, -31, 52, -50]	[-3, 133, 119, 169, 1]	[10003, 10001, 9999, 9998, 10001]	[-26, 133, 162, 164, 277]
450	39.5	[209, 199, 45, 116, -123]	[59, -103, -96, 18, -136]	[-174, -32, 5, -5, -194]	[49, -28, -62, -22, -102]	[153, -110, -58, 45, 3]	[-60, -48, 1, 0, 104]	[-40, 55, 8, 103, 64]	[-64, -133, -116, -64, -16]	[-173, -202, -83, -145, -115]	[11, -40, -56, 100, -56]	[-3, 121, 122, 167, 53]	[10005, 10001, 9999, 9998, 10001]	[-26, 133, 136, 164, 277]
451	36.5	[209, 199, 45, 116, -123]	[59, -103, -96, 18, -136]	[-174, -32, 5, -5, -194]	[49, -28, -62, -22, -102]	[153, -110, -58, 45, 3]	[-60, -48, 1, 0, 104]	[-40, 55, 8, 103, 64]	[-64, -133, -116, -64, -16]	[-173, -202, -83, -145, -115]	[11, -40, -56, 100, -56]	[-3, 121, 122, 167, 53]	[10005, 10001, 9999, 9998, 10001]	[-26, 133, 136, 164, 277]
452	34.0	[209, 193, 45, 116, -123]	[59, -111, -95, 22, -136]	[-174, -29, -12, -6, -194]	[49, -27, -85, -56, -102]	[152, -107, -58, 43, -32]	[-58, -32, -6, -59, 143]	[-135, 49, 8, 65, 64]	[-59, -117, -116, -99, -62]	[-157, -158, -70, -149, -116]	[5, -11, -30, 51, -62]	[-3, 133, 120, 168, 11]	[10003, 10001, 9999, 9998, 10001]	[-26, 133, 162, 164, 277]
453	31.0	[209, 193, 45, 119, -115]	[19, -164, -91, 57, -136]	[-63, -38, -12, -6, -194]	[42, -47, -63, -41, -110]	[120, -126, -59, 45, 156]	[-136, -47, 18, -3, 92]	[-141, 35, 11, 110, -36]	[-191, -154, -109, -96, -113]	[-166, -187, -70, -92, -123]	[85, -34, -15, 69, -49]	[-3, 126, 121, 170, 122]	[10002, 10001, 9997, 9997, 10001]	[150, 175, 200, 189, 277]
454	33.5	[209, 199, 45, 116, -123]	[59, -103, -96, 18, -136]	[-174, -32, -8, -5, -194]	[49, -28, -85, -22, -102]	[153, -110, -58, 45, 3]	[-60, -48, 1, 0, 104]	[-40, 55, 8, 103, 64]	[-64, -133, -116, -64, -16]	[-173, -202, -83, -145, -115]	[11, -40, -56, 100, -56]	[-3, 121, 122, 167, 53]	[10005, 10001, 9999, 9998, 10001]	[-26, 133, 136, 164, 277]
455	31.5	[209, 193, 45, 119, -115]	[19, -164, -91, 57, -136]	[-63, -38, -12, -6, -194]	[42, -47, -63, -41, -110]	[120, -126, -59, 45, 156]	[-136, -47, 18, -3, 92]	[-141, 35, 11, 110, -36]	[-191, -154, -109, -96, -113]	[-166, -187, -70, -92, -123]	[85, -34, -15, 69, -49]	[-3, 126, 121, 170, 122]	[10002, 10001, 9997, 9997, 10001]	[150, 175, 200, 189, 277]
456	40.0	[209, 193, 45, 119, -115]	[19, -164, -91, 57, -136]	[-63, -38, -12, -6, -194]	[42, -47, -63, -41, -110]	[120, -126, -59, 45, 156]	[-136, -47, 18, -3, 92]	[-141, 35, 11, 110, -36]	[-191, -154, -109, -96, -113]	[-166, -187, -70, -92, -123]	[85, -34, -15, 69, -49]	[-3, 126, 121, 170, 122]	[10002, 10001, 9997, 9997, 10001]	[150, 175, 200, 189, 277]
457	38.0	[209, 193, 45, 116, -123]	[59, -97, -107, 9, -136]	[-174, -22, -4, -2, -194]	[49, -28, -66, -49, -120]	[155, -107, -60, 43, 3]	[-32, -49, 10, -11, 55]	[26, 73, 8, 98, 64]	[-90, -142, -112, -70, -28]	[-179, -201, -78, -139, -115]	[4, -3, -8, 33, -72]	[0, 128, 121, 169, 82]	[10004, 10001, 9999, 9998, 10001]	[-20, 133, 136, 164, 277]
458	31.5	[209, 193, 45, 116, -123]	[59, -97, -107, 9, -136]	[-174, -22, -4, -2, -194]	[49, -28, -61, -39, -108]	[155, -107, -60, 43, 3]	[-32, -47, 7, -7, 55]	[26, 65, 8, 99, 64]	[-90, -142, -116, -70, -21]	[-173, -201, -78, -139, -115]	[4, -3, -1, 17, -72]	[0, 128, 121, 168, 82]	[10005, 10001, 9999, 9998, 10001]	[-32, 133, 136, 164, 277]
459	41.0	[209, 193, 45, 119, -115]	[19, -164, -91, 57, -136]	[-63, -38, -12, -6, -194]	[42, -47, -63, -41, -110]	[120, -126, -59, 45, 156]	[-136, -47, 18, -3, 92]	[-141, 35, 11, 110, -36]	[-191, -154, -109, -96, -113]	[-166, -187, -70, -92, -123]	[85, -34, -15, 69, -49]	[-3, 126, 121, 170, 122]	[10002, 10001, 9997, 9997, 10001]	[150, 175, 200, 189, 277]
460	34.0	[209, 193, 45, 119, -115]	[19, -164, -91, 57, -136]	[-63, -38, -12, -6, -194]	[42, -47, -63, -41, -110]	[120, -126, -59, 45, 156]	[-136, -47, 18, -3, 92]	[-75, 51, 11, 108, 15]	[-191, -131, -118, -77, -86]	[-166, -187, -80, -140, -123]	[85, -34, -24, 83, -51]	[-3, 125, 121, 169, 122]	[10005, 10001, 9997, 9998, 10001]	[150, 175, 200, 189, 277]
461	34.5	[209, 193, 45, 116, -123]	[59, -97, -107, 9, -136]	[-174, -22, -4, -2, -194]	[49, -28, -61, -39, -108]	[155, -107, -60, 43, 3]	[-32, -47, 7, -7, 55]	[26, 65, 8, 99, 64]	[-90, -142, -116, -70, -21]	[-173, -201, -78, -139, -115]	[4, -3, -1, 17, -72]	[0, 128, 121, 168, 82]	[10005, 10001, 9999, 9998, 10001]	[-32, 133, 136, 164, 277]
462	36.0	[209, 193, 45, 116, -123]	[59, -97, -107, 9, -136]	[-174, -22, -4, -6, -194]	[49, -28, -76, -51, -115]	[154, -107, -60, 43, -18]	[-32, -47, 10, -17, 55]	[-42, 66, 8, 97, 63]	[-68, -128, -114, -72, -19]	[-173, -194, -76, -141, -116]	[5, -3, -1, 17, -72]	[0, 128, 121, 168, 82]	[10005, 10001, 9999, 9998, 10001]	[-26, 133, 136, 164, 277]
463	36.5	[209, 193, 45, 116, -123]	[59, -97, -107, 9, -136]	[-174, -22, -4, -2, -194]	[49, -28, -66, -49, -120]	[155, -107, -60, 43, 3]	[-32, -49, 10, -11, 55]	[26, 73, 8, 98, 64]	[-90, -142, -112, -70, -28]	[-179, -201, -78, -139, -115]	[4, -3, -8, 33, -72]	[0, 128, 121, 169, 82]	[10004, 10001, 9999, 9998, 10001]	[-20, 133, 136, 164, 277]
464	35.5	[209, 193, 45, 116, -117]	[59, -101, -97, 17, -136]	[-174, -54, 1, -2, -194]	[49, -28, -108, -49, -120]	[155, -106, -61, 51, 3]	[-47, -46, 10, -25, 92]	[-13, 50, 8, 98, 64]	[-187, -129, -129, -67, -27]	[-173, -201, -63, -145, -121]	[11, -40, 1, 11, -72]	[-3, 134, 121, 168, 82]	[10005, 10001, 9999, 9998, 10001]	[-26, 133, 136, 164, 277]
465	38.0	[209, 193, 45, 119, -115]	[19, -164, -91, 57, -136]	[-63, -38, -12, -6, -194]	[42, -47, -63, -41, -110]	[120, -126, -59, 45, 156]	[-136, -47, 18, -3, 92]	[-141, 35, 11, 110, -36]	[-191, -154, -109, -96, -113]	[-166, -187, -70, -92, -123]	[85, -34, -15, 69, -49]	[-3, 126, 121, 170, 122]	[10002, 10001, 9997, 9997, 10001]	[150, 175, 200, 189, 277]
466	36.5	[209, 193, 45, 116, -123]	[59, -111, -101, 22, -136]	[-174, -29, -12, -6, -194]	[49, -28, -85, -56, -102]	[152, -107, -58, 43, -32]	[-58, -32, -6, -59, 143]	[-135, 49, 8, 65, 64]	[-59, -117, -122, -99, -62]	[-157, -164, -70, -149, -116]	[5, -11, -30, 51, -62]	[-3, 133, 120, 168, 11]	[10003, 10001, 9993, 9998, 10001]	[-26, 133, 162, 164, 277]
467	33.0	[209, 193, 45, 119, -115]	[19, -164, -91, 57, -136]	[-63, -38, -12, -6, -194]	[42, -47, -63, -41, -110]	[120, -126, -59, 45, 156]	[-136, -47, 15, -13, 92]	[-75, 51, 10, 98, 25]	[-188, -129, -124, -70, -86]	[-166, -187, -80, -140, -123]	[85, -34, -24, 83, -51]	[-3, 125, 121, 169, 122]	[10005, 10001, 9997, 9998, 10001]	[150, 175, 200, 189, 277]
468	37.5	[209, 193, 45, 119, -115]	[19, -164, -91, 57, -136]	[-63, -38, -12, -6, -194]	[42, -47, -63, -41, -110]	[120, -126, -59, 45, 156]	[-136, -47, 15, -13, 92]	[-75, 51, 10, 98, 25]	[-188, -129, -124, -70, -86]	[-166, -187, -80, -140, -123]	[85, -34, -24, 83, -51]	[-3, 125, 121, 169, 122]	[10005, 10001, 9997, 9998, 10001]	[150, 175, 200, 189, 277]
469	32.5	[209, 193, 45, 119, -115]	[19, -164, -91, 57, -136]	[-63, -38, -12, -6, -194]	[42, -47, -63, -41, -110]	[120, -126, -59, 45, 156]	[-136, -47, 18, -3, 92]	[-75, 51, 11, 108, 15]	[-191, -131, -118, -77, -86]	[-166, -187, -80, -140, -123]	[85, -34, -24, 83, -51]	[-3, 125, 121, 169, 122]	[10005, 10001, 9997, 9998, 10001]	[150, 175, 200, 189, 277]
470	37.0	[209, 193, 45, 116, -123]	[59, -97, -107, 9, -136]	[-174, -23, -11, -2, -194]	[49, -28, -61, -46, -108]	[154, -107, -60, 43, -31]	[-35, -39, 0, -24, 83]	[-99, 65, 8, 99, 64]	[-90, -142, -116, -70, -21]	[-173, -201, -78, -139, -115]	[4, -3, -1, 17, -72]	[0, 128, 121, 168, 82]	[10005, 10001, 9999, 9998, 10001]	[-32, 133, 136, 164, 277]
471	36.5	[209, 193, 45, 119, -115]	[19, -164, -91, 57, -136]	[-63, -38, -12, -6, -194]	[42, -47, -63, -41, -110]	[120, -126, -59, 45, 156]	[-136, -47, 15, -13, 92]	[-75, 51, 10, 98, 25]	[-188, -129, -124, -70, -86]	[-166, -187, -80, -140, -123]	[85, -34, -24, 83, -51]	[-3, 125, 121, 169, 122]	[10005, 10001, 9997, 9998, 10001]	[150, 175, 200, 189, 277]
472	37.5	[209, 195, 45, 119, -120]	[19, -164, -97, 23, -136]	[-125, -45, 14, -3, -194]	[-32, -30, -80, -41, -102]	[140, -110, -63, 89, 106]	[-50, -50, 4, -12, 89]	[-86, 73, 8, 99, 132]	[-65, -117, -119, -64, -16]	[-166, -204, -84, -93, -128]	[123, -12, -45, 86, -52]	[-3, 124, 116, 179, 128]	[9996, 10001, 9996, 9998, 10007]	[-22, 135, 171, 170, 277]
473	34.5	[209, 193, 45, 119, -115]	[19, -164, -91, 57, -136]	[-63, -38, -12, -6, -194]	[42, -47, -63, -41, -110]	[120, -126, -59, 45, 156]	[-136, -47, 15, -13, 92]	[-75, 51, 10, 98, 25]	[-188, -129, -124, -70, -86]	[-166, -187, -80, -140, -123]	[85, -34, -24, 83, -51]	[-3, 125, 121, 169, 122]	[10005, 10001, 9997, 9998, 10001]	[150, 175, 200, 189, 277]
474	42.0	[209, 193, 45, 119, -115]	[19, -164, -91, 57, -136]	[-63, -38, -12, -6, -194]	[42, -47, -63, -41, -110]	[132, -122, -58, 45, 156]	[-99, -36, 2, -2, 86]	[-141, 35, 11, 110, -36]	[-191, -154, -109, -96, -113]	[-166, -187, -70, -92, -123]	[85, -34, -15, 69, -49]	[-3, 126, 121, 170, 122]	[10002, 10001, 9997, 9997, 10001]	[150, 175, 200, 189, 277]
475	35.0	[209, 193, 45, 119, -115]	[19, -164, -91, 57, -136]	[-63, -38, -12, -6, -194]	[42, -47, -63, -41, -110]	[120, -126, -59, 45, 156]	[-136, -47, 15, -13, 92]	[-75, 51, 10, 98, 25]	[-188, -129, -124, -70, -86]	[-166, -187, -86, -140, -123]	[85, -34, -24, 83, -51]	[-3, 125, 121, 169, 122]	[10005, 10001, 9997, 9998, 10001]	[150, 175, 200, 189, 277]
476	33.0	[203, 193, 45, 116, -123]	[59, -97, -107, 3, -136]	[-174, -22, -4, -6, -194]	[49, -28, -76, -40, -103]	[154, -109, -60, 43, -18]	[-32, -26, 5, -17, 55]	[5, 64, 8, 97, 64]	[-68, -133, -116, -71, -19]	[-173, -200, -81, -143, -116]	[5, -3, -1, 17, -72]	[0, 128, 121, 168, 82]	[10005, 10001, 9999, 9998, 10001]	[-26, 133, 136, 164, 277]
477	34.5	[209, 193, 45, 116, -123]	[59, -97, -107, 9, -136]	[-174, -22, -4, -2, -194]	[49, -28, -61, -39, -108]	[155, -107, -60, 44, -2]	[-32, -47, 7, -7, 55]	[26, 65, 8, 99, 64]	[-90, -142, -116, -70, -21]	[-173, -201, -77, -142, -116]	[-1, -5, -10, 17, -72]	[0, 128, 120, 168, 31]	[10005, 10001, 9999, 9998, 10001]	[-32, 133, 136, 164, 277]
478	34.0	[209, 193, 45, 119, -115]	[19, -164, -91, 57, -136]	[-63, -38, -12, -6, -194]	[42, -47, -63, -47, -110]	[120, -126, -59, 45, 156]	[-136, -47, 18, -3, 92]	[-141, 35, 11, 110, -36]	[-191, -154, -109, -96, -113]	[-166, -187, -70, -92, -123]	[85, -34, -15, 69, -49]	[-3, 126, 121, 164, 122]	[10002, 10001, 9997, 9997, 10001]	[150, 175, 200, 189, 277]
479	38.5	[209, 193, 45, 119, -115]	[19, -164, -91, 57, -136]	[-63, -38, -12, -6, -194]	[42, -47, -63, -41, -110]	[120, -126, -59, 45, 156]	[-136, -47, 18, -3, 92]	[-75, 51, 11, 108, 15]	[-191, -131, -118, -77, -86]	[-166, -187, -80, -140, -123]	[85, -34, -24, 83, -51]	[-3, 125, 121, 169, 122]	[10005, 10001, 9997, 9998, 10001]	[150, 175, 200, 189, 277]
480	33.0	[209, 193, 45, 119, -115]	[19, -164, -91, 57, -136]	[-63, -38, -12, -6, -194]	[42, -47, -63, -47, -110]	[120, -126, -59, 45, 156]	[-136, -47, 18, -3, 92]	[-141, 35, 11, 110, -36]	[-191, -154, -109, -96, -113]	[-166, -187, -70, -92, -123]	[85, -34, -15, 69, -49]	[-3, 126, 121, 164, 122]	[10002, 10001, 9997, 9997, 10001]	[150, 175, 200, 189, 277]
481	31.0	[209, 193, 45, 116, -123]	[59, -97, -107, 9, -136]	[-174, -22, -4, -6, -194]	[49, -28, -76, -40, -103]	[154, -109, -59, 43, -18]	[-32, -31, 0, -24, 55]	[-93, 73, 8, 107, 60]	[-81, -149, -115, -70, -24]	[-173, -197, -82, -141, -115]	[5, -3, -15, 37, -72]	[6, 128, 120, 168, 125]	[10005, 10001, 9999, 9998, 10003]	[-26, 133, 136, 164, 277]
482	36.0	[209, 193, 45, 116, -123]	[59, -97, -107, 9, -136]	[-174, -22, -4, -2, -194]	[49, -28, -61, -39, -108]	[161, -107, -60, 44, -2]	[-32, -47, 7, -7, 55]	[26, 65, 8, 99, 64]	[-90, -142, -116, -70, -21]	[-173, -201, -77, -142, -116]	[-1, -5, -10, 17, -72]	[0, 128, 120, 168, 31]	[10005, 10001, 9999, 9998, 10001]	[-32, 133, 136, 164, 277]
483	36.5	[209, 193, 45, 119, -115]	[19, -164, -91, 57, -136]	[-63, -38, -12, -6, -194]	[42, -47, -63, -41, -110]	[120, -126, -59, 45, 156]	[-136, -47, 18, -3, 92]	[-75, 51, 11, 108, 15]	[-191, -131, -118, -77, -86]	[-166, -187, -80, -140, -123]	[85, -34, -24, 83, -51]	[-3, 125, 121, 169, 122]	[10005, 10001, 9997, 9998, 10001]	[150, 175, 200, 189, 277]
484	33.5	[209, 193, 45, 116, -123]	[59, -97, -107, 9, -136]	[-174, -22, -4, -4, -194]	[49, -28, -70, -43, -103]	[154, -109, -59, 44, -18]	[-32, -28, 5, -17, 55]	[-42, 73, 8, 97, 57]	[-81, -136, -116, -72, -25]	[-173, -200, -78, -143, -115]	[5, -3, -15, 37, -72]	[6, 128, 120, 170, 125]	[10005, 10001, 9999, 9998, 10003]	[-26, 133, 136, 164, 277]
485	38.5	[209, 193, 45, 116, -123]	[59, -97, -102, 9, -136]	[-109, -38, -8, -6, -194]	[45, -31, -63, -45, -103]	[123, -113, -59, 45, 101]	[-32, -41, 2, -7, 122]	[-125, 63, 8, 104, 63]	[-133, -151, -117, -77, -55]	[-173, -183, -71, -141, -117]	[4, -3, -1, 17, -72]	[-2, 124, 121, 168, 82]	[10005, 9995, 9999, 9998, 10001]	[-26, 133, 136, 164, 277]
486	38.0	[209, 193, 45, 116, -123]	[59, -97, -102, 9, -136]	[-109, -38, -8, -6, -194]	[45, -31, -63, -45, -103]	[123, -113, -59, 45, 101]	[-32, -41, 2, -7, 122]	[-125, 63, 8, 104, 63]	[-133, -151, -117, -77, -55]	[-173, -183, -71, -141, -117]	[4, -3, -1, 17, -72]	[-2, 124, 121, 168, 82]	[10005, 9997, 9999, 9998, 10001]	[-26, 161, 158, 164, 277]
487	31.5	[209, 195, 45, 119, -120]	[19, -164, -97, 23, -136]	[-146, -28, 4, -3, -194]	[23, -29, -68, -47, -107]	[149, -110, -63, 89, 106]	[-50, -40, 7, -12, 89]	[-86, 78, 8, 99, 132]	[-66, -120, -115, -85, -52]	[-166, -195, -74, -132, -134]	[123, -12, -7, 68, -72]	[-2, 126, 116, 172, 128]	[10003, 10001, 9996, 9998, 10007]	[-22, 145, 146, 170, 277]
488	31.5	[203, 193, 45, 116, -123]	[59, -97, -107, 7, -136]	[-174, -22, -4, -2, -194]	[49, -28, -70, -40, -103]	[154, -109, -60, 44, -18]	[-32, -36, 5, -17, 55]	[5, 64, 8, 97, 64]	[-68, -133, -116, -71, -19]	[-173, -200, -81, -143, -116]	[5, -3, -1, 17, -72]	[0, 128, 121, 168, 82]	[9999, 10001, 9999, 9998, 10001]	[-26, 133, 136, 164, 277]
489	34.0	[209, 193, 45, 116, -123]	[59, -97, -107, 9, -136]	[-174, -22, -4, -6, -194]	[49, -28, -76, -40, -103]	[141, -112, -59, 43, 81]	[-32, -31, 0, -24, 85]	[-96, 73, 8, 107, 60]	[-84, -150, -115, -70, -24]	[-173, -197, -82, -142, -117]	[5, -3, -14, 37, -72]	[4, 125, 120, 168, 125]	[10005, 10001, 9999, 9998, 10003]	[-26, 133, 136, 164, 277]
490	34.0	[209, 193, 45, 116, -123]	[59, -97, -107, 9, -136]	[-174, -22, -4, -6, -194]	[49, -28, -76, -40, -103]	[154, -109, -60, 43, -18]	[-32, -31, 0, -24, 55]	[-93, 73, 8, 107, 60]	[-81, -149, -115, -70, -24]	[-173, -197, -73, -145, -119]	[5, -3, -15, 37, -72]	[6, 128, 120, 168, 125]	[10005, 10001, 9999, 9998, 10003]	[-26, 133, 136, 164, 277]
491	32.0	[209, 193, 45, 119, -115]	[19, -164, -91, 57, -136]	[-63, -38, -12, -6, -194]	[42, -47, -63, -47, -110]	[120, -126, -59, 45, 156]	[-136, -47, 18, -3, 92]	[-141, 35, 11, 110, -36]	[-191, -154, -109, -96, -113]	[-166, -187, -70, -92, -123]	[45, -12, -8, 38, -49]	[-3, 125, 121, 166, 122]	[10002, 10001, 9997, 9997, 10001]	[156, 175, 200, 183, 277]
492	33.5	[209, 193, 45, 116, -123]	[59, -97, -101, 9, -136]	[-174, -23, -11, -2, -194]	[43, -28, -61, -39, -106]	[154, -107, -60, 45, 59]	[-34, -46, 8, -22, 83]	[-99, 65, 8, 98, 44]	[-90, -142, -117, -70, -33]	[-173, -201, -78, -141, -116]	[3, -12, -7, 25, -71]	[0, 128, 121, 168, 82]	[10005, 10001, 9999, 9998, 10001]	[-32, 133, 136, 164, 277]
493	33.0	[209, 193, 45, 116, -123]	[59, -97, -107, 9, -136]	[-174, -22, -4, -6, -194]	[49, -28, -76, -40, -103]	[154, -109, -60, 43, -18]	[-32, -31, 0, -24, 55]	[-93, 73, 8, 107, 60]	[-81, -149, -115, -70, -24]	[-173, -197, -73, -145, -119]	[5, -3, -15, 37, -72]	[6, 128, 120, 168, 125]	[10005, 10001, 9999, 9998, 10003]	[-26, 133, 136, 164, 277]
494	39.5	[209, 193, 45, 116, -123]	[59, -97, -107, 9, -136]	[-174, -22, -4, -4, -194]	[49, -28, -70, -43, -103]	[154, -109, -59, 44, -18]	[-32, -28, 5, -17, 55]	[-42, 73, 8, 97, 57]	[-81, -136, -116, -72, -25]	[-173, -200, -78, -143, -115]	[5, -3, -15, 37, -72]	[6, 128, 120, 170, 125]	[10005, 10001, 9999, 9998, 10003]	[-26, 133, 136, 164, 277]
495	40.0	[209, 193, 45, 116, -123]	[59, -97, -107, 9, -136]	[-174, -22, -4, -6, -194]	[49, -28, -76, -40, -103]	[154, -109, -60, 43, -18]	[-32, -31, 0, -24, 55]	[-87, 73, 8, 107, 60]	[-81, -149, -115, -70, -24]	[-173, -197, -73, -145, -119]	[5, -3, -15, 37, -72]	[6, 128, 120, 168, 125]	[10005, 10001, 9999, 9998, 10003]	[-26, 133, 136, 164, 277]
496	35.0	[209, 195, 45, 119, -120]	[19, -164, -91, 23, -136]	[-146, -28, 4, -3, -194]	[23, -29, -68, -47, -107]	[149, -110, -63, 89, 106]	[-50, -40, 7, -12, 89]	[-86, 78, 8, 99, 132]	[-66, -120, -115, -85, -52]	[-168, -195, -77, -136, -134]	[38, -5, -9, 42, -72]	[-2, 126, 118, 172, 128]	[10003, 10001, 9996, 9998, 10007]	[-26, 144, 144, 170, 277]
497	36.0	[209, 193, 45, 119, -115]	[19, -164, -91, 51, -136]	[-63, -38, -12, -6, -194]	[42, -47, -63, -47, -110]	[120, -126, -59, 45, 156]	[-136, -53, 18, -3, 92]	[-141, 35, 11, 110, -36]	[-191, -154, -109, -96, -113]	[-166, -187, -70, -92, -123]	[45, -12, -8, 38, -49]	[-3, 125, 121, 166, 122]	[10002, 10001, 9997, 9997, 10001]	[156, 175, 200, 183, 277]
498	37.5	[209, 193, 45, 116, -123]	[59, -97, -107, 9, -136]	[-137, -26, -5, -6, -194]	[49, -28, -71, -42, -103]	[137, -110, -60, 43, -18]	[-32, -36, 1, -11, 67]	[-114, 65, 8, 105, 60]	[-96, -149, -115, -70, -24]	[-173, -197, -74, -143, -119]	[38, -6, -15, 37, -72]	[5, 125, 120, 168, 125]	[10005, 10001, 9999, 9998, 10003]	[-26, 133, 136, 164, 277]
499	38.0	[209, 195, 45, 119, -120]	[19, -164, -91, 23, -136]	[-146, -28, 4, -3, -194]	[23, -29, -68, -47, -107]	[149, -110, -63, 54, 90]	[-50, -38, 3, -16, 89]	[-86, 73, 8, 99, 132]	[-66, -120, -115, -83, -52]	[-168, -195, -77, -141, -134]	[38, -5, -7, 39, -72]	[-2, 126, 118, 171, 125]	[10003, 10001, 9998, 9998, 10007]	[-26, 144, 144, 170, 277]
500	37.5	[209, 193, 45, 116, -123]	[59, -97, -107, 9, -136]	[-174, -22, -4, -2, -194]	[49, -28, -61, -39, -108]	[161, -107, -60, 44, 23]	[-32, -47, 7, -7, 55]	[26, 65, 8, 99, 64]	[-90, -135, -116, -70, -21]	[-173, -201, -77, -142, -116]	[5, -3, -10, 17, -72]	[0, 128, 121, 168, 31]	[10005, 10001, 9999, 9998, 10001]	[-32, 133, 136, 164, 277]
501	34.5	[209, 193, 45, 116, -123]	[59, -97, -107, 9, -136]	[-174, -22, -4, -6, -194]	[49, -28, -76, -40, -103]	[142, -106, -59, 43, 81]	[-32, -31, 0, -10, 95]	[-130, 73, 8, 107, 60]	[-103, -150, -115, -76, -24]	[-173, -197, -73, -142, -117]	[5, -3, -14, 37, -72]	[0, 125, 120, 168, 125]	[10005, 10001, 9999, 9998, 10003]	[-26, 133, 136, 164, 277]
502	41.5	[209, 193, 45, 119, -115]	[32, -124, -94, 47, -136]	[-63, -23, -5, -6, -194]	[42, -47, -63, -47, -110]	[120, -126, -59, 70, 156]	[-136, -53, 18, -3, 92]	[-141, 35, 11, 110, -36]	[-191, -154, -109, -96, -113]	[-166, -187, -70, -92, -123]	[45, -12, -8, 38, -49]	[-3, 131, 121, 166, 122]	[10002, 10001, 9997, 9997, 10001]	[156, 175, 200, 183, 277]
503	32.5	[209, 193, 45, 119, -115]	[32, -124, -94, 47, -136]	[-63, -23, -5, -6, -194]	[42, -47, -63, -47, -110]	[120, -126, -59, 70, 156]	[-136, -53, 18, -3, 92]	[-141, 35, 11, 110, -36]	[-191, -154, -109, -96, -113]	[-166, -187, -70, -92, -123]	[45, -12, -8, 38, -49]	[-3, 131, 121, 166, 122]	[10002, 10001, 9997, 9997, 10001]	[156, 175, 200, 183, 277]
504	40.0	[209, 193, 45, 116, -123]	[59, -97, -107, 9, -136]	[-174, -22, -29, -4, -194]	[49, -28, -70, -37, -103]	[154, -109, -59, 44, -18]	[-32, -28, 5, -17, 55]	[10, 73, 8, 97, 58]	[-81, -136, -116, -70, -24]	[-173, -200, -77, -142, -116]	[5, -3, -10, 37, -72]	[5, 128, 120, 170, 125]	[10005, 10001, 9999, 9998, 10001]	[-26, 133, 136, 164, 277]
505	31.5	[209, 195, 45, 125, -120]	[19, -164, -91, 23, -136]	[-146, -28, 4, -3, -194]	[23, -29, -68, -47, -107]	[149, -110, -63, 54, 90]	[-50, -38, 3, -16, 89]	[-86, 73, 8, 99, 132]	[-66, -120, -115, -83, -52]	[-168, -195, -77, -116, -134]	[38, -5, -7, 39, -72]	[-2, 126, 118, 171, 125]	[10003, 10001, 9998, 9998, 10007]	[-26, 144, 144, 170, 277]
506	39.0	[209, 193, 45, 119, -116]	[57, -124, -97, 9, -136]	[-137, -26, -5, -6, -194]	[49, -28, -71, -42, -103]	[137, -110, -60, 43, -18]	[-32, -31, 3, -12, 67]	[-114, 70, 8, 105, 60]	[-96, -149, -115, -70, -24]	[-173, -197, -74, -144, -119]	[20, -3, -15, 37, -47]	[5, 128, 120, 168, 125]	[10005, 10001, 9999, 9998, 10003]	[-26, 133, 136, 170, 277]
507	36.5	[209, 193, 45, 116, -123]	[59, -97, -107, 9, -136]	[-174, -22, -4, -6, -194]	[49, -28, -76, -40, -103]	[142, -112, -59, 43, 81]	[-32, -31, 0, -10, 95]	[-105, 73, 8, 107, 60]	[-103, -150, -115, -76, -24]	[-173, -197, -73, -148, -117]	[5, -34, -6, 37, -72]	[6, 126, 121, 168, 97]	[10005, 10001, 9999, 9998, 10003]	[-26, 133, 136, 169, 277]
508	32.0	[209, 193, 45, 119, -116]	[57, -124, -97, 9, -136]	[-137, -26, -5, -6, -194]	[49, -28, -71, -42, -103]	[137, -110, -60, 43, -18]	[-32, -31, 3, -12, 67]	[-114, 70, 8, 105, 60]	[-96, -149, -115, -70, -24]	[-173, -197, -73, -144, -119]	[20, -3, -15, 37, -47]	[5, 127, 121, 168, 123]	[10005, 10001, 9999, 9998, 10003]	[-26, 133, 136, 170, 277]
509	35.5	[209, 195, 45, 125, -120]	[19, -164, -91, 23, -136]	[-146, -28, 4, -3, -194]	[23, -29, -68, -47, -107]	[149, -110, -63, 54, 90]	[-50, -38, 3, -16, 89]	[-86, 67, 8, 99, 132]	[-66, -120, -115, -83, -52]	[-168, -195, -77, -116, -134]	[38, -5, -7, 39, -72]	[-2, 126, 118, 171, 125]	[10003, 10001, 9998, 9998, 10007]	[-26, 144, 144, 170, 277]
510	38.5	[209, 194, 45, 116, -123]	[59, -137, -101, 9, -136]	[-174, -28, -11, -2, -194]	[49, -28, -61, -43, -108]	[149, -108, -63, 44, 43]	[-50, -40, 6, -24, 83]	[-16, 65, 8, 74, 44]	[-90, -142, -117, -69, -33]	[-173, -197, -77, -139, -116]	[3, -12, -4, 37, -65]	[0, 128, 119, 170, 87]	[10005, 10001, 9999, 9998, 10001]	[-32, 133, 136, 164, 283]
511	38.0	[209, 193, 45, 116, -123]	[59, -97, -107, 9, -136]	[-174, -22, -29, -4, -194]	[49, -28, -70, -41, -103]	[154, -109, -59, 44, -18]	[-32, -28, 5, -17, 55]	[1, 73, 8, 97, 57]	[-81, -136, -116, -72, -25]	[-173, -200, -77, -143, -115]	[5, -3, -11, 37, -72]	[6, 128, 120, 170, 125]	[10005, 10001, 9999, 9998, 10003]	[-26, 133, 136, 164, 277]
512	37.5	[209, 194, 45, 116, -123]	[59, -137, -101, 9, -136]	[-174, -28, -11, -2, -194]	[49, -28, -65, -44, -108]	[149, -108, -63, 46, 43]	[-50, -40, 6, -24, 83]	[-16, 65, 8, 74, 44]	[-90, -142, -117, -69, -33]	[-173, -197, -77, -139, -116]	[-3, -12, -4, 37, -65]	[0, 128, 119, 170, 87]	[10005, 10001, 9999, 9998, 10001]	[-32, 133, 136, 164, 283]
513	32.0	[209, 193, 45, 119, -115]	[32, -124, -94, 47, -136]	[-63, -23, -5, -6, -194]	[42, -47, -63, -47, -110]	[120, -132, -59, 70, 156]	[-136, -53, 18, -3, 92]	[-141, 35, 11, 110, -36]	[-191, -154, -109, -96, -113]	[-166, -187, -70, -107, -117]	[45, -11, -8, 37, -59]	[-3, 127, 120, 168, 123]	[10002, 9995, 9997, 9997, 10001]	[156, 175, 200, 183, 277]
514	40.5	[209, 193, 45, 119, -116]	[57, -124, -97, 9, -136]	[-137, -26, -5, -6, -194]	[49, -28, -71, -42, -103]	[137, -110, -60, 43, -18]	[-32, -31, 3, -12, 67]	[-114, 70, 8, 105, 60]	[-96, -149, -115, -70, -24]	[-173, -197, -73, -144, -119]	[20, -3, -15, 37, -47]	[5, 127, 121, 168, 123]	[10005, 10001, 9999, 9998, 10003]	[-26, 133, 136, 170, 277]
515	37.5	[209, 193, 45, 119, -116]	[57, -124, -97, 9, -136]	[-137, -26, -5, -6, -194]	[49, -28, -71, -42, -103]	[137, -110, -60, 43, -18]	[-32, -31, 3, -12, 67]	[-114, 70, 8, 105, 60]	[-96, -149, -115, -70, -24]	[-173, -197, -73, -144, -119]	[20, -3, -15, 37, -47]	[5, 127, 121, 168, 123]	[10005, 10001, 9999, 9998, 10003]	[-26, 133, 136, 170, 277]
516	30.5	[209, 193, 45, 116, -123]	[59, -97, -107, 9, -136]	[-174, -22, -4, -6, -194]	[49, -28, -76, -40, -103]	[142, -112, -59, 43, 81]	[-32, -31, 6, -10, 95]	[-105, 73, 8, 107, 60]	[-97, -150, -115, -76, -24]	[-173, -197, -73, -148, -117]	[5, -34, -6, 37, -72]	[6, 126, 121, 168, 97]	[10005, 10001, 9999, 9998, 10003]	[-26, 133, 136, 169, 277]
517	36.0	[209, 187, 45, 116, -117]	[59, -97, -107, 9, -136]	[-174, -10, -10, -2, -194]	[45, -28, -61, -40, -104]	[153, -114, -61, 44, 23]	[-32, -46, 4, -13, 61]	[-56, 65, 10, 99, 64]	[-90, -123, -116, -83, -34]	[-173, -198, -77, -141, -117]	[5, -3, -10, 17, -72]	[0, 128, 121, 168, 31]	[10005, 10001, 9999, 9998, 10001]	[-32, 133, 136, 164, 277]
518	34.0	[209, 193, 45, 116, -123]	[59, -97, -107, 9, -136]	[-174, -22, -4, -6, -194]	[49, -28, -76, -40, -103]	[142, -106, -59, 43, 81]	[-32, -31, 0, -10, 95]	[-130, 73, 8, 107, 60]	[-103, -150, -115, -76, -24]	[-173, -197, -73, -142, -117]	[5, -3, -14, 37, -72]	[0, 125, 120, 168, 125]	[10005, 10001, 9999, 9998, 10003]	[-26, 133, 136, 164, 277]
519	31.5	[209, 193, 45, 116, -123]	[59, -97, -107, 9, -136]	[-174, -22, -4, -6, -194]	[49, -28, -76, -40, -103]	[142, -106, -59, 43, 81]	[-32, -31, 0, -10, 95]	[-130, 73, 8, 107, 60]	[-103, -150, -115, -76, -24]	[-173, -197, -73, -142, -117]	[5, -3, -14, 37, -72]	[0, 125, 120, 168, 125]	[10005, 10001, 9999, 9998, 10003]	[-26, 133, 136, 164, 277]
520	35.5	[209, 194, 45, 116, -123]	[59, -137, -101, 9, -136]	[-174, -28, -11, -2, -194]	[49, -28, -61, -43, -108]	[149, -110, -59, 46, 59]	[-50, -39, 5, -22, 64]	[7, 71, 8, 85, 46]	[-90, -126, -116, -73, -33]	[-173, -197, -77, -134, -116]	[7, -9, -6, 38, -65]	[0, 127, 119, 171, 108]	[10005, 10001, 9999, 9998, 10003]	[-29, 135, 137, 164, 283]
521	36.0	[209, 193, 45, 116, -123]	[59, -97, -107, 9, -136]	[-174, -22, -4, -6, -194]	[49, -28, -76, -40, -103]	[142, -112, -59, 43, 81]	[-32, -31, 6, -10, 95]	[-105, 73, 8, 107, 60]	[-97, -150, -115, -76, -24]	[-173, -197, -73, -148, -117]	[5, -34, -6, 37, -72]	[6, 126, 121, 168, 97]	[10005, 10001, 9999, 9998, 10003]	[-26, 133, 136, 169, 277]
522	33.5	[209, 193, 45, 116, -123]	[59, -97, -102, 9, -136]	[-174, 2, -10, -2, -194]	[47, -28, -67, -37, -109]	[153, -109, -62, 44, 60]	[-33, -41, 8, -17, 78]	[-111, 71, 14, 103, 45]	[-90, -144, -115, -70, -31]	[-173, -199, -78, -141, -116]	[3, -4, -9, 28, -71]	[0, 134, 121, 168, 109]	[10005, 10001, 9999, 9998, 10003]	[-32, 133, 136, 169, 277]
523	36.5	[209, 193, 45, 119, -116]	[57, -124, -97, 9, -136]	[-137, -26, -5, -6, -194]	[49, -28, -71, -42, -103]	[137, -110, -60, 43, -18]	[-32, -31, 3, -12, 67]	[-114, 70, 8, 105, 60]	[-96, -149, -115, -70, -24]	[-173, -197, -73, -144, -119]	[20, -9, -15, 37, -47]	[5, 127, 121, 168, 123]	[10005, 10001, 9999, 9998, 10003]	[-26, 133, 136, 170, 277]
524	34.5	[209, 193, 45, 116, -123]	[59, -97, -102, 9, -136]	[-174, 2, -10, -2, -194]	[47, -28, -67, -37, -109]	[153, -109, -62, 44, 60]	[-33, -41, 8, -17, 78]	[-111, 71, 14, 103, 45]	[-90, -144, -115, -70, -31]	[-173, -199, -78, -141, -116]	[3, -4, -9, 28, -71]	[0, 134, 121, 168, 109]	[10005, 10001, 9999, 9998, 10003]	[-32, 133, 136, 169, 277]
525	38.0	[209, 193, 45, 116, -123]	[59, -97, -107, 9, -136]	[-174, -22, -4, -6, -194]	[49, -28, -76, -40, -103]	[142, -106, -59, 43, 81]	[-32, -31, 0, -10, 95]	[-130, 73, 8, 107, 60]	[-103, -144, -115, -76, -24]	[-173, -197, -73, -142, -117]	[5, -3, -14, 37, -72]	[0, 125, 120, 168, 125]	[10005, 10001, 9999, 9998, 10003]	[-26, 133, 136, 164, 277]
526	37.0	[209, 193, 45, 119, -118]	[59, -97, -107, 9, -136]	[-174, -22, -29, -4, -194]	[49, -28, -64, -41, -103]	[154, -109, -59, 44, -18]	[-32, -28, 5, -17, 55]	[1, 73, 8, 97, 63]	[-81, -136, -116, -72, -25]	[-173, -200, -83, -143, -115]	[5, -3, -11, 37, -72]	[6, 128, 120, 170, 125]	[10005, 10001, 9999, 9998, 10003]	[-26, 133, 136, 164, 277]
527	32.0	[209, 194, 45, 116, -123]	[59, -137, -101, 9, -142]	[-174, -28, -11, -2, -194]	[49, -28, -65, -44, -108]	[149, -108, -63, 46, 43]	[-50, -40, 5, -21, 72]	[-59, 65, 14, 74, 44]	[-90, -142, -117, -69, -33]	[-173, -197, -77, -139, -116]	[-3, -12, -4, 37, -65]	[0, 128, 119, 170, 87]	[10005, 10001, 9999, 9998, 10001]	[-32, 133, 136, 164, 283]
528	39.0	[209, 193, 45, 116, -123]	[59, -97, -107, 9, -136]	[-174, -23, -6, -6, -194]	[49, -28, -63, -41, -104]	[147, -112, -59, 43, 81]	[-32, -31, 6, -10, 95]	[-105, 73, 8, 107, 60]	[-97, -150, -115, -76, -24]	[-173, -197, -73, -148, -117]	[5, -34, -6, 37, -72]	[6, 126, 121, 168, 97]	[10005, 10001, 9999, 9998, 10003]	[-26, 133, 136, 169, 277]
529	37.0	[209, 194, 45, 116, -123]	[59, -137, -102, 9, -136]	[-174, -27, -17, -2, -194]	[49, -28, -64, -43, -108]	[149, -109, -62, 46, 43]	[-42, -40, 6, -24, 83]	[-3, 65, 8, 74, 44]	[-90, -141, -116, -72, -31]	[-173, -197, -77, -141, -116]	[-3, -12, -9, 37, -66]	[0, 128, 120, 170, 87]	[10005, 10001, 9999, 9998, 10001]	[-32, 133, 136, 164, 283]
530	38.0	[209, 193, 45, 116, -123]	[59, -97, -107, 9, -136]	[-174, -22, -29, -4, -194]	[49, -28, -64, -41, -103]	[154, -109, -59, 44, -18]	[-32, -30, 17, -17, 55]	[1, 73, 8, 110, 63]	[-81, -136, -116, -72, -25]	[-173, -200, -77, -143, -115]	[5, -3, -11, 37, -72]	[6, 128, 120, 170, 125]	[10005, 10001, 9999, 9998, 10003]	[-26, 133, 136, 164, 277]
531	36.5	[209, 193, 45, 116, -123]	[59, -97, -107, 9, -136]	[-174, -23, -6, -6, -194]	[49, -28, -63, -41, -104]	[147, -112, -59, 43, 81]	[-32, -31, 6, -10, 95]	[-105, 73, 8, 107, 60]	[-97, -150, -115, -76, -24]	[-173, -197, -73, -148, -117]	[5, -34, -6, 37, -72]	[6, 126, 121, 168, 97]	[10005, 10001, 9999, 9998, 10003]	[-26, 133, 136, 169, 277]
532	33.0	[209, 194, 45, 116, -129]	[59, -137, -102, 9, -136]	[-174, -27, -17, -2, -194]	[49, -28, -64, -43, -108]	[149, -109, -62, 46, 43]	[-42, -40, 6, -24, 83]	[-3, 65, 8, 74, 44]	[-90, -141, -116, -72, -31]	[-173, -197, -77, -141, -116]	[-3, -12, -9, 37, -66]	[0, 128, 120, 170, 87]	[10005, 10001, 9999, 9998, 10001]	[-32, 133, 136, 164, 283]
533	38.5	[209, 194, 45, 116, -129]	[59, -137, -102, 9, -136]	[-174, -27, -17, -2, -194]	[49, -28, -64, -43, -108]	[149, -109, -62, 46, 43]	[-42, -40, 6, -24, 83]	[-3, 65, 8, 74, 44]	[-90, -141, -116, -72, -31]	[-173, -197, -77, -141, -116]	[-3, -12, -9, 37, -66]	[0, 128, 120, 170, 87]	[10005, 10001, 9999, 9998, 10001]	[-32, 133, 136, 164, 283]
534	30.0	[209, 193, 45, 116, -123]	[59, -97, -107, 9, -136]	[-174, -22, -29, -4, -194]	[49, -28, -64, -41, -103]	[154, -109, -59, 44, -18]	[-32, -30, 17, -17, 55]	[1, 73, 8, 110, 63]	[-81, -136, -116, -72, -25]	[-173, -200, -77, -143, -115]	[5, -3, -11, 37, -72]	[6, 128, 120, 170, 125]	[10005, 10001, 9999, 9998, 10003]	[-26, 133, 136, 164, 277]
535	32.0	[209, 193, 45, 116, -123]	[59, -97, -107, 9, -136]	[-174, -22, -29, -4, -194]	[49, -28, -64, -41, -103]	[154, -109, -59, 44, -18]	[-32, -30, 17, -17, 55]	[1, 73, 8, 110, 63]	[-81, -136, -116, -72, -25]	[-173, -200, -77, -143, -115]	[5, -3, -11, 37, -72]	[6, 128, 120, 170, 125]	[10005, 10001, 9999, 9998, 10003]	[-26, 133, 136, 164, 277]
536	33.5	[209, 187, 45, 116, -117]	[59, -97, -107, 9, -136]	[-174, -10, -10, -2, -194]	[45, -28, -61, -43, -104]	[140, -113, -60, 44, 23]	[-34, -46, 3, -14, 70]	[-56, 65, 10, 98, 58]	[-90, -132, -116, -73, -32]	[-173, -197, -74, -142, -117]	[3, -12, -15, 19, -55]	[3, 128, 121, 168, 31]	[10005, 10001, 9999, 9998, 10003]	[-32, 133, 136, 168, 277]
537	38.0	[209, 193, 45, 116, -123]	[59, -97, -107, 9, -136]	[-174, -22, -29, -4, -194]	[49, -28, -64, -41, -103]	[154, -109, -59, 44, -18]	[-32, -30, 9, -15, 68]	[1, 73, 8, 109, 60]	[-81, -136, -116, -72, -25]	[-173, -200, -77, -143, -115]	[5, -3, -11, 37, -72]	[6, 128, 120, 170, 125]	[10005, 10001, 9999, 9998, 10002]	[-26, 133, 136, 164, 277]
538	34.5	[209, 187, 45, 116, -111]	[59, -97, -101, 9, -136]	[-174, -27, -10, -2, -194]	[45, -28, -61, -40, -104]	[152, -110, -62, 44, 23]	[-38, -44, 4, -13, 67]	[-56, 65, 10, 99, 58]	[-90, -126, -117, -83, -34]	[-173, -198, -77, -141, -117]	[-2, -7, -10, 17, -72]	[0, 128, 119, 168, 31]	[10005, 10001, 9999, 9998, 10001]	[-32, 133, 136, 164, 280]
539	30.5	[209, 193, 45, 122, -123]	[59, -119, -101, 9, -136]	[-174, 2, -10, -2, -194]	[43, -28, -70, -37, -107]	[153, -111, -61, 44, 60]	[-33, -46, 8, -18, 83]	[-104, 66, 12, 106, 52]	[-90, -144, -115, -72, -31]	[-173, -199, -78, -141, -115]	[3, -4, -11, 35, -77]	[0, 134, 121, 168, 108]	[10005, 10001, 9999, 9998, 10003]	[-32, 133, 136, 166, 277]
540	36.5	[209, 187, 45, 116, -117]	[59, -97, -107, 9, -136]	[-174, -10, -10, -2, -194]	[45, -28, -62, -43, -107]	[140, -113, -60, 45, 23]	[-40, -40, 3, -14, 70]	[-56, 65, 15, 98, 58]	[-90, -141, -116, -72, -32]	[-173, -197, -76, -141, -117]	[3, -12, -15, 19, -55]	[3, 128, 121, 168, 31]	[10005, 10001, 9999, 9998, 10003]	[-32, 133, 136, 168, 277]
541	36.5	[209, 191, 45, 116, -121]	[59, -97, -102, 9, -136]	[-174, -8, -10, -2, -194]	[45, -28, -61, -41, -104]	[145, -112, -61, 44, 23]	[-32, -46, 4, -15, 69]	[-56, 65, 9, 99, 58]	[-90, -123, -116, -82, -34]	[-173, -198, -77, -141, -117]	[5, -3, -10, 17, -72]	[0, 134, 121, 168, 31]	[10005, 10001, 9999, 9998, 10001]	[-32, 133, 136, 164, 277]
542	35.0	[209, 187, 45, 116, -117]	[59, -97, -107, 9, -136]	[-174, -10, -10, -2, -194]	[45, -28, -61, -43, -104]	[140, -113, -60, 44, 23]	[-34, -46, 3, -14, 70]	[-56, 65, 10, 98, 58]	[-90, -132, -116, -73, -32]	[-173, -197, -74, -142, -117]	[3, -12, -15, 19, -55]	[3, 128, 121, 168, 31]	[10005, 10001, 9999, 9998, 10003]	[-32, 133, 136, 168, 277]
543	37.5	[209, 193, 45, 116, -123]	[59, -97, -107, 9, -136]	[-174, -22, -4, -6, -194]	[49, -28, -73, -41, -103]	[142, -106, -59, 43, 55]	[-32, -31, 3, -12, 95]	[-130, 71, 8, 107, 60]	[-103, -144, -115, -76, -30]	[-173, -197, -73, -148, -117]	[5, -3, -14, 37, -62]	[5, 125, 120, 168, 125]	[10005, 10001, 9999, 9998, 10003]	[-26, 133, 136, 164, 277]
544	37.0	[209, 193, 45, 116, -117]	[59, -97, -106, 3, -136]	[-174, -9, -18, -2, -194]	[49, -28, -61, -40, -104]	[153, -110, -61, 44, -18]	[-32, -36, 5, -17, 55]	[1, 73, 8, 97, 58]	[-81, -136, -116, -76, -25]	[-173, -200, -77, -147, -117]	[5, 3, -10, 37, -72]	[5, 128, 120, 170, 131]	[10005, 10001, 9999, 9998, 10001]	[-26, 133, 136, 164, 277]
545	36.5	[209, 193, 45, 116, -123]	[59, -97, -107, 9, -136]	[-174, -22, -4, -6, -194]	[49, -28, -73, -41, -103]	[142, -106, -59, 43, 55]	[-32, -31, 3, -12, 95]	[-130, 71, 8, 107, 60]	[-103, -144, -115, -76, -30]	[-173, -197, -73, -148, -117]	[5, -3, -14, 37, -62]	[5, 125, 120, 168, 125]	[10005, 10001, 9999, 9998, 10003]	[-26, 133, 136, 164, 277]
546	34.5	[209, 193, 45, 116, -123]	[59, -97, -107, 9, -136]	[-174, -22, -29, -4, -194]	[49, -28, -64, -41, -103]	[154, -109, -59, 44, -18]	[-32, -30, 9, -15, 68]	[1, 73, 8, 109, 60]	[-81, -136, -116, -72, -25]	[-173, -200, -77, -143, -115]	[5, -3, -11, 37, -72]	[6, 128, 120, 170, 125]	[10005, 10001, 9999, 9998, 10002]	[-26, 133, 136, 164, 277]
547	31.0	[209, 193, 45, 122, -123]	[59, -119, -95, 9, -136]	[-174, 2, -10, -2, -194]	[43, -28, -70, -37, -107]	[153, -111, -61, 44, 60]	[-33, -46, 8, -18, 83]	[-104, 66, 12, 106, 52]	[-90, -144, -115, -72, -31]	[-173, -199, -78, -141, -121]	[3, -4, -11, 35, -77]	[0, 134, 121, 168, 108]	[10005, 10001, 9999, 9998, 10003]	[-32, 133, 136, 166, 277]
548	31.5	[209, 193, 45, 116, -117]	[59, -97, -106, 3, -136]	[-174, -9, -18, -2, -194]	[49, -28, -61, -40, -104]	[153, -110, -61, 44, -18]	[-32, -36, 5, -17, 55]	[1, 73, 8, 97, 58]	[-81, -136, -116, -76, -25]	[-173, -200, -77, -147, -117]	[5, 3, -10, 37, -78]	[5, 128, 120, 170, 131]	[10005, 10001, 9999, 9998, 10001]	[-26, 133, 136, 158, 277]
549	31.5	[209, 193, 45, 116, -123]	[59, -97, -107, 9, -136]	[-174, -22, -20, -4, -194]	[49, -28, -61, -40, -104]	[154, -109, -59, 44, -17]	[-32, -30, 17, -17, 66]	[-36, 72, 10, 106, 62]	[-87, -136, -116, -72, -25]	[-173, -200, -77, -143, -115]	[5, -3, -5, 37, -72]	[6, 128, 120, 170, 125]	[10005, 10001, 9999, 9998, 10003]	[-26, 133, 136, 164, 277]
550	35.5	[209, 193, 45, 116, -123]	[59, -97, -107, 9, -136]	[-174, -22, -23, -4, -194]	[49, -28, -62, -40, -104]	[154, -109, -59, 44, 11]	[-32, -33, 13, -17, 66]	[-62, 69, 10, 106, 58]	[-87, -140, -116, -73, -25]	[-173, -199, -77, -143, -115]	[5, -3, -10, 37, -72]	[6, 133, 120, 170, 125]	[10005, 10001, 9999, 9998, 10003]	[-26, 133, 136, 164, 277]
551	33.5	[209, 191, 45, 116, -121]	[59, -97, -102, 9, -136]	[-174, -8, -10, 4, -194]	[45, -28, -61, -41, -104]	[147, -112, -61, 44, 23]	[-38, -46, 4, -16, 69]	[-56, 65, 9, 99, 58]	[-90, -123, -116, -82, -34]	[-173, -198, -77, -141, -117]	[5, -3, -10, 17, -72]	[0, 134, 121, 168, 31]	[10005, 10001, 9999, 9998, 10001]	[-32, 133, 136, 164, 277]
552	34.0	[209, 193, 45, 116, -123]	[59, -97, -107, 9, -136]	[-174, -22, -23, -4, -194]	[49, -28, -62, -40, -104]	[154, -109, -59, 44, 11]	[-32, -33, 13, -17, 66]	[-62, 69, 10, 106, 58]	[-87, -140, -116, -73, -25]	[-173, -199, -77, -143, -115]	[5, -3, -10, 37, -72]	[6, 133, 120, 170, 125]	[10005, 10001, 9999, 9998, 10003]	[-26, 133, 136, 164, 277]
553	33.5	[209, 193, 45, 116, -123]	[59, -97, -113, 9, -136]	[-174, -22, -20, -4, -194]	[49, -28, -61, -40, -104]	[154, -109, -59, 44, -17]	[-32, -30, 17, -17, 66]	[-36, 72, 10, 106, 62]	[-87, -136, -116, -74, -25]	[-173, -200, -77, -143, -115]	[5, 1, -6, 37, -72]	[6, 128, 120, 170, 125]	[10005, 10001, 9999, 9998, 10003]	[-26, 133, 136, 164, 277]
554	33.5	[209, 193, 45, 122, -123]	[59, -119, -95, 9, -136]	[-174, 2, -10, -2, -194]	[43, -28, -70, -37, -107]	[153, -111, -61, 44, 60]	[-33, -46, 8, -18, 83]	[-104, 66, 12, 106, 52]	[-90, -144, -115, -72, -31]	[-173, -199, -77, -141, -121]	[3, -4, -11, 35, -77]	[0, 134, 120, 170, 123]	[10005, 10001, 9999, 9998, 10003]	[-32, 133, 136, 166, 277]
555	32.0	[209, 187, 45, 116, -117]	[59, -97, -107, 9, -136]	[-174, -10, -10, -2, -194]	[45, -28, -61, -43, -104]	[150, -114, -61, 44, 23]	[-34, -46, 4, -15, 70]	[-56, 65, 10, 98, 58]	[-90, -132, -116, -73, -26]	[-173, -197, -77, -139, -117]	[3, -12, -10, 17, -72]	[0, 128, 121, 168, 31]	[10005, 10001, 9999, 9998, 10001]	[-32, 133, 136, 164, 277]
556	32.0	[209, 193, 45, 116, -117]	[59, -97, -106, 3, -136]	[-174, -9, -18, -2, -194]	[49, -28, -61, -40, -104]	[153, -110, -61, 44, -18]	[-32, -36, 5, -17, 55]	[1, 73, 8, 97, 58]	[-81, -136, -116, -76, -25]	[-173, -200, -77, -147, -117]	[5, 3, -10, 37, -78]	[5, 128, 120, 164, 131]	[10005, 10001, 9999, 9998, 10001]	[-26, 133, 136, 158, 277]
557	41.0	[209, 187, 45, 116, -117]	[59, -97, -107, 9, -136]	[-174, -10, -10, -2, -194]	[45, -28, -62, -43, -107]	[140, -113, -60, 45, 23]	[-40, -40, 4, -14, 70]	[-56, 65, 11, 98, 58]	[-90, -136, -116, -71, -31]	[-173, -198, -78, -142, -117]	[3, -11, -15, 22, -55]	[3, 128, 121, 168, 31]	[10005, 10001, 10000, 9998, 10002]	[-32, 133, 136, 168, 277]
558	34.0	[209, 193, 45, 116, -123]	[59, -97, -113, 9, -136]	[-174, -22, -20, -4, -194]	[49, -28, -61, -40, -104]	[154, -109, -59, 44, -17]	[-32, -30, 17, -17, 66]	[-36, 72, 10, 106, 62]	[-87, -136, -116, -74, -25]	[-173, -200, -77, -143, -115]	[5, 1, -6, 37, -72]	[6, 128, 120, 170, 125]	[10005, 10001, 9999, 9998, 10003]	[-26, 133, 136, 164, 277]
559	33.0	[209, 193, 45, 116, -123]	[59, -97, -113, 9, -136]	[-174, -22, -20, -4, -194]	[49, -28, -61, -40, -104]	[154, -109, -59, 44, -17]	[-32, -30, 17, -17, 66]	[-36, 72, 10, 106, 62]	[-87, -136, -116, -74, -25]	[-173, -200, -77, -143, -115]	[5, 1, -6, 37, -72]	[6, 128, 120, 170, 125]	[10005, 10001, 9999, 9998, 10003]	[-26, 133, 136, 164, 277]
560	32.5	[209, 191, 45, 116, -121]	[59, -97, -103, 9, -136]	[-174, -8, -10, 4, -194]	[45, -28, -62, -41, -104]	[151, -112, -61, 44, 23]	[-32, -37, 6, -16, 69]	[-56, 67, 9, 102, 58]	[-90, -123, -116, -82, -34]	[-173, -198, -77, -141, -117]	[5, -3, -10, 17, -73]	[0, 134, 121, 168, 31]	[10005, 10001, 9999, 9998, 10001]	[-32, 133, 136, 164, 277]
561	32.5	[209, 187, 45, 116, -117]	[59, -97, -106, 9, -136]	[-174, -9, -10, -2, -194]	[45, -28, -62, -41, -107]	[140, -113, -60, 44, 8]	[-40, -39, 5, -14, 70]	[-56, 65, 8, 98, 52]	[-90, -136, -116, -71, -31]	[-173, -199, -78, -142, -117]	[3, -11, -15, 22, -55]	[3, 128, 121, 168, 31]	[10005, 10001, 10000, 9998, 10002]	[-32, 133, 136, 168, 277]
562	33.5	[209, 187, 45, 116, -117]	[59, -97, -107, 9, -136]	[-174, -10, -10, -2, -194]	[45, -28, -62, -43, -107]	[140, -113, -60, 45, 23]	[-40, -40, 4, -14, 70]	[-7, 66, 9, 98, 58]	[-90, -128, -116, -79, -33]	[-173, -198, -78, -142, -117]	[3, -11, -12, 21, -55]	[0, 128, 121, 168, 31]	[10005, 10001, 9999, 9998, 10002]	[-32, 133, 136, 168, 277]
563	37.0	[209, 193, 45, 116, -123]	[59, -97, -113, 9, -136]	[-174, -22, -20, -4, -194]	[49, -28, -61, -40, -104]	[154, -109, -59, 44, -17]	[-32, -30, 17, -17, 66]	[-36, 72, 10, 106, 62]	[-87, -136, -116, -74, -25]	[-173, -200, -77, -143, -115]	[5, 1, -6, 37, -72]	[6, 128, 120, 170, 125]	[10005, 10001, 9999, 9998, 10003]	[-26, 133, 136, 164, 277]
564	36.0	[209, 193, 45, 116, -117]	[59, -97, -106, 3, -136]	[-174, -9, -18, -2, -194]	[49, -28, -61, -40, -104]	[153, -110, -61, 44, -18]	[-32, -36, 5, -15, 65]	[-18, 67, 9, 104, 58]	[-84, -136, -116, -74, -25]	[-173, -200, -77, -142, -117]	[5, 1, -15, 33, -78]	[5, 128, 120, 170, 126]	[10005, 10001, 10000, 9998, 10001]	[-31, 133, 136, 158, 277]
565	35.5	[209, 188, 45, 116, -119]	[59, -97, -107, 9, -136]	[-174, -8, -10, -2, -194]	[45, -28, -62, -41, -104]	[151, -112, -61, 39, 23]	[-38, -40, 5, -15, 69]	[-56, 65, 10, 99, 58]	[-90, -139, -116, -82, -34]	[-173, -198, -77, -141, -117]	[5, -3, -14, 37, -64]	[0, 131, 121, 168, 31]	[10005, 10001, 9999, 9998, 10003]	[-32, 133, 136, 164, 277]
566	34.0	[209, 194, 45, 116, -119]	[59, -97, -107, 9, -136]	[-174, -8, -10, -2, -194]	[45, -28, -62, -41, -104]	[149, -112, -61, 41, 23]	[-40, -40, 5, -18, 72]	[-56, 65, 14, 98, 58]	[-90, -131, -115, -78, -33]	[-173, -198, -77, -141, -117]	[4, -3, -14, 37, -70]	[0, 131, 121, 168, 31]	[10005, 10001, 9999, 9998, 10003]	[-32, 133, 136, 164, 277]
567	33.0	[209, 193, 45, 116, -123]	[59, -97, -113, 9, -136]	[-174, -22, -20, -4, -194]	[49, -28, -61, -40, -104]	[154, -109, -59, 44, -17]	[-32, -30, 17, -17, 66]	[-36, 72, 10, 106, 62]	[-87, -136, -116, -74, -25]	[-173, -200, -77, -143, -115]	[5, 1, -6, 37, -72]	[6, 128, 120, 170, 125]	[10005, 10001, 9999, 9998, 10003]	[-26, 133, 136, 164, 277]
568	41.0	[209, 193, 45, 116, -123]	[59, -97, -113, 9, -136]	[-174, -22, -20, -4, -194]	[49, -28, -61, -40, -104]	[154, -109, -59, 44, -17]	[-32, -30, 17, -17, 66]	[-36, 72, 10, 106, 62]	[-87, -136, -116, -74, -25]	[-173, -200, -77, -143, -115]	[5, 1, -6, 37, -72]	[6, 128, 120, 170, 125]	[10005, 10001, 9999, 9998, 10003]	[-26, 133, 136, 164, 277]
569	35.5	[209, 193, 45, 116, -123]	[59, -97, -113, 9, -136]	[-174, -22, -20, -4, -194]	[49, -28, -61, -40, -104]	[154, -109, -59, 44, -17]	[-32, -30, 17, -17, 66]	[-36, 72, 10, 106, 62]	[-87, -136, -116, -74, -25]	[-173, -200, -77, -143, -115]	[5, 1, -6, 37, -72]	[6, 128, 120, 170, 125]	[10005, 10001, 9999, 9998, 10003]	[-26, 133, 136, 164, 277]
570	34.5	[209, 191, 45, 116, -120]	[59, -97, -107, 9, -137]	[-174, -8, -10, 1, -194]	[45, -28, -63, -43, -105]	[151, -113, -61, 44, 23]	[-33, -37, 5, -16, 70]	[-67, 67, 11, 101, 58]	[-90, -129, -115, -73, -34]	[-173, -197, -77, -141, -117]	[4, -8, -10, 17, -73]	[0, 133, 120, 168, 31]	[10005, 10001, 9999, 9998, 10002]	[-32, 133, 136, 164, 277]
571	32.0	[209, 193, 45, 116, -117]	[59, -97, -107, 3, -136]	[-174, -9, -16, -2, -194]	[49, -28, -61, -40, -104]	[153, -110, -61, 44, -18]	[-32, -36, 5, -15, 65]	[-18, 67, 9, 104, 58]	[-84, -136, -116, -74, -25]	[-173, -200, -77, -142, -117]	[5, 1, -15, 33, -78]	[5, 128, 120, 170, 126]	[10005, 10001, 10000, 9998, 10001]	[-31, 133, 136, 158, 277]
572	42.0	[209, 188, 45, 116, -119]	[59, -103, -107, 9, -136]	[-174, -8, -10, -2, -194]	[45, -28, -62, -41, -104]	[151, -112, -61, 39, 23]	[-38, -40, 5, -15, 69]	[-56, 65, 10, 99, 58]	[-90, -139, -116, -82, -34]	[-173, -198, -77, -141, -117]	[5, -3, -14, 37, -64]	[0, 131, 121, 168, 31]	[10005, 10001, 9999, 9998, 10003]	[-32, 133, 136, 164, 277]
573	42.5	[209, 193, 45, 116, -117]	[59, -97, -106, 3, -136]	[-174, -9, -18, -2, -194]	[49, -28, -61, -40, -104]	[153, -110, -61, 44, -18]	[-35, -40, 5, -15, 65]	[-18, 67, 10, 100, 58]	[-84, -136, -116, -76, -25]	[-173, -200, -77, -142, -117]	[4, -2, -15, 33, -78]	[0, 131, 120, 168, 90]	[10005, 10001, 10000, 9998, 10001]	[-31, 133, 136, 158, 277]
574	35.5	[209, 189, 45, 116, -123]	[59, -97, -107, 9, -142]	[-174, -12, -11, -4, -194]	[48, -28, -62, -41, -107]	[153, -113, -61, 44, 11]	[-39, -34, 5, -16, 67]	[-60, 69, 10, 103, 58]	[-90, -143, -115, -72, -31]	[-173, -197, -77, -141, -116]	[5, -9, -4, 18, -72]	[6, 133, 120, 170, 125]	[10005, 10001, 9999, 9998, 10003]	[-26, 133, 136, 164, 277]
575	38.5	[209, 193, 45, 116, -123]	[59, -97, -107, 9, -136]	[-174, -22, -23, -4, -194]	[49, -28, -62, -40, -104]	[154, -109, -59, 44, 11]	[-26, -33, 13, -17, 66]	[-62, 69, 10, 106, 58]	[-87, -140, -116, -73, -25]	[-173, -199, -77, -143, -115]	[5, -3, -10, 37, -72]	[6, 133, 120, 170, 125]	[10005, 10001, 9999, 9998, 10003]	[-26, 133, 136, 168, 277]
576	35.5	[209, 193, 45, 116, -123]	[59, -97, -107, 9, -136]	[-174, -15, -16, -4, -194]	[49, -28, -62, -40, -104]	[154, -113, -61, 44, 11]	[-32, -33, 13, -17, 66]	[-60, 69, 10, 103, 58]	[-90, -143, -115, -72, -31]	[-173, -197, -77, -141, -116]	[5, -9, -10, 18, -72]	[6, 129, 120, 170, 125]	[10005, 10001, 9999, 9998, 10003]	[-26, 133, 136, 164, 277]
577	34.0	[209, 188, 45, 116, -119]	[59, -103, -107, 9, -136]	[-174, -8, -10, -2, -194]	[45, -28, -62, -41, -104]	[151, -112, -61, 39, 23]	[-38, -40, 5, -15, 69]	[-56, 65, 10, 99, 58]	[-90, -139, -116, -82, -34]	[-173, -198, -77, -141, -117]	[5, -3, -14, 37, -64]	[0, 131, 121, 168, 31]	[10005, 10001, 9999, 9998, 10003]	[-32, 133, 136, 164, 277]
578	36.0	[209, 193, 45, 116, -123]	[59, -97, -107, 9, -136]	[-174, -15, -16, -4, -194]	[49, -28, -62, -40, -104]	[154, -113, -61, 44, 11]	[-32, -33, 13, -17, 66]	[-60, 69, 10, 103, 58]	[-90, -143, -115, -72, -31]	[-173, -197, -77, -141, -116]	[5, -9, -10, 18, -72]	[6, 129, 120, 170, 125]	[10005, 10001, 9999, 9998, 10003]	[-26, 133, 136, 164, 277]
579	35.5	[209, 191, 45, 116, -121]	[59, -97, -103, 9, -136]	[-174, -8, -10, 4, -194]	[45, -28, -62, -41, -104]	[141, -113, -61, 44, 23]	[-32, -37, 3, -19, 77]	[-56, 67, 14, 101, 58]	[-90, -123, -116, -82, -34]	[-173, -198, -77, -141, -117]	[5, -3, -10, 17, -73]	[0, 134, 121, 168, 31]	[10005, 10001, 9999, 9998, 9995]	[-32, 133, 136, 164, 277]
580	31.0	[209, 191, 45, 116, -121]	[59, -97, -103, 9, -136]	[-174, -8, -10, 4, -194]	[45, -28, -62, -41, -104]	[141, -113, -61, 44, 23]	[-32, -37, 3, -19, 77]	[-56, 67, 14, 101, 58]	[-90, -123, -116, -82, -34]	[-173, -198, -77, -141, -117]	[5, -3, -10, 17, -73]	[0, 134, 121, 168, 31]	[10005, 10001, 9999, 9998, 9995]	[-32, 133, 136, 164, 277]
581	31.0	[209, 191, 45, 116, -120]	[59, -97, -107, 9, -137]	[-174, -9, -10, -3, -194]	[45, -28, -62, -43, -105]	[151, -113, -60, 45, 23]	[-33, -37, 5, -15, 66]	[-48, 67, 11, 101, 58]	[-86, -131, -116, -74, -34]	[-173, -198, -77, -141, -117]	[5, -8, -10, 17, -73]	[0, 133, 120, 170, 39]	[10005, 10001, 9999, 9992, 10001]	[-32, 133, 136, 164, 277]
582	33.5	[209, 191, 45, 116, -120]	[59, -97, -107, 9, -137]	[-174, -8, -10, 1, -194]	[45, -28, -61, -43, -105]	[151, -113, -61, 44, 23]	[-33, -37, 5, -15, 66]	[-65, 67, 11, 101, 58]	[-92, -131, -116, -74, -34]	[-173, -197, -77, -141, -117]	[5, -6, -10, 17, -73]	[0, 133, 120, 170, 39]	[10005, 10001, 9999, 9998, 10001]	[-32, 133, 136, 164, 277]
583	43.0	[209, 193, 45, 116, -123]	[59, -97, -107, 9, -136]	[-174, -15, -16, -4, -194]	[49, -28, -62, -40, -104]	[154, -113, -61, 44, 11]	[-32, -33, 13, -17, 66]	[-60, 69, 10, 103, 58]	[-90, -143, -115, -72, -31]	[-173, -197, -77, -141, -116]	[5, -9, -10, 18, -72]	[6, 129, 120, 170, 125]	[10005, 10001, 9999, 9998, 10003]	[-26, 133, 136, 164, 277]
584	34.5	[209, 193, 45, 116, -123]	[59, -97, -113, 9, -136]	[-174, -22, -20, -4, -194]	[49, -28, -61, -40, -104]	[154, -109, -59, 44, -17]	[-32, -30, 17, -17, 66]	[-36, 72, 10, 106, 62]	[-87, -136, -116, -74, -25]	[-173, -200, -77, -143, -115]	[5, 1, -6, 37, -72]	[6, 128, 120, 170, 125]	[10005, 9995, 9999, 9998, 10003]	[-26, 133, 136, 164, 277]
585	35.5	[209, 189, 45, 116, -123]	[59, -97, -107, 9, -142]	[-174, -12, -11, -4, -194]	[48, -28, -62, -41, -107]	[153, -113, -61, 44, 11]	[-39, -34, 5, -16, 67]	[-60, 69, 10, 103, 58]	[-90, -143, -109, -72, -31]	[-173, -197, -77, -141, -116]	[5, -9, -4, 18, -72]	[6, 133, 120, 170, 125]	[10005, 10001, 9999, 9998, 10003]	[-26, 133, 136, 164, 277]
586	35.0	[209, 191, 45, 116, -121]	[59, -97, -103, 9, -136]	[-174, -8, -11, -4, -194]	[45, -28, -62, -40, -107]	[149, -113, -60, 44, 23]	[-32, -37, 3, -17, 74]	[-56, 67, 14, 103, 58]	[-90, -143, -116, -82, -34]	[-173, -198, -77, -141, -116]	[5, -9, -11, 23, -75]	[3, 131, 120, 170, 91]	[10005, 10005, 9999, 9998, 10002]	[-32, 133, 136, 164, 277]
587	34.5	[209, 193, 45, 116, -123]	[59, -97, -107, 9, -136]	[-174, -19, -20, -4, -194]	[46, -28, -62, -40, -104]	[154, -111, -59, 44, 11]	[-27, -37, 13, -17, 58]	[-59, 67, 14, 106, 58]	[-87, -138, -116, -74, -25]	[-173, -199, -77, -143, -115]	[5, -3, -10, 19, -78]	[6, 133, 120, 168, 45]	[10005, 10001, 9999, 9998, 10003]	[-28, 133, 136, 165, 277]
588	32.5	[209, 191, 45, 116, -123]	[59, -97, -112, 9, -137]	[-174, -15, -11, 1, -194]	[45, -28, -61, -43, -104]	[151, -111, -61, 44, 23]	[-33, -37, 5, -15, 66]	[-65, 67, 11, 101, 58]	[-92, -131, -116, -74, -34]	[-173, -197, -77, -141, -117]	[5, -6, -10, 17, -73]	[0, 133, 120, 170, 39]	[10005, 10001, 9999, 9998, 10001]	[-32, 133, 136, 164, 277]
589	40.5	[209, 193, 45, 116, -123]	[59, -97, -107, 9, -136]	[-174, -15, -16, -4, -194]	[49, -28, -62, -40, -104]	[154, -113, -61, 44, 11]	[-32, -33, 13, -17, 66]	[-60, 69, 10, 103, 58]	[-90, -143, -115, -72, -31]	[-173, -197, -77, -141, -116]	[5, -9, -10, 18, -72]	[6, 129, 120, 170, 125]	[10005, 10001, 9999, 9998, 10003]	[-26, 133, 136, 164, 277]
590	37.0	[209, 188, 45, 116, -121]	[59, -97, -103, 9, -136]	[-174, -8, -11, -2, -194]	[45, -28, -62, -41, -107]	[149, -117, -60, 44, 23]	[-33, -40, 3, -17, 74]	[-56, 67, 14, 103, 58]	[-90, -143, -116, -82, -34]	[-173, -198, -77, -141, -116]	[5, -6, -14, 29, -68]	[0, 131, 120, 170, 91]	[10005, 10005, 9999, 9998, 10002]	[-32, 133, 136, 164, 277]
591	33.0	[209, 189, 45, 116, -123]	[59, -97, -107, 9, -142]	[-174, -12, -11, -4, -194]	[48, -28, -62, -41, -107]	[153, -113, -61, 44, 11]	[-39, -34, 5, -16, 67]	[-60, 69, 10, 103, 58]	[-90, -143, -109, -72, -34]	[-173, -197, -77, -142, -117]	[5, -9, -12, 18, -72]	[6, 133, 120, 170, 125]	[10005, 10001, 9999, 9998, 10003]	[-26, 133, 136, 164, 277]
592	31.5	[209, 188, 45, 116, -121]	[59, -97, -103, 9, -136]	[-174, -8, -11, -2, -194]	[45, -28, -62, -41, -107]	[155, -117, -60, 44, 23]	[-33, -40, 3, -17, 74]	[-56, 67, 14, 103, 58]	[-90, -143, -116, -82, -34]	[-173, -198, -77, -141, -116]	[5, -6, -14, 29, -68]	[0, 131, 120, 170, 91]	[10005, 10005, 9999, 9998, 10002]	[-32, 133, 136, 164, 277]
593	33.5	[209, 189, 45, 116, -123]	[59, -97, -107, 9, -142]	[-174, -12, -11, -4, -194]	[48, -28, -62, -41, -107]	[153, -113, -61, 44, 11]	[-39, -34, 5, -16, 67]	[-60, 69, 10, 103, 58]	[-90, -143, -109, -72, -34]	[-173, -197, -77, -142, -117]	[5, -9, -12, 18, -72]	[6, 133, 120, 170, 125]	[10005, 10001, 9999, 9998, 10003]	[-26, 133, 136, 164, 277]
594	34.5	[209, 193, 45, 116, -123]	[59, -97, -113, 9, -136]	[-174, -16, -11, -4, -194]	[49, -28, -61, -46, -104]	[152, -109, -61, 44, -17]	[-32, -32, 17, -15, 66]	[-36, 72, 10, 105, 59]	[-87, -133, -116, -74, -25]	[-173, -200, -77, -143, -115]	[5, 1, -6, 35, -67]	[6, 128, 120, 170, 125]	[10005, 9995, 9999, 9998, 10003]	[-26, 133, 136, 164, 277]
595	34.5	[209, 189, 45, 116, -123]	[59, -97, -107, 9, -142]	[-174, -12, -11, -4, -194]	[48, -28, -62, -35, -107]	[153, -113, -61, 44, 11]	[-39, -34, 5, -16, 67]	[-60, 69, 10, 103, 58]	[-90, -143, -109, -72, -31]	[-173, -197, -77, -141, -116]	[5, -9, -4, 18, -72]	[6, 133, 120, 170, 125]	[10005, 10001, 9999, 9998, 10003]	[-26, 133, 136, 164, 277]
596	29.0	[209, 191, 45, 116, -120]	[59, -97, -107, 9, -137]	[-174, -8, -10, -3, -194]	[46, -28, -61, -43, -105]	[152, -117, -61, 44, 23]	[-33, -37, 5, -15, 66]	[-65, 67, 11, 101, 58]	[-86, -131, -116, -79, -34]	[-173, -197, -71, -141, -117]	[5, -6, -10, 17, -73]	[0, 133, 120, 170, 39]	[10005, 10001, 9999, 9998, 10001]	[-32, 133, 136, 164, 277]
597	30.5	[209, 189, 45, 116, -123]	[59, -97, -107, 9, -142]	[-174, -12, -11, -4, -194]	[48, -28, -62, -35, -107]	[153, -113, -61, 44, 11]	[-39, -34, 5, -16, 67]	[-60, 69, 10, 103, 58]	[-90, -143, -109, -72, -31]	[-173, -191, -77, -141, -116]	[5, -9, -4, 18, -72]	[6, 133, 120, 170, 125]	[10005, 10001, 9999, 9998, 10003]	[-26, 133, 136, 164, 277]
598	40.5	[209, 191, 45, 116, -120]	[59, -97, -107, 9, -137]	[-174, -9, -10, -3, -194]	[45, -28, -62, -43, -105]	[151, -113, -60, 45, 23]	[-33, -37, 5, -15, 69]	[-45, 67, 10, 101, 58]	[-86, -139, -116, -74, -25]	[-173, -199, -77, -141, -117]	[5, -8, -10, 17, -73]	[0, 133, 120, 170, 85]	[10005, 10001, 9999, 9992, 10001]	[-32, 133, 136, 164, 277]
599	35.0	[209, 193, 45, 116, -123]	[59, -97, -107, 9, -136]	[-174, -19, -20, -3, -194]	[46, -28, -61, -41, -105]	[154, -106, -60, 43, 18]	[-32, -37, 13, -17, 67]	[-56, 67, 12, 101, 58]	[-88, -138, -116, -74, -25]	[-173, -199, -77, -143, -116]	[5, -3, -10, 18, -78]	[6, 133, 120, 168, 45]	[10005, 10001, 9999, 9992, 10003]	[-28, 133, 136, 165, 277]
