generation	fitness	corner	c	a1	a2	b1	b2	b3	x	o1	o2	wp	ww	we
400	25.5	[-55, 95, -15, -41, -81]	[123, -207, -53, 58, -191]	[-81, -92, 12, -51, -41]	[-56, -22, -122, -60, -68]	[108, -142, -159, 101, -138]	[-26, -73, 17, -78, 11]	[20, 84, -4, 71, 154]	[45, -135, -132, -93, -163]	[-162, -111, -142, -87, -135]	[125, -4, -53, -96, -44]	[234, 120, 123, 179, 172]	[10000, 10002, 9998, 10003, 9997]	[225, 218, 191, 215, 160]
401	29.0	[114, 153, 39, 93, -213]	[133, -164, -91, 81, 4]	[-36, -38, -40, 18, -192]	[54, -31, -53, 23, -113]	[146, -106, -60, 42, 82]	[-85, -28, -13, -64, -19]	[51, 57, 11, 53, -57]	[186, -186, -99, -132, -184]	[-131, -79, -45, -186, -115]	[213, -32, 8, 134, -74]	[-207, 85, 96, 181, 19]	[10006, 10002, 10004, 10001, 9997]	[283, 221, 196, 289, 257]
402	31.0	[-40, -15, -187, 242, -184]	[0, -158, 7, -28, -236]	[-202, -153, 82, -9, -73]	[-32, 13, -119, -96, 60]	[115, -35, -105, -49, -34]	[-125, 23, 46, -26, 138]	[11, 35, 7, 36, 254]	[-186, -9, -32, -141, 26]	[-136, -114, -98, -49, -220]	[-12, 30, 3, -8, -76]	[4, 121, 167, 163, 60]	[10000, 10025, 10000, 9987, 9997]	[-54, 190, 161, 148, 155]
403	29.0	[88, -12, -55, -9, 98]	[-111, -145, -85, 21, 165]	[-170, -38, 38, 9, -167]	[-51, -194, -104, -130, -106]	[133, -72, -108, 20, -3]	[-184, -31, 13, -82, 182]	[-125, 62, 1, 84, 228]	[-187, -63, -115, -115, -174]	[-177, -68, -96, -126, -110]	[-90, -20, 16, -80, -93]	[-4, 115, 102, 181, -3]	[10006, 10003, 10000, 9982, 10000]	[221, -53, 183, 312, 269]
404	27.0	[-55, 95, -15, -41, -81]	[123, -207, -53, 58, -191]	[-81, -92, 12, -51, -41]	[-56, -22, -122, -60, -68]	[108, -142, -159, 101, -138]	[-26, -73, 17, -78, 11]	[20, 84, -4, 71, 154]	[45, -135, -132, -93, -163]	[-162, -111, -142, -87, -135]	[125, -4, -53, -96, -44]	[234, 120, 123, 179, 172]	[10000, 10002, 9998, 10003, 9997]	[225, 218, 191, 215, 160]
405	27.5	[114, 153, 39, 93, -213]	[133, -164, -91, 81, 4]	[-36, -38, -40, 18, -192]	[54, -31, -53, 23, -113]	[146, -106, -60, 42, 82]	[-85, -28, -13, -64, -19]	[51, 57, 11, 53, -57]	[186, -186, -99, -132, -184]	[-131, -79, -45, -186, -115]	[213, -32, 8, 134, -74]	[-207, 85, 96, 181, 19]	[10006, 10002, 10004, 10001, 9997]	[283, 221, 196, 289, 257]
406	30.0	[-40, -15, -187, 242, -184]	[0, -158, 7, -28, -236]	[-202, -153, 82, -9, -73]	[-32, 13, -119, -96, 60]	[115, -35, -105, -49, -34]	[-125, 23, 46, -26, 138]	[11, 35, 7, 36, 254]	[-186, -9, -32, -141, 26]	[-136, -114, -98, -49, -220]	[-12, 30, 3, -8, -76]	[4, 121, 167, 163, 60]	[10000, 10025, 10000, 9987, 9997]	[-54, 190, 161, 148, 155]
407	33.0	[-40, -15, -187, 242, -184]	[0, -158, 7, -28, -236]	[-202, -153, 82, -9, -73]	[-32, 13, -119, -96, 60]	[115, -35, -105, -49, -34]	[-125, 23, 46, -26, 138]	[11, 35, 7, 36, 254]	[-186, -9, -32, -141, 26]	[-136, -114, -98, -49, -220]	[-12, 30, 3, -8, -76]	[4, 121, 167, 163, 60]	[10000, 10025, 10000, 9987, 9997]	[-54, 190, 161, 148, 155]
408	28.5	[-55, 95, -15, -41, -81]	[123, -207, -53, 58, -191]	[-81, -92, 12, -51, -41]	[-56, -22, -122, -60, -68]	[108, -142, -159, 101, -138]	[-26, -73, 17, -78, 11]	[20, 84, -4, 71, 154]	[45, -135, -132, -93, -163]	[-162, -111, -142, -87, -135]	[125, -4, -53, -96, -44]	[234, 120, 123, 179, 172]	[10000, 10002, 9998, 10003, 9997]	[225, 218, 191, 215, 160]
409	30.5	[88, -12, -55, -9, 98]	[-111, -145, -85, 21, 165]	[-170, -38, 38, 9, -167]	[-51, -194, -104, -130, -106]	[133, -72, -108, 20, -3]	[-184, -31, 13, -82, 182]	[-125, 62, 1, 84, 228]	[-187, -63, -115, -115, -174]	[-177, -68, -96, -126, -110]	[-90, -20, 16, -80, -93]	[-4, 115, 102, 181, -3]	[10006, 10003, 10000, 9982, 10000]	[221, -53, 183, 312, 269]
410	26.5	[114, 153, 39, 93, -213]	[133, -164, -91, 81, 4]	[-36, -38, -40, 18, -192]	[54, -31, -53, 23, -113]	[146, -106, -60, 42, 82]	[-85, -28, -13, -64, -19]	[51, 57, 11, 53, -57]	[186, -186, -99, -132, -184]	[-131, -79, -45, -186, -115]	[213, -32, 8, 134, -74]	[-207, 85, 96, 181, 19]	[10006, 10002, 10004, 10001, 9997]	[283, 221, 196, 289, 257]
411	33.0	[-55, 86, -42, -48, -81]	[111, -220, -41, 57, -132]	[-79, -92, -9, -53, -197]	[-36, -12, -133, -61, -69]	[108, -138, -158, 100, -136]	[-26, -73, 27, -77, 37]	[60, 82, -5, 79, 155]	[46, -154, -128, -95, -177]	[-163, -95, -141, -89, -135]	[128, -5, -61, -88, -28]	[240, 114, 126, 180, 180]	[10000, 10002, 9999, 9999, 10000]	[228, 208, 200, 221, 157]
412	31.0	[88, -12, -55, -9, 98]	[-111, -145, -85, 21, 165]	[-170, -38, 38, 9, -167]	[-49, -192, -95, -131, -106]	[133, -72, -108, 30, -2]	[-184, -31, 13, -82, 182]	[-125, 62, 1, 84, 228]	[-187, -63, -115, -115, -174]	[-177, -68, -96, -126, -110]	[-90, -20, 16, -80, -93]	[-4, 115, 102, 181, -3]	[10006, 10003, 10000, 9982, 10000]	[221, -53, 183, 312, 269]
413	31.0	[88, -12, -55, -9, 98]	[-111, -145, -85, 21, 165]	[-170, -38, 38, 9, -167]	[-49, -192, -95, -131, -106]	[133, -72, -108, 30, -2]	[-184, -31, 13, -82, 182]	[-125, 62, 1, 84, 228]	[-187, -63, -115, -115, -174]	[-177, -68, -96, -126, -110]	[-90, -20, 16, -80, -93]	[-4, 115, 102, 181, -3]	[10006, 10003, 10000, 9982, 10000]	[221, -53, 183, 312, 269]
414	32.0	[114, -12, 18, 5, -213]	[-71, -159, -85, 67, 22]	[-36, -35, -40, 17, -190]	[59, -56, -49, -103, -107]	[144, -100, -69, 37, 87]	[-65, -15, -8, -50, -19]	[-28, 52, 8, 56, -16]	[-40, -80, -99, -132, -184]	[-133, -85, -62, -75, -156]	[92, -52, 9, 24, -93]	[-34, 96, 100, 193, 13]	[10003, 10003, 10003, 10001, 9997]	[283, 224, 194, 306, 245]
415	29.5	[-55, 95, -15, -41, -81]	[123, -207, -53, 58, -191]	[-81, -92, 12, -51, -41]	[-56, -22, -122, -60, -68]	[108, -142, -159, 101, -138]	[-26, -73, 17, -78, 11]	[20, 82, -1, 71, 154]	[45, -135, -125, -93, -163]	[-162, -111, -142, -87, -135]	[125, -4, 2, -96, -44]	[234, 118, 111, 179, 172]	[10000, 10002, 9998, 10003, 9997]	[225, 218, 191, 215, 160]
416	32.0	[-55, 95, -15, -36, -81]	[13, -148, -65, 50, -191]	[-81, -92, 24, -51, -61]	[-52, -22, -121, -122, -68]	[141, -141, -135, 97, -114]	[-100, -45, 12, -75, 34]	[20, 82, 0, 74, 154]	[-11, -175, -125, -106, -174]	[-165, -75, -85, -111, -112]	[36, -16, -21, 8, -85]	[156, 134, 105, 181, 105]	[10005, 10002, 9999, 10002, 9997]	[225, 218, 191, 278, 235]
417	32.0	[88, -12, -55, -9, 92]	[-111, -145, -85, 21, 165]	[-170, -59, 19, 9, -167]	[-51, -103, -118, -81, -106]	[133, -100, -108, 20, -3]	[-184, -44, 15, -78, 62]	[-131, 62, 1, 78, 188]	[-136, -135, -124, -114, -174]	[-177, -78, -71, -121, -104]	[-90, -4, 7, -102, -112]	[-104, 133, 105, 183, -3]	[10006, 10003, 10000, 10002, 10000]	[221, 212, 186, 257, 249]
418	30.0	[-55, 95, -15, -36, -81]	[13, -148, -65, 50, -191]	[-81, -92, 24, -51, -61]	[-56, -22, -121, -122, -68]	[112, -142, -159, 101, -138]	[-61, -59, 16, -74, 11]	[20, 82, -3, 90, 154]	[-11, -174, -131, -102, -164]	[-165, -71, -90, -108, -112]	[-68, -18, -18, -96, -70]	[234, 135, 107, 183, 172]	[10000, 10002, 9999, 10003, 9997]	[225, 218, 191, 278, 235]
419	33.0	[-40, -15, -187, 242, -184]	[0, -158, 7, -28, -236]	[-202, -153, 82, -9, -73]	[-32, 13, -119, -96, 60]	[115, -35, -105, -49, -34]	[-125, 23, 46, -26, 138]	[11, 35, 7, 36, 254]	[-186, -9, -32, -141, 26]	[-136, -114, -98, -49, -220]	[-12, 30, 3, -8, -76]	[4, 121, 167, 163, 60]	[10000, 10025, 10000, 9987, 9997]	[-54, 190, 161, 148, 155]
420	29.5	[-55, 95, -15, -36, -81]	[13, -148, -65, 50, -191]	[-81, -92, 24, -51, -61]	[-52, -22, -121, -122, -68]	[141, -141, -135, 97, -114]	[-100, -45, 12, -75, 34]	[20, 82, 0, 74, 154]	[-11, -175, -125, -106, -174]	[-165, -75, -85, -111, -112]	[36, -16, -21, 8, -85]	[156, 134, 105, 181, 105]	[10005, 10002, 9999, 10002, 9997]	[225, 218, 191, 278, 235]
421	27.0	[-55, 95, -15, -41, -81]	[123, -207, -53, 58, -191]	[-81, -92, 12, -51, -41]	[-56, -22, -122, -60, -68]	[108, -142, -159, 101, -138]	[-26, -73, 17, -78, 11]	[20, 84, -4, 71, 154]	[45, -170, -132, -93, -163]	[-149, -80, -66, -138, -135]	[125, -4, -53, -96, -44]	[234, 104, 117, 180, 172]	[10000, 10002, 9998, 10002, 9997]	[225, 218, 191, 221, 160]
422	28.0	[88, -12, -55, -9, 92]	[-111, -145, -85, 21, 165]	[-170, -59, 19, 9, -167]	[-51, -103, -118, -81, -106]	[133, -109, -124, 24, -3]	[-161, -61, 17, -78, 62]	[-25, 66, -3, 74, 188]	[-136, -135, -124, -114, -174]	[-177, -78, -71, -121, -104]	[-90, -4, 7, -102, -112]	[-104, 133, 105, 183, -3]	[10006, 10003, 10000, 10002, 10000]	[221, 212, 186, 257, 249]
423	32.0	[88, -12, -55, -9, 98]	[-111, -139, -85, 21, 165]	[-170, -38, 38, 9, -167]	[-18, -188, -90, -127, -106]	[133, -72, -91, 25, -35]	[-80, -19, 14, -40, 144]	[-49, 53, 5, 64, 228]	[-168, -14, -82, -125, -94]	[-177, -85, -64, -69, -183]	[-90, -48, 14, 50, -76]	[-34, 113, 100, 190, 9]	[10006, 10003, 10004, 9982, 10000]	[221, -53, 183, 312, 269]
424	30.5	[-55, 95, -15, -36, -81]	[13, -148, -65, 50, -191]	[-81, -92, 24, -51, -61]	[-52, -22, -121, -122, -68]	[141, -141, -135, 97, -114]	[-100, -45, 12, -75, 34]	[20, 82, 0, 74, 154]	[-11, -175, -125, -106, -174]	[-165, -75, -85, -111, -112]	[36, -16, -21, 8, -85]	[156, 134, 105, 181, 105]	[10005, 10002, 9999, 10002, 9997]	[225, 218, 191, 278, 235]
425	33.5	[88, -12, -55, -9, 98]	[-111, -145, -85, 21, 165]	[-170, -38, 38, 9, -173]	[-49, -192, -95, -131, -106]	[133, -72, -108, 30, -2]	[-181, -41, 17, -81, 72]	[-125, 65, 1, 84, 228]	[-187, -125, -114, -116, -150]	[-177, -73, -92, -116, -110]	[-90, -11, 14, -98, -93]	[-31, 122, 104, 184, 1]	[10006, 10003, 10000, 9991, 10000]	[215, 129, 183, 312, 269]
426	29.5	[88, -12, -55, -9, 92]	[-111, -145, -85, 21, 165]	[-170, -59, 19, 9, -167]	[-51, -103, -118, -81, -106]	[133, -100, -108, 30, -3]	[-184, -44, 13, -81, 62]	[-131, 62, 1, 78, 188]	[-136, -135, -124, -114, -174]	[-177, -78, -71, -121, -104]	[-90, -4, 7, -102, -112]	[-104, 133, 105, 183, -3]	[10006, 10003, 10000, 10002, 10000]	[221, 212, 186, 257, 249]
427	33.5	[88, -12, -55, -9, 98]	[-111, -139, -85, 21, 165]	[-170, -38, 38, 9, -167]	[-18, -188, -90, -127, -106]	[133, -72, -91, 25, -35]	[-80, -19, 14, -40, 144]	[-49, 53, 5, 64, 228]	[-168, -14, -82, -125, -94]	[-177, -85, -64, -69, -183]	[-90, -48, 14, 50, -76]	[-34, 113, 100, 190, 9]	[10006, 10003, 10004, 9982, 10000]	[221, -53, 183, 312, 269]
428	28.5	[-40, -15, -187, 242, -184]	[0, -158, 7, -28, -236]	[-202, -153, 82, -9, -73]	[-32, 13, -119, -96, 60]	[115, -35, -105, -49, -34]	[-125, 23, 46, -26, 138]	[11, 35, 7, 36, 254]	[-186, -9, -32, -141, 26]	[-136, -114, -98, -49, -220]	[-12, 30, 3, -8, -76]	[4, 121, 167, 163, 60]	[10000, 10025, 10000, 9987, 9997]	[-54, 190, 161, 148, 155]
429	28.5	[-55, 95, -15, -36, -81]	[13, -148, -65, 50, -191]	[-81, -92, 24, -51, -61]	[-52, -22, -121, -122, -68]	[141, -141, -135, 97, -114]	[-100, -45, 12, -75, 34]	[20, 82, 0, 74, 154]	[-11, -175, -125, -106, -174]	[-165, -75, -85, -111, -112]	[36, -16, -21, 8, -85]	[156, 134, 105, 181, 105]	[10005, 10002, 9999, 10002, 9997]	[225, 218, 191, 278, 235]
430	31.0	[88, -12, -55, -9, 98]	[-90, -145, -89, 21, 165]	[-111, -37, -15, 11, -171]	[-18, -188, -90, -127, -112]	[133, -73, -91, 25, -35]	[-97, -14, 17, -41, 144]	[-113, 52, 4, 64, 180]	[-168, -14, -89, -126, -152]	[-162, -85, -63, -69, -183]	[-90, -48, 9, 39, -86]	[-34, 106, 100, 190, 9]	[10006, 10003, 10004, 9998, 10000]	[221, -53, 183, 312, 268]
431	33.0	[-40, -15, -187, 242, -184]	[0, -158, 7, -28, -236]	[-202, -153, 82, -9, -73]	[-32, 13, -119, -96, 60]	[115, -35, -105, -49, -34]	[-125, 23, 46, -26, 138]	[11, 35, 7, 36, 254]	[-186, -9, -32, -141, 26]	[-150, -103, -99, -80, -220]	[-12, 30, 3, -22, -35]	[102, 117, 167, 163, 60]	[10000, 10025, 10000, 9987, 9997]	[-54, 190, 161, 148, 155]
432	29.0	[65, 64, -38, -28, 71]	[-30, -149, -65, 52, -191]	[-85, -84, 21, -51, -41]	[-56, -22, -122, -71, -68]	[108, -117, -118, 36, -11]	[-119, -44, 13, -81, 11]	[-29, 69, -3, 74, 172]	[45, -170, -132, -93, -163]	[-149, -80, -66, -138, -135]	[125, -10, -53, -96, -44]	[234, 104, 117, 180, 172]	[10000, 10002, 9998, 10002, 9997]	[225, 218, 191, 221, 160]
433	35.5	[-55, 95, -15, -41, -81]	[-9, -145, -70, 52, -191]	[-85, -69, 25, -19, -41]	[-50, -137, -96, -87, -68]	[109, -138, -114, 41, -2]	[-168, -14, 13, -76, 11]	[16, 76, 0, 77, 172]	[-6, -163, -129, -110, -163]	[-149, -78, -74, -138, -135]	[125, -16, -22, -26, -44]	[234, 110, 109, 180, 172]	[10000, 10002, 9998, 10002, 9997]	[225, 218, 191, 221, 160]
434	32.5	[88, -18, -55, -34, 37]	[-111, -145, -84, 33, -6]	[-170, -38, 19, -30, -142]	[-52, -153, -95, -131, -106]	[122, -72, -130, 30, -2]	[-184, 12, 16, -67, 75]	[-125, 58, -1, 77, 228]	[-187, -152, -129, -118, -127]	[-177, -73, -92, -112, -145]	[-90, -11, 13, -21, -93]	[-14, 121, 103, 183, 1]	[10006, 10003, 10000, 9991, 10000]	[215, 129, 183, 312, 269]
435	31.0	[88, -18, -55, -34, 37]	[-111, -145, -84, 33, -6]	[-170, -38, 19, -30, -142]	[-52, -153, -95, -131, -106]	[122, -72, -130, 30, -2]	[-184, 12, 16, -67, 75]	[-125, 58, -1, 77, 228]	[-187, -152, -129, -118, -127]	[-177, -73, -92, -112, -145]	[-90, -11, 13, -21, -93]	[-14, 121, 103, 183, 1]	[10006, 10003, 10000, 9991, 10000]	[215, 129, 183, 312, 269]
436	26.5	[88, -12, -15, 5, 98]	[-96, -149, -85, 21, 159]	[-91, -35, 2, 14, -173]	[-17, -74, -84, -103, -106]	[133, -93, -108, 25, -35]	[-184, 25, -3, -45, 92]	[-125, 58, 7, 72, 214]	[-187, -48, -75, -117, -94]	[-177, -68, -92, -112, -148]	[52, -20, 13, -71, -76]	[-4, 115, 101, 190, 9]	[10006, 10003, 10004, 9982, 10000]	[221, -59, 183, 312, 269]
437	31.5	[-55, 95, -15, -36, -81]	[23, -152, -71, 52, -191]	[-85, -84, 22, -51, -41]	[-56, -22, -122, -71, -68]	[108, -117, -118, 36, -11]	[-119, -50, 13, -81, 11]	[-29, 69, 0, 58, 172]	[-150, -101, -94, -108, -114]	[-149, -91, -91, -138, -135]	[125, -10, -53, -96, -44]	[234, 104, 117, 180, 172]	[10000, 10002, 9998, 10002, 9997]	[225, 218, 191, 221, 160]
438	39.0	[-55, 95, -15, -41, -81]	[-9, -145, -70, 52, -191]	[-85, -69, 25, -19, -41]	[-50, -137, -96, -87, -68]	[109, -138, -114, 41, -2]	[-168, -14, 13, -76, 11]	[16, 76, 0, 77, 172]	[-6, -163, -129, -110, -163]	[-149, -78, -74, -138, -135]	[125, -16, -22, -26, -44]	[234, 110, 109, 180, 172]	[10000, 10002, 9998, 10002, 9997]	[225, 218, 191, 221, 160]
439	33.0	[-55, 95, -15, -36, -81]	[23, -152, -71, 52, -191]	[-85, -84, 22, -51, -41]	[-56, -22, -122, -71, -68]	[108, -117, -118, 36, -11]	[-119, -50, 13, -81, 11]	[-29, 69, 0, 58, 172]	[-150, -101, -94, -108, -114]	[-149, -91, -91, -138, -135]	[125, -10, -53, -96, -44]	[234, 104, 117, 180, 172]	[10000, 10002, 9998, 10002, 9997]	[225, 218, 191, 221, 160]
440	32.5	[-55, 95, -15, -36, -81]	[23, -152, -71, 52, -191]	[-85, -84, 22, -51, -41]	[-56, -22, -122, -71, -68]	[108, -117, -118, 36, -11]	[-119, -50, 13, -81, 11]	[-29, 69, -3, 74, 172]	[45, -170, -132, -93, -163]	[-149, -80, -66, -138, -135]	[125, -10, -53, -96, -44]	[234, 104, 140, 180, 172]	[10000, 10013, 9999, 9991, 9997]	[225, 218, 191, 221, 160]
441	27.5	[-55, 95, -15, -41, -81]	[-9, -145, -70, 52, -191]	[-85, -69, 25, -19, -41]	[-50, -137, -96, -87, -68]	[109, -138, -114, 41, 4]	[-168, -14, 13, -76, 11]	[16, 76, 0, 77, 172]	[-6, -163, -129, -110, -163]	[-149, -78, -74, -138, -135]	[125, -16, -22, -26, -44]	[234, 110, 109, 180, 172]	[10000, 10002, 9998, 10002, 9997]	[225, 218, 191, 221, 160]
442	36.0	[-55, 95, -15, -42, -81]	[13, -148, -65, 50, -191]	[-131, -68, 24, -51, -61]	[-56, -26, -117, -122, -68]	[112, -107, -159, 101, -138]	[-61, -59, 16, -70, 19]	[20, 68, -2, 89, 154]	[-11, -155, -129, -110, -164]	[-166, -73, -76, -114, -132]	[-68, -18, -18, -74, -75]	[25, 131, 105, 183, 160]	[10000, 10002, 9999, 10003, 9997]	[225, 218, 197, 278, 235]
443	31.5	[-55, 95, -15, -36, -81]	[23, -152, -71, 52, -191]	[-85, -84, 22, -51, -41]	[-56, -22, -122, -71, -68]	[108, -117, -118, 36, -11]	[-119, -50, 13, -81, 11]	[-29, 69, -3, 74, 172]	[45, -170, -132, -93, -163]	[-143, -80, -66, -138, -135]	[125, -10, -53, -96, -44]	[234, 104, 140, 180, 172]	[10000, 10013, 9999, 9991, 9997]	[225, 218, 191, 221, 160]
444	31.5	[-55, 95, -15, -42, -81]	[13, -148, -65, 50, -191]	[-131, -68, 24, -51, -61]	[-56, -26, -117, -122, -68]	[112, -107, -159, 101, -138]	[-61, -59, 16, -70, 19]	[20, 68, -2, 89, 154]	[-11, -155, -129, -110, -164]	[-166, -73, -76, -114, -132]	[-68, -18, -18, -74, -75]	[25, 131, 105, 183, 160]	[10000, 10002, 9999, 10003, 9997]	[225, 218, 197, 278, 235]
445	31.0	[88, -12, -169, 169, 22]	[-90, -156, -81, 14, -105]	[-122, -136, 7, -5, -153]	[-18, -166, -90, -127, -112]	[133, -73, -91, -12, -34]	[-97, 1, 32, -41, 144]	[-103, 46, 5, 64, 180]	[-168, -14, -89, -126, -158]	[-162, -85, -63, -69, -183]	[-90, -48, 9, 39, -86]	[-34, 106, 100, 190, 9]	[10006, 10003, 10004, 9998, 10000]	[221, -53, 183, 312, 268]
446	37.0	[-55, 95, -15, -36, -81]	[13, -148, -65, 50, -191]	[-81, -42, 24, -40, -61]	[-52, -27, -107, -115, -74]	[141, -134, -114, 97, -114]	[-130, -39, 14, -59, 56]	[-77, 76, 3, 76, 154]	[-26, -162, -121, -106, -148]	[-171, -75, -84, -98, -113]	[-41, -19, 10, 1, -85]	[156, 119, 102, 183, 42]	[10005, 10003, 9999, 10002, 9997]	[215, 185, 185, 302, 241]
447	28.5	[-55, 95, -15, -41, -81]	[-9, -145, -70, 52, -191]	[-85, -69, 25, -19, -41]	[-50, -137, -96, -87, -68]	[109, -138, -114, 41, 4]	[-168, -14, 13, -76, 11]	[16, 76, 0, 77, 172]	[-6, -163, -129, -110, -163]	[-149, -78, -74, -138, -135]	[125, -16, -22, -26, -44]	[234, 110, 109, 174, 172]	[10000, 10002, 9998, 10002, 9997]	[225, 218, 191, 221, 160]
448	42.0	[-55, 95, -15, -41, -81]	[-9, -145, -70, 52, -191]	[-85, -69, 25, -19, -41]	[-50, -137, -96, -87, -68]	[109, -138, -114, 41, 4]	[-168, -14, 13, -76, 11]	[16, 76, 0, 77, 172]	[-6, -163, -129, -110, -163]	[-149, -78, -74, -138, -135]	[125, -16, -22, -26, -44]	[234, 110, 109, 174, 172]	[10000, 10002, 9998, 10002, 9997]	[225, 218, 191, 221, 160]
449	36.0	[-49, 95, -15, -41, -81]	[-9, -145, -70, 52, -191]	[-85, -69, 25, -19, -41]	[-50, -137, -96, -87, -68]	[109, -138, -114, 41, 4]	[-168, -14, 13, -76, 11]	[16, 76, 0, 77, 172]	[-6, -163, -129, -110, -163]	[-149, -78, -74, -138, -135]	[125, -16, -22, -26, -44]	[234, 110, 109, 174, 172]	[10000, 10002, 9998, 10002, 9997]	[225, 218, 191, 221, 160]
450	34.0	[88, -12, -55, -9, 98]	[-90, -145, -89, 21, 165]	[-111, -37, -15, 11, -171]	[-18, -188, -90, -127, -107]	[133, -104, -108, 34, -35]	[-96, -21, 16, -41, 144]	[-113, 52, 5, 64, 173]	[-35, -15, -102, -122, -111]	[-156, -82, -64, -74, -178]	[-90, -48, 12, 19, -86]	[-29, 110, 101, 188, 9]	[10001, 10002, 10004, 9994, 9997]	[221, -53, 183, 312, 268]
451	36.0	[88, -12, -15, 5, 98]	[-96, -149, -85, 21, 159]	[-91, -35, 2, 14, -173]	[-17, -74, -84, -103, -106]	[133, -94, -108, 25, -32]	[-184, 25, 6, -45, 92]	[-125, 59, 6, 72, 214]	[-151, -78, -101, -116, -139]	[-177, -86, -92, -120, -140]	[52, -11, -19, -93, -92]	[-4, 115, 109, 186, 5]	[10006, 10003, 10004, 9982, 10000]	[221, -59, 183, 312, 269]
452	33.5	[88, -12, -55, -9, 98]	[-90, -145, -78, 21, 165]	[-96, -76, -15, 11, -171]	[-54, -188, -90, -127, -112]	[133, -73, -106, 25, -35]	[-100, -18, 12, -56, 82]	[-113, 57, 1, 69, 180]	[-168, -73, -92, -106, -162]	[-162, -85, -66, -92, -183]	[-90, -48, 9, 39, -86]	[-34, 106, 100, 190, 9]	[10006, 10003, 10004, 9998, 9994]	[221, -53, 183, 312, 268]
453	34.5	[-49, 95, -15, -41, -81]	[-9, -145, -70, 52, -191]	[-85, -69, 25, -19, -41]	[-50, -137, -96, -87, -68]	[109, -138, -114, 41, 4]	[-168, -14, 13, -76, 11]	[16, 76, 0, 77, 172]	[-6, -163, -129, -110, -163]	[-149, -78, -74, -138, -135]	[125, -16, -22, -26, -44]	[234, 110, 109, 174, 172]	[10000, 10002, 9998, 10002, 9997]	[225, 218, 191, 221, 160]
454	33.0	[88, -12, -15, 5, 98]	[-96, -149, -85, 21, 159]	[-91, -35, 2, 14, -173]	[-17, -74, -84, -103, -106]	[133, -94, -108, 25, -32]	[-184, 25, 6, -45, 92]	[-125, 59, 6, 72, 214]	[-151, -78, -101, -116, -139]	[-177, -86, -92, -120, -140]	[52, -11, -19, -93, -92]	[-4, 115, 109, 186, 5]	[10006, 10003, 10003, 9999, 10000]	[222, 180, 183, 312, 269]
455	30.5	[-49, 101, -15, -41, -81]	[-9, -145, -70, 52, -191]	[-85, -69, 25, -19, -41]	[-50, -137, -96, -87, -68]	[109, -138, -114, 41, 4]	[-168, -14, 13, -76, 11]	[16, 76, 0, 77, 172]	[-6, -163, -129, -110, -163]	[-149, -78, -74, -138, -135]	[125, -16, -22, -26, -44]	[234, 110, 109, 174, 172]	[10000, 10002, 9998, 10002, 9997]	[225, 218, 191, 221, 160]
456	30.5	[-55, 95, -15, -36, -81]	[13, -148, -65, 50, -191]	[-81, -48, 24, -48, -61]	[-52, -27, -117, -116, -71]	[141, -134, -114, 86, -114]	[-118, -45, 12, -59, 56]	[-77, 76, 3, 76, 154]	[-26, -162, -121, -106, -148]	[-171, -75, -84, -98, -113]	[-41, -19, 10, 1, -85]	[156, 119, 102, 183, 42]	[10005, 10003, 9999, 10002, 9997]	[215, 185, 185, 302, 241]
457	33.5	[-55, 95, -15, -2, -81]	[21, -149, -66, 25, -191]	[-81, -83, 10, -46, -169]	[-55, -66, -110, -103, -68]	[135, -122, -111, 75, -107]	[-100, -7, 7, -55, 79]	[20, 79, 6, 71, 154]	[-149, -95, -111, -111, -140]	[-163, -85, -88, -114, -117]	[-39, -11, -23, 13, -85]	[50, 122, 109, 183, 105]	[10005, 10003, 10000, 10002, 9997]	[222, 190, 184, 307, 241]
458	31.0	[-49, 101, -15, -41, -81]	[-9, -145, -70, 52, -191]	[-85, -69, 25, -19, -41]	[-50, -137, -96, -87, -68]	[109, -138, -114, 41, 4]	[-168, -14, 13, -76, 11]	[16, 76, 0, 77, 172]	[-6, -163, -129, -110, -163]	[-149, -78, -74, -138, -135]	[125, -16, -22, -26, -44]	[234, 110, 109, 174, 172]	[10000, 10002, 9998, 10002, 9997]	[225, 218, 191, 221, 160]
459	33.5	[-55, 95, -15, -36, -81]	[13, -148, -65, 50, -191]	[-81, -48, 24, -48, -61]	[-52, -27, -117, -116, -71]	[141, -134, -108, 86, -114]	[-118, -45, 12, -59, 56]	[-77, 76, 3, 76, 154]	[-26, -162, -121, -106, -148]	[-171, -75, -84, -98, -113]	[-41, -19, 10, 1, -85]	[156, 119, 102, 183, 42]	[10005, 10003, 9999, 10002, 9997]	[215, 185, 185, 302, 241]
460	32.0	[-49, 101, -15, -41, -81]	[-9, -145, -70, 52, -191]	[-85, -69, 25, -19, -41]	[-50, -137, -96, -87, -68]	[109, -138, -114, 41, 4]	[-168, -14, 13, -76, 11]	[16, 76, 0, 77, 172]	[-6, -163, -129, -110, -163]	[-149, -78, -76, -137, -135]	[125, -16, -22, -26, -44]	[234, 110, 109, 174, 172]	[10000, 10002, 9998, 10002, 9997]	[225, 218, 191, 221, 160]
461	36.0	[-49, 101, -15, -41, -81]	[-9, -145, -70, 52, -191]	[-85, -69, 25, -19, -41]	[-50, -137, -96, -87, -68]	[109, -138, -114, 41, 4]	[-168, -14, 13, -76, 11]	[16, 76, 0, 77, 172]	[-6, -163, -129, -110, -163]	[-149, -78, -74, -138, -135]	[125, -16, -22, -26, -44]	[234, 110, 109, 174, 172]	[10000, 10002, 9998, 10002, 9997]	[225, 218, 191, 221, 160]
462	35.5	[88, -12, -36, -9, 92]	[-111, -148, -85, 21, 171]	[-130, -39, 18, 10, -167]	[-51, -110, -97, -99, -106]	[133, -100, -102, 25, -31]	[-132, -27, 13, -81, 78]	[-131, 62, 3, 81, 204]	[-136, -83, -113, -116, -155]	[-174, -81, -68, -121, -115]	[18, -9, -23, -85, -112]	[-22, 116, 105, 186, -3]	[10001, 10003, 10004, 9995, 10000]	[221, 214, 187, 245, 213]
463	28.5	[88, -12, -169, 67, 22]	[-63, -148, -65, 46, -130]	[-85, -73, 13, -5, -153]	[-18, -89, -90, -127, -112]	[133, -79, -95, -12, -34]	[-100, -7, 38, -41, 144]	[-103, 46, 5, 75, 179]	[-148, -96, -98, -115, -158]	[-162, -78, -66, -96, -111]	[-90, -48, 9, 45, -86]	[-34, 106, 100, 190, 9]	[10006, 10003, 10004, 9998, 10000]	[221, -53, 183, 312, 268]
464	37.0	[88, -12, -36, -9, 92]	[-111, -148, -85, 21, 171]	[-130, -39, 18, 10, -167]	[-51, -110, -97, -99, -106]	[133, -100, -102, 25, -31]	[-132, -27, 13, -81, 78]	[-131, 62, 3, 81, 204]	[-136, -83, -113, -116, -155]	[-174, -81, -68, -121, -115]	[18, -9, -23, -85, -112]	[-22, 116, 105, 186, -3]	[10001, 10003, 10004, 9995, 10000]	[221, 214, 187, 245, 213]
465	28.5	[88, -12, -36, -9, 92]	[-111, -148, -85, 21, 171]	[-130, -39, 18, 10, -167]	[-51, -110, -97, -99, -106]	[133, -100, -102, 25, -31]	[-132, -27, 13, -81, 78]	[-131, 62, 3, 81, 204]	[-136, -83, -113, -116, -155]	[-174, -81, -68, -121, -115]	[18, -9, -23, -85, -112]	[-22, 116, 105, 186, -3]	[10001, 10003, 10004, 9995, 10000]	[221, 214, 187, 245, 213]
466	31.5	[-49, 101, -15, -41, -81]	[-9, -145, -70, 52, -191]	[-85, -69, 25, -19, -41]	[-50, -137, -96, -87, -68]	[109, -138, -114, 58, -113]	[-168, -14, 13, -76, 39]	[16, 68, 6, 77, 172]	[-56, -161, -114, -107, -163]	[-149, -78, -76, -137, -120]	[125, -16, -21, -26, -44]	[234, 110, 107, 175, 172]	[10004, 10003, 9998, 10002, 9997]	[225, 218, 191, 221, 160]
467	31.0	[88, -12, -36, -9, 92]	[-111, -148, -85, 21, 171]	[-130, -39, 18, 10, -167]	[-51, -110, -97, -99, -106]	[133, -100, -102, 25, -31]	[-132, -27, 13, -81, 78]	[-131, 62, 3, 81, 204]	[-136, -83, -113, -116, -155]	[-174, -81, -68, -121, -115]	[18, -9, -23, -85, -112]	[-22, 116, 105, 186, -3]	[10001, 10003, 10004, 9995, 10000]	[221, 214, 187, 245, 213]
468	33.0	[-49, 101, -15, -41, -81]	[-9, -145, -70, 52, -191]	[-85, -69, 25, -19, -41]	[-50, -137, -96, -87, -68]	[109, -138, -114, 58, -113]	[-168, -14, 13, -76, 39]	[16, 68, 6, 77, 172]	[-56, -161, -114, -107, -163]	[-149, -78, -76, -137, -120]	[125, -16, -21, -26, -44]	[234, 110, 107, 175, 172]	[10004, 10003, 9998, 10002, 9997]	[225, 218, 191, 221, 160]
469	30.5	[88, -12, -36, -9, 92]	[-111, -148, -85, 21, 171]	[-130, -39, 18, 10, -167]	[-51, -110, -97, -99, -106]	[133, -100, -102, 19, -31]	[-132, -27, 13, -81, 78]	[-131, 62, 2, 79, 196]	[-136, -114, -110, -116, -155]	[-174, -80, -67, -104, -113]	[-81, -4, -3, -91, -112]	[-22, 116, 101, 186, 9]	[10001, 10003, 10003, 10001, 10000]	[221, 214, 189, 245, 213]
470	33.5	[82, -12, -55, -9, 92]	[-111, -145, -91, 21, 171]	[-170, -59, 0, 9, -165]	[-51, -153, -109, -99, -106]	[133, -100, -104, 30, -32]	[-114, -13, 26, -54, 135]	[-111, 62, 2, 73, 179]	[-136, -83, -108, -119, -174]	[-177, -78, -66, -96, -111]	[-7, -4, 11, -91, -112]	[-45, 128, 103, 186, 9]	[10001, 10003, 10003, 9998, 10000]	[221, 214, 189, 245, 213]
471	33.5	[82, -12, -55, -9, 92]	[-111, -145, -97, 21, 145]	[-153, -91, 13, -2, -102]	[-51, -147, -109, -99, -106]	[133, -90, -107, 30, -32]	[-124, -21, 16, -55, 67]	[-104, 60, 2, 86, 172]	[-119, -65, -118, -119, -174]	[-177, -79, -66, -106, -130]	[-82, -14, -14, 15, -85]	[-68, 131, 104, 184, 3]	[10000, 10003, 10000, 10002, 10000]	[221, 214, 187, 245, 213]
472	32.5	[88, 37, -15, -21, 7]	[-96, -155, -77, 39, -23]	[-90, -61, 2, 14, -173]	[-17, -74, -84, -103, -106]	[127, -94, -108, 25, -32]	[-184, 25, 6, -45, 92]	[-125, 59, 6, 72, 214]	[-151, -78, -101, -116, -139]	[-177, -86, -92, -120, -140]	[52, -11, -19, -93, -92]	[-4, 115, 129, 186, 5]	[10005, 10010, 10003, 9999, 10000]	[222, 180, 183, 312, 269]
473	34.5	[-55, 95, -9, -36, -81]	[13, -148, -65, 50, -191]	[-81, -51, 24, -30, -42]	[-52, -27, -117, -88, -68]	[128, -86, -107, 86, -114]	[-146, -27, 13, -59, 56]	[-77, 58, 3, 82, 154]	[-26, -162, -121, -106, -148]	[-171, -75, -84, -98, -113]	[-41, -19, 10, 1, -85]	[156, 119, 102, 183, 42]	[10005, 10003, 10005, 9996, 9997]	[215, 185, 185, 302, 241]
474	27.5	[82, -12, -55, -9, 92]	[-111, -145, -91, 21, 171]	[-170, -59, 0, 9, -170]	[-51, -153, -109, -99, -106]	[133, -100, -104, 30, -32]	[-114, -13, 17, -54, 135]	[-111, 62, 2, 73, 179]	[-136, -89, -108, -119, -174]	[-177, -78, -66, -95, -111]	[-7, -4, 11, -91, -112]	[-45, 128, 103, 186, 9]	[10001, 10003, 10003, 9998, 10000]	[221, 214, 189, 245, 213]
475	32.5	[82, -12, -55, -9, 92]	[-111, -145, -97, 21, 145]	[-153, -91, 13, -2, -102]	[-51, -147, -109, -99, -106]	[133, -90, -107, 30, -32]	[-124, -21, 16, -55, 67]	[-104, 60, 2, 86, 172]	[-119, -65, -118, -119, -174]	[-177, -79, -66, -106, -130]	[-82, -14, -14, 15, -85]	[-68, 131, 104, 184, 3]	[10000, 10003, 10000, 10002, 10000]	[221, 214, 187, 245, 213]
476	35.5	[-49, 101, -15, -41, -81]	[-9, -145, -70, 52, -191]	[-85, -69, 25, -19, -41]	[-50, -137, -96, -87, -68]	[109, -138, -114, 58, -113]	[-168, -14, 13, -76, 39]	[16, 68, 6, 77, 172]	[-56, -161, -114, -107, -157]	[-149, -78, -76, -137, -120]	[125, -16, -21, -26, -44]	[234, 110, 107, 175, 172]	[10004, 10003, 9998, 10002, 9997]	[225, 218, 191, 221, 160]
477	36.0	[-55, 95, -9, -36, -81]	[13, -148, -65, 50, -191]	[-81, -51, 24, -30, -42]	[-52, -27, -117, -88, -68]	[128, -86, -107, 86, -114]	[-146, -27, 13, -59, 56]	[-77, 58, 3, 82, 154]	[-26, -162, -121, -106, -148]	[-171, -75, -84, -98, -113]	[-41, -19, 10, 1, -85]	[156, 119, 102, 183, 42]	[10005, 10003, 10005, 9996, 9997]	[215, 185, 185, 302, 241]
478	32.0	[82, -12, -55, -9, 92]	[-111, -145, -97, 21, 145]	[-153, -91, 13, -2, -102]	[-51, -147, -109, -99, -106]	[133, -90, -107, 30, -32]	[-124, -21, 16, -55, 67]	[-104, 60, 2, 86, 172]	[-119, -65, -118, -119, -174]	[-177, -79, -66, -106, -130]	[-82, -14, -14, 15, -85]	[-68, 131, 104, 184, 3]	[10000, 10003, 10000, 10002, 10000]	[221, 214, 187, 245, 213]
479	35.0	[-55, 95, -9, -36, -81]	[13, -148, -65, 50, -191]	[-81, -51, 24, -30, -42]	[-52, -27, -117, -88, -68]	[128, -86, -107, 86, -114]	[-146, -27, 13, -59, 56]	[-77, 58, 3, 82, 154]	[-26, -162, -121, -106, -148]	[-171, -75, -84, -98, -113]	[-41, -19, 10, 1, -85]	[156, 119, 102, 183, 42]	[10005, 10003, 10005, 9996, 9997]	[215, 185, 185, 302, 241]
480	32.0	[88, -12, -55, -9, 98]	[-90, -145, -84, 21, 165]	[-111, -47, -15, 11, -171]	[-18, -188, -90, -127, -107]	[133, -104, -114, 34, -35]	[-96, -20, 16, -56, 144]	[-113, 52, 5, 65, 183]	[-82, -34, -102, -122, -111]	[-156, -78, -66, -105, -178]	[-90, -33, 12, 24, -86]	[-29, 109, 100, 178, 9]	[10001, 10002, 10003, 9994, 9997]	[221, -53, 183, 312, 268]
481	37.5	[82, -12, -55, -9, 92]	[-111, -145, -91, 21, 145]	[-132, -76, -1, -2, -102]	[-51, -147, -99, -104, -111]	[133, -74, -107, 25, -32]	[-124, -16, 13, -74, 60]	[-59, 65, 2, 77, 172]	[-136, -140, -118, -118, -167]	[-177, -78, -66, -110, -130]	[-82, -17, -14, -85, -81]	[-68, 131, 104, 183, -3]	[10000, 10003, 10000, 10002, 10000]	[221, 214, 187, 245, 213]
482	38.0	[-49, 101, -15, -41, -81]	[-9, -145, -70, 52, -191]	[-85, -69, 25, -19, -41]	[-50, -137, -96, -87, -68]	[109, -138, -114, 58, -113]	[-168, -14, 13, -76, 39]	[16, 68, 6, 77, 172]	[-56, -161, -114, -107, -157]	[-149, -78, -76, -137, -120]	[125, -16, -21, -26, -44]	[195, 122, 106, 183, 172]	[10004, 10003, 9998, 10002, 9997]	[225, 218, 191, 221, 160]
483	32.5	[-49, 101, -15, -19, -57]	[-9, -145, -70, 28, -41]	[-85, -69, 15, -19, -41]	[-50, -142, -96, -87, -68]	[120, -137, -110, 58, -113]	[-168, -14, 13, -76, 39]	[-41, 65, 3, 77, 176]	[-56, -161, -114, -111, -154]	[-159, -77, -76, -137, -120]	[51, -7, 10, -87, -44]	[58, 111, 106, 186, 145]	[10004, 10003, 9998, 10002, 9997]	[225, 218, 191, 221, 160]
484	36.0	[-49, 101, -15, -19, -57]	[-9, -145, -70, 28, -41]	[-85, -69, 15, -19, -41]	[-50, -142, -96, -87, -68]	[120, -137, -110, 58, -113]	[-168, -14, 13, -76, 39]	[-41, 65, 3, 77, 176]	[-56, -161, -114, -111, -154]	[-159, -77, -76, -137, -120]	[51, -7, 10, -87, -44]	[58, 111, 106, 186, 145]	[10004, 10003, 9998, 10002, 9997]	[225, 218, 191, 221, 160]
485	32.0	[-49, 101, -15, -19, -57]	[-9, -145, -70, 28, -41]	[-85, -69, 15, -19, -41]	[-50, -142, -96, -87, -68]	[120, -137, -110, 58, -113]	[-168, -14, 13, -76, 39]	[-41, 65, 3, 77, 176]	[-56, -161, -114, -111, -154]	[-159, -77, -76, -137, -120]	[51, -7, 10, -87, -44]	[58, 111, 106, 186, 145]	[10004, 10003, 9998, 10002, 9997]	[225, 218, 191, 221, 160]
486	38.0	[-55, 95, -15, -36, -81]	[23, -152, -71, 46, -191]	[-84, -55, 23, -36, -42]	[-56, -147, -113, -90, -68]	[123, -120, -116, 43, -16]	[-128, -17, 16, -78, 83]	[-84, 69, 2, 73, 172]	[45, -170, -127, -117, -145]	[-173, -74, -68, -121, -136]	[125, -10, -53, -96, -44]	[234, 104, 140, 186, 172]	[10000, 10013, 9999, 9991, 9997]	[225, 218, 191, 221, 160]
487	31.0	[-49, 101, -15, -19, -57]	[-9, -145, -70, 28, -41]	[-85, -69, 15, -19, -41]	[-50, -142, -96, -87, -68]	[120, -137, -110, 58, -113]	[-168, -14, 13, -76, 39]	[-41, 65, 3, 77, 176]	[-56, -161, -114, -111, -154]	[-159, -77, -76, -137, -120]	[51, -7, 10, -87, -44]	[58, 111, 106, 186, 145]	[10004, 10003, 9998, 10002, 9997]	[225, 218, 191, 221, 160]
488	31.5	[82, -12, -55, -3, 92]	[-111, -145, -91, 21, 171]	[-170, -64, 15, 9, -170]	[-51, -152, -99, -96, -92]	[133, -100, -104, 37, -32]	[-114, -13, 17, -55, 39]	[-109, 63, 5, 73, 179]	[-76, -108, -108, -119, -174]	[-177, -78, -66, -131, -118]	[-7, -6, 10, -97, -112]	[-45, 125, 103, 186, 9]	[9995, 10003, 9999, 9998, 10000]	[221, 214, 189, 245, 213]
489	37.5	[-49, 101, -15, -19, -57]	[-9, -145, -70, 28, -41]	[-85, -69, 15, -19, -41]	[-50, -142, -96, -87, -68]	[120, -137, -110, 58, -113]	[-168, -14, 13, -76, 39]	[-41, 65, 3, 77, 176]	[-56, -161, -114, -111, -154]	[-159, -77, -76, -137, -120]	[51, -7, 10, -87, -44]	[58, 111, 106, 186, 145]	[10004, 10003, 9998, 10002, 9997]	[225, 218, 191, 221, 160]
490	32.5	[-55, 95, -9, -36, -81]	[13, -148, -65, 50, -191]	[-81, -51, 24, -30, -42]	[-46, -27, -117, -88, -68]	[128, -86, -107, 86, -114]	[-146, -27, 13, -59, 56]	[-77, 58, 3, 78, 154]	[-87, -155, -119, -110, -148]	[-171, -75, -82, -124, -119]	[-40, -18, 11, 1, -85]	[156, 119, 102, 185, 69]	[10004, 10003, 10005, 9996, 9997]	[215, 185, 189, 265, 233]
491	32.0	[-55, 95, -9, -36, -81]	[13, -148, -65, 50, -191]	[-81, -51, 24, -30, -42]	[-46, -27, -117, -88, -68]	[128, -86, -107, 86, -114]	[-146, -27, 13, -59, 56]	[-77, 58, 3, 78, 154]	[-87, -155, -119, -110, -148]	[-171, -75, -82, -124, -119]	[-40, -18, 11, 1, -85]	[156, 119, 102, 185, 69]	[10004, 10003, 10005, 9996, 9997]	[215, 185, 189, 265, 233]
492	32.0	[-49, 101, -15, -19, -57]	[-9, -145, -70, 28, -41]	[-85, -69, 15, -19, -41]	[-50, -142, -96, -87, -68]	[120, -137, -110, 58, -113]	[-168, -14, 13, -76, 39]	[-41, 65, 3, 77, 176]	[-56, -161, -114, -111, -154]	[-159, -77, -76, -137, -120]	[51, -7, 10, -87, -44]	[58, 111, 106, 186, 145]	[10004, 10003, 9998, 10002, 9997]	[225, 218, 191, 221, 160]
493	29.5	[-55, 95, -9, -36, -81]	[13, -148, -65, 50, -191]	[-81, -51, 24, -30, -42]	[-46, -27, -117, -88, -68]	[128, -86, -107, 86, -114]	[-146, -27, 13, -59, 56]	[-77, 58, 3, 78, 154]	[-87, -155, -119, -110, -148]	[-171, -75, -82, -124, -119]	[-40, -18, 11, 1, -85]	[156, 119, 102, 185, 69]	[10004, 10003, 10005, 9996, 9997]	[215, 185, 189, 265, 233]
494	34.0	[-49, 101, -15, -41, -81]	[-9, -145, -70, 52, -81]	[-85, -69, 19, -26, -41]	[-50, -137, -98, -87, -68]	[109, -138, -112, 58, -113]	[-168, -14, 13, -76, 39]	[-6, 63, 6, 77, 172]	[-81, -146, -116, -113, -157]	[-151, -78, -72, -135, -127]	[65, -15, -6, -26, -44]	[169, 119, 106, 183, 172]	[10009, 10003, 9998, 10002, 9997]	[225, 218, 191, 221, 160]
495	35.5	[-49, 101, -15, -19, -57]	[-9, -145, -70, 28, -41]	[-86, -69, 15, -19, -41]	[-50, -142, -96, -87, -68]	[120, -137, -110, 58, -113]	[-168, -14, 13, -76, 39]	[-41, 65, 3, 77, 176]	[-56, -161, -114, -111, -154]	[-159, -77, -76, -137, -120]	[51, -7, 10, -87, -44]	[58, 111, 106, 186, 145]	[10004, 10003, 9998, 10002, 9997]	[225, 218, 191, 221, 160]
496	34.0	[-54, 100, -13, -23, -81]	[3, -148, -70, 43, -60]	[-85, -81, 17, -36, -41]	[-50, -142, -96, -88, -75]	[124, -113, -111, 38, -63]	[-168, -18, 13, -74, 84]	[-73, 59, 5, 75, 176]	[-92, -145, -115, -111, -157]	[-160, -78, -70, -131, -120]	[51, -7, 11, -88, -83]	[-4, 113, 103, 186, 139]	[10004, 10003, 9998, 10002, 9997]	[225, 218, 191, 221, 160]
497	33.5	[82, 93, -48, -4, 6]	[-111, -145, -71, 37, 171]	[-103, -64, 15, 9, -170]	[-51, -142, -99, -88, -92]	[133, -100, -104, 44, -51]	[-114, -13, 14, -68, 39]	[-99, 63, 5, 73, 179]	[-76, -108, -108, -119, -158]	[-161, -78, -69, -133, -123]	[-7, -6, -3, -70, -109]	[-45, 122, 105, 183, 30]	[9995, 10003, 9999, 9998, 10000]	[221, 214, 189, 245, 213]
498	29.0	[-49, 101, -9, -41, -81]	[-9, -145, -70, 52, -81]	[-85, -69, 19, -26, -41]	[-50, -137, -98, -87, -68]	[109, -138, -112, 58, -113]	[-168, -14, 13, -76, 39]	[-6, 63, 6, 77, 172]	[-81, -146, -116, -113, -157]	[-151, -78, -72, -135, -127]	[65, -15, -6, -26, -44]	[169, 119, 106, 183, 172]	[10009, 10003, 9998, 10002, 9997]	[225, 218, 191, 221, 160]
499	29.0	[82, 93, -48, -4, 6]	[-111, -145, -71, 37, 171]	[-103, -64, 15, 9, -170]	[-51, -142, -99, -88, -92]	[133, -100, -104, 44, -51]	[-114, -13, 14, -68, 39]	[-99, 63, 5, 73, 179]	[-76, -108, -108, -119, -158]	[-161, -78, -69, -133, -123]	[-7, -6, -3, -70, -109]	[-45, 122, 105, 183, 30]	[9995, 10003, 9999, 9998, 10000]	[221, 214, 189, 245, 213]
500	29.5	[-55, 95, -9, -36, -81]	[13, -148, -65, 50, -191]	[-81, -51, 24, -30, -42]	[-46, -27, -117, -88, -68]	[128, -86, -107, 86, -114]	[-146, -27, 13, -59, 56]	[-77, 58, 3, 78, 154]	[-93, -155, -119, -110, -148]	[-171, -50, -82, -124, -119]	[-40, -18, 11, 1, -85]	[156, 119, 102, 185, 69]	[10004, 10003, 10005, 9996, 9997]	[215, 185, 189, 265, 233]
501	30.0	[-53, 100, -15, -23, -75]	[3, -146, -70, 43, -60]	[-85, -78, 3, -36, -41]	[-25, -142, -96, -88, -75]	[124, -113, -111, 37, -63]	[-168, -17, 13, -74, 84]	[-51, 59, 5, 75, 176]	[-98, -157, -121, -111, -157]	[-159, -78, -75, -131, -120]	[51, -7, 11, -88, -83]	[-4, 113, 103, 186, 139]	[10004, 10003, 9998, 10002, 9997]	[225, 218, 191, 221, 160]
502	32.0	[-49, 126, -15, -19, -57]	[0, -146, -70, 28, -41]	[-85, -81, 17, -36, -41]	[-50, -137, -97, -88, -71]	[124, -113, -114, 43, -98]	[-168, -15, 10, -69, 46]	[-108, 58, 2, 74, 175]	[-98, -145, -116, -117, -157]	[-158, -78, -69, -125, -120]	[57, -14, 11, -87, -44]	[149, 111, 119, 186, 139]	[10004, 10003, 9998, 9993, 9997]	[225, 218, 191, 221, 160]
503	30.5	[-49, 101, -9, -41, -81]	[-9, -145, -70, 52, -81]	[-85, -69, 19, -26, -41]	[-50, -137, -98, -87, -68]	[109, -138, -87, 58, -113]	[-168, -14, 13, -76, 39]	[-6, 63, 6, 77, 172]	[-81, -146, -116, -113, -157]	[-151, -78, -72, -135, -127]	[65, -15, -6, -26, -44]	[169, 119, 106, 183, 172]	[10009, 10003, 9998, 10002, 9997]	[225, 218, 191, 215, 160]
504	33.0	[-49, 101, -15, -22, 84]	[-9, -145, -88, 40, 35]	[-85, -69, 7, -2, -84]	[-44, -150, -98, -99, -90]	[109, -138, -114, 52, -96]	[-168, -15, 13, -75, 39]	[16, 66, 2, 84, 177]	[-56, -134, -114, -119, -164]	[-150, -78, -69, -117, -142]	[27, -9, -15, -26, -50]	[195, 122, 106, 183, 172]	[10004, 10003, 9998, 10002, 9997]	[225, 218, 191, 221, 160]
505	29.0	[-54, 100, -13, -23, -81]	[3, -148, -70, 43, -60]	[-85, -81, 17, -36, -41]	[-50, -142, -96, -88, -75]	[124, -113, -111, 38, -63]	[-168, -18, 13, -74, 84]	[-73, 59, 5, 75, 176]	[-92, -145, -115, -111, -157]	[-135, -78, -70, -131, -120]	[51, -7, 11, -88, -83]	[-4, 113, 103, 186, 139]	[10004, 10003, 9998, 10002, 9997]	[225, 218, 191, 221, 160]
506	27.5	[-54, 100, -13, -23, -81]	[3, -148, -70, 43, -60]	[-85, -81, 17, -36, -41]	[-50, -142, -96, -88, -75]	[124, -113, -111, 38, -63]	[-168, -18, 13, -74, 84]	[-73, 59, 5, 75, 176]	[-92, -145, -115, -111, -157]	[-135, -78, -70, -131, -120]	[51, -7, 11, -88, -83]	[-4, 113, 103, 186, 139]	[10004, 10003, 9998, 10002, 9997]	[225, 218, 191, 221, 160]
507	35.0	[-54, 100, -13, -23, -81]	[3, -148, -70, 43, -60]	[-85, -81, 17, -36, -41]	[-50, -142, -96, -88, -75]	[124, -113, -111, 38, -63]	[-168, -18, 13, -74, 84]	[-73, 59, 5, 75, 176]	[-92, -145, -115, -111, -157]	[-135, -78, -70, -131, -120]	[51, -7, 11, -88, -83]	[-4, 113, 103, 186, 139]	[10004, 10003, 9998, 10002, 9997]	[225, 218, 191, 221, 160]
508	37.0	[-24, 101, -15, -22, 84]	[-65, -148, -79, 40, 12]	[-87, -65, 1, 0, -84]	[-44, -150, -93, -102, -90]	[109, -130, -108, 52, -96]	[-168, -15, 13, -55, 39]	[16, 66, 2, 84, 200]	[-56, -134, -114, -119, -164]	[-150, -78, -69, -117, -142]	[27, -9, -15, -26, -50]	[195, 122, 106, 183, 172]	[10004, 10003, 9998, 10002, 9997]	[225, 218, 191, 221, 160]
509	34.5	[-54, 100, -13, -23, -81]	[3, -148, -70, 43, -60]	[-85, -81, 17, -36, -41]	[-50, -142, -96, -88, -75]	[124, -113, -111, 38, -63]	[-168, -18, 13, -74, 84]	[-73, 59, 5, 75, 176]	[-92, -145, -115, -111, -157]	[-135, -78, -70, -131, -120]	[51, -7, 11, -88, -83]	[-4, 113, 103, 186, 139]	[10004, 10003, 9998, 10002, 9997]	[225, 218, 191, 221, 160]
510	34.5	[-48, 52, -58, -19, 66]	[-48, -147, -84, 36, 145]	[-102, -58, 13, -19, -65]	[-47, -154, -94, -109, -87]	[129, -119, -108, 58, -33]	[-120, -22, 10, -70, 45]	[-97, 65, 3, 79, 180]	[-114, -86, -114, -119, -174]	[-170, -78, -66, -122, -138]	[-82, -21, 7, -85, -77]	[42, 137, 104, 183, -3]	[10000, 10003, 10001, 9994, 9997]	[221, 220, 189, 250, 213]
511	34.5	[-24, 101, -15, -22, 84]	[-65, -148, -79, 40, 12]	[-87, -65, 1, 0, -84]	[-44, -150, -93, -102, -90]	[109, -130, -108, 52, -96]	[-168, -15, 13, -55, 39]	[16, 66, 2, 84, 200]	[-56, -134, -114, -119, -164]	[-150, -78, -69, -117, -142]	[27, -9, -15, -26, -50]	[195, 122, 106, 183, 172]	[10004, 10003, 9998, 10002, 9997]	[225, 218, 191, 221, 160]
512	31.5	[-24, 101, -15, -22, 84]	[-65, -148, -79, 40, 12]	[-87, -65, 1, 0, -84]	[-44, -150, -93, -102, -90]	[109, -130, -108, 52, -96]	[-168, -15, 13, -55, 39]	[16, 66, 2, 84, 200]	[-56, -134, -114, -119, -164]	[-150, -78, -69, -117, -142]	[27, -9, -15, -26, -50]	[195, 122, 106, 183, 172]	[10004, 10003, 9998, 10002, 9997]	[225, 218, 191, 221, 160]
513	35.0	[-49, 101, -9, -47, -81]	[-9, -145, -70, 52, -81]	[-85, -69, 19, -26, -41]	[-50, -137, -98, -87, -68]	[109, -138, -87, 58, -113]	[-168, -14, 13, -76, 39]	[-6, 63, 6, 77, 172]	[-81, -146, -116, -113, -157]	[-151, -77, -76, -135, -127]	[65, -15, -6, -26, -44]	[169, 112, 106, 184, 158]	[10009, 10003, 9998, 10002, 9997]	[225, 218, 191, 215, 160]
514	32.0	[-25, 101, -15, -22, 84]	[-9, -145, -86, 40, 35]	[-85, -69, 14, 1, -84]	[-46, -150, -98, -89, -90]	[109, -138, -114, 53, -96]	[-152, -14, 12, -63, 39]	[16, 65, 3, 76, 177]	[-56, -134, -113, -119, -163]	[-150, -78, -69, -117, -142]	[8, -9, -12, -34, -60]	[-3, 122, 105, 183, 172]	[10004, 10003, 9998, 10002, 9997]	[225, 218, 191, 221, 160]
515	31.0	[-49, 101, -9, -47, -81]	[-9, -145, -70, 52, -81]	[-85, -69, 19, -26, -41]	[-50, -137, -98, -87, -68]	[109, -138, -87, 58, -113]	[-168, -14, 13, -76, 39]	[-6, 63, 6, 77, 172]	[-81, -146, -116, -113, -157]	[-157, -77, -76, -135, -127]	[65, -15, -6, -26, -44]	[169, 112, 106, 184, 158]	[10009, 10003, 9998, 10002, 9997]	[225, 218, 191, 215, 160]
516	31.5	[-49, 95, -9, -47, -81]	[-9, -145, -70, 52, -81]	[-85, -69, 19, -26, -41]	[-50, -137, -98, -87, -68]	[109, -138, -87, 58, -113]	[-168, -14, 13, -76, 39]	[-6, 63, 6, 77, 172]	[-81, -146, -116, -113, -157]	[-157, -77, -76, -135, -127]	[65, -15, -6, -26, -44]	[169, 112, 106, 184, 158]	[10009, 10003, 9998, 10002, 9997]	[225, 218, 191, 215, 160]
517	39.5	[-49, 95, -9, -47, -81]	[-9, -145, -70, 52, -81]	[-85, -69, 19, -26, -41]	[-50, -137, -98, -87, -68]	[109, -138, -87, 58, -113]	[-168, -14, 13, -76, 39]	[-6, 63, 6, 77, 172]	[-81, -146, -116, -113, -157]	[-157, -77, -76, -135, -127]	[65, -15, -6, -26, -44]	[169, 112, 106, 184, 158]	[10009, 10003, 9998, 10002, 9997]	[225, 218, 191, 215, 160]
518	31.0	[-54, 94, -13, -23, -81]	[3, -148, -70, 43, -66]	[-85, -81, 17, -36, -47]	[-50, -142, -96, -88, -75]	[124, -113, -111, 38, -63]	[-168, -18, 13, -74, 84]	[-73, 59, 5, 75, 176]	[-92, -145, -115, -111, -157]	[-135, -78, -70, -131, -114]	[51, -7, 17, -88, -83]	[-4, 113, 103, 186, 139]	[10010, 10003, 9998, 10002, 9997]	[225, 218, 191, 221, 160]
519	30.0	[-49, 95, -9, -47, -81]	[-9, -145, -70, 50, -72]	[-85, -69, 18, -35, -41]	[-50, -137, -98, -87, -75]	[109, -138, -87, 47, -113]	[-173, -17, 13, -76, 39]	[-6, 63, 6, 77, 174]	[-81, -146, -116, -113, -161]	[-157, -78, -80, -134, -123]	[65, -10, -2, -73, -44]	[160, 118, 106, 186, 158]	[10009, 10003, 9998, 10002, 9997]	[225, 218, 191, 218, 160]
520	36.5	[-48, 52, -58, -19, 67]	[-48, -147, -82, 35, 145]	[-102, -61, 11, -4, -65]	[-47, -143, -98, -90, -81]	[129, -125, -109, 58, -33]	[-120, -22, 11, -67, 42]	[-97, 68, 2, 79, 180]	[-96, -87, -114, -119, -174]	[-152, -78, -70, -122, -144]	[-82, -21, 7, -85, -77]	[42, 137, 104, 183, -3]	[10003, 10003, 9999, 9994, 9997]	[225, 219, 189, 250, 213]
521	30.5	[-49, 101, -15, -22, 84]	[-9, -145, -88, 40, 35]	[-112, -55, 1, -2, -84]	[-50, -137, -97, -99, -90]	[109, -113, -114, 43, -113]	[-168, -28, 12, -56, 42]	[-42, 68, 5, 78, 173]	[-71, -153, -115, -114, -158]	[-151, -60, -77, -127, -129]	[85, 9, -16, -81, -44]	[192, 122, 106, 184, 139]	[10007, 10003, 9998, 9990, 9997]	[225, 218, 191, 221, 160]
522	39.5	[-55, 95, -9, -36, -81]	[9, -146, -84, 50, -191]	[-99, -56, 15, -9, -42]	[-46, -117, -96, -90, -77]	[128, -99, -107, 54, -113]	[-161, -24, 10, -55, 42]	[-50, 67, 3, 78, 169]	[-87, -155, -106, -117, -148]	[-170, -53, -87, -124, -119]	[-40, -18, 11, 1, -85]	[156, 119, 102, 185, 69]	[10004, 10003, 10005, 9996, 9997]	[215, 185, 189, 265, 233]
523	35.5	[-48, 52, -58, -19, 66]	[-48, -147, -84, 36, 145]	[-102, -64, 10, -9, -67]	[-47, -145, -94, -106, -78]	[111, -123, -109, 56, -39]	[-120, -22, 12, -68, 45]	[-65, 68, 3, 79, 180]	[-114, -86, -114, -119, -168]	[-170, -78, -69, -122, -138]	[7, -17, 7, -85, -77]	[42, 137, 104, 183, 161]	[10000, 10003, 10001, 9994, 9997]	[221, 220, 189, 250, 213]
524	32.0	[-48, 52, -58, -19, 67]	[-48, -147, -82, 35, 145]	[-102, -61, 11, -4, -65]	[-47, -143, -98, -90, -81]	[129, -125, -109, 58, -33]	[-120, -22, 11, -67, 42]	[-97, 68, 2, 79, 180]	[-96, -87, -114, -119, -174]	[-152, -78, -70, -122, -144]	[-82, -21, 7, -85, -77]	[42, 137, 104, 183, -3]	[10003, 10003, 9999, 9994, 9997]	[225, 219, 189, 250, 213]
525	35.0	[-49, 101, -15, -22, 84]	[-9, -145, -88, 40, 35]	[-112, -55, 1, -2, -84]	[-50, -137, -97, -99, -90]	[117, -113, -114, 43, -113]	[-168, -28, 10, -60, 42]	[-42, 67, 5, 79, 175]	[-60, -135, -114, -113, -158]	[-150, -78, -69, -119, -126]	[44, 1, -6, -81, -44]	[195, 122, 106, 186, 139]	[10009, 10003, 10000, 9999, 9997]	[225, 218, 191, 221, 160]
526	31.0	[-49, 101, -15, -22, 84]	[-9, -145, -88, 40, -19]	[-112, -63, 1, -2, -84]	[-50, -137, -97, -99, -90]	[109, -113, -114, 43, -113]	[-168, -28, 10, -60, 42]	[-42, 68, 5, 79, 175]	[-65, -137, -115, -114, -158]	[-150, -78, -77, -128, -126]	[76, 8, -6, -81, -50]	[192, 122, 106, 186, 139]	[10010, 10003, 9998, 9996, 9997]	[225, 218, 191, 221, 166]
527	34.0	[-48, 52, -58, -19, 66]	[-48, -147, -84, 36, 145]	[-102, -64, 10, -9, -67]	[-47, -145, -94, -106, -78]	[111, -123, -109, 56, -39]	[-120, -22, 12, -68, 45]	[-65, 68, 3, 79, 180]	[-114, -86, -114, -119, -168]	[-170, -78, -69, -122, -138]	[7, -17, 7, -85, -77]	[42, 137, 104, 177, 161]	[10000, 10003, 10001, 9994, 9997]	[221, 220, 189, 250, 213]
528	31.5	[-48, 52, -58, -19, 67]	[-48, -147, -82, 35, 145]	[-102, -61, 11, -4, -65]	[-47, -143, -98, -90, -81]	[129, -125, -109, 58, -33]	[-120, -22, 11, -67, 42]	[-97, 68, 2, 79, 180]	[-96, -87, -114, -119, -174]	[-152, -78, -70, -122, -144]	[-82, -21, 7, -85, -77]	[42, 137, 104, 183, -3]	[10003, 10003, 9999, 9994, 9997]	[225, 219, 189, 250, 213]
529	34.0	[-25, 101, -15, -23, 84]	[-2, -146, -86, 40, 35]	[-85, -72, 14, 1, -84]	[-46, -149, -96, -89, -90]	[109, -138, -114, 45, -96]	[-152, -14, 12, -63, 39]	[-24, 61, 3, 76, 177]	[-69, -150, -116, -118, -163]	[-150, -78, -69, -117, -142]	[8, -9, -12, -34, -60]	[-3, 122, 105, 189, 172]	[10004, 10003, 9998, 10002, 9997]	[225, 218, 191, 221, 160]
530	34.5	[-53, 100, -15, -23, -75]	[3, -146, -70, 43, -60]	[-85, -78, 3, -36, -41]	[-37, -142, -96, -90, -69]	[118, -123, -110, 44, -92]	[-174, -17, 13, -67, 43]	[-51, 59, 3, 78, 177]	[-62, -150, -116, -114, -161]	[-159, -78, -69, -119, -117]	[51, -7, 11, -71, -77]	[195, 113, 106, 186, 139]	[10004, 10003, 9998, 10002, 9997]	[225, 218, 191, 221, 160]
531	28.5	[-49, 101, -15, -22, 84]	[-9, -145, -88, 40, 35]	[-94, -56, 1, -2, -84]	[-44, -150, -97, -99, -91]	[111, -118, -114, 52, -96]	[-168, -27, 13, -75, 39]	[-38, 68, -3, 84, 177]	[-56, -136, -115, -118, -164]	[-150, -78, -74, -124, -130]	[71, -1, -8, -46, -50]	[195, 122, 106, 185, 147]	[10004, 10003, 10004, 10002, 9997]	[225, 218, 191, 221, 160]
532	31.0	[-49, 101, -15, -22, 84]	[-9, -139, -88, 40, 35]	[-112, -55, 1, -2, -84]	[-50, -137, -97, -99, -90]	[109, -113, -114, 43, -113]	[-168, -28, 12, -56, 42]	[-42, 68, 5, 78, 173]	[-71, -153, -115, -114, -158]	[-151, -60, -77, -127, -129]	[85, 9, -16, -81, -44]	[192, 122, 106, 184, 139]	[10006, 10003, 9998, 9994, 9997]	[225, 218, 191, 221, 160]
533	35.0	[-55, 64, -43, -42, -81]	[13, -147, -67, 36, -191]	[-83, -58, 18, -4, -42]	[-46, -133, -96, -82, -68]	[128, -120, -109, 68, -114]	[-154, -16, 13, -64, 42]	[-95, 65, 3, 76, 164]	[-93, -140, -116, -115, -168]	[-164, -54, -84, -127, -119]	[-40, -12, 9, -59, -66]	[156, 119, 102, 185, 122]	[10004, 10003, 9999, 9987, 9997]	[215, 185, 189, 258, 233]
534	34.0	[-49, 101, -15, -22, 84]	[-9, -145, -88, 40, 35]	[-112, -55, 1, -2, -84]	[-50, -137, -97, -99, -90]	[117, -113, -114, 43, -113]	[-168, -28, 10, -60, 42]	[-42, 67, 5, 79, 175]	[-60, -135, -114, -113, -158]	[-150, -78, -80, -125, -126]	[44, 1, -6, -81, -44]	[195, 122, 106, 186, 139]	[10009, 10003, 10000, 9999, 9997]	[225, 218, 191, 221, 160]
535	34.0	[-25, 101, -15, -23, 84]	[-2, -146, -86, 40, 35]	[-85, -72, 14, 1, -84]	[-46, -149, -96, -89, -90]	[109, -138, -114, 45, -96]	[-152, -14, 12, -63, 39]	[-24, 61, 3, 76, 177]	[-69, -150, -116, -118, -163]	[-150, -78, -69, -117, -142]	[8, -9, -12, -34, -60]	[-3, 122, 105, 189, 172]	[10004, 10003, 9998, 10002, 9997]	[225, 218, 191, 221, 160]
536	37.5	[-24, 101, -15, -22, 84]	[-65, -148, -79, 40, 12]	[-87, -65, 1, 0, -84]	[-44, -150, -93, -102, -90]	[109, -130, -108, 52, -96]	[-168, -15, 13, -56, 52]	[16, 66, 2, 81, 167]	[-68, -142, -115, -117, -168]	[-150, -60, -69, -118, -142]	[27, -9, -15, -26, -50]	[195, 122, 106, 183, 172]	[10004, 10003, 9998, 10002, 9997]	[225, 218, 191, 221, 166]
537	33.5	[-25, 101, -15, -23, 84]	[-2, -146, -86, 40, 35]	[-85, -72, 14, 1, -84]	[-46, -149, -96, -89, -90]	[109, -138, -114, 45, -96]	[-152, -14, 12, -63, 39]	[-24, 61, 3, 76, 177]	[-69, -150, -116, -118, -163]	[-150, -78, -69, -117, -142]	[8, -9, -12, -34, -60]	[-3, 122, 105, 189, 172]	[10004, 10003, 9998, 10002, 9997]	[225, 218, 191, 221, 160]
538	34.5	[-53, 100, -15, -23, -75]	[3, -152, -70, 43, -60]	[-85, -78, 3, -36, -41]	[-37, -142, -96, -90, -69]	[118, -123, -110, 44, -86]	[-174, -17, 13, -67, 43]	[-81, 59, 3, 78, 173]	[-62, -150, -116, -114, -161]	[-162, -76, -77, -126, -117]	[51, -10, 9, -71, -77]	[195, 115, 106, 185, 136]	[10004, 10003, 9999, 10002, 9997]	[225, 218, 191, 221, 160]
539	36.0	[-49, 101, -15, -22, 84]	[-9, -145, -88, 40, -19]	[-112, -63, 1, -2, -84]	[-50, -131, -97, -99, -90]	[115, -113, -114, 43, -113]	[-168, -28, 10, -60, 42]	[-42, 68, 5, 79, 175]	[-65, -121, -117, -116, -162]	[-150, -78, -77, -128, -126]	[76, 8, -6, -81, -65]	[192, 122, 108, 185, 139]	[10006, 10003, 9998, 9996, 9997]	[225, 218, 191, 221, 166]
540	36.0	[-49, 101, -15, -22, 84]	[-9, -145, -88, 40, -19]	[-112, -63, 1, -2, -84]	[-50, -131, -97, -99, -90]	[115, -113, -114, 43, -113]	[-168, -28, 10, -60, 42]	[-42, 68, 5, 79, 175]	[-65, -121, -117, -116, -162]	[-150, -78, -77, -128, -126]	[76, 8, -6, -81, -65]	[192, 122, 108, 185, 139]	[10006, 10003, 9998, 9996, 9997]	[225, 218, 191, 221, 166]
541	35.0	[-53, 100, -15, -23, -75]	[3, -140, -84, 42, -14]	[-93, -64, 1, -36, -41]	[-50, -137, -96, -99, -76]	[111, -114, -114, 45, -78]	[-121, -22, 13, -61, 43]	[-65, 68, 4, 79, 176]	[-98, -98, -117, -114, -158]	[-159, -78, -78, -129, -125]	[75, 4, 9, -81, -69]	[39, 121, 109, 186, 139]	[10002, 10003, 10000, 9997, 9997]	[225, 224, 191, 221, 160]
542	34.0	[-49, 101, -15, -22, 84]	[-9, -139, -88, 40, 35]	[-112, -55, 1, -2, -84]	[-50, -137, -97, -99, -90]	[109, -125, -114, 45, -113]	[-160, -15, 12, -56, 42]	[-37, 68, 5, 78, 173]	[-71, -153, -115, -114, -158]	[-151, -68, -76, -124, -129]	[85, 9, -16, -81, -44]	[192, 122, 106, 184, 139]	[10006, 10003, 9998, 9994, 9997]	[225, 218, 191, 221, 160]
543	37.5	[-49, 101, -15, -22, 84]	[-9, -145, -88, 40, -19]	[-112, -63, 1, -2, -84]	[-50, -131, -97, -99, -90]	[115, -113, -114, 43, -113]	[-168, -28, 10, -60, 42]	[-42, 68, 5, 79, 175]	[-65, -121, -111, -116, -162]	[-150, -78, -77, -128, -126]	[76, 8, -6, -81, -65]	[192, 122, 108, 185, 139]	[10006, 10003, 9998, 9996, 9997]	[225, 218, 191, 221, 166]
544	36.5	[-25, 101, -15, -23, 84]	[-2, -146, -86, 40, 35]	[-85, -72, 14, 1, -84]	[-46, -149, -96, -89, -90]	[109, -130, -114, 45, -96]	[-152, -14, 13, -64, 39]	[-24, 61, 3, 79, 177]	[-69, -150, -116, -118, -163]	[-150, -78, -69, -117, -142]	[71, -6, -12, -39, -58]	[-3, 122, 105, 189, 172]	[10004, 10003, 10004, 10002, 9997]	[225, 218, 191, 221, 160]
545	28.5	[-49, 101, -15, -16, 84]	[-9, -145, -88, 40, -19]	[-112, -63, 1, -2, -84]	[-50, -131, -97, -99, -90]	[115, -113, -114, 43, -113]	[-168, -28, 10, -60, 42]	[-42, 68, 5, 79, 175]	[-65, -121, -111, -116, -162]	[-150, -78, -77, -128, -126]	[76, 8, -6, -81, -65]	[192, 122, 108, 185, 139]	[10006, 10003, 9998, 9996, 9997]	[225, 218, 191, 221, 166]
546	35.5	[-49, 101, -15, -22, 84]	[-9, -139, -88, 40, 35]	[-112, -55, 1, -2, -84]	[-50, -137, -97, -99, -90]	[103, -125, -114, 45, -113]	[-160, -15, 12, -56, 42]	[-37, 68, 5, 78, 173]	[-71, -153, -115, -114, -158]	[-151, -68, -76, -124, -129]	[85, 9, -16, -81, -44]	[192, 122, 106, 184, 139]	[10006, 10003, 9998, 9994, 9997]	[225, 218, 191, 221, 160]
547	35.0	[-49, 101, -15, -22, 84]	[-9, -139, -88, 40, 35]	[-112, -55, 1, -2, -84]	[-50, -137, -97, -99, -90]	[103, -125, -114, 45, -113]	[-160, -15, 12, -56, 42]	[-37, 68, 5, 78, 173]	[-71, -153, -115, -114, -158]	[-151, -68, -76, -124, -129]	[85, 9, -16, -81, -44]	[192, 122, 106, 184, 139]	[10006, 10003, 9998, 9994, 9997]	[225, 218, 191, 221, 160]
548	37.0	[-24, 101, -15, -22, 84]	[-65, -147, -79, 40, 12]	[-87, -65, 1, -2, -84]	[-44, -142, -95, -101, -90]	[125, -99, -113, 53, -96]	[-168, -15, 13, -60, 49]	[16, 66, 2, 81, 167]	[-74, -145, -115, -117, -168]	[-150, -54, -69, -118, -142]	[27, -9, -15, -26, -54]	[195, 122, 102, 184, 172]	[10004, 10003, 9998, 10002, 9997]	[225, 218, 191, 221, 166]
549	36.5	[-49, 101, -15, -16, 84]	[-9, -145, -88, 40, -19]	[-112, -63, 1, -2, -84]	[-50, -131, -97, -99, -90]	[115, -113, -114, 43, -113]	[-168, -28, 10, -60, 42]	[-42, 68, 5, 79, 175]	[-65, -121, -111, -116, -162]	[-150, -78, -77, -128, -126]	[76, 8, -6, -81, -65]	[192, 122, 108, 185, 139]	[10006, 10003, 9998, 9996, 9997]	[225, 218, 191, 221, 166]
550	35.0	[-49, 101, -15, -16, 84]	[-9, -145, -88, 40, -19]	[-112, -63, 1, -2, -84]	[-50, -131, -97, -99, -90]	[115, -113, -114, 43, -113]	[-168, -28, 10, -60, 42]	[-42, 68, 5, 79, 175]	[-65, -121, -111, -116, -162]	[-150, -78, -77, -128, -126]	[76, 8, -6, -81, -65]	[192, 122, 108, 185, 139]	[10006, 10003, 9998, 9996, 9997]	[225, 218, 191, 221, 166]
551	38.5	[-24, 101, -15, -22, 84]	[-65, -148, -79, 40, 12]	[-87, -65, 1, 0, -84]	[-44, -150, -93, -102, -90]	[114, -117, -108, 52, -96]	[-168, -15, 13, -57, 49]	[16, 66, 2, 81, 167]	[-68, -132, -115, -117, -165]	[-150, -60, -71, -118, -142]	[27, -1, -7, -77, -67]	[167, 122, 108, 183, 172]	[10004, 10003, 9999, 9996, 9997]	[225, 218, 189, 244, 178]
552	33.0	[-49, 101, -15, -22, 11]	[3, -140, -75, 40, 35]	[-108, -65, 4, -5, -84]	[-39, -139, -96, -98, -90]	[112, -112, -108, 51, -113]	[-168, -28, 12, -63, 40]	[-28, 66, 4, 73, 173]	[-71, -147, -115, -115, -159]	[-153, -63, -80, -121, -129]	[85, 0, -1, -79, -82]	[180, 121, 106, 184, 139]	[10005, 10003, 9998, 9995, 9997]	[225, 218, 189, 228, 207]
553	44.0	[-24, 101, -15, -22, 84]	[-65, -147, -79, 40, 12]	[-87, -65, 1, -2, -84]	[-44, -142, -95, -101, -90]	[125, -99, -113, 53, -96]	[-168, -15, 13, -60, 49]	[16, 66, 2, 81, 173]	[-74, -145, -115, -117, -168]	[-150, -54, -69, -118, -142]	[27, -9, -15, -26, -54]	[195, 122, 102, 184, 172]	[10004, 10003, 9998, 10002, 9997]	[225, 218, 191, 221, 166]
554	38.5	[-53, 100, -15, -29, -75]	[3, -152, -70, 43, -60]	[-85, -78, 3, -36, -41]	[-37, -142, -96, -90, -69]	[118, -123, -110, 44, -86]	[-174, -17, 13, -67, 37]	[-39, 65, 3, 79, 173]	[-62, -149, -116, -114, -161]	[-159, -72, -75, -119, -117]	[51, -3, 9, -71, -77]	[195, 115, 106, 185, 136]	[10004, 10003, 9999, 10002, 9997]	[225, 218, 191, 227, 160]
555	35.5	[-53, 100, -15, -23, -75]	[3, -140, -70, 43, -23]	[-91, -73, 15, -9, -41]	[-37, -142, -96, -99, -76]	[111, -110, -108, 45, -75]	[-122, -28, 11, -57, 42]	[-65, 68, 5, 79, 173]	[-77, -125, -116, -114, -164]	[-155, -78, -78, -126, -125]	[-34, 1, 0, -81, -61]	[179, 122, 109, 186, 139]	[10005, 10003, 10000, 9996, 9997]	[225, 221, 191, 221, 160]
556	35.0	[-25, 107, -15, -23, 84]	[-2, -146, -86, 40, 35]	[-85, -72, 14, 1, -84]	[-46, -149, -96, -89, -90]	[115, -130, -114, 45, -96]	[-152, -14, 13, -64, 39]	[-24, 61, 3, 79, 177]	[-69, -150, -116, -118, -163]	[-150, -78, -69, -117, -142]	[71, -6, -12, -39, -58]	[-3, 122, 105, 189, 172]	[10004, 10003, 10005, 10002, 9997]	[225, 218, 191, 251, 199]
557	34.5	[-24, 101, -15, -22, 84]	[-65, -147, -79, 40, 12]	[-87, -65, 1, -2, -84]	[-44, -142, -95, -101, -90]	[125, -99, -113, 53, -96]	[-168, -15, 13, -60, 49]	[16, 66, 2, 81, 173]	[-74, -145, -115, -117, -168]	[-150, -54, -69, -118, -142]	[27, -9, -15, -26, -54]	[195, 122, 102, 184, 172]	[10004, 10003, 9998, 10002, 9997]	[225, 218, 191, 221, 166]
558	37.0	[-25, 107, -15, -23, 84]	[-2, -146, -86, 40, 35]	[-85, -72, 14, 1, -84]	[-46, -149, -96, -89, -90]	[115, -130, -111, 45, -96]	[-152, -14, 13, -62, 38]	[-24, 68, 3, 79, 177]	[-69, -150, -116, -118, -163]	[-150, -78, -69, -117, -142]	[71, -6, -12, -39, -58]	[-3, 122, 105, 189, 172]	[10004, 10003, 10004, 10002, 9997]	[225, 218, 191, 221, 160]
559	32.5	[-53, 100, -15, -23, -75]	[3, -140, -70, 43, -23]	[-91, -73, 15, -9, -41]	[-37, -142, -97, -99, -79]	[111, -112, -112, 44, -75]	[-122, -28, 11, -58, 42]	[-65, 68, 5, 79, 173]	[-98, -134, -122, -114, -158]	[-152, -77, -82, -125, -125]	[-34, 1, 9, -81, -64]	[180, 122, 109, 186, 139]	[10005, 10003, 10000, 9996, 9997]	[225, 221, 191, 221, 160]
560	36.5	[-24, 101, -15, -22, 84]	[-65, -147, -79, 40, 12]	[-87, -65, 1, -2, -84]	[-44, -142, -95, -101, -90]	[125, -99, -113, 53, -96]	[-168, -15, 13, -60, 49]	[16, 66, 2, 81, 173]	[-74, -145, -115, -117, -168]	[-150, -54, -69, -118, -142]	[27, -9, -15, -26, -54]	[195, 122, 102, 184, 172]	[10004, 10003, 9998, 10002, 9997]	[225, 218, 191, 221, 166]
561	32.0	[-25, 107, -15, -23, 84]	[-2, -146, -86, 40, 35]	[-85, -72, 14, 1, -84]	[-46, -149, -96, -89, -90]	[115, -130, -114, 45, -96]	[-152, -14, 13, -64, 39]	[-24, 61, 3, 79, 177]	[-69, -150, -116, -118, -163]	[-150, -78, -69, -117, -142]	[71, -6, -12, -39, -58]	[-3, 122, 105, 189, 172]	[10004, 10003, 10005, 10002, 9997]	[225, 218, 191, 251, 199]
562	38.0	[-49, 101, -15, -22, 84]	[-9, -139, -88, 40, 35]	[-112, -55, 1, -2, -84]	[-43, -141, -97, -99, -90]	[103, -125, -111, 45, -113]	[-160, -15, 13, -58, 37]	[-37, 68, 5, 78, 173]	[-71, -153, -116, -114, -158]	[-161, -70, -75, -123, -117]	[85, 9, -4, -75, -44]	[192, 122, 106, 185, 139]	[10006, 10003, 9998, 9999, 9997]	[225, 218, 191, 221, 160]
563	33.5	[-24, 101, -15, -22, 84]	[-65, -147, -79, 40, 12]	[-87, -65, 1, -2, -84]	[-44, -142, -95, -101, -90]	[125, -99, -113, 53, -96]	[-168, -15, 13, -60, 49]	[16, 66, 2, 81, 173]	[-74, -145, -120, -116, -168]	[-150, -54, -69, -125, -141]	[27, -9, -15, -26, -58]	[195, 122, 102, 185, 169]	[10004, 10003, 9999, 9998, 9997]	[225, 218, 191, 221, 166]
564	33.5	[-49, 101, -15, -22, 84]	[-9, -139, -88, 40, 35]	[-112, -55, 1, -2, -84]	[-43, -141, -97, -99, -90]	[103, -125, -111, 45, -113]	[-160, -15, 13, -58, 37]	[-37, 68, 5, 78, 173]	[-71, -153, -116, -114, -158]	[-161, -70, -75, -123, -117]	[85, 9, -4, -75, -44]	[192, 122, 106, 185, 139]	[10006, 10003, 9998, 9999, 9997]	[225, 218, 191, 221, 160]
565	41.0	[-24, 101, -15, -22, 84]	[-65, -147, -79, 40, 12]	[-87, -65, 1, -2, -84]	[-44, -142, -95, -101, -90]	[125, -99, -113, 53, -96]	[-168, -15, 13, -60, 49]	[16, 66, 2, 81, 173]	[-74, -152, -120, -116, -168]	[-150, -54, -69, -125, -133]	[21, -9, -13, -45, -58]	[195, 122, 102, 185, 169]	[10004, 10003, 9999, 9998, 9997]	[225, 218, 191, 221, 166]
566	35.5	[-53, 100, -15, -23, -75]	[3, -141, -70, 43, -66]	[-90, -78, 8, -36, -41]	[-37, -142, -96, -97, -74]	[118, -119, -109, 44, -92]	[-174, -17, 12, -59, 42]	[-59, 59, 3, 78, 177]	[-62, -150, -116, -114, -161]	[-155, -78, -75, -119, -117]	[51, 2, 9, -79, -72]	[195, 115, 106, 186, 139]	[10004, 10003, 9998, 10002, 9997]	[225, 218, 191, 221, 160]
567	40.5	[-49, 101, -15, -22, 84]	[-9, -141, -72, 40, 35]	[-112, -55, 2, -18, -84]	[-50, -137, -97, -99, -83]	[103, -125, -114, 45, -113]	[-164, -15, 12, -56, 42]	[-70, 61, 5, 78, 173]	[-71, -152, -116, -114, -159]	[-151, -68, -76, -124, -125]	[85, 9, -16, -81, -44]	[192, 122, 106, 184, 139]	[10006, 10003, 9998, 9994, 9997]	[225, 218, 191, 221, 160]
568	36.0	[-53, 100, -15, -23, -75]	[3, -144, -70, 43, -23]	[-89, -73, 15, -2, -58]	[-38, -149, -96, -95, -76]	[111, -112, -108, 45, -75]	[-134, -22, 11, -57, 42]	[-55, 67, 2, 79, 173]	[-77, -148, -116, -114, -164]	[-155, -78, -78, -120, -135]	[-23, -3, -9, -81, -61]	[179, 122, 109, 189, 139]	[10005, 10009, 10000, 9996, 9997]	[225, 221, 191, 221, 160]
569	34.0	[-49, 101, -15, -22, 84]	[-9, -141, -72, 40, 35]	[-112, -55, 2, -18, -84]	[-50, -137, -97, -99, -87]	[103, -125, -114, 45, -113]	[-164, -15, 12, -56, 42]	[-68, 66, 5, 78, 173]	[-71, -152, -116, -114, -159]	[-159, -69, -76, -123, -125]	[85, 9, -14, -81, -44]	[192, 122, 106, 184, 139]	[10006, 10003, 9998, 9994, 9997]	[225, 218, 191, 221, 160]
570	33.5	[-53, 100, -15, -23, -75]	[3, -141, -70, 43, -66]	[-90, -78, 8, -36, -41]	[-37, -142, -96, -97, -74]	[118, -119, -109, 44, -92]	[-174, -17, 12, -59, 42]	[-59, 59, 3, 78, 177]	[-62, -150, -116, -114, -161]	[-155, -78, -75, -119, -117]	[51, 2, 9, -79, -72]	[195, 115, 106, 186, 139]	[10004, 10003, 9998, 10002, 9997]	[225, 218, 191, 221, 160]
571	35.0	[-53, 100, -15, -23, -75]	[3, -144, -70, 43, -23]	[-89, -73, 15, -2, -58]	[-38, -149, -96, -95, -76]	[111, -112, -108, 45, -75]	[-134, -22, 11, -57, 42]	[-55, 67, 2, 79, 173]	[-77, -148, -116, -114, -164]	[-155, -78, -78, -120, -135]	[-23, -3, -9, -81, -61]	[179, 122, 109, 189, 139]	[10005, 10009, 10000, 9996, 9997]	[225, 221, 191, 221, 160]
572	32.5	[-26, 101, -15, -22, 84]	[-16, -144, -74, 40, 12]	[-87, -61, 3, 0, -84]	[-49, -150, -93, -102, -90]	[114, -117, -108, 52, -103]	[-168, -15, 13, -58, 49]	[16, 66, 2, 81, 167]	[-68, -132, -115, -117, -165]	[-150, -60, -71, -118, -142]	[27, -1, -7, -77, -67]	[167, 122, 109, 186, 172]	[10004, 10003, 10000, 9996, 9997]	[225, 218, 189, 244, 178]
573	36.5	[-24, 101, -15, -22, 84]	[-65, -148, -82, 40, 34]	[-87, -65, 2, -2, -84]	[-44, -150, -93, -100, -90]	[105, -121, -108, 52, -103]	[-168, -15, 13, -58, 49]	[16, 66, 2, 81, 167]	[-68, -132, -115, -117, -165]	[-150, -60, -71, -118, -142]	[27, -1, -7, -77, -67]	[167, 122, 109, 186, 172]	[10004, 10003, 10000, 9996, 9997]	[225, 218, 189, 244, 178]
574	35.5	[-53, 100, -15, -23, -75]	[3, -141, -70, 43, -66]	[-90, -78, 8, -36, -41]	[-43, -142, -96, -97, -74]	[118, -119, -109, 44, -92]	[-174, -17, 12, -59, 42]	[-59, 59, 3, 78, 177]	[-62, -150, -116, -114, -161]	[-155, -78, -75, -119, -117]	[51, 2, 9, -79, -72]	[195, 115, 106, 186, 139]	[10004, 10003, 9998, 10002, 9997]	[225, 218, 191, 221, 160]
575	31.0	[-49, 101, -15, -22, 84]	[-9, -141, -72, 40, 35]	[-112, -55, 2, -18, -84]	[-50, -137, -97, -99, -87]	[103, -125, -114, 45, -113]	[-164, -15, 12, -56, 42]	[-68, 66, 5, 78, 173]	[-71, -152, -116, -114, -159]	[-159, -69, -76, -123, -125]	[85, 9, -14, -75, -44]	[192, 122, 106, 184, 139]	[10006, 10003, 9998, 9994, 9997]	[225, 218, 191, 221, 160]
576	33.0	[-53, 100, -15, -23, -75]	[3, -141, -70, 43, -66]	[-90, -78, 8, -36, -41]	[-43, -142, -96, -97, -74]	[118, -119, -109, 44, -92]	[-174, -17, 12, -59, 42]	[-59, 59, 3, 78, 177]	[-62, -150, -116, -114, -161]	[-155, -78, -75, -119, -117]	[51, 2, 9, -79, -72]	[195, 115, 106, 186, 139]	[10004, 10003, 9998, 10002, 9997]	[225, 218, 191, 221, 160]
577	33.5	[-53, 100, -15, -23, -75]	[3, -144, -70, 43, -23]	[-89, -73, 15, -2, -58]	[-38, -149, -96, -95, -76]	[111, -112, -108, 45, -75]	[-134, -22, 11, -57, 42]	[-55, 67, 2, 79, 173]	[-77, -150, -117, -115, -164]	[-155, -78, -78, -124, -135]	[-23, -4, -10, -81, -61]	[179, 122, 103, 185, 152]	[10005, 10009, 10000, 9997, 9996]	[225, 219, 191, 221, 160]
578	32.0	[-26, 101, -15, -22, 84]	[-16, -144, -74, 40, 12]	[-87, -61, 3, -5, -84]	[-49, -150, -93, -102, -87]	[114, -118, -111, 52, -103]	[-168, -15, 13, -57, 49]	[16, 66, 5, 81, 173]	[-68, -132, -115, -117, -165]	[-150, -60, -71, -118, -142]	[27, -1, -7, -77, -67]	[167, 122, 105, 186, 172]	[10004, 10003, 9998, 9996, 9997]	[225, 218, 189, 244, 178]
579	32.5	[-24, 101, -15, -22, 84]	[-65, -154, -82, 40, 34]	[-87, -65, 2, -2, -84]	[-44, -150, -93, -100, -90]	[105, -121, -108, 52, -103]	[-168, -15, 13, -58, 49]	[16, 66, 2, 81, 167]	[-68, -132, -115, -117, -165]	[-150, -60, -71, -118, -142]	[27, -1, -7, -77, -67]	[167, 122, 109, 186, 172]	[10004, 10003, 10000, 9996, 9997]	[225, 218, 189, 244, 178]
580	34.5	[-26, 101, -15, -22, 84]	[-16, -144, -74, 40, 12]	[-87, -61, 3, -5, -84]	[-49, -150, -93, -102, -87]	[114, -118, -111, 52, -103]	[-168, -15, 13, -57, 49]	[16, 66, 5, 81, 173]	[-68, -132, -115, -117, -165]	[-150, -60, -71, -118, -142]	[27, -1, -7, -77, -67]	[167, 122, 105, 186, 172]	[10004, 10003, 9998, 9996, 9997]	[225, 218, 189, 244, 178]
581	40.5	[-49, 105, -15, -23, 84]	[2, -144, -84, 40, 35]	[-89, -76, 14, -4, -81]	[-46, -143, -96, -93, -90]	[115, -130, -110, 45, -96]	[-152, -14, 13, -61, 40]	[-24, 60, 0, 79, 177]	[-69, -150, -116, -118, -161]	[-150, -78, -69, -119, -129]	[71, -6, -12, -39, -65]	[-3, 122, 105, 189, 172]	[10004, 10003, 10004, 10002, 9997]	[225, 218, 191, 221, 160]
582	33.0	[-53, 100, -15, -23, -75]	[3, -144, -72, 42, -23]	[-89, -72, 15, -2, -58]	[-40, -148, -95, -97, -89]	[111, -112, -108, 45, -75]	[-134, -22, 11, -57, 42]	[-55, 67, 2, 79, 173]	[-77, -150, -117, -115, -164]	[-155, -78, -78, -124, -135]	[-23, -4, -10, -81, -61]	[179, 122, 103, 185, 152]	[10005, 10009, 10000, 9997, 9996]	[225, 219, 191, 221, 160]
583	35.0	[-49, 101, -15, -22, 84]	[-4, -141, -72, 40, 35]	[-104, -73, 9, -3, -84]	[-50, -138, -97, -95, -83]	[116, -125, -114, 45, -103]	[-164, -19, 12, -60, 40]	[-41, 66, 5, 78, 173]	[-82, -154, -116, -115, -159]	[-163, -68, -79, -118, -125]	[31, -4, -10, -39, -62]	[176, 121, 106, 187, 163]	[10006, 10003, 9998, 9988, 9997]	[225, 218, 191, 221, 160]
584	32.0	[-49, 105, -15, -23, 84]	[2, -144, -84, 40, 35]	[-89, -76, 14, -4, -81]	[-46, -143, -96, -93, -90]	[115, -130, -110, 45, -102]	[-152, -14, 13, -61, 40]	[-24, 60, 0, 79, 177]	[-69, -150, -116, -118, -161]	[-150, -78, -69, -119, -129]	[71, -6, -12, -39, -65]	[-3, 122, 105, 189, 172]	[10004, 10003, 10004, 10002, 9997]	[225, 218, 191, 221, 160]
585	36.0	[-53, 100, -15, -23, -75]	[3, -144, -70, 43, -29]	[-89, -73, 15, -2, -58]	[-38, -149, -96, -95, -76]	[111, -112, -108, 45, -75]	[-147, -15, 11, -57, 42]	[-55, 67, 2, 81, 173]	[-77, -147, -116, -117, -164]	[-155, -63, -70, -124, -135]	[-23, -4, -10, -47, -57]	[179, 122, 102, 185, 152]	[10005, 10009, 10000, 9997, 9996]	[225, 219, 191, 221, 160]
586	36.5	[-53, 100, -15, -23, -75]	[3, -144, -70, 43, -29]	[-89, -73, 15, -2, -58]	[-38, -149, -96, -95, -76]	[111, -112, -108, 45, -75]	[-147, -15, 11, -57, 42]	[-55, 67, 2, 81, 173]	[-77, -147, -116, -117, -164]	[-155, -63, -70, -124, -135]	[-23, -4, -10, -47, -57]	[179, 122, 102, 185, 152]	[10005, 10009, 10000, 9997, 9996]	[225, 219, 191, 221, 160]
587	37.5	[-24, 101, -15, -22, 84]	[-65, -154, -82, 40, 34]	[-87, -65, 2, -2, -84]	[-44, -150, -93, -100, -90]	[105, -121, -108, 52, -103]	[-168, -15, 13, -58, 49]	[16, 66, 2, 81, 167]	[-68, -132, -115, -117, -165]	[-150, -60, -71, -118, -142]	[27, -1, -7, -77, -67]	[167, 122, 109, 186, 172]	[10004, 10003, 10000, 9996, 9997]	[225, 218, 183, 244, 178]
588	35.0	[-49, 101, -15, -22, 84]	[-9, -141, -72, 40, 35]	[-112, -55, 3, -18, -84]	[-50, -138, -97, -99, -83]	[116, -125, -114, 45, -113]	[-164, -19, 12, -56, 42]	[-59, 66, 5, 81, 173]	[-81, -153, -116, -114, -159]	[-163, -60, -79, -118, -132]	[31, -4, -6, -32, -68]	[176, 121, 106, 185, 94]	[10006, 10003, 9998, 9988, 9997]	[225, 218, 191, 221, 160]
589	34.5	[-49, 101, -15, -22, 84]	[-9, -141, -72, 40, 35]	[-112, -55, 3, -18, -84]	[-50, -138, -97, -99, -83]	[116, -125, -114, 45, -113]	[-164, -19, 12, -56, 42]	[-59, 66, 5, 81, 173]	[-81, -153, -116, -114, -159]	[-163, -60, -79, -118, -132]	[31, -4, -6, -32, -68]	[176, 121, 106, 185, 94]	[10006, 10003, 9998, 9988, 9997]	[225, 218, 191, 221, 160]
590	36.5	[-49, 101, -15, -22, 84]	[-16, -142, -74, 40, 35]	[-112, -65, 3, -13, -84]	[-49, -137, -96, -102, -87]	[103, -123, -114, 45, -113]	[-166, -20, 12, -58, 40]	[-35, 66, 5, 78, 173]	[-71, -148, -116, -114, -159]	[-159, -69, -78, -121, -125]	[85, 8, -11, -75, -44]	[192, 121, 109, 185, 139]	[10006, 9997, 9998, 9994, 9997]	[225, 218, 191, 221, 160]
591	30.0	[-49, 101, -15, -22, 84]	[-9, -143, -72, 40, 35]	[-112, -55, 3, -11, -84]	[-50, -138, -97, -99, -87]	[116, -125, -114, 51, -112]	[-164, -19, 12, -57, 42]	[-25, 66, 4, 78, 173]	[-70, -144, -116, -115, -159]	[-150, -68, -73, -118, -136]	[31, -4, -7, -66, -68]	[176, 121, 106, 185, 94]	[10006, 10003, 9998, 9988, 9997]	[225, 218, 191, 221, 160]
592	33.0	[-24, 101, -15, -22, 84]	[-65, -154, -82, 40, 34]	[-87, -65, 2, -2, -84]	[-44, -150, -93, -100, -90]	[105, -121, -108, 52, -103]	[-168, -15, 13, -58, 49]	[16, 66, 2, 81, 167]	[-68, -132, -115, -117, -165]	[-150, -60, -71, -118, -142]	[27, -1, -7, -77, -67]	[167, 122, 109, 186, 172]	[10004, 10003, 10000, 9996, 9997]	[225, 218, 183, 244, 178]
593	34.0	[-49, 101, -15, -22, 84]	[-4, -141, -72, 40, 35]	[-106, -73, 9, -3, -84]	[-49, -138, -97, -95, -83]	[116, -120, -114, 45, -103]	[-164, -15, 12, -62, 40]	[-41, 66, 4, 78, 173]	[-69, -152, -116, -115, -159]	[-163, -68, -79, -118, -125]	[31, -4, -10, -39, -62]	[176, 121, 106, 187, 163]	[10006, 10003, 9998, 9988, 9997]	[225, 218, 191, 221, 160]
594	31.5	[-49, 101, -15, -22, 84]	[-16, -141, -72, 40, 35]	[-112, -57, 3, -13, -84]	[-49, -137, -96, -102, -87]	[108, -125, -114, 45, -113]	[-166, -20, 12, -58, 40]	[-35, 66, 5, 78, 173]	[-71, -148, -116, -114, -159]	[-159, -69, -78, -121, -125]	[85, 8, -11, -75, -44]	[192, 121, 109, 185, 139]	[10006, 9997, 9998, 9994, 9997]	[225, 218, 191, 221, 160]
595	37.0	[-49, 101, -15, -22, 84]	[-4, -141, -72, 40, 35]	[-106, -73, 9, -3, -84]	[-49, -138, -97, -95, -83]	[116, -120, -114, 45, -103]	[-164, -15, 12, -62, 40]	[-41, 66, 4, 78, 173]	[-75, -152, -116, -115, -159]	[-163, -68, -79, -118, -125]	[31, -4, -10, -39, -62]	[176, 121, 106, 187, 163]	[10006, 10003, 9998, 9988, 9997]	[225, 218, 191, 221, 160]
596	36.5	[-49, 105, -15, -23, 84]	[0, -146, -86, 40, 35]	[-85, -73, 10, -11, -81]	[-46, -142, -96, -89, -90]	[115, -123, -113, 45, -96]	[-152, -17, 13, -62, 41]	[-24, 68, 4, 78, 174]	[-69, -150, -116, -118, -162]	[-150, -78, -71, -118, -142]	[71, -6, -12, -68, -63]	[-3, 118, 105, 189, 172]	[10004, 10003, 10004, 10002, 9997]	[225, 218, 191, 221, 160]
597	37.5	[-49, 101, -15, -22, 84]	[-5, -144, -72, 40, 35]	[-112, -67, 4, -4, -67]	[-50, -138, -97, -97, -83]	[116, -131, -114, 45, -104]	[-164, -19, 12, -56, 42]	[-41, 66, 5, 78, 173]	[-74, -154, -116, -114, -159]	[-163, -65, -78, -118, -125]	[71, -1, -2, -32, -68]	[192, 122, 106, 185, 94]	[10006, 10003, 9998, 9995, 9997]	[225, 218, 191, 221, 160]
598	34.0	[-49, 101, -15, -22, 84]	[-5, -141, -72, 40, 35]	[-112, -67, 4, -4, -84]	[-50, -138, -97, -97, -83]	[116, -125, -114, 45, -104]	[-164, -19, 12, -56, 42]	[-41, 66, 5, 78, 173]	[-74, -154, -116, -114, -159]	[-163, -65, -75, -118, -127]	[71, -3, -3, -54, -68]	[192, 121, 106, 185, 94]	[10006, 10003, 9998, 9993, 9997]	[225, 218, 191, 221, 154]
599	37.5	[-53, 100, -15, -23, -75]	[3, -144, -72, 42, -23]	[-89, -72, 6, -2, -58]	[-40, -148, -95, -99, -83]	[115, -120, -108, 45, -75]	[-134, -22, 12, -57, 42]	[-59, 67, 5, 79, 173]	[-79, -150, -117, -115, -164]	[-163, -78, -78, -124, -135]	[-23, -4, -8, -81, -61]	[178, 122, 103, 185, 152]	[10005, 10009, 9999, 10003, 9996]	[225, 219, 191, 221, 160]
