generation	fitness	corner	c	a1	a2	b1	b2	b3	x	o1	o2	wp	ww	we
0	4.0	[79, 229, -202, -140, 29]	[-60, -239, 275, 144, 7]	[-264, -90, 18, -219, 101]	[239, -20, -167, 64, -98]	[69, -141, -251, -97, -37]	[-88, -203, 170, -241, -134]	[-215, 225, -69, 99, 287]	[235, -110, 115, -18, -20]	[-213, 90, 52, -270, 16]	[135, 11, -195, -211, 125]	[299, -51, 105, 14, 258]	[10000, 10000, 10000, 10000, 10000]	[-203, 185, 233, 162, -80]
1	2.0	[-258, 52, 99, 180, 162]	[79, -6, 123, -37, 193]	[-282, -7, 75, -176, 293]	[194, -60, 260, -3, 184]	[-205, 286, 157, -181, 14]	[186, 248, 167, 2, -248]	[-137, 139, 93, 143, 149]	[-276, -128, -134, 176, 74]	[298, 149, -241, 188, 196]	[269, -34, 10, 17, 71]	[-146, 23, -142, 249, 294]	[10000, 10000, 10000, 10000, 10000]	[103, -167, 157, -197, 139]
2	3.0	[206, 283, 100, 54, -22]	[191, -125, 253, 138, 173]	[210, 159, -115, -78, -213]	[-233, 258, -238, 57, -278]	[-66, -41, 75, -267, 240]	[241, 240, -11, 45, 120]	[-228, -297, -250, -260, 149]	[295, -291, -221, 107, 232]	[-130, -122, 7, 44, -116]	[233, 112, -136, -25, 83]	[254, -120, -144, 287, -127]	[10000, 10000, 10000, 10000, 10000]	[-26, 70, 138, 192, 60]
3	4.5	[-258, 52, 99, 180, 162]	[79, -6, 123, -37, 193]	[-282, -7, 75, -176, 293]	[194, -60, 260, -3, 184]	[-205, 286, 157, -181, 14]	[186, 248, 167, 2, -248]	[-137, 139, 93, 143, 149]	[-276, -128, -134, 176, 74]	[298, 149, -241, 188, 196]	[269, -34, 10, 17, 71]	[-146, 23, -142, 249, 294]	[10000, 10000, 10000, 10000, 10000]	[103, -167, 157, -197, 139]
4	3.0	[-17, -269, -161, 182, 106]	[163, -108, -276, 156, 240]	[-123, -1, 21, -256, -89]	[80, 109, 283, 0, -186]	[59, -196, 288, 201, -31]	[286, 47, 170, -264, -294]	[-226, -122, -37, 121, 74]	[98, 225, -250, -164, 57]	[-96, 264, 101, -51, -252]	[-238, -187, 80, 49, 235]	[-36, 64, -205, -149, -151]	[10000, 10000, 10000, 10000, 10000]	[-286, 162, 295, 184, -167]
5	4.5	[79, 142, -203, -41, -75]	[-37, -189, 281, 144, 7]	[-202, -81, 54, -134, 88]	[239, -7, 18, 64, -98]	[69, -141, -251, -97, -37]	[-88, -203, 203, -241, -134]	[-215, 225, -126, 118, 287]	[235, -110, 115, -18, -20]	[-213, 90, 52, -196, 16]	[135, 11, -195, -211, 125]	[299, -51, 105, 14, 258]	[10000, 10000, 10000, 10000, 10000]	[-203, 185, 233, 162, -80]
6	5.0	[79, 142, -203, -41, -75]	[-37, -189, 281, 144, 7]	[-202, -81, 54, -134, 88]	[239, -7, 18, 64, -98]	[69, -141, -251, -97, -37]	[-88, -203, 203, -241, -134]	[-215, 225, -126, 118, 287]	[235, -110, 115, -18, -20]	[-213, 90, 52, -196, 16]	[135, 11, -195, -211, 125]	[299, -51, 105, 14, 258]	[10000, 10000, 10000, 10000, 10000]	[-203, 185, 233, 162, -80]
7	4.0	[79, 142, -203, -41, -75]	[-37, -189, 281, 144, 7]	[-202, -81, 54, -134, 88]	[239, -7, 18, 64, -98]	[69, -141, -251, -97, -37]	[-88, -203, 203, -241, -134]	[-215, 225, -126, 118, 287]	[235, -110, 115, -18, -20]	[-213, 90, 52, -196, 16]	[135, 11, -195, -211, 125]	[299, -51, 105, 14, 258]	[10000, 10000, 10000, 10000, 10000]	[-203, 185, 233, 162, -80]
8	5.5	[79, 142, -203, -41, -75]	[-37, -189, 281, 144, 7]	[-202, -81, 54, -134, 88]	[239, -7, 18, 64, -98]	[69, -141, -251, -97, -37]	[-88, -203, 203, -241, -134]	[-215, 225, -126, 118, 287]	[235, -110, 115, -18, -20]	[-213, 90, 52, -196, 16]	[135, 11, -195, -211, 125]	[299, -51, 105, 14, 258]	[10000, 10000, 10000, 10000, 10000]	[-203, 185, 233, 162, -80]
9	7.0	[79, 142, -203, -41, -75]	[-37, -189, 281, 144, 7]	[-202, -81, 54, -134, 88]	[239, -7, 18, 64, -98]	[19, -77, -251, -97, -37]	[-88, -203, 203, -70, -96]	[-220, 116, -147, -37, 287]	[235, -110, 115, -18, -20]	[-213, 90, 52, -196, 16]	[135, 11, -195, -211, 125]	[299, -51, 105, 14, 258]	[10000, 10000, 10000, 10000, 10000]	[-203, 185, 233, 162, -80]
10	3.0	[-239, 60, 60, 269, 196]	[88, -1, -92, -235, 75]	[289, 12, 30, -167, -287]	[16, -59, 246, -2, 162]	[-234, 278, -93, -285, 26]	[-39, 30, 170, -6, 64]	[-86, 16, 155, -34, 244]	[-195, 57, -143, 66, 297]	[227, -147, -46, -69, 72]	[200, 262, -12, -6, 94]	[18, 257, -117, 79, 10]	[10000, 10000, 10000, 10000, 10000]	[118, 22, -253, -178, 102]
11	4.0	[79, 142, -203, -41, -75]	[-37, -189, 281, 144, 7]	[-202, -81, 54, -134, 88]	[239, -7, 18, 64, -98]	[19, -77, -251, -97, -37]	[-88, -203, 203, -70, -96]	[-220, 116, -147, -37, 287]	[235, -110, 115, -18, -20]	[-213, 90, 52, -196, 16]	[135, 11, -195, -211, 125]	[299, -51, 105, 14, 258]	[10000, 10000, 10000, 10000, 10000]	[-203, 185, 233, 162, -80]
12	4.5	[79, 142, -203, -41, -75]	[-37, -189, 281, 144, 7]	[-202, -81, 54, -134, 88]	[239, -7, 18, 64, -98]	[19, -77, -251, -97, -37]	[-88, -203, 203, -70, -96]	[-220, 116, -147, -37, 287]	[235, -110, 115, -18, -20]	[-213, 90, 52, -196, 16]	[135, 11, -195, -211, 125]	[299, -51, 105, 14, 258]	[10000, 9994, 10000, 10000, 10000]	[-203, 185, 233, 162, -80]
13	5.0	[73, 229, -202, -140, 29]	[-60, -239, 275, 35, 7]	[107, 28, 5, -186, -197]	[139, -51, 123, 61, -98]	[-158, 6, -251, -97, -37]	[-88, -203, 186, -241, -134]	[-215, 225, -69, 99, 287]	[235, -110, 115, -18, -20]	[-213, 90, 58, -270, 16]	[135, 11, -195, -211, 125]	[299, -51, 105, 14, 258]	[10000, 10000, 10000, 10000, 10000]	[-203, 185, 233, 162, -80]
14	3.5	[73, 229, -202, -140, 29]	[-60, -239, 275, 35, 7]	[107, 28, 5, -186, -197]	[139, -51, 123, 61, -98]	[-158, 6, -251, -97, -37]	[-88, -203, 186, -241, -134]	[-215, 225, -69, 99, 287]	[235, -110, 115, -18, -20]	[-213, 90, 58, -270, 16]	[135, 11, -195, -211, 125]	[299, -51, 105, 14, 258]	[10000, 10000, 10000, 10000, 10000]	[-203, 185, 233, 162, -80]
15	3.5	[73, 229, -202, -140, 29]	[-60, -239, 275, 35, 7]	[107, 28, 5, -186, -197]	[139, -51, 123, 61, -98]	[-158, 6, -251, -97, -37]	[-88, -209, 186, -241, -134]	[-215, 225, -69, 99, 287]	[235, -110, 115, -18, -20]	[-213, 90, 58, -270, 16]	[135, 11, -195, -211, 125]	[299, -51, 105, 14, 258]	[10000, 10000, 10000, 10000, 10000]	[-203, 185, 233, 162, -80]
16	3.5	[79, 142, -203, -41, -75]	[-37, -189, 281, 138, 7]	[-202, -81, 54, -134, 88]	[239, -7, 18, 64, -98]	[19, -77, -251, -97, -37]	[-88, -203, 203, -70, -96]	[-220, 116, -147, -37, 287]	[235, -110, 115, -18, -20]	[-213, 90, 52, -196, 16]	[135, 11, -195, -211, 125]	[299, -51, 105, 14, 258]	[10000, 9994, 10000, 10000, 10000]	[-203, 185, 233, 162, -80]
17	4.0	[79, 142, -203, -41, -75]	[-37, -189, 281, 144, 7]	[-202, -81, 54, -134, 88]	[239, -7, 18, 64, -98]	[75, -141, -251, -97, -37]	[-88, -203, 203, -241, -134]	[-215, 213, -146, 118, 287]	[235, -110, 115, -18, -20]	[-213, 90, 52, -196, 16]	[135, 11, -195, -211, 125]	[299, -51, 105, 14, 258]	[10000, 10000, 10000, 10000, 10000]	[-203, 185, 233, 162, -80]
18	3.5	[-239, 60, 60, 269, 196]	[88, -1, -92, -235, 75]	[289, 12, 30, -167, -287]	[16, -59, 246, -2, 162]	[-234, 278, -93, -285, 26]	[-39, 30, 170, -6, 64]	[-80, 16, 155, -34, 244]	[-195, 57, -143, 66, 297]	[227, -147, -46, -69, 72]	[200, 262, -12, -6, 94]	[18, 251, -117, 79, 10]	[10000, 10000, 10000, 10000, 10000]	[118, 22, -253, -178, 102]
19	3.5	[79, 142, -203, -41, -75]	[-37, -189, 281, 138, 7]	[-202, -81, 54, -134, 88]	[239, -7, 18, 64, -98]	[19, -77, -251, -97, -37]	[-88, -203, 203, -70, -96]	[-220, 116, -147, -37, 287]	[235, -110, 115, -18, -20]	[-213, 90, 52, -196, 16]	[135, 11, -195, -211, 125]	[299, -51, 105, 14, 258]	[10000, 9998, 10000, 10000, 10000]	[-203, 185, 233, 162, -80]
20	5.0	[73, 229, -202, -140, 29]	[-60, -239, 275, 35, 7]	[107, 28, 5, -186, -197]	[139, -51, 123, 61, -98]	[-158, 6, -251, -97, -37]	[-88, -209, 186, -241, -134]	[-215, 225, -69, 99, 287]	[235, -110, 115, -18, -20]	[-213, 90, 58, -270, 16]	[135, 11, -195, -211, 125]	[299, -51, 105, 14, 258]	[10000, 10000, 10000, 10000, 10000]	[-203, 185, 233, 162, -80]
21	5.0	[0, -79, -238, 148, -37]	[-33, -29, 55, -223, 59]	[226, 133, 143, -50, 103]	[279, -63, -178, -148, -186]	[-146, -63, 109, -42, 68]	[229, 137, 22, 202, -229]	[171, -28, 128, -217, -112]	[69, -144, 50, -114, -282]	[243, 166, -111, 92, 104]	[-100, -156, -157, 141, 176]	[-53, 51, -26, 39, 182]	[10000, 10000, 10000, 10000, 10000]	[-259, -182, 56, 143, -271]
22	5.5	[-52, 145, -34, -41, -75]	[117, -247, -106, 206, 7]	[-94, -6, 73, 7, 88]	[53, 167, -129, 28, -278]	[-254, -115, -215, 190, -37]	[-53, -102, -13, -106, -261]	[-215, 51, 43, -166, 207]	[130, -123, 30, -8, -141]	[-213, 90, 52, -196, 16]	[135, 11, -195, -211, 125]	[299, -51, 105, 14, 258]	[10000, 10000, 10000, 10000, 10000]	[-203, 185, 233, 162, -80]
23	5.5	[-52, 145, -34, -41, -75]	[117, -247, -106, 206, 7]	[-94, -6, 73, 7, 88]	[53, 167, -129, 28, -278]	[-254, -115, -215, 190, -37]	[-53, -102, -13, -106, -261]	[-215, 51, 43, -166, 207]	[130, -123, 30, -8, -141]	[-213, 90, 52, -196, 16]	[135, 11, -195, -211, 125]	[299, -51, 105, 14, 258]	[10000, 10000, 10000, 10000, 10000]	[-203, 185, 233, 162, -80]
24	6.0	[-52, 205, -34, -41, -75]	[45, -246, -43, 60, 7]	[28, 3, 66, -98, 88]	[53, -66, -82, 99, -98]	[109, -141, -215, 190, -29]	[-88, -104, -2, -114, -134]	[-215, 216, -114, -5, 207]	[130, -123, 114, 104, -165]	[-213, 90, 52, -196, 16]	[135, 11, -195, -211, 125]	[299, -51, 105, 14, 258]	[10000, 10000, 10000, 10000, 10000]	[-203, 185, 233, 162, -80]
25	6.5	[-52, 205, -34, -41, -75]	[45, -246, -43, 60, 7]	[28, 3, 66, -98, 88]	[53, -66, -82, 99, -98]	[109, -141, -215, 190, -29]	[-88, -104, -2, -114, -134]	[-215, 216, -114, -5, 207]	[130, -123, 114, 104, -165]	[-213, 90, 52, -196, 16]	[135, 11, -195, -211, 125]	[299, -51, 105, 14, 258]	[10000, 10000, 10000, 10000, 10000]	[-203, 185, 233, 162, -80]
26	6.0	[-52, 205, -34, -41, -75]	[45, -246, -43, 60, 7]	[28, 3, 66, -98, 88]	[53, -66, -82, 99, -98]	[109, -141, -215, 190, -29]	[-88, -104, -2, -114, -134]	[-215, 216, -114, -5, 207]	[130, -123, 114, 104, -165]	[-213, 90, 52, -196, 16]	[135, 11, -195, -211, 125]	[299, -51, 105, 14, 258]	[10000, 10000, 10000, 10000, 10000]	[-203, 185, 233, 162, -80]
27	4.0	[-52, 89, 22, -41, -75]	[117, -223, -120, 206, 7]	[102, -1, 62, -155, 88]	[53, -83, 224, 143, -98]	[109, -141, -227, 141, -15]	[-88, -118, 91, -89, -134]	[-215, 189, 6, 59, 221]	[114, -114, 114, 104, -165]	[-213, -46, -31, -155, 38]	[61, 112, -186, -211, 125]	[230, -51, 105, 14, 258]	[10000, 10000, 10000, 10000, 10000]	[-203, 185, 233, 162, -80]
28	5.0	[-52, 145, -34, -41, -75]	[117, -247, -120, 206, 7]	[-94, -6, 66, -98, 88]	[53, -93, -19, 143, -98]	[109, -141, -227, 141, -37]	[-88, -186, 75, -74, -134]	[-215, 214, 73, 59, 221]	[130, -112, -111, 69, -27]	[-213, 90, 52, -196, 16]	[135, 11, -195, -211, 125]	[299, -51, 105, 14, 258]	[10000, 10000, 10000, 10000, 10000]	[-203, 185, 233, 162, -80]
29	5.5	[-52, 205, -34, -41, -75]	[45, -246, -43, 60, 7]	[28, 3, 66, -98, 88]	[53, -66, -82, 99, -98]	[109, -141, -215, 190, -29]	[-88, -104, -2, -114, -134]	[-215, 216, -114, -5, 207]	[130, -123, 114, 104, -165]	[-213, 90, 52, -196, 16]	[135, 11, -195, -211, 125]	[299, -51, 105, 14, 258]	[10000, 10000, 10000, 10000, 10000]	[-203, 179, 233, 162, -80]
30	6.0	[-52, 145, -34, -41, -75]	[117, -247, -120, 206, 7]	[-94, -6, 66, -98, 88]	[53, -135, -181, 143, -98]	[109, -141, -215, 190, -37]	[-88, -104, -2, -114, -134]	[-215, 215, -119, 117, 238]	[130, -123, 115, 31, -165]	[-213, 90, 52, -196, 16]	[135, 11, -195, -211, 125]	[299, -51, 105, 14, 258]	[10000, 10000, 10000, 10000, 10000]	[-203, 185, 233, 162, -80]
31	5.0	[43, 145, -165, -41, -75]	[117, -247, -106, 147, 7]	[-94, -20, 56, -1, 88]	[124, 170, -27, 75, -239]	[-129, -17, -214, 190, -37]	[-74, -102, 47, -106, -261]	[-215, 203, 43, -166, 207]	[130, -123, 30, -8, -24]	[-213, 90, 52, -196, 16]	[135, 11, -195, -211, 125]	[299, -51, 105, 14, 258]	[10000, 10000, 10000, 10000, 10000]	[-203, 185, 233, 162, -80]
32	5.0	[-131, 71, 29, 51, -75]	[117, -247, -120, 197, 23]	[-94, 2, 30, -141, 88]	[53, -72, 14, 143, -98]	[109, 75, -209, 190, -37]	[-84, -52, -2, -114, -134]	[-215, 215, 87, 112, 239]	[130, 25, -139, 48, -165]	[-138, -4, -34, -81, 16]	[155, -2, -167, -211, 125]	[299, 153, -77, 14, 258]	[10000, 10000, 10000, 10000, 10000]	[-203, 185, 233, 162, -80]
33	4.0	[-52, 205, -34, -41, -75]	[45, -246, -43, 60, 7]	[28, 3, 66, -98, 88]	[53, -66, -82, 99, -98]	[109, -141, -215, 190, -29]	[-88, -104, -2, -114, -134]	[-215, 216, -114, -5, 207]	[130, -123, 114, 104, -165]	[-213, 90, 52, -196, 16]	[135, 11, -195, -211, 125]	[299, -51, 105, 14, 258]	[10000, 10000, 10000, 10000, 10000]	[-203, 179, 233, 162, -80]
34	4.5	[-52, 145, -34, -41, -75]	[117, -247, -120, 188, 7]	[-103, -27, 66, -98, 88]	[53, -59, -19, 143, -98]	[109, -141, -249, 141, -37]	[-88, -186, 133, -74, -134]	[-218, 137, -62, 59, 221]	[130, -112, -111, 69, -27]	[-213, 90, 52, -190, 16]	[135, 11, -195, -211, 125]	[299, -51, 105, 14, 258]	[10000, 10000, 10000, 10000, 10000]	[-203, 185, 233, 162, -80]
35	9.0	[-52, 205, -34, -41, -75]	[45, -246, -43, 60, 7]	[28, 3, 66, -98, 88]	[53, -66, -82, 99, -98]	[109, -141, -215, 190, -29]	[-88, -104, -2, -114, -134]	[-215, 216, -114, -5, 207]	[130, -123, 114, 104, -165]	[-213, 90, 52, -196, 16]	[135, 11, -195, -211, 125]	[299, -51, 105, 14, 258]	[10000, 10000, 10000, 10000, 10000]	[-203, 179, 233, 162, -80]
36	9.0	[43, 145, -165, -41, -75]	[117, -247, -106, 147, 7]	[-94, -20, 56, -1, 88]	[124, 170, -27, 75, -239]	[-129, -17, -214, 190, -37]	[-74, -172, 47, -106, -261]	[-215, 207, -57, -166, 207]	[130, -112, 62, -11, -23]	[-213, 90, 52, -227, 16]	[135, 11, -195, -211, 125]	[299, -51, 105, 14, 258]	[10000, 10000, 10000, 10000, 10000]	[-203, 185, 233, 162, -80]
37	7.0	[-52, 145, -34, -41, -75]	[117, -247, -120, 206, 7]	[-94, -6, 66, -98, 88]	[53, -135, -181, 143, -98]	[109, -141, -215, 190, -37]	[-88, -104, -2, -114, -134]	[-215, 215, -119, 117, 238]	[130, -123, 115, 31, -165]	[-213, 90, 52, -196, 16]	[135, 11, -195, -211, 125]	[299, -51, 105, 14, 258]	[10000, 10000, 10000, 10000, 10000]	[-203, 185, 233, 162, -80]
38	10.0	[-52, 205, -34, -41, -75]	[84, -246, -96, 128, 7]	[28, 3, 66, -98, 88]	[99, 163, -54, 77, -132]	[-81, -117, -214, 190, -29]	[-80, -124, 1, -114, -134]	[-215, 38, -51, -5, 207]	[130, -123, 114, 104, -165]	[-165, 110, 14, -205, 16]	[135, 11, -181, -193, 125]	[299, -51, 105, 14, 258]	[10000, 10000, 10000, 10000, 10000]	[-203, 185, 233, 162, -80]
39	5.5	[73, 229, -202, -140, 29]	[-60, -245, 275, 35, 7]	[107, 28, 5, -186, -197]	[139, -51, 123, 61, -98]	[-158, 6, -251, -97, -37]	[-88, -196, 181, -152, -255]	[-215, 225, -69, 53, 239]	[235, -110, 115, -11, -21]	[-213, 90, 54, -270, 16]	[135, 11, -195, -211, 125]	[299, -51, 105, 14, 258]	[10000, 10000, 10000, 10000, 10000]	[-203, 185, 233, 162, -80]
40	9.0	[-52, 89, 22, -41, -75]	[117, -223, -120, 206, 7]	[102, -1, 62, -155, 88]	[53, -83, 224, 143, -98]	[109, -141, -227, 141, -15]	[-88, -118, 91, -89, -134]	[-215, 189, 6, 59, 221]	[114, -114, 114, 104, -165]	[-213, -46, -31, -155, 38]	[61, 112, -186, -211, 125]	[230, -51, 105, 14, 258]	[10000, 10000, 10000, 10000, 10000]	[-203, 185, 233, 162, -80]
41	7.0	[-52, 145, -34, -41, -75]	[117, -247, -120, 188, 7]	[-103, -27, 66, -98, 88]	[53, -59, -19, 143, -98]	[109, -141, -249, 141, -37]	[-88, -186, 133, -74, -134]	[-218, 137, -62, 59, 221]	[130, -112, -111, 69, -27]	[-213, 90, 52, -191, 16]	[135, 11, -195, -211, -65]	[251, 89, 227, -15, 170]	[10000, 10000, 10000, 10000, 10000]	[-203, 185, 233, 162, -80]
42	8.0	[-52, 145, -34, -41, -75]	[117, -247, -120, 188, 7]	[-103, -27, 66, -98, 88]	[53, -59, -19, 143, -98]	[109, -141, -249, 141, -37]	[-88, -186, 133, -74, -128]	[-218, 137, -62, 59, 221]	[130, -112, -111, 69, -27]	[-213, 90, 52, -191, 16]	[135, 11, -195, -211, -65]	[251, 89, 227, -15, 170]	[10000, 10000, 10000, 10000, 10000]	[-203, 185, 233, 162, -80]
43	8.0	[-52, 145, -34, -41, -75]	[117, -247, -120, 206, 7]	[-94, -6, 66, -98, 88]	[53, -135, -181, 143, -98]	[109, -141, -215, 190, -37]	[-86, -67, -2, -114, -134]	[-215, 215, -69, 99, 238]	[130, -123, 115, 31, -165]	[-182, 11, 52, -196, 16]	[135, 11, -184, -211, 125]	[299, -51, 105, 14, 258]	[10000, 10000, 10000, 10000, 10000]	[-203, 185, 233, 162, -80]
44	8.0	[-131, 71, 29, 51, -75]	[117, -247, -120, 197, 23]	[-94, 2, 30, -141, 88]	[53, -96, -76, 143, -98]	[109, 75, -209, 190, -37]	[-84, -52, -2, -114, -134]	[-215, 215, 61, 59, 208]	[130, 25, -139, 57, -165]	[-138, -4, 4, -107, 16]	[155, -2, -176, -211, 125]	[299, 134, 58, 14, 258]	[10000, 10000, 10000, 10000, 10000]	[-209, 185, 233, 162, -80]
45	7.0	[-52, 205, -34, -41, -75]	[45, -246, -43, 60, 7]	[28, 3, 66, -98, 88]	[53, -66, -82, 99, -98]	[109, -141, -215, 190, -29]	[-94, -104, -2, -114, -134]	[-215, 216, -114, -5, 207]	[130, -123, 114, 104, -165]	[-213, 90, 52, -196, 16]	[135, 11, -195, -211, 125]	[299, -51, 105, 14, 258]	[10000, 10000, 10000, 10000, 10000]	[-203, 179, 233, 162, -80]
46	9.5	[-52, 205, -34, -41, -75]	[84, 98, -94, -76, 20]	[152, 11, -56, -90, 88]	[99, 163, -72, 17, -132]	[-81, -117, -223, 190, -29]	[-80, -130, -5, -114, -134]	[-215, 38, -51, -5, 207]	[130, -123, 114, 104, -165]	[-165, 110, 14, -205, 16]	[135, 11, -181, -193, 125]	[299, -51, 105, 14, 258]	[10000, 10000, 10000, 10000, 10000]	[-203, 185, 233, 162, -80]
47	9.5	[-131, 71, 29, 51, -75]	[117, -247, -120, 197, 23]	[-94, 2, 30, -141, 88]	[53, -96, -76, 143, -98]	[109, 75, -209, 190, -37]	[-84, -52, -2, -114, -134]	[-215, 215, 61, 59, 208]	[130, 25, -139, 57, -165]	[-138, -4, 4, -107, 16]	[155, -2, -176, -211, 125]	[299, 134, 58, 14, 258]	[10000, 10000, 10000, 10000, 10000]	[-209, 185, 233, 162, -80]
48	7.0	[-131, 71, 29, 51, -75]	[117, -247, -120, 197, 23]	[-94, 2, 30, -141, 88]	[53, -96, -76, 143, -98]	[109, 75, -209, 190, -37]	[-84, -52, -2, -114, -134]	[-215, 215, 61, 59, 208]	[130, 25, -139, 57, -165]	[-138, -4, 4, -107, 16]	[155, -2, -176, -211, 125]	[299, 134, 58, 14, 258]	[10000, 10000, 10000, 10000, 10000]	[-209, 185, 233, 162, -80]
49	8.5	[-52, 145, -34, -41, -75]	[117, -247, -120, 188, 7]	[-103, -27, 66, -98, 88]	[53, -59, -19, 143, -98]	[109, -107, -204, 155, -34]	[-88, -186, 133, -80, -133]	[-218, 137, -105, 42, 225]	[130, -112, -111, 74, -48]	[-213, 90, 52, -187, 16]	[135, 11, -195, -211, -65]	[257, 89, 227, -15, 170]	[10000, 10000, 10000, 10000, 10000]	[-203, 185, 233, 162, -80]
50	8.0	[-131, 71, 29, 51, -75]	[117, -247, -120, 197, 23]	[-94, 2, 30, -141, 88]	[53, -96, -76, 143, -98]	[109, 75, -209, 190, -37]	[-84, -52, -2, -114, -134]	[-215, 215, 61, 59, 208]	[130, 25, -139, 57, -165]	[-138, -4, 4, -107, 16]	[155, -2, -176, -211, 125]	[299, 134, 58, 14, 258]	[10000, 10000, 10000, 10000, 10000]	[-209, 185, 233, 162, -80]
51	8.0	[-131, 71, 29, 51, -75]	[117, -247, -120, 197, 23]	[-94, 2, 30, -141, 88]	[53, -96, -76, 143, -98]	[109, 75, -209, 190, -37]	[-84, -52, -2, -114, -134]	[-215, 215, 61, 59, 208]	[130, 25, -139, 57, -165]	[-138, -4, 4, -107, 16]	[155, -2, -176, -211, 125]	[299, 134, 58, 14, 258]	[10000, 10000, 10000, 10000, 10000]	[-209, 185, 233, 162, -80]
52	8.5	[-52, 145, -34, -41, -75]	[117, -247, -120, 188, 7]	[-103, -27, 66, -98, 88]	[53, -59, -19, 143, -98]	[109, -107, -204, 155, -34]	[-88, -186, 133, -80, -133]	[-218, 137, -105, 42, 225]	[130, -112, -111, 74, -48]	[-213, 90, 52, -187, 16]	[135, 11, -195, -211, -65]	[257, 89, 227, -15, 170]	[10000, 10000, 10000, 10000, 10000]	[-203, 185, 233, 162, -80]
53	8.5	[-52, 145, -34, -41, -75]	[117, -247, -120, 188, 7]	[-103, -27, 66, -98, 88]	[53, -59, -19, 143, -98]	[109, -107, -204, 155, -34]	[-88, -186, 139, -80, -133]	[-218, 137, -105, 42, 225]	[130, -112, -111, 74, -48]	[-213, 90, 52, -187, 16]	[135, 11, -195, -211, -65]	[257, 89, 227, -15, 170]	[10000, 10000, 10000, 10000, 10000]	[-203, 185, 233, 162, -80]
54	7.0	[-52, 145, -34, -41, -75]	[117, -247, -120, 203, 7]	[-94, -6, 66, -98, 88]	[53, -135, -59, 143, -98]	[109, -141, -216, 190, -37]	[-86, -67, 111, -91, -134]	[-215, 215, -69, 99, 231]	[130, -123, 115, 31, -165]	[-182, 11, 52, -196, 16]	[135, 11, -184, -201, 125]	[299, -51, 105, 14, 258]	[10000, 10000, 10000, 10000, 10000]	[-203, 185, 233, 162, -80]
55	6.0	[-52, 205, -34, -41, -75]	[78, 98, -94, -76, 20]	[152, 11, -56, -90, 88]	[99, 163, -72, 17, -132]	[-81, -117, -223, 190, -29]	[-80, -130, -5, -114, -134]	[-215, 38, -51, -5, 207]	[130, -123, 114, 104, -165]	[-165, 110, 14, -205, 16]	[135, 11, -181, -193, 125]	[299, -51, 105, 14, 258]	[10000, 10000, 10000, 10000, 9994]	[-203, 191, 233, 162, -80]
56	10.0	[-52, 145, -34, -41, -75]	[117, -247, -120, 188, 7]	[-103, -27, 66, -98, 87]	[53, -59, -21, 39, -98]	[115, -107, -213, 110, -33]	[-88, -44, 50, -102, -133]	[-218, 93, -53, 34, 225]	[130, -112, -111, 74, -48]	[-213, 90, 52, -187, 16]	[135, 11, -195, -211, -65]	[257, 89, 227, -15, 170]	[10000, 10000, 10000, 10000, 10000]	[-203, 185, 233, 162, -80]
57	10.0	[-52, 145, -34, -41, -75]	[117, -247, -120, 188, 7]	[-103, -27, 66, -98, 87]	[53, -59, -21, 39, -98]	[115, -107, -213, 110, -33]	[-88, -44, 50, -102, -133]	[-218, 93, -53, 34, 225]	[130, -112, -111, 74, -48]	[-213, 90, 52, -187, 16]	[135, 11, -195, -211, -65]	[257, 89, 227, -15, 170]	[10000, 10000, 10000, 10000, 10000]	[-203, 185, 233, 162, -80]
58	8.5	[-52, 145, -34, -41, -75]	[117, -230, -120, 200, 7]	[60, -7, 65, -142, 88]	[53, -62, -19, 143, -98]	[109, -107, -204, 155, -34]	[-88, -144, 123, -80, -133]	[-218, 162, -70, 57, 225]	[130, -112, -30, 74, -48]	[-213, 21, 17, -169, 16]	[135, 11, -195, -211, -65]	[257, 89, 227, -15, 170]	[10000, 10000, 10000, 10000, 10000]	[-203, 185, 233, 162, -80]
59	8.0	[-46, 205, -34, -41, -75]	[108, -103, -94, -76, 20]	[-46, -6, 16, -90, 88]	[79, 49, -49, 108, -132]	[-81, -117, -223, 190, -29]	[-80, -130, 1, -114, -134]	[-215, 38, -51, -5, 207]	[130, -123, 114, 104, -165]	[-165, 110, 8, -205, 16]	[135, 11, -181, -193, 125]	[299, -51, 105, 14, 258]	[10000, 10000, 10000, 10000, 10000]	[-203, 185, 233, 162, -80]
60	9.5	[-52, 145, -34, -41, -75]	[117, -247, -120, 188, 7]	[-103, -27, 66, -98, 87]	[53, -59, -21, 39, -98]	[115, -107, -213, 110, -33]	[-88, -44, 50, -102, -133]	[-218, 93, -53, 34, 225]	[130, -112, -111, 74, -48]	[-172, 26, 8, -187, 16]	[135, 11, -192, -211, -65]	[257, 89, 227, -5, 213]	[10000, 10000, 10000, 10000, 10000]	[-203, 185, 233, 162, -80]
61	8.0	[-52, 145, -34, -41, -81]	[117, -247, -120, 188, 7]	[-103, -16, 66, -98, 88]	[53, -71, -19, 143, -98]	[109, -141, -239, 144, -37]	[-88, -186, 30, -81, -128]	[-218, 156, -64, 98, 221]	[130, -120, 67, 69, -27]	[-213, 90, 52, -191, 16]	[135, 11, -195, -211, -65]	[257, 89, 227, 9, 206]	[10000, 10000, 10000, 10000, 10000]	[-203, 185, 233, 162, -80]
62	11.5	[-52, 145, -34, -41, -75]	[110, -224, -114, 43, 7]	[-13, -16, 61, -27, 87]	[53, -67, -21, 88, -135]	[115, 33, -214, 165, -31]	[-88, -139, 29, -104, -134]	[-218, 148, -7, 35, 225]	[121, -112, -93, 91, -128]	[-172, -3, 8, -210, 26]	[135, 11, -192, -211, -65]	[257, 89, 227, -5, 213]	[10000, 10000, 10000, 10000, 10000]	[-203, 185, 233, 162, -80]
63	10.0	[-52, 145, -34, -41, -75]	[117, -247, -116, 171, 7]	[-75, -25, 61, -27, 87]	[53, -59, -21, 88, -135]	[115, -107, -214, 165, -31]	[-88, -139, 29, -112, -133]	[-218, 93, -53, 34, 225]	[124, -112, -111, 74, -48]	[-172, 26, 8, -187, 16]	[135, 11, -192, -211, -65]	[257, 89, 227, -5, 213]	[10000, 10000, 10000, 10000, 10000]	[-203, 185, 233, 162, -80]
64	12.0	[-52, 145, -34, -41, -75]	[117, -230, -120, 200, 7]	[60, -7, 65, -142, 88]	[53, -62, -19, 143, -98]	[109, -107, -204, 155, -34]	[-88, -144, 123, -80, -133]	[-218, 162, -70, 57, 225]	[130, -112, -30, 74, -48]	[-213, 27, 17, -169, 16]	[135, 11, -195, -211, -65]	[257, 89, 227, -15, 170]	[10000, 10000, 10000, 10000, 10000]	[-203, 185, 233, 162, -80]
65	9.0	[-52, 145, -34, -41, -75]	[117, -247, -120, 188, 7]	[-103, -27, 66, -98, 87]	[53, -59, -21, 39, -98]	[115, -107, -213, 110, -33]	[-88, -44, 50, -102, -133]	[-218, 93, -53, 34, 225]	[130, -112, -111, 74, -48]	[-172, 26, 8, -187, 16]	[135, 11, -192, -211, -65]	[257, 89, 227, -5, 213]	[10000, 10000, 10000, 10000, 10000]	[-203, 185, 233, 162, -80]
66	9.0	[-52, 205, -34, -41, -75]	[78, 98, -94, -76, 20]	[100, 11, -53, -92, 88]	[99, 43, -72, 34, -100]	[-53, -141, -236, 190, -29]	[-80, -109, 14, -87, -132]	[-215, 161, -73, 19, 207]	[130, -122, 76, 73, -165]	[-180, 105, 37, -199, 16]	[135, 11, -183, -193, 125]	[299, 6, 105, 14, 258]	[10000, 10000, 10000, 10000, 9994]	[-203, 191, 233, 162, -80]
67	9.5	[-52, 145, -34, -41, -75]	[117, -247, -120, 188, 7]	[-103, -27, 66, -98, 87]	[53, -59, -21, 39, -98]	[115, -107, -213, 110, -33]	[-88, -44, 50, -102, -133]	[-218, 93, -53, 34, 225]	[130, -112, -111, 74, -48]	[-172, 26, 8, -187, 16]	[135, 11, -192, -211, -65]	[257, 89, 227, -5, 213]	[10000, 10000, 10000, 10000, 10000]	[-203, 185, 233, 162, -80]
68	7.0	[-52, 145, -34, -41, -75]	[117, -247, -120, 188, 7]	[-103, -27, 66, -98, 87]	[53, -59, -21, 39, -98]	[115, -107, -213, 110, -33]	[-88, -44, 50, -102, -133]	[-218, 93, -53, 34, 225]	[130, -112, -111, 74, -48]	[-172, 26, 8, -187, 16]	[135, 11, -192, -211, -65]	[257, 89, 227, -5, 213]	[10000, 10000, 10000, 10000, 10000]	[-203, 185, 233, 162, -80]
69	11.0	[-52, 205, -34, -41, -75]	[78, 98, -94, -76, 20]	[100, 11, -53, -92, 88]	[99, 43, -72, 34, -100]	[-65, -141, -236, 190, -29]	[-80, -109, 14, -104, -132]	[-216, 134, -59, 19, 207]	[130, -122, 81, 76, -165]	[-180, 120, -4, -168, 16]	[135, 11, -183, -193, 125]	[299, 6, 105, 14, 258]	[10000, 10000, 10000, 10000, 9994]	[-203, 191, 233, 162, -80]
70	13.5	[-52, 145, -34, -41, -75]	[117, -247, -120, 203, 7]	[-94, -6, 66, -98, 88]	[53, -141, -59, 143, -98]	[109, -141, -216, 190, -37]	[-86, -67, 111, -91, -134]	[-215, 215, -69, 99, 231]	[130, -123, 115, 31, -165]	[-182, 19, 52, -196, 16]	[135, 11, -184, -210, 125]	[299, 89, 227, 5, 233]	[10000, 10000, 10000, 10000, 10006]	[-203, 179, 233, 162, -80]
71	9.5	[-52, 145, -34, -41, -81]	[117, -142, -120, 188, 7]	[-86, -13, 40, -98, 88]	[75, 40, -47, 61, -98]	[109, -141, -239, 165, -37]	[-86, -176, 28, -90, -128]	[-218, 156, -64, 25, 212]	[130, -122, 78, 76, -27]	[-185, 105, 50, -196, 16]	[135, 11, -195, -211, -65]	[275, 43, 105, 12, 206]	[10000, 10000, 10000, 10000, 10000]	[-203, 185, 233, 162, -80]
72	14.0	[-52, 145, -34, -41, -75]	[117, -247, -120, 188, 7]	[-103, -27, 66, -98, 87]	[53, -59, -21, 39, -98]	[115, -107, -213, 110, -33]	[-88, -44, 50, -102, -133]	[-218, 93, -53, 34, 225]	[130, -112, -111, 74, -48]	[-172, 26, 8, -187, 16]	[135, 11, -192, -211, -65]	[257, 89, 227, -5, 213]	[10000, 10000, 10000, 10000, 10000]	[-203, 185, 233, 162, -80]
73	12.0	[-52, 145, -34, -41, -75]	[117, -247, -120, 203, 7]	[-94, -6, 66, -98, 88]	[53, -141, -62, 143, -98]	[109, -141, -229, 190, -37]	[-86, -79, 107, -104, -134]	[-215, 176, -69, 99, 231]	[130, -122, 97, 66, -165]	[-182, 43, 31, -196, 16]	[135, 11, -184, -210, 125]	[299, 89, 227, 5, 233]	[10000, 10000, 10000, 10000, 10006]	[-203, 179, 233, 162, -80]
74	10.0	[-52, 145, -34, -41, -75]	[117, -247, -120, 188, 7]	[-103, -27, 66, -98, 87]	[53, -59, -21, 39, -98]	[115, -107, -213, 110, -33]	[-88, -44, 50, -102, -133]	[-218, 93, -53, 34, 225]	[130, -112, -111, 74, -48]	[-172, 26, 8, -187, 16]	[135, 11, -192, -211, -65]	[257, 89, 227, -5, 213]	[10000, 10000, 10000, 10000, 10000]	[-203, 185, 233, 162, -80]
75	10.0	[-52, 145, -34, -41, -75]	[117, -247, -120, 188, 7]	[-103, -27, 66, -98, 93]	[53, -59, -21, 39, -98]	[115, -107, -213, 110, -33]	[-88, -44, 50, -102, -133]	[-218, 88, -53, 34, 225]	[130, -112, -71, 77, -31]	[-207, 96, 41, -173, 16]	[143, 9, -189, -206, -2]	[260, 112, 215, -10, 179]	[10000, 10000, 10000, 10000, 10000]	[-203, 185, 233, 162, -80]
76	12.5	[-52, 145, -34, -41, -75]	[117, -247, -120, 188, 7]	[-103, -27, 66, -98, 87]	[53, -59, -21, 39, -98]	[115, -107, -213, 110, -33]	[-88, -44, 50, -102, -133]	[-218, 93, -53, 34, 225]	[130, -112, -111, 74, -48]	[-172, 26, 8, -187, 16]	[135, 11, -192, -211, -65]	[257, 89, 227, -5, 213]	[10000, 10000, 10000, 10000, 10000]	[-203, 185, 233, 162, -80]
77	11.0	[-52, 145, -34, -41, -75]	[117, -247, -120, 188, 7]	[-103, -27, 66, -98, 87]	[53, -59, -21, 39, -98]	[115, -107, -213, 110, -33]	[-88, -44, 50, -102, -133]	[-218, 93, -53, 34, 225]	[130, -112, -111, 74, -48]	[-172, 26, 8, -187, 16]	[135, 11, -192, -211, -65]	[257, 89, 227, -5, 213]	[10000, 10000, 10000, 10000, 10000]	[-203, 185, 233, 162, -80]
78	13.0	[-52, 145, -34, -41, -75]	[117, -247, -120, 188, 7]	[-103, -27, 66, -98, 93]	[53, -59, -21, 39, -98]	[115, -107, -213, 110, -33]	[-88, -44, 50, -102, -133]	[-218, 88, -53, 34, 225]	[130, -112, -71, 77, -31]	[-207, 96, 41, -173, 16]	[143, 9, -189, -206, -2]	[260, 112, 215, -10, 179]	[10000, 10000, 10000, 10000, 10000]	[-203, 185, 233, 162, -80]
79	12.5	[-52, 145, -34, -41, -75]	[117, -247, -115, 203, 7]	[-101, -27, 66, -98, 88]	[53, -125, -31, 130, -98]	[109, -141, -216, 190, -37]	[-86, -60, 72, -91, -134]	[-215, 207, -64, 32, 226]	[130, -116, 25, 34, -165]	[-180, 50, 26, -171, 16]	[135, 11, -185, -210, 43]	[299, 98, 227, 5, 233]	[10000, 10000, 10000, 10000, 10006]	[-203, 179, 233, 162, -80]
80	11.5	[-52, 145, -34, -41, -75]	[117, -247, -115, 203, 7]	[-101, -27, 66, -98, 88]	[53, -125, -31, 130, -98]	[109, -141, -216, 190, -37]	[-86, -60, 72, -91, -134]	[-215, 207, -64, 32, 226]	[130, -116, 25, 34, -165]	[-180, 50, 26, -171, 16]	[135, 11, -185, -210, 43]	[299, 98, 227, 5, 233]	[10000, 10000, 10000, 10000, 10006]	[-203, 179, 233, 162, -80]
81	12.0	[-52, 145, -34, -41, -75]	[117, -247, -115, 203, 7]	[-101, -27, 66, -98, 88]	[53, -125, -31, 130, -98]	[109, -141, -216, 190, -37]	[-86, -60, 72, -91, -134]	[-215, 207, -64, 32, 226]	[130, -116, 25, 34, -165]	[-180, 50, 26, -171, 16]	[135, 11, -185, -210, 43]	[299, 98, 227, 5, 233]	[10000, 10000, 10000, 10000, 10006]	[-203, 179, 233, 162, -80]
82	11.5	[-52, 145, -34, -41, -75]	[117, -247, -120, 188, 7]	[-103, -27, 66, -98, 87]	[53, -59, -21, 39, -98]	[115, -107, -213, 110, -33]	[-88, -44, 50, -102, -133]	[-218, 93, -53, 34, 225]	[130, -112, -111, 74, -48]	[-172, 26, 8, -187, 16]	[135, 11, -192, -211, -65]	[257, 89, 227, -5, 213]	[10000, 10000, 10000, 10000, 10000]	[-203, 185, 233, 162, -80]
83	10.5	[-52, 145, -34, -41, -75]	[117, -247, -120, 188, 7]	[-103, -27, 66, -98, 93]	[53, -59, -21, 39, -98]	[115, -107, -213, 110, -33]	[-88, -44, 50, -102, -133]	[-218, 88, -53, 34, 225]	[130, -112, -77, 77, -31]	[-207, 96, 41, -173, 16]	[143, 9, -189, -206, -2]	[260, 112, 215, -10, 179]	[10000, 10000, 10000, 10000, 10000]	[-203, 185, 233, 162, -80]
84	8.5	[-52, 145, -34, -41, -75]	[117, -247, -120, 188, 7]	[-103, -27, 66, -98, 87]	[53, -59, -21, 39, -98]	[115, -101, -213, 110, -33]	[-88, -44, 50, -102, -133]	[-218, 93, -53, 34, 225]	[130, -112, -111, 74, -48]	[-172, 26, 8, -187, 16]	[135, 11, -192, -211, -65]	[257, 89, 227, -5, 213]	[10000, 10000, 10000, 10000, 10000]	[-203, 185, 233, 162, -80]
85	13.5	[-52, 145, -34, -41, -81]	[117, -247, -115, 203, 7]	[-101, -27, 66, -98, 88]	[53, -125, -31, 130, -98]	[109, -141, -216, 190, -37]	[-86, -70, 46, -93, -134]	[-215, 170, -63, 33, 226]	[130, -116, -13, 34, -165]	[-180, 50, 34, -171, 16]	[135, 11, -185, -205, 5]	[264, 54, 227, 5, 233]	[10000, 10000, 10000, 10000, 10006]	[-203, 179, 233, 162, -80]
86	10.5	[-52, 145, -34, -41, -76]	[117, -247, -116, 182, 7]	[-103, -20, 71, -55, 87]	[53, -70, -25, 90, -127]	[110, -132, -215, 152, -35]	[-87, -125, 19, -108, -133]	[-218, 175, -66, 34, 225]	[129, -118, 36, 92, -119]	[-182, 44, 52, -194, 16]	[135, 11, -192, -202, -65]	[261, -3, 125, 7, 213]	[10000, 10000, 10000, 10000, 10002]	[-203, 185, 233, 162, -80]
87	14.5	[-52, 145, -34, -41, -75]	[117, -247, -115, 203, 7]	[-101, -27, 66, -98, 88]	[53, -125, -31, 130, -98]	[109, -141, -216, 153, -37]	[-86, -60, 56, -97, -134]	[-215, 181, -64, 32, 226]	[130, -116, 25, 34, -165]	[-180, 50, 30, -173, 16]	[135, 11, -185, -205, 43]	[299, 69, 171, 5, 233]	[10000, 10000, 10000, 10000, 10006]	[-203, 179, 233, 162, -80]
88	10.5	[-52, 145, -34, -41, -75]	[117, -247, -115, 203, 7]	[-101, -27, 66, -98, 88]	[53, -125, -31, 130, -98]	[109, -141, -216, 153, -37]	[-86, -60, 56, -97, -134]	[-215, 181, -64, 32, 226]	[130, -116, 25, 34, -165]	[-180, 50, 30, -173, 16]	[135, 11, -185, -205, 43]	[299, 69, 171, 5, 233]	[10000, 10000, 10000, 10000, 10006]	[-203, 179, 233, 162, -80]
89	11.0	[-52, 145, -34, -41, -75]	[117, -247, -120, 203, 7]	[-94, -6, 66, -98, 88]	[53, -141, -62, 143, -98]	[109, -141, -221, 156, -37]	[-86, -79, 88, -99, -134]	[-215, 181, -66, 99, 231]	[130, -122, 97, 66, -165]	[-182, 43, 31, -189, 16]	[135, 11, -184, -210, 125]	[299, 89, 227, 5, 233]	[10000, 10000, 10000, 10000, 10006]	[-203, 179, 233, 162, -80]
90	9.0	[-52, 145, -34, -41, -76]	[117, -247, -116, 182, 7]	[-103, -16, 65, -55, 87]	[53, -70, -20, 134, -127]	[115, -126, -227, 144, -37]	[-87, -157, 29, -112, -133]	[-218, 169, -73, 20, 225]	[126, -115, -92, 78, -119]	[-181, 17, 44, -193, 16]	[135, 11, -186, -201, -65]	[264, -3, 127, 3, 213]	[10000, 10000, 9994, 10000, 10005]	[-209, 185, 233, 162, -86]
91	8.0	[-52, 145, -34, -41, -75]	[117, -233, -116, 200, 7]	[46, -8, 66, -120, 88]	[53, -141, -53, 35, -98]	[111, -132, -214, 163, -37]	[-86, -64, 111, -91, -134]	[-216, 166, -64, 34, 226]	[130, -123, 92, 44, -171]	[-180, 67, 25, -171, 16]	[135, 11, -193, -210, 100]	[299, 107, 220, -14, 195]	[10000, 10000, 10000, 10000, 10006]	[-203, 185, 233, 162, -80]
92	12.5	[-52, 145, -34, -41, -81]	[117, -247, -115, 203, 7]	[-101, -27, 66, -98, 88]	[53, -125, -31, 130, -98]	[109, -141, -216, 190, -37]	[-86, -70, 46, -93, -134]	[-215, 170, -63, 33, 226]	[130, -118, 26, 38, -165]	[-180, 50, 34, -171, 16]	[135, 11, -185, -205, 5]	[264, 54, 227, 5, 233]	[10000, 10000, 10000, 10000, 10006]	[-203, 179, 233, 162, -80]
93	11.5	[-52, 145, -34, -41, -81]	[117, -247, -115, 203, 7]	[-101, -27, 66, -98, 88]	[53, -102, -21, 54, -98]	[109, -141, -208, 127, -33]	[-86, -58, 50, -100, -134]	[-218, 169, -62, 33, 225]	[130, -116, -13, 34, -165]	[-180, 50, 34, -171, 16]	[135, 11, -185, -205, 29]	[264, 54, 227, 5, 233]	[10000, 10000, 10000, 10000, 10006]	[-203, 179, 233, 162, -80]
94	13.0	[-52, 145, -34, -41, -81]	[117, -247, -115, 203, 7]	[-101, -27, 66, -94, 88]	[53, -83, -29, 109, -107]	[109, -129, -216, 190, -37]	[-86, -70, 24, -97, -134]	[-215, 169, -60, 34, 226]	[130, -116, -13, 34, -165]	[-180, 50, 34, -171, 16]	[135, 11, -185, -205, 5]	[264, 54, 227, 5, 233]	[10000, 10000, 10000, 10000, 10006]	[-203, 179, 233, 162, -80]
95	9.5	[-52, 145, -34, -41, -81]	[117, -247, -115, 203, 7]	[-101, -27, 66, -94, 88]	[53, -83, -29, 109, -107]	[109, -129, -216, 190, -37]	[-86, -70, 24, -97, -134]	[-215, 169, -60, 34, 226]	[130, -116, -13, 34, -165]	[-180, 50, 34, -171, 16]	[135, 11, -185, -205, 5]	[264, 54, 227, 5, 233]	[10000, 10000, 10000, 10000, 10006]	[-203, 179, 233, 162, -80]
96	11.5	[-52, 145, -34, -41, -81]	[117, -247, -114, 203, 7]	[-101, -27, 66, -98, 88]	[53, -125, -31, 130, -98]	[109, -141, -216, 190, -37]	[-86, -70, 46, -93, -134]	[-215, 170, -63, 33, 226]	[130, -118, 26, 38, -165]	[-180, 50, 34, -171, 16]	[135, 11, -185, -205, 5]	[264, 54, 227, 5, 233]	[10000, 10000, 10000, 10000, 10006]	[-203, 179, 233, 162, -80]
97	12.0	[-52, 145, -34, -41, -81]	[117, -247, -115, 203, 7]	[-101, -27, 66, -98, 88]	[53, -102, -21, 54, -98]	[109, -141, -208, 127, -33]	[-86, -58, 50, -100, -134]	[-218, 169, -62, 33, 225]	[130, -116, -13, 34, -165]	[-180, 50, 34, -171, 16]	[135, 11, -185, -205, 29]	[264, 54, 227, 5, 233]	[10000, 10000, 10000, 10000, 10006]	[-203, 179, 233, 162, -80]
98	11.5	[-52, 145, -34, -41, -75]	[117, -247, -114, 203, 7]	[-94, -6, 66, -98, 88]	[53, -141, -59, 143, -98]	[103, -141, -216, 176, -37]	[-86, -67, 111, -91, -134]	[-215, 207, -68, 29, 226]	[130, -123, 121, 34, -165]	[-180, 50, 25, -171, 16]	[135, 11, -185, -205, 125]	[299, 89, 227, 5, 233]	[10000, 10000, 10000, 10000, 10006]	[-203, 179, 233, 162, -80]
99	12.5	[-52, 145, -34, -41, -81]	[117, -247, -114, 203, 7]	[-101, -27, 66, -98, 88]	[53, -125, -31, 130, -98]	[109, -141, -216, 190, -37]	[-86, -70, 46, -93, -134]	[-215, 170, -63, 33, 226]	[130, -118, 26, 38, -165]	[-180, 50, 34, -171, 16]	[135, 11, -185, -205, 5]	[264, 54, 227, 5, 233]	[10000, 10000, 10000, 10000, 10006]	[-203, 179, 233, 162, -80]
100	12.0	[-52, 145, -34, -41, -81]	[117, -247, -115, 203, 7]	[-101, -27, 66, -98, 88]	[53, -129, -31, 84, -98]	[109, -141, -213, 138, -33]	[-86, -59, 50, -100, -134]	[-218, 154, -56, 31, 225]	[130, -120, -13, 34, -165]	[-180, 50, 29, -172, 16]	[160, 11, -185, -205, 30]	[283, 77, 208, 5, 233]	[10000, 10000, 10000, 10000, 10006]	[-203, 179, 233, 162, -80]
101	10.5	[-52, 145, -34, -41, -81]	[117, -247, -115, 203, 7]	[-101, -27, 66, -98, 88]	[53, -102, -21, 54, -98]	[109, -141, -208, 127, -33]	[-86, -58, 50, -100, -134]	[-218, 169, -62, 33, 225]	[105, -116, -13, 34, -165]	[-180, 50, 34, -171, 16]	[135, 11, -185, -199, 29]	[264, 54, 227, 5, 233]	[10000, 10000, 10000, 10000, 10006]	[-203, 179, 233, 162, -80]
102	11.5	[-52, 145, -34, -41, -81]	[117, -247, -114, 203, 7]	[-101, -27, 66, -98, 88]	[53, -125, -31, 130, -98]	[109, -141, -216, 190, -37]	[-86, -70, 46, -93, -134]	[-215, 170, -63, 33, 201]	[130, -118, 26, 38, -165]	[-180, 50, 34, -171, 16]	[135, 11, -185, -205, 5]	[264, 54, 227, 5, 233]	[10000, 10000, 10000, 10000, 10006]	[-203, 179, 233, 162, -80]
103	13.0	[-52, 145, -34, -41, -81]	[117, -247, -115, 203, 7]	[-101, -27, 66, -98, 88]	[53, -129, -31, 84, -98]	[109, -141, -213, 138, -33]	[-86, -59, 50, -100, -134]	[-218, 154, -56, 31, 225]	[130, -120, 32, 34, -165]	[-180, 50, 29, -171, 16]	[160, 11, -185, -210, 30]	[283, 77, 209, 5, 233]	[10000, 10006, 10000, 10000, 10006]	[-203, 179, 233, 162, -80]
104	16.0	[-52, 145, -34, -41, -81]	[117, -247, -115, 203, 7]	[-101, -27, 66, -98, 88]	[53, -105, -31, 84, -98]	[109, -141, -215, 139, -33]	[-86, -63, 78, -96, -134]	[-218, 176, -65, 33, 225]	[130, -118, 85, 34, -165]	[-180, 50, 30, -172, 16]	[135, 11, -185, -205, 23]	[264, 63, 183, 5, 208]	[10000, 10000, 10000, 10000, 10006]	[-203, 179, 233, 162, -80]
105	10.0	[-52, 145, -34, -41, -81]	[117, -247, -115, 203, 7]	[-101, -27, 66, -98, 88]	[53, -129, -31, 84, -98]	[109, -141, -213, 138, -33]	[-86, -59, 50, -100, -134]	[-218, 154, -56, 31, 225]	[130, -120, 32, 34, -165]	[-180, 50, 29, -171, 16]	[160, 11, -185, -210, 30]	[283, 77, 209, 5, 233]	[10000, 10006, 10000, 10000, 10006]	[-203, 179, 233, 162, -80]
106	12.5	[-52, 145, -34, -41, -81]	[117, -247, -115, 203, 7]	[-101, -27, 66, -94, 88]	[53, -83, -29, 109, -107]	[109, -136, -212, 153, -37]	[-86, -63, 29, -97, -134]	[-215, 169, -60, 36, 225]	[136, -116, -13, 34, -165]	[-180, 50, 34, -171, 16]	[135, 11, -185, -205, 21]	[264, 54, 227, 5, 233]	[10000, 10000, 10000, 10000, 10006]	[-203, 185, 233, 162, -80]
107	11.5	[-52, 145, -34, -41, -75]	[117, -247, -115, 203, 7]	[-101, -27, 66, -98, 88]	[53, -105, -31, 84, -98]	[109, -141, -215, 139, -33]	[-86, -63, 74, -96, -134]	[-218, 176, -63, 33, 225]	[130, -118, 30, 34, -165]	[-180, 50, 31, -172, 16]	[135, 11, -185, -201, 23]	[264, 63, 183, 5, 208]	[10000, 10000, 10000, 10000, 10006]	[-203, 179, 233, 162, -80]
108	14.0	[-52, 145, -34, -41, -81]	[117, -222, -109, 203, 7]	[-101, -27, 66, -94, 88]	[53, -84, -27, 79, -102]	[105, -130, -216, 173, -37]	[-86, -71, 94, -97, -134]	[-216, 163, -62, 46, 225]	[130, -116, -13, 69, -52]	[-180, 50, 34, -172, 16]	[135, 11, -189, -205, 5]	[266, 75, 226, 5, 233]	[10000, 10000, 10000, 10000, 10006]	[-203, 185, 233, 162, -80]
109	10.5	[-52, 145, -34, -41, -81]	[117, -247, -115, 203, 7]	[-101, -27, 66, -94, 88]	[53, -83, -29, 109, -107]	[109, -136, -212, 153, -37]	[-86, -63, 29, -97, -134]	[-215, 169, -60, 36, 225]	[136, -116, -13, 34, -165]	[-180, 50, 34, -171, 16]	[135, 11, -185, -205, 21]	[264, 54, 227, 5, 233]	[10000, 10000, 10000, 10000, 10006]	[-203, 185, 233, 162, -80]
110	11.5	[-52, 145, -34, -41, -81]	[117, -247, -115, 203, 7]	[-101, -27, 66, -98, 88]	[53, -102, -21, 54, -98]	[109, -141, -210, 140, -33]	[-86, -60, 50, -100, -134]	[-218, 169, -62, 33, 225]	[105, -116, -13, 36, -165]	[-180, 50, 34, -171, 16]	[135, 11, -185, -199, 29]	[264, 54, 227, 5, 233]	[10000, 10000, 10000, 10000, 10006]	[-203, 179, 233, 162, -80]
111	11.5	[-52, 145, -34, -41, -81]	[117, -247, -115, 203, 1]	[-101, -27, 66, -98, 88]	[53, -127, -31, 102, -98]	[109, -141, -213, 190, -37]	[-86, -68, 63, -95, -134]	[-218, 170, -56, 31, 225]	[130, -119, -10, 34, -165]	[-180, 50, 29, -171, 16]	[160, 10, -188, -206, 30]	[283, 77, 209, 5, 233]	[10000, 10000, 10000, 10000, 10006]	[-203, 179, 233, 162, -80]
112	13.5	[-52, 145, -34, -41, -75]	[117, -247, -115, 203, 7]	[-101, -27, 66, -98, 88]	[53, -99, -31, 84, -98]	[109, -141, -215, 139, -33]	[-86, -63, 80, -96, -134]	[-218, 176, -63, 33, 225]	[130, -118, 30, 34, -165]	[-180, 50, 31, -172, 16]	[135, 11, -185, -201, 23]	[264, 63, 183, 5, 208]	[10000, 10000, 10000, 10000, 10006]	[-203, 179, 233, 162, -80]
113	13.5	[-58, 170, -34, -41, -76]	[117, -247, -116, 182, 7]	[-103, -16, 65, -55, 87]	[53, -70, -20, 134, -127]	[115, -126, -227, 144, -37]	[-87, -157, 29, -112, -133]	[-224, 169, -73, 20, 225]	[126, -115, -69, 78, -119]	[-181, 17, 44, -189, 16]	[135, 11, -186, -210, 0]	[264, -3, 181, 4, 213]	[10000, 10000, 9994, 10000, 10005]	[-209, 183, 233, 157, -86]
114	9.5	[-52, 145, -34, -41, -81]	[117, -247, -115, 203, 7]	[-101, -27, 66, -94, 88]	[53, -83, -29, 109, -107]	[109, -136, -212, 153, -37]	[-86, -63, 26, -97, -134]	[-215, 169, -60, 36, 225]	[136, -116, -13, 34, -165]	[-180, 50, 34, -171, 16]	[135, 11, -185, -205, 21]	[264, 54, 227, 5, 233]	[10000, 10000, 10000, 10000, 10006]	[-203, 185, 233, 162, -80]
115	9.5	[-52, 145, -34, -41, -81]	[117, -247, -115, 203, 7]	[-53, -26, 66, -98, 88]	[53, -85, -21, 54, -98]	[109, -141, -210, 176, -35]	[-86, -60, 50, -100, -134]	[-218, 169, -62, 36, 225]	[106, -115, -13, 36, -165]	[-180, 50, 32, -171, 16]	[135, 11, -185, -199, 29]	[264, 54, 227, 5, 233]	[10000, 10000, 10000, 10000, 10006]	[-203, 179, 233, 162, -80]
116	9.0	[-52, 145, -34, -41, -81]	[117, -247, -115, 203, 7]	[-101, -27, 66, -98, 88]	[53, -107, -30, 79, -98]	[109, -141, -215, 130, -33]	[-86, -60, 57, -98, -134]	[-218, 169, -63, 33, 225]	[105, -116, -13, 34, -165]	[-180, 50, 34, -171, 16]	[135, 11, -185, -199, 29]	[264, 54, 227, 5, 233]	[10000, 10000, 10000, 10000, 10006]	[-203, 179, 233, 162, -80]
117	12.5	[-52, 145, -34, -41, -81]	[117, -247, -115, 203, 1]	[-101, -27, 66, -98, 88]	[53, -127, -31, 102, -98]	[109, -141, -213, 190, -37]	[-86, -68, 63, -95, -134]	[-218, 170, -56, 31, 225]	[130, -119, -10, 34, -165]	[-180, 50, 29, -171, 16]	[160, 10, -188, -206, 30]	[283, 77, 209, 5, 233]	[10000, 10000, 10000, 10000, 10006]	[-203, 179, 233, 162, -80]
118	13.5	[-52, 145, -34, -41, -81]	[117, -247, -115, 203, 7]	[-101, -27, 66, -98, 88]	[53, -107, -30, 79, -98]	[109, -141, -215, 130, -33]	[-86, -60, 57, -98, -134]	[-218, 169, -63, 33, 225]	[105, -116, -13, 34, -165]	[-180, 50, 34, -171, 16]	[135, 11, -185, -199, 29]	[264, 54, 227, 5, 233]	[10000, 10000, 10000, 10000, 10006]	[-203, 179, 233, 162, -80]
119	13.5	[-58, 145, -34, -41, -75]	[117, -247, -115, 203, 7]	[-101, -27, 66, -98, 88]	[53, -99, -31, 84, -98]	[109, -141, -215, 139, -33]	[-86, -63, 80, -96, -134]	[-218, 176, -63, 33, 225]	[130, -118, 30, 34, -165]	[-180, 50, 31, -172, 16]	[135, 11, -185, -195, 23]	[264, 63, 183, 5, 208]	[10000, 10000, 10000, 10000, 10006]	[-203, 179, 233, 162, -80]
120	10.5	[-52, 145, -34, -41, -81]	[117, -247, -115, 203, 7]	[-101, -27, 66, -98, 88]	[53, -124, -31, 84, -98]	[109, -129, -215, 190, -33]	[-86, -60, 56, -100, -134]	[-221, 168, -65, 32, 226]	[130, -121, 32, 35, -165]	[-180, 50, 29, -171, 16]	[160, 11, -185, -210, 30]	[283, 77, 209, 5, 233]	[10000, 10006, 10000, 10000, 10006]	[-203, 179, 233, 162, -80]
121	14.5	[-52, 145, -34, -41, -81]	[117, -222, -109, 203, 7]	[-101, -27, 66, -94, 88]	[59, -84, -27, 79, -102]	[105, -130, -216, 173, -37]	[-86, -71, 94, -97, -134]	[-216, 163, -62, 46, 225]	[130, -116, -13, 69, -52]	[-180, 50, 34, -172, 16]	[135, 11, -189, -205, 5]	[266, 75, 226, 5, 233]	[10000, 10000, 10000, 10000, 10006]	[-203, 185, 233, 162, -80]
122	11.5	[-52, 145, -34, -41, -81]	[117, -247, -115, 209, 1]	[-101, -27, 66, -98, 88]	[53, -127, -31, 102, -98]	[109, -141, -213, 190, -37]	[-86, -68, 63, -95, -134]	[-218, 170, -56, 31, 225]	[130, -119, -10, 34, -165]	[-180, 50, 29, -171, 16]	[160, 10, -188, -206, 36]	[283, 77, 209, 5, 233]	[10000, 10000, 10000, 10000, 10006]	[-203, 179, 233, 162, -80]
123	13.0	[-52, 145, -34, -41, -81]	[117, -247, -115, 203, 7]	[-101, -26, 66, -98, 88]	[53, -128, -38, 97, -98]	[109, -140, -214, 184, -37]	[-86, -69, 46, -91, -134]	[-234, 162, -65, 31, 226]	[130, -119, 46, 36, -166]	[-182, 54, 39, -171, 16]	[135, 11, -189, -205, 5]	[264, 86, 209, 5, 233]	[10000, 10000, 10000, 10000, 10006]	[-203, 198, 233, 162, -80]
124	10.5	[-52, 145, -34, -41, -81]	[117, -247, -115, 203, 7]	[-101, -33, 66, -98, 88]	[53, -107, -30, 79, -98]	[109, -141, -215, 130, -33]	[-86, -60, 57, -98, -134]	[-218, 169, -63, 33, 225]	[105, -116, -13, 34, -165]	[-180, 50, 34, -171, 16]	[135, 11, -185, -199, 29]	[264, 48, 227, 5, 233]	[10000, 10000, 10000, 10000, 10006]	[-203, 179, 233, 162, -80]
125	11.0	[-52, 145, -34, -41, -81]	[117, -243, -110, 203, 7]	[-50, -23, 66, -96, 88]	[53, -104, -27, 74, -107]	[107, -141, -216, 187, -37]	[-86, -73, 24, -97, -134]	[-215, 167, -60, 37, 226]	[130, -115, -13, 34, -165]	[-184, 50, 20, -171, 16]	[135, 11, -186, -202, 5]	[266, 56, 227, 5, 233]	[10000, 10000, 10000, 10000, 10006]	[-203, 185, 233, 162, -80]
126	10.0	[-52, 145, -34, -41, -81]	[117, -243, -110, 203, 7]	[-50, -23, 66, -96, 88]	[53, -104, -27, 74, -107]	[107, -141, -216, 187, -37]	[-86, -73, 24, -97, -134]	[-215, 167, -60, 37, 226]	[130, -115, -13, 34, -165]	[-184, 50, 20, -171, 16]	[135, 11, -186, -202, 5]	[266, 56, 227, 5, 233]	[10000, 10000, 10000, 10000, 10006]	[-203, 185, 233, 162, -80]
127	12.0	[-52, 145, -34, -41, -81]	[117, -247, -115, 203, 7]	[-101, -33, 66, -98, 88]	[53, -107, -30, 79, -98]	[109, -141, -209, 130, -33]	[-86, -60, 57, -98, -134]	[-218, 169, -63, 33, 225]	[105, -116, -13, 34, -165]	[-180, 50, 34, -171, 16]	[135, 11, -185, -199, 29]	[264, 48, 227, 5, 233]	[10000, 10000, 10000, 10000, 10006]	[-203, 179, 233, 162, -80]
128	12.5	[-52, 145, -34, -41, -81]	[117, -247, -115, 203, 7]	[-101, -27, 66, -98, 88]	[53, -124, -31, 84, -98]	[109, -129, -215, 190, -33]	[-86, -60, 56, -100, -134]	[-221, 168, -65, 32, 226]	[130, -121, 32, 35, -165]	[-180, 50, 29, -171, 16]	[160, 11, -185, -210, 30]	[283, 77, 209, 5, 233]	[10000, 10001, 10000, 10000, 10006]	[-203, 179, 233, 162, -80]
129	13.0	[-52, 145, -34, -41, -81]	[117, -247, -115, 203, 7]	[-101, -27, 66, -98, 88]	[53, -124, -31, 84, -98]	[109, -129, -215, 190, -33]	[-86, -60, 56, -100, -134]	[-221, 168, -65, 32, 226]	[130, -121, 32, 35, -165]	[-180, 50, 29, -171, 16]	[160, 11, -185, -210, 30]	[283, 77, 209, 5, 233]	[10000, 10001, 10000, 10000, 10006]	[-203, 179, 233, 162, -80]
130	9.5	[-52, 145, -34, -41, -81]	[117, -247, -115, 203, 7]	[-101, -33, 66, -98, 88]	[53, -107, -30, 79, -98]	[109, -141, -209, 130, -27]	[-86, -60, 57, -98, -134]	[-218, 169, -63, 33, 225]	[105, -116, -13, 34, -165]	[-180, 50, 34, -171, 16]	[135, 11, -185, -199, 29]	[264, 48, 227, 5, 233]	[10000, 10000, 10000, 10000, 10006]	[-203, 179, 233, 162, -80]
131	10.0	[-58, 145, -34, -41, -75]	[117, -247, -115, 203, 7]	[-101, -27, 66, -98, 88]	[53, -100, -31, 84, -92]	[109, -141, -216, 139, -33]	[-86, -63, 80, -96, -134]	[-218, 175, -65, 33, 225]	[130, -118, 30, 35, -165]	[-180, 50, 31, -171, 16]	[135, 11, -185, -195, 23]	[264, 63, 183, 5, 208]	[10000, 10000, 10000, 10000, 10006]	[-203, 179, 233, 162, -80]
132	13.0	[-52, 145, -34, -41, -81]	[117, -247, -115, 203, 7]	[-101, -24, 66, -98, 88]	[53, -110, -30, 84, -101]	[109, -141, -216, 190, -37]	[-86, -70, 45, -99, -134]	[-220, 170, -65, 33, 226]	[130, -118, 39, 37, -165]	[-182, 50, 33, -171, 16]	[137, 5, -190, -205, 5]	[264, 97, 222, 5, 233]	[10000, 10000, 10000, 10000, 10006]	[-203, 198, 233, 162, -80]
133	12.5	[-52, 145, -34, -41, -81]	[117, -245, -110, 209, 1]	[-101, -27, 66, -97, 88]	[53, -124, -30, 96, -98]	[109, -141, -213, 187, -37]	[-86, -68, 33, -97, -128]	[-218, 170, -58, 33, 225]	[130, -119, -10, 34, -165]	[-180, 50, 23, -171, 16]	[160, 4, -188, -206, 36]	[283, 73, 224, 5, 233]	[10000, 10000, 10000, 10000, 10006]	[-203, 179, 233, 162, -80]
134	12.0	[-52, 145, -34, -41, -81]	[117, -245, -110, 209, 1]	[-101, -27, 66, -97, 88]	[53, -124, -30, 96, -98]	[109, -141, -213, 187, -37]	[-86, -68, 33, -97, -128]	[-218, 170, -58, 33, 225]	[130, -113, -10, 34, -165]	[-180, 50, 23, -171, 16]	[160, 4, -188, -206, 36]	[283, 73, 224, 5, 233]	[10000, 10000, 10000, 10000, 10006]	[-203, 179, 233, 162, -80]
135	13.0	[-52, 145, -34, -41, -81]	[117, -247, -115, 203, 7]	[-101, -24, 66, -98, 88]	[53, -110, -30, 84, -101]	[109, -141, -216, 190, -37]	[-86, -70, 45, -99, -134]	[-220, 170, -65, 33, 226]	[130, -118, 39, 37, -165]	[-182, 50, 33, -171, 16]	[137, 5, -190, -205, 5]	[264, 97, 222, 5, 233]	[10000, 10000, 10000, 10000, 10006]	[-203, 198, 233, 162, -80]
136	10.5	[-58, 145, -34, -41, -75]	[117, -247, -115, 203, 7]	[-101, -26, 66, -96, 88]	[53, -103, -30, 94, -92]	[109, -141, -216, 172, -36]	[-86, -63, 80, -96, -134]	[-218, 175, -65, 32, 225]	[130, -118, 30, 35, -171]	[-180, 50, 31, -171, 16]	[135, 11, -185, -195, 23]	[264, 63, 183, 5, 208]	[10000, 10000, 10000, 10000, 10006]	[-203, 179, 233, 162, -80]
137	13.5	[-52, 145, -34, -41, -81]	[117, -247, -115, 209, 1]	[-101, -27, 66, -98, 88]	[53, -126, -27, 99, -104]	[109, -141, -213, 188, -37]	[-86, -66, 26, -95, -134]	[-218, 170, -57, 31, 225]	[130, -119, 11, 34, -165]	[-180, 50, 31, -171, 16]	[160, 10, -186, -203, 29]	[283, 77, 209, 5, 233]	[10000, 10000, 10000, 9994, 10006]	[-203, 179, 233, 162, -80]
138	13.0	[-52, 145, -34, -41, -81]	[117, -247, -115, 203, 7]	[-101, -27, 66, -98, 88]	[53, -108, -30, 80, -101]	[109, -141, -215, 158, -37]	[-86, -70, 45, -99, -134]	[-220, 170, -65, 33, 226]	[130, -118, 39, 37, -165]	[-182, 50, 33, -171, 16]	[137, 5, -190, -205, 5]	[264, 97, 222, 5, 233]	[10000, 10000, 10000, 10000, 10006]	[-203, 198, 233, 162, -80]
139	11.5	[-52, 145, -34, -41, -81]	[117, -247, -115, 203, 7]	[-101, -27, 66, -98, 88]	[53, -108, -30, 80, -101]	[109, -141, -215, 158, -37]	[-86, -70, 45, -99, -134]	[-220, 170, -65, 33, 226]	[130, -118, 39, 37, -165]	[-182, 50, 33, -171, 16]	[137, 5, -190, -205, 5]	[264, 97, 222, 5, 233]	[10000, 10000, 10000, 10000, 10006]	[-203, 198, 233, 162, -80]
140	15.0	[-52, 145, -34, -41, -81]	[117, -245, -110, 209, 1]	[-101, -27, 66, -97, 88]	[53, -124, -30, 96, -98]	[109, -141, -213, 187, -37]	[-86, -68, 33, -97, -128]	[-218, 170, -58, 33, 225]	[130, -113, -10, 34, -165]	[-180, 50, 23, -171, 16]	[160, 4, -188, -206, 36]	[283, 73, 224, 5, 233]	[10000, 10000, 10000, 10000, 10006]	[-203, 179, 233, 162, -80]
141	10.5	[-52, 145, -34, -41, -81]	[117, -247, -115, 209, 1]	[-101, -27, 66, -98, 88]	[53, -126, -27, 99, -104]	[109, -141, -213, 188, -37]	[-86, -66, 26, -95, -134]	[-218, 170, -57, 31, 225]	[130, -119, 11, 34, -165]	[-180, 50, 31, -171, 16]	[160, 10, -186, -203, 29]	[283, 96, 215, 5, 233]	[10000, 10000, 10000, 9994, 10006]	[-203, 179, 233, 162, -80]
142	13.5	[-52, 145, -34, -41, -81]	[117, -247, -115, 203, 7]	[-101, -27, 66, -98, 88]	[53, -88, -29, 84, -98]	[107, -128, -215, 190, -33]	[-86, -60, 38, -104, -134]	[-218, 167, -63, 32, 226]	[130, -121, 32, 35, -165]	[-181, 50, 21, -171, 16]	[160, 11, -188, -202, 25]	[279, 81, 209, 5, 233]	[10000, 10001, 10000, 10000, 10006]	[-203, 183, 233, 162, -80]
143	11.5	[-52, 145, -34, -41, -81]	[117, -247, -115, 203, 7]	[-101, -27, 66, -98, 88]	[53, -108, -30, 80, -101]	[109, -141, -215, 158, -37]	[-86, -64, 47, -99, -134]	[-220, 170, -65, 33, 226]	[130, -118, 39, 37, -165]	[-182, 50, 33, -171, 16]	[137, 5, -190, -205, 5]	[264, 97, 222, 5, 233]	[10000, 10000, 10000, 10000, 10006]	[-203, 198, 233, 162, -80]
144	13.5	[-52, 145, -34, -41, -81]	[117, -247, -115, 203, 7]	[-95, -27, 66, -98, 88]	[53, -120, -31, 84, -99]	[109, -139, -215, 190, -33]	[-86, -60, 56, -100, -134]	[-221, 167, -70, 27, 226]	[130, -116, 32, 35, -165]	[-180, 50, 29, -171, 16]	[160, 11, -185, -210, 30]	[283, 77, 209, 5, 233]	[10000, 10003, 10000, 10000, 10006]	[-203, 194, 233, 162, -80]
145	12.5	[-52, 145, -34, -41, -81]	[117, -245, -110, 209, 1]	[-101, -27, 66, -97, 88]	[53, -124, -30, 96, -98]	[109, -141, -213, 187, -37]	[-86, -68, 33, -97, -128]	[-218, 170, -58, 33, 225]	[130, -113, -10, 34, -171]	[-180, 50, 23, -171, 16]	[160, 4, -188, -206, 36]	[283, 73, 224, 5, 233]	[10000, 10000, 10000, 10000, 10006]	[-203, 179, 233, 162, -80]
146	14.0	[-52, 145, -34, -41, -81]	[117, -245, -110, 209, 1]	[-101, -27, 66, -97, 88]	[53, -124, -30, 96, -98]	[109, -141, -213, 187, -37]	[-86, -68, 33, -97, -128]	[-218, 170, -58, 33, 225]	[130, -113, -10, 34, -171]	[-180, 50, 23, -171, 16]	[160, 4, -188, -206, 36]	[283, 73, 224, 5, 233]	[10000, 10000, 10000, 10000, 10006]	[-203, 179, 233, 162, -80]
147	9.0	[-52, 145, -34, -41, -81]	[117, -245, -110, 209, 1]	[-101, -27, 66, -97, 88]	[53, -124, -30, 96, -98]	[115, -141, -213, 187, -37]	[-86, -68, 33, -97, -128]	[-218, 170, -58, 33, 225]	[130, -113, -10, 34, -171]	[-180, 50, 23, -171, 16]	[160, 4, -188, -206, 36]	[283, 73, 224, 5, 233]	[10000, 10000, 10000, 10000, 10006]	[-203, 179, 233, 162, -80]
148	11.0	[-52, 145, -34, -41, -81]	[117, -247, -115, 203, 7]	[-101, -27, 66, -98, 88]	[53, -88, -29, 84, -98]	[107, -128, -215, 190, -33]	[-86, -61, 33, -98, -134]	[-218, 168, -58, 32, 226]	[130, -121, 22, 34, -168]	[-181, 50, 21, -171, 16]	[160, 11, -188, -202, 25]	[283, 78, 218, 5, 233]	[10000, 10001, 10000, 10000, 10006]	[-203, 183, 233, 162, -80]
149	12.5	[-52, 145, -29, -41, -81]	[117, -247, -114, 206, 2]	[-101, -26, 66, -97, 88]	[53, -103, -30, 91, -109]	[115, -140, -216, 187, -37]	[-86, -65, 75, -96, -134]	[-228, 170, -65, 35, 226]	[130, -116, 34, 37, -165]	[-182, 50, 33, -171, 16]	[135, 11, -190, -205, 5]	[264, 97, 223, 5, 233]	[10000, 10000, 10000, 10000, 10006]	[-203, 198, 233, 162, -80]
150	13.5	[-52, 145, -29, -41, -81]	[117, -247, -114, 206, 2]	[-101, -26, 66, -97, 88]	[53, -103, -30, 91, -109]	[115, -140, -216, 187, -37]	[-86, -65, 75, -96, -134]	[-228, 170, -65, 35, 226]	[130, -116, 34, 37, -165]	[-182, 50, 33, -171, 16]	[135, 11, -190, -205, 5]	[264, 97, 223, 5, 233]	[10000, 10000, 10000, 10000, 10006]	[-203, 198, 233, 162, -80]
151	11.0	[-52, 145, -34, -41, -81]	[117, -247, -115, 203, 7]	[-95, -27, 66, -98, 88]	[53, -120, -31, 84, -99]	[109, -139, -215, 190, -39]	[-86, -60, 56, -100, -134]	[-221, 167, -70, 27, 226]	[130, -116, 32, 35, -165]	[-180, 50, 29, -171, 16]	[160, 11, -185, -210, 30]	[283, 77, 215, 5, 233]	[10000, 10003, 10000, 10000, 10006]	[-203, 194, 233, 162, -80]
152	13.5	[-52, 145, -34, -35, -81]	[117, -247, -115, 209, 1]	[-101, -27, 66, -98, 88]	[53, -126, -27, 99, -104]	[109, -141, -213, 188, -37]	[-86, -66, 26, -95, -134]	[-218, 170, -57, 31, 225]	[130, -119, 11, 34, -165]	[-180, 56, 31, -171, 16]	[160, 10, -186, -205, 29]	[283, 87, 212, 5, 239]	[10000, 10000, 10000, 9994, 10006]	[-203, 179, 233, 162, -80]
153	10.0	[-52, 145, -34, -41, -81]	[117, -247, -111, 203, 7]	[-101, -24, 66, -94, 88]	[53, -114, -28, 109, -107]	[107, -138, -213, 183, -37]	[-86, -69, 26, -97, -134]	[-221, 170, -60, 33, 226]	[136, -114, -19, 34, -165]	[-175, 49, 34, -171, 16]	[137, 10, -190, -205, 21]	[265, 91, 227, 5, 233]	[10000, 10000, 9999, 10000, 10006]	[-203, 192, 233, 162, -80]
154	12.0	[-52, 145, -34, -41, -81]	[117, -245, -110, 206, 1]	[-101, -27, 66, -97, 88]	[53, -117, -26, 101, -123]	[109, -127, -217, 168, -40]	[-86, -137, 34, -104, -133]	[-218, 171, -60, 32, 225]	[130, -114, -20, 34, -165]	[-181, 48, 31, -171, 16]	[149, 10, -190, -205, 24]	[268, 69, 225, 4, 233]	[10000, 10000, 9999, 10000, 10006]	[-203, 183, 233, 159, -80]
155	13.0	[-52, 145, -29, -41, -81]	[117, -247, -114, 206, 2]	[-101, -26, 66, -97, 88]	[53, -103, -30, 91, -109]	[115, -140, -216, 187, -37]	[-86, -65, 75, -96, -134]	[-228, 170, -65, 35, 226]	[130, -116, 34, 37, -165]	[-182, 50, 33, -171, 16]	[135, 11, -190, -205, 5]	[264, 97, 223, 5, 233]	[10000, 10000, 10000, 10000, 10006]	[-203, 198, 233, 162, -80]
156	12.0	[-52, 145, -34, -41, -81]	[123, -247, -111, 204, 7]	[-101, -24, 66, -96, 88]	[53, -118, -28, 109, -107]	[107, -139, -212, 163, -37]	[-86, -69, 26, -97, -134]	[-215, 170, -60, 33, 226]	[130, -116, 12, 34, -165]	[-174, 56, 34, -171, 16]	[135, 11, -191, -205, 21]	[264, 56, 227, 5, 233]	[10000, 10000, 10000, 10000, 10006]	[-203, 185, 233, 162, -80]
157	14.5	[-52, 145, -34, -41, -81]	[117, -247, -114, 206, 7]	[-101, -26, 66, -98, 88]	[53, -108, -30, 80, -107]	[109, -141, -215, 158, -37]	[-86, -70, 45, -99, -134]	[-220, 170, -65, 33, 226]	[130, -118, 39, 37, -165]	[-182, 50, 33, -171, 16]	[137, 5, -190, -205, 5]	[264, 97, 222, 5, 233]	[10000, 10000, 10000, 10000, 10006]	[-203, 198, 233, 162, -80]
158	11.0	[-52, 145, -34, -41, -81]	[117, -247, -115, 203, 7]	[-95, -27, 66, -98, 88]	[53, -120, -31, 84, -99]	[109, -139, -215, 190, -39]	[-86, -60, 56, -100, -134]	[-221, 168, -59, 28, 226]	[130, -118, 31, 34, -166]	[-180, 50, 33, -171, 16]	[160, 11, -185, -208, 30]	[278, 83, 215, 5, 233]	[10000, 10002, 10000, 10000, 10006]	[-203, 194, 233, 162, -80]
159	14.5	[-52, 145, -34, -41, -81]	[123, -247, -115, 203, 7]	[-101, -27, 66, -98, 88]	[53, -88, -29, 84, -98]	[107, -128, -215, 190, -33]	[-86, -60, 33, -98, -134]	[-220, 169, -64, 31, 226]	[130, -119, 32, 34, -168]	[-181, 50, 21, -171, 16]	[160, 11, -188, -202, 25]	[283, 78, 218, 5, 233]	[10000, 10001, 10000, 10000, 10006]	[-203, 183, 233, 162, -80]
160	13.0	[-52, 145, -34, -38, -81]	[117, -247, -109, 209, 1]	[-101, -27, 66, -98, 88]	[53, -132, -32, 99, -104]	[109, -141, -214, 185, -37]	[-86, -66, 29, -91, -134]	[-218, 162, -51, 31, 225]	[130, -119, 11, 35, -166]	[-180, 51, 32, -171, 16]	[137, 10, -188, -205, 14]	[283, 96, 215, 5, 233]	[10000, 10000, 10000, 9994, 10006]	[-203, 179, 233, 162, -80]
161	12.0	[-52, 145, -34, -41, -81]	[117, -247, -115, 203, 7]	[-101, -27, 66, -96, 88]	[53, -114, -28, 91, -98]	[107, -137, -213, 190, -33]	[-86, -60, 34, -98, -134]	[-221, 170, -61, 32, 226]	[130, -114, 30, 40, -169]	[-182, 50, 33, -171, 16]	[153, 11, -190, -205, 25]	[279, 90, 227, 5, 233]	[10000, 10000, 9999, 10000, 10006]	[-203, 187, 233, 162, -80]
162	14.0	[-52, 145, -34, -41, -81]	[123, -247, -115, 203, 7]	[-101, -27, 66, -98, 88]	[53, -88, -29, 84, -98]	[107, -128, -215, 190, -33]	[-86, -60, 33, -98, -134]	[-220, 169, -64, 31, 226]	[130, -119, 32, 34, -168]	[-181, 50, 21, -171, 16]	[160, 11, -188, -202, 25]	[283, 78, 218, 5, 233]	[10000, 10001, 10000, 10000, 10006]	[-203, 183, 233, 162, -80]
163	13.0	[-52, 145, -34, -41, -81]	[117, -247, -114, 206, 7]	[-101, -26, 66, -98, 88]	[53, -108, -30, 80, -107]	[109, -141, -215, 158, -37]	[-86, -70, 45, -99, -134]	[-220, 170, -65, 33, 226]	[130, -118, 39, 37, -165]	[-182, 50, 33, -171, 16]	[137, 5, -190, -205, 5]	[264, 97, 228, 5, 233]	[10000, 10000, 10000, 10000, 10006]	[-203, 198, 233, 162, -80]
164	13.5	[-52, 145, -34, -41, -81]	[117, -247, -111, 203, 7]	[-101, -24, 66, -94, 88]	[53, -114, -28, 109, -107]	[107, -138, -213, 183, -37]	[-86, -69, 26, -97, -134]	[-221, 170, -60, 33, 226]	[136, -114, -19, 34, -165]	[-175, 49, 34, -171, 16]	[137, 10, -190, -205, 21]	[265, 91, 227, 5, 233]	[10000, 10000, 9999, 10000, 10006]	[-203, 192, 233, 162, -80]
165	13.0	[-52, 145, -34, -41, -81]	[117, -247, -114, 206, 7]	[-101, -27, 66, -96, 88]	[53, -111, -30, 91, -102]	[107, -137, -213, 188, -35]	[-86, -61, 34, -98, -134]	[-221, 170, -61, 35, 226]	[130, -114, 34, 37, -169]	[-179, 50, 26, -171, 16]	[160, 11, -190, -205, 25]	[279, 90, 227, 5, 233]	[10000, 10000, 9999, 10000, 10006]	[-203, 187, 233, 162, -80]
166	12.0	[-52, 145, -34, -41, -81]	[117, -247, -111, 203, 7]	[-101, -24, 66, -94, 88]	[53, -114, -28, 109, -107]	[107, -138, -213, 183, -37]	[-86, -69, 26, -97, -134]	[-221, 170, -60, 33, 226]	[136, -114, -19, 34, -165]	[-175, 49, 34, -171, 16]	[137, 10, -190, -205, 21]	[265, 91, 227, 5, 233]	[10000, 10000, 9999, 10000, 10000]	[-203, 192, 233, 162, -80]
167	12.5	[-52, 145, -34, -41, -81]	[117, -247, -114, 206, 7]	[-101, -27, 66, -96, 88]	[53, -111, -30, 91, -102]	[107, -137, -213, 177, -35]	[-86, -61, 34, -97, -134]	[-216, 170, -61, 35, 232]	[130, -114, 29, 37, -169]	[-180, 50, 33, -171, 22]	[160, 11, -190, -205, 25]	[279, 90, 227, 5, 233]	[10000, 10000, 9999, 10000, 10006]	[-203, 187, 233, 162, -80]
168	13.0	[-52, 145, -34, -41, -81]	[117, -247, -114, 206, 7]	[-101, -27, 66, -96, 88]	[53, -110, -30, 83, -102]	[107, -137, -213, 177, -35]	[-86, -61, 34, -98, -134]	[-216, 170, -64, 35, 226]	[130, -114, 30, 34, -169]	[-179, 50, 22, -171, 16]	[160, 11, -190, -205, 25]	[279, 90, 227, 5, 233]	[10000, 10000, 9999, 10000, 10006]	[-203, 187, 233, 162, -80]
169	13.0	[-46, 145, -34, -41, -81]	[117, -247, -111, 207, 7]	[-101, -27, 66, -98, 88]	[53, -113, -30, 80, -107]	[109, -141, -215, 166, -37]	[-86, -70, 42, -97, -134]	[-220, 168, -61, 31, 226]	[130, -118, 35, 36, -165]	[-180, 51, 33, -171, 16]	[137, 5, -190, -205, 5]	[264, 97, 228, 5, 233]	[10000, 10000, 10000, 10000, 10006]	[-203, 198, 233, 162, -80]
170	13.0	[-52, 145, -34, -41, -81]	[117, -247, -114, 206, 7]	[-101, -27, 66, -96, 88]	[53, -110, -30, 83, -102]	[107, -137, -213, 177, -35]	[-86, -61, 34, -98, -134]	[-216, 170, -64, 35, 226]	[130, -114, 30, 34, -169]	[-179, 50, 22, -171, 16]	[160, 11, -190, -205, 25]	[279, 90, 227, 5, 233]	[10000, 10000, 9999, 10000, 10006]	[-203, 187, 233, 162, -80]
171	13.5	[-52, 145, -34, -41, -81]	[117, -247, -114, 206, 7]	[-101, -27, 66, -96, 88]	[53, -110, -30, 83, -102]	[107, -137, -213, 177, -35]	[-86, -61, 34, -97, -134]	[-216, 170, -61, 35, 226]	[130, -114, 30, 37, -169]	[-179, 50, 31, -171, 16]	[160, 11, -190, -205, 25]	[279, 90, 227, 5, 233]	[10000, 10001, 9999, 10000, 10006]	[-203, 185, 233, 162, -80]
172	12.5	[-52, 145, -34, -41, -81]	[117, -246, -112, 206, 7]	[-101, -27, 66, -95, 88]	[53, -111, -30, 91, -102]	[107, -137, -213, 179, -35]	[-86, -61, 34, -98, -134]	[-221, 170, -61, 35, 226]	[130, -114, 34, 37, -169]	[-179, 50, 32, -171, 16]	[160, 11, -190, -205, 25]	[279, 90, 227, 5, 233]	[10000, 10000, 9993, 10000, 10006]	[-203, 187, 233, 162, -80]
173	11.0	[-52, 145, -34, -41, -81]	[117, -246, -112, 206, 7]	[-101, -27, 66, -95, 88]	[53, -111, -30, 91, -102]	[107, -137, -213, 179, -35]	[-86, -61, 34, -98, -134]	[-221, 170, -61, 35, 226]	[130, -114, 34, 37, -169]	[-179, 50, 32, -171, 16]	[160, 11, -190, -205, 25]	[279, 90, 227, 5, 233]	[10000, 10000, 9993, 10000, 10006]	[-203, 187, 233, 162, -80]
174	13.0	[-52, 145, -34, -41, -81]	[117, -247, -114, 206, 7]	[-101, -27, 66, -95, 88]	[53, -111, -30, 91, -102]	[107, -137, -213, 185, -35]	[-86, -61, 34, -97, -134]	[-216, 170, -61, 35, 226]	[130, -114, 29, 37, -169]	[-180, 50, 33, -171, 18]	[160, 11, -190, -205, 25]	[279, 90, 233, 5, 233]	[10000, 10000, 9999, 10000, 10006]	[-203, 187, 233, 162, -80]
175	11.0	[-52, 145, -34, -41, -81]	[117, -247, -114, 206, 7]	[-101, -27, 66, -96, 88]	[53, -111, -30, 91, -102]	[107, -137, -213, 188, -35]	[-86, -61, 34, -98, -134]	[-221, 170, -61, 35, 226]	[130, -114, 34, 37, -169]	[-180, 50, 26, -171, 16]	[160, 11, -190, -205, 25]	[279, 90, 233, 5, 233]	[10000, 10000, 9999, 10000, 10006]	[-203, 187, 233, 162, -80]
176	13.0	[-52, 145, -34, -41, -81]	[117, -245, -110, 206, 1]	[-101, -27, 66, -91, 88]	[53, -117, -26, 101, -123]	[109, -127, -217, 168, -40]	[-86, -137, 34, -104, -133]	[-218, 171, -60, 32, 225]	[130, -114, -20, 34, -165]	[-181, 49, 30, -171, 16]	[149, 10, -190, -205, 24]	[274, 69, 231, 4, 233]	[10000, 10000, 9999, 10000, 10006]	[-203, 183, 233, 159, -80]
177	14.0	[-46, 145, -34, -41, -81]	[117, -247, -114, 206, 7]	[-101, -27, 66, -95, 88]	[53, -111, -30, 95, -104]	[108, -138, -214, 175, -39]	[-86, -67, 34, -101, -133]	[-220, 170, -63, 33, 225]	[130, -115, 30, 36, -165]	[-182, 50, 32, -171, 16]	[137, 6, -190, -205, 8]	[265, 88, 228, 5, 233]	[10000, 10000, 9999, 10000, 10006]	[-203, 192, 233, 159, -86]
178	10.5	[-46, 145, -34, -41, -81]	[117, -247, -111, 207, 7]	[-101, -27, 66, -98, 88]	[53, -113, -30, 80, -107]	[109, -141, -215, 166, -37]	[-86, -70, 42, -97, -134]	[-220, 168, -61, 31, 226]	[130, -118, 35, 36, -165]	[-180, 51, 33, -171, 16]	[137, 5, -190, -205, 5]	[264, 97, 228, 5, 233]	[10000, 10000, 10000, 10000, 10006]	[-203, 198, 233, 162, -80]
179	11.5	[-52, 145, -34, -41, -81]	[117, -247, -114, 212, 7]	[-101, -27, 66, -96, 88]	[53, -110, -30, 83, -102]	[107, -137, -213, 177, -35]	[-86, -61, 34, -97, -134]	[-216, 170, -61, 35, 226]	[130, -114, 30, 37, -169]	[-179, 50, 31, -171, 16]	[160, 11, -190, -205, 25]	[279, 90, 227, 5, 233]	[10000, 10001, 9999, 10000, 10006]	[-203, 185, 233, 162, -80]
180	13.5	[-52, 145, -34, -35, -81]	[123, -247, -115, 209, 1]	[-101, -27, 66, -98, 88]	[53, -118, -27, 107, -104]	[109, -147, -213, 188, -37]	[-86, -67, 26, -95, -134]	[-218, 170, -57, 31, 225]	[135, -115, -7, 34, -165]	[-178, 56, 31, -171, 16]	[160, 10, -188, -205, 28]	[283, 90, 210, 5, 239]	[10000, 10000, 10000, 9994, 10005]	[-203, 179, 233, 162, -80]
181	13.5	[-52, 145, -34, -41, -81]	[117, -247, -114, 206, 1]	[-101, -27, 66, -91, 88]	[53, -113, -30, 82, -109]	[109, -140, -215, 170, -37]	[-86, -85, 34, -104, -133]	[-220, 170, -62, 31, 226]	[130, -115, 25, 34, -165]	[-181, 49, 29, -171, 16]	[149, 10, -190, -205, 24]	[279, 79, 228, 4, 233]	[10000, 10000, 9999, 10000, 10006]	[-203, 183, 233, 159, -80]
182	10.5	[-52, 145, -34, -41, -81]	[117, -244, -111, 203, 7]	[-101, -26, 66, -94, 88]	[53, -114, -31, 104, -107]	[107, -138, -214, 179, -37]	[-86, -69, 26, -97, -134]	[-218, 170, -58, 38, 226]	[133, -115, -14, 34, -165]	[-175, 49, 32, -171, 16]	[137, 10, -186, -205, 21]	[265, 91, 227, 5, 233]	[10000, 10000, 9999, 10000, 10000]	[-203, 180, 233, 162, -80]
183	11.0	[-46, 145, -34, -41, -81]	[117, -247, -111, 207, 7]	[-101, -27, 66, -98, 88]	[53, -113, -30, 80, -107]	[109, -141, -215, 166, -37]	[-86, -70, 42, -97, -134]	[-220, 168, -61, 31, 226]	[130, -118, 35, 36, -165]	[-180, 49, 29, -171, 16]	[137, 5, -190, -205, 5]	[264, 85, 228, 4, 233]	[10000, 10000, 9994, 10000, 10006]	[-203, 198, 233, 162, -80]
184	12.0	[-52, 145, -34, -41, -81]	[123, -253, -115, 203, 7]	[-101, -27, 66, -92, 88]	[53, -88, -29, 84, -98]	[107, -137, -215, 196, -33]	[-86, -60, 33, -98, -134]	[-220, 169, -62, 31, 226]	[130, -116, 27, 37, -166]	[-181, 50, 21, -171, 16]	[160, 11, -190, -204, 25]	[283, 78, 212, 5, 233]	[10000, 10001, 10000, 10000, 10006]	[-203, 183, 233, 162, -80]
185	15.5	[-52, 145, -34, -41, -81]	[117, -247, -114, 212, 7]	[-101, -27, 66, -96, 88]	[53, -110, -30, 83, -102]	[107, -137, -213, 177, -35]	[-86, -61, 34, -97, -134]	[-216, 170, -61, 35, 226]	[130, -114, 30, 37, -169]	[-179, 50, 31, -171, 16]	[160, 11, -190, -205, 25]	[279, 90, 227, 5, 233]	[10000, 10001, 9999, 10000, 10006]	[-203, 185, 233, 162, -80]
186	14.0	[-52, 145, -34, -41, -81]	[117, -244, -111, 203, 7]	[-101, -26, 66, -94, 88]	[53, -114, -31, 104, -107]	[107, -138, -214, 179, -37]	[-86, -69, 26, -97, -134]	[-218, 170, -58, 38, 226]	[133, -115, -14, 34, -165]	[-175, 49, 32, -171, 16]	[137, 10, -186, -205, 21]	[265, 91, 227, 5, 233]	[10000, 10000, 9999, 10000, 10000]	[-203, 180, 233, 162, -80]
187	11.5	[-52, 145, -34, -35, -81]	[123, -247, -115, 209, 1]	[-101, -27, 66, -98, 88]	[53, -118, -27, 107, -104]	[109, -147, -213, 188, -37]	[-86, -67, 26, -95, -134]	[-218, 170, -57, 31, 225]	[135, -115, -7, 34, -165]	[-178, 56, 31, -171, 16]	[160, 10, -188, -205, 28]	[283, 90, 210, 5, 239]	[10000, 10000, 10000, 10000, 10005]	[-203, 179, 233, 162, -80]
188	13.0	[-58, 145, -34, -41, -81]	[117, -247, -114, 206, 7]	[-101, -27, 66, -96, 88]	[53, -111, -30, 91, -108]	[107, -137, -213, 188, -35]	[-86, -61, 34, -98, -134]	[-221, 170, -61, 35, 226]	[130, -114, 34, 37, -169]	[-180, 50, 26, -171, 16]	[160, 11, -190, -205, 25]	[279, 90, 233, 5, 233]	[10000, 9994, 9999, 10000, 10006]	[-203, 187, 233, 162, -80]
189	15.5	[-46, 145, -34, -41, -81]	[117, -247, -111, 207, 7]	[-101, -27, 66, -98, 88]	[53, -113, -30, 80, -107]	[109, -141, -215, 166, -37]	[-86, -70, 42, -97, -134]	[-220, 168, -61, 31, 226]	[132, -115, 35, 36, -165]	[-177, 49, 31, -171, 16]	[137, 5, -190, -205, 5]	[264, 85, 228, 4, 233]	[10000, 10000, 9994, 10000, 10006]	[-203, 198, 233, 162, -80]
190	10.5	[-58, 145, -34, -41, -81]	[117, -247, -114, 206, 7]	[-101, -27, 66, -96, 88]	[53, -111, -30, 91, -108]	[107, -137, -213, 188, -35]	[-86, -61, 34, -98, -134]	[-221, 170, -61, 35, 226]	[130, -114, 34, 37, -169]	[-180, 50, 26, -171, 16]	[160, 11, -190, -205, 25]	[279, 90, 233, 5, 233]	[10000, 9994, 9999, 10000, 10006]	[-203, 187, 233, 162, -80]
191	10.0	[-52, 145, -34, -41, -81]	[117, -244, -111, 203, 7]	[-101, -26, 66, -94, 88]	[53, -114, -31, 104, -107]	[107, -138, -214, 173, -37]	[-86, -69, 26, -97, -134]	[-218, 170, -58, 38, 226]	[133, -115, -14, 34, -165]	[-175, 49, 32, -171, 16]	[137, 10, -186, -205, 21]	[265, 91, 227, 5, 233]	[10000, 10000, 9999, 10000, 10000]	[-203, 180, 233, 162, -80]
192	12.0	[-46, 145, -34, -41, -81]	[117, -247, -111, 207, 7]	[-101, -27, 66, -96, 88]	[59, -111, -30, 83, -107]	[109, -138, -213, 179, -37]	[-86, -67, 35, -98, -134]	[-220, 168, -61, 32, 226]	[130, -118, 35, 36, -165]	[-180, 50, 30, -171, 16]	[137, 7, -190, -205, 12]	[264, 97, 228, 5, 233]	[10000, 10000, 10000, 10000, 10006]	[-203, 198, 233, 162, -80]
193	15.0	[-52, 145, -34, -41, -81]	[117, -247, -114, 212, 7]	[-101, -27, 66, -96, 88]	[53, -110, -30, 83, -102]	[107, -137, -213, 177, -35]	[-86, -61, 34, -97, -134]	[-216, 170, -61, 35, 226]	[130, -114, 30, 37, -169]	[-179, 50, 31, -171, 16]	[160, 11, -190, -205, 25]	[279, 90, 227, 5, 233]	[10000, 10001, 9999, 10000, 10006]	[-203, 185, 233, 162, -80]
194	15.5	[-52, 145, -34, -35, -81]	[123, -247, -115, 209, 1]	[-101, -27, 66, -98, 88]	[53, -118, -27, 107, -104]	[109, -147, -213, 188, -37]	[-86, -67, 26, -95, -134]	[-218, 170, -57, 31, 225]	[135, -115, -7, 34, -165]	[-175, 52, 31, -171, 16]	[160, 10, -186, -205, 28]	[283, 90, 210, 5, 239]	[10000, 10000, 10000, 10000, 10005]	[-203, 179, 233, 162, -80]
195	13.0	[-52, 145, -34, -35, -81]	[123, -247, -115, 209, 1]	[-101, -27, 66, -98, 88]	[53, -118, -27, 107, -104]	[109, -147, -213, 188, -37]	[-86, -67, 26, -95, -134]	[-218, 170, -57, 31, 225]	[135, -115, -7, 34, -165]	[-175, 52, 31, -171, 16]	[160, 10, -186, -205, 28]	[283, 90, 210, 5, 239]	[10000, 10000, 10000, 10000, 10005]	[-203, 179, 233, 162, -80]
196	12.0	[-52, 145, -34, -41, -81]	[117, -246, -112, 205, 7]	[-101, -26, 66, -95, 88]	[53, -113, -31, 104, -107]	[107, -138, -214, 184, -37]	[-86, -67, 26, -97, -134]	[-218, 170, -58, 38, 226]	[133, -115, -14, 34, -165]	[-177, 55, 32, -171, 16]	[150, 10, -188, -205, 21]	[265, 91, 224, 5, 233]	[10000, 10000, 9999, 10000, 10000]	[-203, 180, 233, 162, -80]
197	11.0	[-46, 145, -34, -41, -81]	[117, -247, -114, 200, 13]	[-101, -26, 66, -98, 88]	[53, -112, -31, 95, -104]	[108, -138, -214, 180, -37]	[-86, -67, 34, -97, -134]	[-220, 170, -61, 33, 231]	[130, -119, 30, 36, -165]	[-182, 50, 32, -171, 16]	[137, 5, -190, -205, 8]	[264, 91, 228, -1, 233]	[10000, 10000, 9999, 10000, 10005]	[-203, 198, 233, 162, -84]
198	14.5	[-46, 145, -34, -41, -81]	[117, -247, -111, 207, 7]	[-101, -27, 66, -98, 88]	[53, -113, -30, 80, -107]	[109, -141, -215, 166, -37]	[-86, -70, 42, -97, -134]	[-220, 168, -61, 31, 226]	[132, -115, 35, 36, -165]	[-177, 49, 31, -171, 16]	[137, 5, -190, -205, 5]	[264, 85, 228, 4, 233]	[10000, 10000, 9994, 10000, 10006]	[-203, 198, 233, 162, -80]
199	18.5	[-46, 145, -34, -41, -81]	[117, -247, -114, 200, 13]	[-101, -26, 66, -98, 88]	[53, -112, -31, 95, -104]	[108, -138, -214, 180, -37]	[-86, -67, 34, -97, -134]	[-220, 170, -61, 33, 231]	[130, -119, 30, 36, -165]	[-182, 50, 32, -171, 16]	[137, 5, -190, -205, 8]	[264, 91, 228, -1, 233]	[10000, 10000, 9999, 10000, 10005]	[-203, 198, 233, 162, -84]
