generation	fitness	corner	c	a1	a2	b1	b2	b3	x	o1	o2	wp	ww	we
0	1.5	[-106, -85, -37, -164, 146]	[170, 113, -171, -195, -1]	[-59, -200, 180, 87, 181]	[46, -230, 155, -274, -77]	[289, -236, -221, 140, 19]	[-295, -86, 233, -268, 90]	[106, -5, 17, 202, -187]	[-175, -256, -139, 50, 132]	[82, -233, 220, 37, 126]	[-152, 243, 230, -39, -186]	[133, 283, 80, 155, -136]	[10000, 10000, 10000, 10000, 10000]	[-62, 85, 296, -76, 3]
1	4.0	[173, -198, -159, -265, -38]	[42, -82, 51, -4, -108]	[-163, -97, 101, 141, 57]	[260, -138, -20, -290, 37]	[180, 263, 78, -281, -262]	[-83, 89, -71, -13, 101]	[-252, 265, 73, 4, 13]	[-67, -3, 9, -230, -73]	[-120, -55, -106, 97, -218]	[-154, 272, 274, 1, -91]	[-135, 117, 227, 211, -4]	[10000, 10000, 10000, 10000, 10000]	[-240, -260, -70, 125, 190]
2	4.0	[173, -198, -159, -265, -38]	[42, -82, 51, -4, -108]	[-163, -97, 101, 141, 57]	[260, -138, -20, -290, 37]	[180, 263, 78, -281, -262]	[-83, 89, -71, -13, 101]	[-252, 265, 73, 4, 13]	[-67, -3, 9, -230, -73]	[-120, -55, -106, 97, -218]	[-154, 272, 274, 1, -91]	[-135, 117, 227, 211, -4]	[10000, 10000, 10000, 10000, 10000]	[-240, -260, -70, 125, 190]
3	4.0	[173, -198, -159, -265, -38]	[42, -82, 51, -4, -108]	[-163, -97, 101, 141, 57]	[260, -138, -20, -290, 37]	[180, 263, 78, -281, -262]	[-83, 89, -71, -13, 101]	[-252, 265, 73, 4, 13]	[-67, -3, 9, -230, -73]	[-120, -55, -106, 97, -218]	[-154, 272, 274, 1, -91]	[-135, 117, 227, 211, -4]	[10000, 10000, 10000, 10000, 10000]	[-240, -260, -70, 125, 190]
4	4.0	[173, -198, -159, -265, -38]	[42, -82, 51, -4, -108]	[-163, -97, 101, 141, 57]	[260, -138, -20, -290, 37]	[180, 263, 78, -281, -262]	[-83, 89, -71, -13, 101]	[-252, 265, 73, 4, 13]	[-67, -3, 9, -230, -73]	[-120, -55, -106, 97, -218]	[-154, 272, 274, 1, -91]	[-135, 117, 227, 211, -4]	[10000, 10000, 10000, 10000, 10000]	[-240, -260, -70, 125, 190]
5	5.5	[173, -198, -159, -265, -38]	[42, -82, 51, -4, -108]	[-163, -97, 101, 141, 57]	[260, -138, -20, -290, 37]	[180, 263, 78, -281, -262]	[-83, 89, -71, -13, 101]	[-252, 265, 73, 4, 13]	[-67, -3, 9, -230, -73]	[-120, -55, -106, 97, -218]	[-154, 272, 274, 1, -91]	[-135, 117, 227, 211, -4]	[10000, 10000, 10000, 10000, 10000]	[-240, -260, -70, 125, 190]
6	9.5	[173, -198, -159, -265, -38]	[42, -82, 51, -4, -108]	[-163, -97, 101, 141, 57]	[260, -138, -20, -290, 37]	[180, 263, 78, -281, -262]	[-83, 89, -71, -13, 101]	[-252, 265, 73, 4, 13]	[-67, -3, 9, -230, -73]	[-120, -55, -106, 97, -218]	[-154, 272, 274, 1, -91]	[-135, 117, 227, 211, -4]	[10000, 10000, 10000, 10000, 10000]	[-240, -260, -70, 125, 190]
7	5.0	[-292, 33, 43, 148, -191]	[126, -134, 61, -204, -248]	[206, -172, -108, 273, -268]	[290, 42, 137, -269, 196]	[32, -95, 235, 45, -128]	[189, -82, 124, -117, 34]	[241, 106, -10, 17, 148]	[-222, 22, 189, 238, -86]	[-34, -49, -99, -189, -114]	[94, 152, 3, 56, 260]	[-73, 186, 21, 162, -63]	[10000, 10000, 10000, 10000, 10000]	[66, 207, 201, -231, -98]
8	4.0	[-292, 33, 43, 148, -191]	[126, -134, 61, -204, -248]	[206, -172, -108, 273, -268]	[290, 42, 137, -269, 196]	[32, -267, 174, -69, -128]	[238, -256, 132, -292, 43]	[241, 106, 94, -294, -113]	[-222, 233, 260, 238, -86]	[-55, -85, -298, -189, -114]	[94, 152, 3, 44, 158]	[-17, 104, 160, 152, -63]	[10000, 10000, 10000, 10000, 10000]	[53, 215, -149, -272, -99]
9	3.0	[-292, 33, 43, 148, -191]	[126, -134, 61, -204, -248]	[206, 42, -199, 253, -268]	[290, 42, 137, -264, 179]	[32, -267, 174, -69, -60]	[-105, 81, 20, -157, -2]	[241, 106, -84, 56, 192]	[-222, 36, 177, -76, -86]	[-13, -72, -99, -189, -114]	[94, -131, 112, 73, 260]	[-73, 148, 21, 162, -63]	[10000, 10000, 10000, 10000, 10000]	[66, 207, 201, -231, -98]
10	6.0	[173, -198, -159, -265, -38]	[42, 97, 59, -4, -53]	[-154, -83, 101, 141, 57]	[78, -114, -25, -290, 37]	[180, 244, 87, -230, -215]	[-83, 89, 6, -13, 101]	[-252, 265, 73, 20, 204]	[-67, 4, 110, 214, -79]	[-120, -55, -107, 102, -218]	[-154, 272, 267, -130, -144]	[-19, 176, 227, 211, -4]	[10000, 10000, 10000, 10000, 10000]	[-240, -260, -70, 125, 190]
11	3.0	[-106, -85, -37, -164, 146]	[170, 107, -171, -195, -1]	[-59, -200, 180, 87, 181]	[46, -230, 155, -274, -77]	[289, -236, -221, 140, 19]	[-295, -86, 233, -131, 96]	[144, -54, 11, 202, -187]	[-175, -22, -127, 104, 102]	[82, -233, 191, 28, -109]	[-152, 243, 230, 17, -190]	[133, 283, 71, 208, -136]	[9994, 10000, 10000, 10000, 10000]	[-62, 85, 296, -178, 126]
12	6.0	[173, -198, -159, -265, -38]	[42, 97, 59, -4, -53]	[-154, -83, 101, 141, 57]	[78, -114, -25, -290, 37]	[180, 244, 87, -230, -215]	[-83, 89, 6, -13, 101]	[-252, 265, 73, 20, 204]	[-67, 4, 110, 214, -79]	[-120, -55, -107, 102, -218]	[-154, 272, 267, -130, -144]	[-19, 176, 227, 211, -4]	[10000, 10000, 10000, 10000, 10000]	[-240, -260, -70, 125, 190]
13	3.0	[173, -198, -159, -265, -38]	[42, 97, 59, -4, -53]	[-154, -83, 101, 141, 57]	[78, -114, -25, -290, 37]	[180, 244, 87, -230, -215]	[-83, 89, 6, -13, 101]	[-252, 265, 73, 20, 204]	[-67, 4, 110, 214, -79]	[-120, -55, -107, 102, -218]	[-154, 272, 267, -130, -144]	[-19, 176, 227, 211, -4]	[10000, 10000, 10000, 10000, 10000]	[-240, -260, -70, 125, 190]
14	5.0	[-292, 33, 43, 148, -191]	[126, -134, 61, -204, -248]	[206, -96, -13, 263, -268]	[224, -61, 0, -284, 196]	[32, -95, 235, 28, -140]	[-68, -82, 39, -97, 77]	[165, 140, 43, 17, 148]	[-157, 17, 138, 150, -86]	[-34, -53, -106, -189, -114]	[-9, 213, 3, 56, 260]	[-65, 180, 21, 162, -63]	[10000, 10000, 10000, 10000, 10000]	[66, 207, 201, -231, -98]
15	6.5	[-292, 33, 43, 148, -191]	[126, -134, 61, -204, -248]	[206, -96, -13, 263, -268]	[224, -61, 0, -284, 196]	[32, -95, 235, 28, -140]	[-68, -82, 39, -97, 77]	[165, 140, 43, 17, 148]	[-157, 17, 138, 150, -86]	[-34, -53, -106, -189, -114]	[-9, 213, 3, 56, 260]	[-65, 180, 21, 162, -63]	[10000, 10000, 10000, 10000, 10000]	[66, 207, 201, -231, -98]
16	3.5	[-106, -85, -37, -164, 146]	[170, 113, -171, -195, -1]	[-74, -80, 180, 87, -218]	[75, 6, 128, -177, -77]	[243, -94, 39, 141, 19]	[-295, -86, 56, -152, 5]	[160, -161, -84, 202, -142]	[-183, -42, -138, -147, 132]	[82, -233, 220, -155, -24]	[-152, 243, 230, -39, -186]	[133, 283, 80, 182, -38]	[10000, 10000, 10000, 10000, 10000]	[-62, 85, 296, -76, 150]
17	6.0	[173, -198, -159, -265, -38]	[44, 105, 59, -4, -53]	[-154, -83, 95, 132, 57]	[78, -69, 59, -275, 30]	[180, 187, 75, -177, -202]	[-176, 99, 6, -13, 101]	[-252, 101, -12, 20, 204]	[-67, 4, 12, 9, -79]	[-120, -55, -107, 102, -218]	[-154, 272, 267, -130, -144]	[-19, 176, 227, 211, -4]	[10000, 10000, 10000, 10000, 10000]	[-240, -260, -70, 125, 190]
18	6.0	[173, -198, -159, -265, -38]	[44, 105, 59, -4, -53]	[-154, -83, 95, 132, 57]	[78, -69, 59, -275, 30]	[180, 187, 75, -177, -202]	[-176, 99, 6, -13, 101]	[-252, 101, -12, 20, 204]	[-67, 4, 12, 9, -79]	[-120, -55, -107, 102, -218]	[-154, 272, 267, -130, -144]	[-19, 176, 227, 211, -4]	[10000, 10000, 10000, 10000, 10000]	[-240, -260, -70, 125, 190]
19	6.0	[173, -198, -159, -265, -38]	[44, 105, 59, -4, -53]	[-154, -83, 95, 132, 57]	[78, -69, 59, -275, 30]	[180, 187, 75, -177, -202]	[-176, 99, 6, -13, 101]	[-252, 101, -12, 20, 204]	[-67, 4, 12, 9, -79]	[-120, -55, -107, 102, -218]	[-154, 272, 267, -130, -144]	[-19, 176, 227, 211, -4]	[10000, 10000, 10000, 10000, 10000]	[-240, -260, -70, 125, 190]
20	5.0	[-292, 33, 43, 148, -191]	[126, -134, 61, -204, -248]	[200, -172, -108, 273, -268]	[290, 42, 137, -269, 196]	[32, -267, 174, -69, -128]	[238, -256, 132, -292, 43]	[241, 106, 94, -294, -113]	[-222, 233, 260, 238, -86]	[-55, -85, -298, -189, -114]	[94, 146, 3, 44, 158]	[-17, 104, 160, 152, -63]	[10000, 10000, 10000, 10000, 10000]	[53, 215, -149, -272, -99]
21	6.5	[173, -198, -159, -265, -38]	[44, 105, 59, -4, -53]	[-154, -83, 95, 132, 57]	[78, -69, 59, -275, 30]	[180, 187, 75, -177, -202]	[-176, 99, 6, -13, 101]	[-252, 101, -12, 20, 204]	[-67, 4, 12, 9, -79]	[-120, -55, -107, 102, -218]	[-154, 272, 267, -130, -144]	[-19, 176, 227, 211, -4]	[10000, 10000, 10000, 10000, 10000]	[-240, -260, -70, 125, 190]
22	7.0	[173, -198, -159, -265, -38]	[44, 105, 59, -4, -53]	[-154, -83, 95, 132, 57]	[78, -69, 59, -275, 30]	[180, 187, 75, -177, -202]	[-176, 99, 6, -13, 101]	[-252, 101, -12, 20, 204]	[-67, 4, 12, 9, -79]	[-120, -55, -107, 102, -218]	[-154, 272, 267, -130, -144]	[-19, 176, 227, 211, -4]	[10000, 10000, 10000, 10000, 10000]	[-240, -260, -70, 125, 190]
23	5.0	[173, -114, -110, 77, -38]	[44, 68, 50, -109, -21]	[-154, -37, -13, 232, 57]	[47, -69, 63, -269, 46]	[180, -173, 10, -177, -202]	[-143, 127, 15, -108, 101]	[-252, 109, 29, 79, 204]	[-67, 4, -23, -119, 6]	[-120, -106, 144, -34, -151]	[-154, 245, 176, -42, -144]	[70, 241, 146, 203, -4]	[10000, 10000, 10000, 10000, 10000]	[-240, -260, -70, 125, 190]
24	5.0	[-106, -159, -87, 265, -278]	[155, -117, 247, -75, -274]	[-297, -278, 130, -181, -98]	[-296, 181, -37, -63, 110]	[55, 187, -292, -66, -49]	[-291, 217, -29, 41, -199]	[-173, 203, 153, 153, 284]	[-245, 60, -54, -113, 35]	[-6, 109, -244, -188, -255]	[15, 56, 190, 101, 124]	[17, -30, 30, 89, -180]	[10000, 10000, 10000, 10000, 10000]	[107, 81, -85, 52, -240]
25	5.5	[-292, 33, 43, 148, -191]	[126, -134, 61, -204, -248]	[206, 42, -199, 253, -268]	[290, 42, 137, -264, 179]	[32, -267, 174, -69, -60]	[-105, 81, 38, -157, -2]	[195, 112, -61, 26, 182]	[-169, 13, 131, -187, -86]	[-13, -5, -103, -171, -127]	[94, -125, 112, 73, -29]	[-97, 226, 36, 164, -110]	[10000, 10000, 10000, 10000, 10000]	[66, -255, -13, -33, 102]
26	6.0	[173, -198, -159, -265, -38]	[44, 105, 59, -4, -53]	[-154, -83, 97, 19, 57]	[47, -69, 59, -275, 30]	[180, 281, -121, -177, -202]	[-156, 101, 15, -127, 76]	[-252, 42, 27, 79, 204]	[-42, 4, -21, -119, 6]	[-71, -11, 50, -11, -147]	[-154, 239, 267, -130, -144]	[70, 263, 209, 203, -4]	[10000, 10000, 10000, 10000, 10000]	[-240, -260, -70, 125, 190]
27	6.5	[173, -198, -159, -265, -38]	[44, 105, 59, -4, -53]	[-154, -83, 95, 132, 57]	[78, -69, 59, -275, 30]	[180, 187, 75, -177, -202]	[-176, 99, 6, -13, 101]	[-258, 101, -12, 20, 204]	[-67, 4, 12, 9, -79]	[-120, -55, -107, 102, -218]	[-154, 272, 267, -130, -144]	[-19, 176, 227, 211, -4]	[10000, 10000, 10000, 10000, 10000]	[-240, -260, -70, 125, 190]
28	5.5	[-106, -159, -87, 265, -278]	[109, -108, 201, -10, -274]	[-297, -278, 117, 130, 36]	[-296, 116, 26, -224, 97]	[55, 187, -292, -66, -49]	[-291, 217, -29, 41, -199]	[-173, 203, 153, 153, 284]	[-245, 60, -54, -113, 35]	[-6, 109, -244, -188, -255]	[15, 56, 190, 101, 124]	[17, -30, 30, 89, -180]	[10000, 10000, 10000, 10000, 10000]	[107, 81, -85, 52, -240]
29	9.0	[173, -198, -159, -265, -38]	[44, 105, 59, -4, -53]	[-154, -83, 97, 19, -56]	[77, -25, 59, -275, 30]	[180, 281, -121, -155, -145]	[-156, -29, 8, -167, -6]	[-252, 42, 27, 79, 204]	[-42, 5, 17, 1, 6]	[-71, 75, -237, -37, -147]	[-154, 239, 208, -5, 119]	[-4, 260, 166, 152, -5]	[10000, 10000, 10000, 10000, 10000]	[-240, -77, -88, 125, 190]
30	7.0	[173, -114, -110, 77, -38]	[44, 68, 50, -109, -21]	[-154, -37, -13, 232, 57]	[47, -69, 63, -269, 46]	[180, -173, 10, -177, -202]	[-143, 127, 15, -108, 101]	[-252, 109, 29, 79, 204]	[-67, 4, -23, -119, 6]	[-120, -106, 144, -34, -151]	[-154, 245, 176, -42, -144]	[70, 241, 146, 197, -4]	[10000, 10000, 10000, 10000, 10000]	[-240, -260, -70, 125, 190]
31	8.0	[173, -198, -159, -265, -38]	[44, 105, 59, -4, -53]	[-154, -83, 95, 132, 57]	[78, -69, 59, -275, 30]	[180, 187, 75, -177, -202]	[-176, 99, 6, -13, 101]	[-258, 101, -12, 20, 204]	[-67, 4, 12, 9, -79]	[-120, -55, -107, 102, -218]	[-154, 272, 267, -130, -144]	[-19, 176, 227, 211, -4]	[10000, 10000, 10000, 10000, 10000]	[-240, -260, -70, 125, 190]
32	7.0	[173, -198, -159, -265, -38]	[44, 105, 59, -4, -53]	[-154, -83, 97, 19, 57]	[47, -69, 59, -275, 30]	[180, 75, 47, -146, -79]	[31, -215, 16, -261, 76]	[-224, 96, 91, 53, 204]	[-81, 215, 136, -80, -60]	[-67, 98, -278, -183, -132]	[-154, 232, 169, -80, 22]	[70, 263, 209, 203, -4]	[10000, 10000, 10000, 10000, 10000]	[-240, -260, -70, 125, 190]
33	5.5	[173, -198, -159, -265, -38]	[44, 105, 59, -4, -53]	[-154, -83, 95, 132, 57]	[78, -69, 59, -275, 30]	[180, 187, 75, -177, -202]	[-176, 99, 6, -13, 101]	[-258, 101, -12, 20, 204]	[-67, 4, 12, 9, -79]	[-120, -55, -107, 102, -218]	[-154, 272, 267, -130, -144]	[-19, 176, 227, 211, -4]	[10000, 10000, 10000, 10000, 10000]	[-240, -260, -70, 125, 190]
34	4.0	[173, -198, -159, -265, -38]	[44, 105, 59, -4, -53]	[-154, -83, 95, 132, 57]	[78, -69, 59, -275, 30]	[180, 199, -78, -177, -202]	[-167, -9, 7, -15, 101]	[-258, 101, -5, 20, 204]	[-77, 4, 12, 9, -50]	[-120, -55, -107, 89, -218]	[-154, 249, 267, -130, -144]	[-19, 176, 196, 211, -4]	[10000, 10000, 10000, 10000, 10000]	[-240, -260, -70, 125, 190]
35	6.5	[173, -114, -110, 77, -38]	[44, 68, 50, -109, -21]	[-154, -43, -13, 232, 57]	[47, -69, 63, -269, 46]	[180, -173, 10, -177, -202]	[-143, 127, 15, -108, 101]	[-252, 109, 29, 79, 204]	[-67, 4, -23, -119, 6]	[-120, -106, 144, -34, -151]	[-154, 245, 176, -42, -144]	[70, 241, 146, 197, -4]	[10000, 10000, 10000, 10000, 10000]	[-240, -260, -70, 119, 190]
36	5.5	[-106, -159, -87, 265, -278]	[109, 21, -92, -10, -274]	[-297, -278, 117, 130, 36]	[-296, 116, 26, -224, 97]	[55, 187, -292, -66, -49]	[-291, 217, -29, 41, -199]	[-173, 203, 153, 153, 284]	[-245, 60, -54, -113, 35]	[-14, 104, -30, -129, -237]	[15, 56, 190, -50, 39]	[17, 11, 95, 89, -180]	[10000, 10000, 10000, 10000, 10000]	[107, 81, -85, 52, -240]
37	6.0	[173, -198, -159, -265, -38]	[44, 105, 59, -4, -53]	[-154, -83, 95, 132, 57]	[78, -69, 59, -275, 30]	[180, 199, -78, -177, -202]	[-167, -9, 7, -15, 101]	[-258, 101, -5, 20, 204]	[-67, 4, 12, 9, -50]	[-120, -55, -107, 102, -218]	[-154, 272, 267, -130, -144]	[-19, 176, 227, 211, -4]	[10000, 10000, 10000, 10000, 10000]	[-240, -260, -70, 125, 190]
38	6.0	[173, -204, -159, -265, -38]	[44, 105, 59, -4, -53]	[-154, -83, 97, 19, 57]	[47, -69, 59, -253, 65]	[55, 80, -85, -106, -87]	[116, 17, -27, 1, 76]	[-224, 96, 90, 79, 204]	[-42, 4, 34, -80, -60]	[-67, 98, 23, -118, -132]	[-154, 232, 169, -80, 22]	[70, 263, 209, 203, -4]	[10000, 10000, 10000, 10000, 10000]	[-240, -260, -70, 125, 190]
39	6.0	[-106, -159, -87, 265, -278]	[109, 21, -92, -10, -274]	[-297, -278, 117, 130, 36]	[-296, 116, 26, -224, 97]	[55, 187, -292, -66, -49]	[-291, 217, -29, 41, -199]	[-173, 203, 15, 32, 284]	[-245, 60, -54, -72, 35]	[-14, 104, -38, -8, -220]	[15, 56, 190, -50, 39]	[17, 11, 95, 89, -180]	[10000, 10000, 10000, 10000, 10000]	[107, 81, -85, 52, -240]
40	4.5	[173, -198, -159, -265, -38]	[44, 105, 59, -4, -53]	[-23, -49, 97, 19, 57]	[234, -23, 112, -274, 30]	[123, -225, 125, -129, -65]	[-58, -152, 22, -191, 76]	[73, 111, 47, 53, 204]	[-107, 215, 136, -80, -60]	[-67, 48, -266, -181, -132]	[-27, 182, 146, -80, 22]	[70, 232, 142, 176, -4]	[10000, 10000, 10000, 10000, 10000]	[-240, -260, -70, 125, 190]
41	5.5	[173, -114, -110, 77, -38]	[44, 68, 50, -109, -21]	[-154, -43, -13, 232, 57]	[47, -69, 63, -230, 46]	[186, 95, 10, -177, -202]	[-262, 156, 15, -108, 101]	[-252, 109, 18, 72, 204]	[-67, 12, -43, -115, 6]	[-120, -106, -33, -18, -209]	[15, 137, 187, -42, -144]	[70, 241, 146, 141, -137]	[10000, 10000, 10000, 10000, 10000]	[-240, -260, -70, 119, 190]
42	7.5	[-106, -159, -87, 265, -278]	[109, 21, -92, -10, -274]	[-297, -278, 117, 130, 36]	[-296, 116, 26, -224, 97]	[55, 187, -292, -66, -49]	[-291, 217, -29, 41, -199]	[-173, 203, 15, 32, 284]	[-245, 60, -54, -72, 35]	[-14, 104, -38, -8, -220]	[15, 56, 190, -50, 39]	[17, 11, 209, 189, -53]	[10000, 10000, 10000, 10000, 10000]	[-39, 58, -81, 117, 149]
43	7.0	[173, -198, -159, -265, -38]	[44, 105, 59, -4, -53]	[-154, -83, 95, 132, 63]	[-249, 47, 50, -265, 30]	[160, 190, -122, -140, -202]	[-290, 11, -21, 4, -62]	[-258, 101, 79, 49, 259]	[-77, 39, -32, -98, 32]	[-96, 79, -32, -45, -223]	[-26, 249, 267, -130, -138]	[-19, 176, 196, 211, -4]	[10000, 10000, 10000, 10000, 10000]	[-240, -260, -70, 125, 190]
44	7.5	[-106, -159, -87, 265, -278]	[109, 21, -92, -10, -274]	[-297, -278, 117, 130, 36]	[-296, 116, 26, -224, 97]	[55, 187, -292, -66, -49]	[-291, 217, -29, 41, -199]	[-173, 203, 15, 32, 284]	[-245, 60, -54, -72, 35]	[-14, 104, -38, -8, -220]	[15, 56, 174, -50, 39]	[-47, 47, 90, 178, -38]	[10000, 10000, 10000, 10000, 10000]	[-39, 58, -81, 117, 149]
45	6.0	[-226, -27, 247, 148, -105]	[126, -134, 61, -204, -248]	[206, 42, -199, 253, -268]	[290, 42, 137, -264, 179]	[32, -267, 174, -69, -60]	[-105, 81, 38, -157, -2]	[195, 112, -61, 26, 182]	[-163, 13, 131, -187, -86]	[-13, -5, -103, -171, -127]	[94, -125, 112, 73, -29]	[-97, 226, 36, 164, -110]	[10000, 10000, 10000, 10000, 10000]	[66, -255, -13, -33, 102]
46	7.0	[-106, -161, -120, 265, -278]	[109, 21, -92, -5, -255]	[-251, -278, 117, 130, 36]	[-296, 47, 31, -224, 97]	[115, 204, -199, -145, -127]	[-291, 92, 6, 41, -199]	[-230, 44, 24, 39, 270]	[-204, 60, -54, -72, 35]	[-69, 92, -134, -8, -220]	[15, 56, 190, -50, 39]	[17, 11, 209, 189, -53]	[10000, 10000, 10000, 10000, 10000]	[-39, 58, -81, 117, 149]
47	9.0	[-106, -161, -120, 265, -278]	[109, 21, -92, -5, -255]	[-251, -278, 117, 124, 36]	[-296, 49, 26, -224, 97]	[115, 204, -246, -115, -101]	[-291, 92, 6, 35, -199]	[-125, 91, 67, 103, 270]	[-178, 28, 91, -72, 35]	[-18, -4, -103, -8, -220]	[87, -63, 171, -64, 39]	[17, 101, 175, 189, -53]	[10000, 10000, 10000, 10000, 10000]	[-39, 58, -83, 59, 149]
48	5.0	[173, -204, -159, -265, -38]	[44, 105, 59, -4, -53]	[-154, -83, 97, 19, 57]	[47, -69, 59, -253, 65]	[55, 80, -85, -106, -87]	[116, 17, -27, 1, 76]	[-224, 96, 90, 79, 204]	[-42, 4, 34, -80, -60]	[-67, 98, 23, -118, -132]	[-154, 232, 169, -80, 22]	[70, 263, 209, 203, -4]	[10000, 10000, 10000, 10000, 10000]	[-240, -260, -70, 125, 190]
49	6.5	[-106, -161, -120, 265, -278]	[109, 21, -14, -122, -250]	[-251, -18, -17, 238, -257]	[-296, 49, 30, -224, 97]	[108, -169, -246, -115, -101]	[-291, 92, 20, 41, -199]	[-230, 82, 56, 66, 270]	[-204, 39, -38, -76, 35]	[-18, 43, -104, 30, -220]	[15, 136, 189, -43, 39]	[23, 101, 175, 189, -53]	[10000, 10000, 10000, 10000, 10000]	[-39, 58, -83, 59, 149]
50	6.5	[173, -198, -159, -265, -44]	[44, 105, 59, -4, -53]	[-154, -83, 95, 132, 63]	[-249, 47, 50, -265, 30]	[160, 190, -122, -140, -202]	[-290, 11, -15, 4, -62]	[-258, 101, 79, 49, 259]	[-77, 39, -32, -98, 32]	[-96, 79, -32, -45, -223]	[-26, 249, 267, -130, -138]	[-19, 176, 196, 211, -4]	[10000, 9994, 10000, 10000, 10000]	[-240, -260, -70, 125, 190]
51	10.0	[173, -114, -110, 77, -38]	[44, 68, 50, -109, -21]	[-154, -43, -13, 232, 57]	[47, -69, 63, -230, 46]	[186, 95, 10, -177, -202]	[-262, 156, 15, -108, 101]	[-252, 109, 18, 72, 204]	[-67, 12, -43, -115, 6]	[-120, -106, -33, -18, -209]	[15, 137, 187, -42, -144]	[70, 201, 225, 171, -137]	[10000, 10000, 10000, 10000, 10000]	[-240, -260, -70, 119, 190]
52	8.0	[173, -114, -110, 77, -38]	[44, 68, 50, -109, -21]	[-154, -43, -13, 232, 57]	[47, -69, 63, -230, 46]	[186, 95, 10, -177, -202]	[-262, 156, 15, -108, 101]	[-252, 109, 18, 72, 204]	[-67, 12, -43, -115, 6]	[-120, -106, -33, -18, -209]	[15, 137, 187, -42, -144]	[70, 201, 225, 171, -137]	[10000, 10000, 10000, 10000, 10000]	[-240, -260, -70, 119, 190]
53	10.5	[-106, -161, -120, 265, -278]	[109, 21, -92, -5, -249]	[-251, -278, 117, 124, 36]	[-296, 49, 26, -224, 97]	[115, 204, -246, -115, -101]	[-291, 92, 6, 35, -199]	[-125, 91, 67, 103, 270]	[-178, 28, 91, -72, 35]	[-18, -4, -103, -8, -220]	[65, -50, 187, -52, -101]	[17, 196, 165, 180, -107]	[10000, 10000, 10000, 10000, 10000]	[-39, 58, -83, 59, 149]
54	7.5	[173, -204, -159, -265, -38]	[44, 49, -4, -5, -156]	[-154, -83, 102, 119, 40]	[47, -69, 49, -224, 96]	[111, 109, -125, -115, -98]	[116, 42, -27, 37, 76]	[-224, 83, 53, 46, 204]	[-42, 4, 34, -76, 19]	[-68, 95, -93, -8, -145]	[-12, 95, 186, -56, 22]	[50, 167, 182, 189, -39]	[10000, 10000, 10000, 10000, 10000]	[-240, -260, -73, 119, 180]
55	8.5	[-106, -161, -120, 265, -278]	[109, 21, -92, -5, -255]	[-224, -212, 115, 63, 36]	[15, -54, 32, -224, 97]	[96, 175, -155, -135, -127]	[-291, 92, 6, 21, -199]	[-229, 66, 74, 40, 247]	[-146, 58, -54, -72, 35]	[-69, 94, -116, -8, -220]	[15, 56, 185, -80, 36]	[17, 11, 209, 195, -53]	[10000, 10000, 10000, 10000, 10000]	[-39, 58, -81, 117, 149]
56	11.0	[173, -204, -159, -265, -38]	[44, 49, -4, -5, -156]	[-154, -83, 102, 119, 40]	[47, -69, 49, -224, 96]	[111, 109, -125, -115, -98]	[116, 42, -27, 37, 76]	[-224, 83, 53, 46, 204]	[-42, 4, 34, -76, 19]	[-68, 95, -93, -8, -145]	[-12, 95, 186, -56, 22]	[50, 167, 182, 189, -39]	[10000, 10000, 10000, 10000, 10000]	[-240, -260, -73, 119, 180]
57	6.5	[-226, -27, 247, 148, -105]	[126, -134, 61, -204, -248]	[206, 42, -199, 253, -268]	[290, 42, 137, -264, 179]	[32, -267, 174, -69, -60]	[-105, 81, 38, -157, -2]	[195, 112, -61, 26, 182]	[-163, 13, 131, -187, -86]	[-13, -5, -103, -171, -127]	[94, -125, 112, 73, -29]	[-97, 226, 36, 164, -110]	[10000, 10000, 10000, 10000, 10000]	[66, -255, -13, -33, 102]
58	9.5	[-106, -161, -120, 265, -278]	[109, 21, -92, 1, -255]	[-224, -212, 115, 63, 36]	[15, -54, 32, -224, 97]	[96, 175, -155, -135, -127]	[-291, 92, 6, 21, -199]	[-229, 66, 74, 40, 247]	[-146, 58, -54, -72, 35]	[-69, 94, -116, -8, -220]	[15, 56, 185, -80, 36]	[17, 11, 209, 195, -53]	[10000, 10000, 10000, 10000, 10000]	[-39, 58, -81, 117, 149]
59	12.0	[-106, -161, -120, 265, -278]	[109, 21, -14, -122, -250]	[-251, -18, -17, 238, -257]	[-296, 49, 30, -218, 97]	[108, -169, -246, -115, -101]	[-291, 92, 20, 41, -199]	[-230, 82, 56, 66, 270]	[-204, 39, -38, -76, 35]	[-18, 43, -104, 30, -226]	[15, 136, 189, -43, 39]	[23, 95, 175, 189, -53]	[10000, 10000, 10000, 10000, 10000]	[-39, 58, -83, 59, 149]
60	7.0	[-106, -161, -120, 265, -63]	[52, 66, -4, -97, -250]	[-245, -242, 59, 174, -257]	[-296, 49, 58, -225, 77]	[105, 142, -226, -115, -101]	[-291, 171, 17, 29, -137]	[-235, 89, 12, 66, 270]	[-204, 41, -18, -72, 35]	[-18, 89, -127, -8, -220]	[15, 56, 190, -64, 39]	[17, 101, 175, 189, -53]	[10000, 10000, 10000, 10000, 10000]	[-33, 58, -83, 59, 149]
61	7.0	[-106, -161, -120, 265, -278]	[109, 21, -92, 1, -255]	[-224, -212, 115, 63, 36]	[15, -54, 32, -224, 97]	[96, 175, -155, -135, -127]	[-291, 92, 6, 21, -199]	[-229, 66, 74, 40, 247]	[-146, 58, -54, -72, 35]	[-63, 94, -116, -8, -220]	[15, 56, 185, -80, 36]	[17, 11, 209, 195, -53]	[10000, 10000, 10000, 10000, 10000]	[-39, 58, -81, 117, 149]
62	9.0	[-106, -159, -87, 265, -278]	[109, 21, -92, -10, -280]	[-297, -278, 123, 130, 36]	[-296, 116, 26, -224, 77]	[55, 124, -285, -66, -49]	[-291, 217, 3, -83, -53]	[-173, 203, 63, 38, 268]	[-164, 23, -52, -57, 35]	[-20, 69, -34, -14, -220]	[15, 155, 200, -50, 39]	[-47, 47, 90, 179, -21]	[10000, 10000, 10000, 10000, 10000]	[-39, 58, -81, 117, 149]
63	9.5	[-106, -159, -87, 265, -278]	[109, 21, -92, -10, -274]	[-297, -278, 123, 130, 36]	[-95, 30, 60, -224, 59]	[55, 107, -114, -173, -49]	[-291, 187, 13, 31, 39]	[-173, 136, 15, 32, 206]	[-245, 27, -47, -114, 23]	[-15, 31, -34, -14, -220]	[15, 88, 177, -57, 33]	[-47, 91, 225, 180, -47]	[10000, 10000, 10000, 10000, 10000]	[-39, 58, -81, 117, 149]
64	12.0	[-106, -159, -87, 259, -266]	[109, 21, -92, -45, -238]	[-297, -278, 123, 130, 36]	[-296, 116, 26, -224, 77]	[55, 126, -246, -88, -49]	[-291, 159, -4, 31, 39]	[-133, 120, 15, 32, 268]	[-245, 33, 37, -58, 35]	[-17, 8, -57, -10, -220]	[15, 56, 177, -52, -70]	[-47, 91, 169, 185, -38]	[10000, 10000, 10000, 10000, 10000]	[-39, 58, -81, 117, 149]
65	9.5	[-106, -159, -87, 259, -266]	[109, 21, -92, -45, -238]	[-297, -278, 123, 130, 36]	[-296, 116, 26, -224, 77]	[55, 126, -246, -88, -49]	[-291, 159, -4, 31, 39]	[-133, 120, 15, 32, 268]	[-245, 33, 37, -58, 35]	[-17, 8, -57, -10, -220]	[15, 56, 177, -52, -70]	[-47, 91, 169, 185, -38]	[10000, 10000, 10000, 10000, 10000]	[-39, 58, -81, 117, 149]
66	9.5	[-106, -161, -120, 265, -278]	[109, 21, -92, -5, -249]	[-251, -278, 117, 124, 36]	[-296, 103, 26, -224, 97]	[115, 204, -246, -115, -101]	[-291, 92, 6, 35, -199]	[-125, 91, 67, 103, 270]	[-178, 28, 91, -72, 35]	[-18, -4, -103, -8, -220]	[65, -50, 187, -52, -101]	[17, 196, 165, 180, -107]	[10000, 10000, 10000, 10000, 10000]	[-39, 58, -83, 59, 149]
67	13.5	[-106, -159, -87, 265, -278]	[109, 21, -92, -10, -274]	[-297, -278, 123, 130, 36]	[-95, 30, 60, -224, 59]	[55, 107, -114, -173, -49]	[-291, 187, 13, 31, 39]	[-173, 136, 15, 32, 206]	[-245, 27, -47, -114, 23]	[-15, 31, -34, -14, -220]	[15, 94, 177, -57, 33]	[-47, 91, 225, 180, -47]	[10000, 10000, 10000, 10000, 10000]	[-39, 58, -81, 117, 149]
68	9.0	[-106, -159, -87, 259, -266]	[109, 21, -92, -45, -238]	[-297, -278, 123, 130, 36]	[-296, 116, 26, -224, 77]	[55, 126, -246, -88, -49]	[-291, 159, -4, 31, 39]	[-133, 120, 15, 32, 268]	[-245, 33, 37, -58, 35]	[-17, 8, -57, -10, -220]	[15, 56, 177, -52, -70]	[-47, 91, 169, 185, -38]	[10000, 10000, 10000, 10000, 10000]	[-39, 58, -81, 117, 149]
69	10.5	[-106, -159, -87, 259, -266]	[109, 21, -92, -45, -238]	[-297, -278, 123, 130, 36]	[-296, 116, 26, -224, 77]	[55, 126, -246, -88, -49]	[-291, 159, -4, 31, 39]	[-133, 120, 15, 32, 268]	[-245, 33, 37, -58, 35]	[-17, 8, -57, -10, -220]	[15, 56, 177, -52, -70]	[-47, 91, 169, 185, -38]	[10000, 10000, 10000, 10000, 10000]	[-39, 64, -81, 117, 149]
70	8.5	[-106, -161, -120, 265, -278]	[109, 21, -14, -122, -250]	[-251, -58, -17, 238, -257]	[-296, -1, 45, -235, 97]	[108, 173, -246, -121, -101]	[-291, 33, 8, 35, -199]	[-248, 82, 5, 62, 267]	[-204, 36, -24, -76, 35]	[-18, 43, -104, 30, -226]	[15, 136, 189, -43, 39]	[23, 95, 175, 189, -53]	[10000, 10000, 10000, 10000, 10000]	[-39, 58, -83, 59, 149]
71	10.5	[-106, -161, -120, 265, -278]	[109, 21, -92, -5, -249]	[-251, -278, 117, 124, 36]	[-296, 103, 26, -224, 97]	[115, 204, -246, -115, -101]	[-291, 92, 6, 35, -199]	[-125, 91, 67, 103, 270]	[-178, 28, 91, -72, 35]	[-18, -4, -103, -8, -220]	[65, -50, 187, -52, -101]	[17, 196, 165, 180, -107]	[10000, 10000, 10000, 10000, 10000]	[-39, 58, -83, 59, 149]
72	13.5	[-106, -159, -87, 259, -266]	[109, 21, -92, -45, -238]	[-295, -266, 123, 130, 36]	[-296, 116, 27, -224, 79]	[55, 128, -246, -88, -49]	[-290, 157, 3, -39, 39]	[-142, 180, 41, 33, 268]	[-245, 35, 37, -58, 35]	[-18, 17, -57, -10, -220]	[15, 79, 189, -52, -70]	[-47, 74, 107, 180, -31]	[10000, 10000, 10000, 10000, 10000]	[-39, 64, -81, 117, 149]
73	10.0	[-106, -159, -87, 259, -266]	[109, 21, -92, -45, -238]	[-297, -245, 113, 130, 36]	[-296, 116, 27, -224, 77]	[55, 126, -246, -88, -49]	[-291, 138, 1, 31, 39]	[-133, 138, 21, 40, 268]	[-230, 33, -44, -58, 35]	[-17, 8, -57, -10, -220]	[15, 56, 177, -52, -70]	[-47, 91, 169, 185, -38]	[10000, 10000, 10000, 10000, 10000]	[-39, 64, -81, 117, 149]
74	11.0	[-106, -159, -87, 259, -266]	[109, 21, -92, -45, -238]	[-297, -245, 113, 130, 36]	[-296, 116, 27, -224, 77]	[55, 126, -246, -88, -49]	[-291, 138, 1, 31, 39]	[-133, 138, 21, 40, 268]	[-230, 33, -44, -58, 35]	[-17, 8, -57, -10, -220]	[15, 56, 177, -52, -70]	[-47, 91, 169, 185, -38]	[10000, 10000, 10000, 10000, 10000]	[-39, 64, -81, 117, 149]
75	9.0	[-106, -159, -87, 259, -266]	[109, 21, -92, -43, -238]	[-297, -278, 123, 130, 36]	[-296, 116, 26, -224, 77]	[55, 126, -246, -88, -49]	[-291, 159, 3, -121, 39]	[-156, 144, 45, 32, 268]	[-245, 29, -44, -57, 35]	[-17, 8, -54, -10, -220]	[15, 56, 177, -51, -13]	[-47, 91, 169, 185, -38]	[10000, 10000, 10000, 10000, 10000]	[-39, 64, -81, 117, 149]
76	7.0	[-106, -159, -87, 259, -266]	[109, 21, -92, -45, -238]	[-295, -266, 123, 130, 36]	[-296, 116, 27, -224, 79]	[55, 128, -246, -88, -49]	[-290, 157, 3, -39, 39]	[-142, 180, 41, 33, 268]	[-245, 35, 37, -58, 35]	[-18, 17, -57, -10, -220]	[15, 79, 189, -52, -70]	[-47, 74, 107, 180, -31]	[10000, 10000, 10000, 10000, 10000]	[-39, 64, -81, 117, 149]
77	10.0	[-106, -161, -120, 265, -278]	[109, 21, -92, 1, -255]	[-224, -212, 115, 63, 36]	[15, -54, 32, -224, 97]	[96, 175, -155, -135, -127]	[-291, 92, 6, 21, -199]	[-229, 66, 74, 40, 247]	[-146, 58, -52, -72, 35]	[-63, 94, -102, -10, -220]	[15, 62, 188, -79, 36]	[16, 46, 156, 195, -53]	[10000, 10000, 10000, 10000, 10000]	[-39, 58, -81, 117, 149]
78	13.5	[-106, -159, -87, 259, -266]	[109, 21, -92, -45, -238]	[-297, -245, 113, 130, 36]	[-296, 116, 27, -224, 77]	[55, 126, -246, -88, -49]	[-291, 138, 1, 31, 39]	[-133, 138, 21, 40, 268]	[-230, 33, -44, -58, 35]	[-17, 8, -57, -10, -220]	[15, 56, 177, -52, -70]	[-47, 91, 169, 185, -38]	[10000, 10000, 10000, 10000, 10000]	[-39, 64, -81, 117, 149]
79	13.0	[-106, -159, -87, 259, -266]	[109, 21, -92, -45, -238]	[-297, -245, 113, 130, 36]	[-296, 116, 27, -224, 77]	[55, 126, -246, -88, -49]	[-291, 138, 1, 31, 39]	[-133, 138, 21, 40, 268]	[-230, 33, -44, -58, 35]	[-17, 8, -57, -10, -220]	[15, 56, 177, -52, -70]	[-47, 91, 169, 185, -38]	[10000, 10000, 10000, 10000, 10000]	[-39, 64, -81, 117, 149]
80	9.5	[-106, -159, -87, 259, -266]	[109, 21, -92, -43, -238]	[-297, -278, 123, 130, 36]	[-296, 116, 26, -224, 77]	[55, 148, -246, -88, -82]	[-291, 159, 3, -112, 39]	[-156, 144, 45, 38, 267]	[-245, 29, -40, -75, 35]	[-18, 15, -70, -6, -220]	[15, 128, 189, -51, -13]	[-47, 91, 169, 185, -50]	[10000, 10000, 10000, 10000, 10000]	[-39, 59, -81, 99, 149]
81	10.0	[-106, -159, -87, 259, -266]	[109, 21, -92, -45, -238]	[-297, -245, 113, 130, 36]	[-296, 116, 27, -224, 77]	[55, 126, -246, -88, -49]	[-291, 138, 1, 31, 39]	[-133, 138, 21, 40, 268]	[-230, 33, -44, -58, 35]	[-17, 8, -57, -10, -220]	[15, 56, 177, -52, -70]	[-47, 91, 169, 185, -38]	[10000, 10000, 10000, 10000, 10000]	[-39, 64, -81, 117, 149]
82	8.0	[-106, -159, -87, 265, -278]	[109, 21, -98, -10, -274]	[-297, -278, 123, 130, 36]	[-95, 45, 49, -224, 59]	[55, 107, -236, -101, -49]	[-291, 216, 19, -35, 52]	[-173, 136, 39, 38, 206]	[-196, 33, -47, -114, 23]	[-15, 31, -34, -11, -220]	[15, 67, 171, -56, 33]	[-47, 91, 225, 180, -47]	[10000, 10000, 10000, 10000, 10000]	[-39, 58, -81, 117, 149]
83	9.0	[-106, -176, 26, 215, -278]	[110, -17, 28, -95, -250]	[-186, -43, -31, 142, -257]	[-296, 73, 38, -222, 97]	[108, -173, -80, -107, -101]	[-291, 87, 35, 35, -199]	[-230, 96, -54, 61, 270]	[-196, 38, -15, -73, 35]	[-18, 43, -103, 9, -222]	[53, -32, 189, -43, 39]	[23, 95, 175, 189, -53]	[10000, 10000, 10000, 10000, 10000]	[-39, 58, -83, 59, 149]
84	10.5	[-106, -161, -120, 265, -63]	[52, 66, -4, -97, -250]	[-245, -242, 59, 174, -257]	[-296, 49, 58, -225, 77]	[105, 142, -226, -115, -101]	[-291, 171, 17, 29, -137]	[-235, 89, 12, 66, 270]	[-204, 41, -18, -72, 35]	[-18, 89, -127, -8, -220]	[15, 56, 190, -64, 39]	[17, 101, 175, 189, -53]	[10000, 10000, 10000, 10000, 10000]	[-33, 58, -83, 59, 149]
85	11.0	[-106, -159, -87, 265, -278]	[109, 21, -98, -10, -274]	[-297, -278, 123, 130, 36]	[-95, 45, 49, -224, 59]	[55, 107, -236, -101, -49]	[-291, 216, 19, -35, 52]	[-173, 136, 39, 38, 206]	[-196, 33, -47, -114, 23]	[-15, 31, -34, -11, -220]	[15, 67, 171, -56, 33]	[-24, 188, 219, 180, -103]	[10000, 10000, 10000, 10000, 10000]	[-39, 58, -81, 83, 149]
86	11.0	[-106, -159, -87, 259, -266]	[109, 21, -95, -43, -238]	[-297, -235, 105, 166, 36]	[-296, 95, 28, -224, 77]	[58, 138, -242, -103, -81]	[-291, 126, 4, 29, 32]	[-130, 115, 64, 68, 268]	[-230, 30, -10, -67, 35]	[-17, 5, -51, -10, -220]	[15, 56, 177, -52, -97]	[-47, 91, 169, 185, -38]	[10000, 10000, 10000, 10000, 10000]	[-39, 64, -81, 117, 149]
87	8.5	[-106, -159, -87, 265, -278]	[109, 21, -98, -10, -274]	[-297, -278, 123, 130, 36]	[-95, 45, 49, -224, 59]	[55, 127, -236, -101, -49]	[-291, 216, 19, -35, 52]	[-173, 136, 39, 38, 206]	[-196, 33, -47, -114, 23]	[-15, 31, -34, -5, -220]	[15, 67, 171, -56, 33]	[-47, 91, 225, 180, -47]	[10000, 10000, 10000, 10000, 10000]	[-39, 58, -81, 117, 149]
88	8.0	[-106, -161, -120, 265, -63]	[52, 66, -4, -97, -250]	[-245, -216, 80, 174, -257]	[-296, 41, 41, -225, 77]	[82, 135, -124, -121, -101]	[-291, 171, 17, 30, -137]	[-235, 89, 12, 66, 247]	[-204, 41, -18, -72, 35]	[-18, 89, -127, -8, -220]	[15, 56, 190, -64, 39]	[17, 101, 175, 189, -53]	[10000, 10000, 10000, 10000, 10000]	[-33, 58, -83, 59, 149]
89	8.5	[-106, -176, 26, 215, -278]	[110, -17, 28, -95, -250]	[-186, -43, -31, 142, -257]	[-296, 73, 38, -222, 97]	[108, -173, -80, -107, -101]	[-291, 87, 35, 35, -199]	[-230, 96, -54, 61, 270]	[-196, 38, -15, -73, 35]	[-18, 43, -103, 9, -222]	[53, -32, 189, -43, 39]	[23, 95, 175, 189, -53]	[10000, 10000, 10000, 10000, 10000]	[-39, 58, -83, 59, 149]
90	10.0	[-106, -159, -87, 265, -278]	[109, 21, -98, -10, -274]	[-297, -278, 123, 130, 36]	[-95, 45, 49, -224, 59]	[55, 107, -236, -101, -49]	[-291, 216, 19, -35, 52]	[-173, 136, 39, 38, 206]	[-196, 33, -47, -114, 23]	[-15, 31, -34, -11, -220]	[15, 67, 171, -56, 33]	[-24, 188, 219, 180, -103]	[10000, 10000, 10000, 10000, 10000]	[-39, 58, -81, 83, 149]
91	8.5	[-106, -159, -87, 259, -266]	[109, 21, -92, -45, -238]	[-297, -245, 113, 130, 36]	[-296, 116, 27, -224, 77]	[55, 126, -246, -88, -49]	[-291, 138, 1, 31, 39]	[-133, 138, 21, 40, 268]	[-230, 33, -44, -58, 35]	[-17, 8, -57, -10, -220]	[15, 56, 177, -52, -70]	[-47, 91, 169, 185, -38]	[10000, 10000, 10000, 10000, 10000]	[-39, 61, -81, 117, 149]
92	9.0	[-106, -161, -120, 265, -63]	[52, 66, -4, -97, -250]	[-245, -242, 59, 174, -257]	[-296, -38, 44, -224, 80]	[105, 164, -201, -117, -116]	[-291, 171, 13, 29, -193]	[-190, 90, 27, 84, 270]	[-204, 41, -18, -72, 35]	[-19, 67, -127, -8, -220]	[15, 56, 190, -64, 39]	[17, 101, 175, 189, -53]	[10000, 10000, 10000, 10000, 10000]	[-33, 58, -83, 59, 149]
93	11.5	[-106, -159, -87, 259, -266]	[109, 21, -92, -45, -238]	[-297, -245, 113, 130, 36]	[-296, 99, 27, -224, 77]	[55, 126, -246, -88, -54]	[-291, 138, 1, 31, 39]	[-133, 138, 21, 40, 268]	[-230, 33, -44, -58, 35]	[-17, 8, -57, -10, -220]	[15, 56, 177, -52, -70]	[-47, 91, 169, 185, -38]	[10000, 10000, 10000, 10000, 10000]	[-39, 64, -81, 111, 149]
94	11.0	[-106, -159, -87, 259, -266]	[109, 21, -92, -45, -238]	[-297, -245, 113, 130, 36]	[-296, 99, 27, -224, 77]	[55, 126, -246, -88, -54]	[-291, 138, 1, 31, 39]	[-133, 138, 21, 40, 268]	[-230, 33, -44, -58, 35]	[-17, 8, -57, -10, -220]	[15, 56, 177, -52, -70]	[-47, 91, 169, 185, -38]	[10000, 10000, 10000, 10000, 10000]	[-39, 64, -81, 111, 149]
95	10.5	[-106, -161, -120, 265, -63]	[52, 66, -4, -97, -250]	[-245, -242, 59, 174, -257]	[-296, 49, 58, -225, 77]	[93, 140, -145, -119, -101]	[-291, 171, 17, 29, -137]	[-235, 89, 20, 66, 270]	[-181, 37, 48, -72, 35]	[-18, -4, -127, -8, -220]	[15, 56, 190, -56, 16]	[17, 101, 206, 187, -53]	[10000, 10000, 10000, 10000, 10000]	[-33, 58, -83, 59, 149]
96	10.0	[-106, -159, -87, 265, -278]	[109, 21, -98, -10, -274]	[-297, -278, 123, 130, 36]	[-95, 45, 49, -224, 59]	[55, 107, -236, -101, -49]	[-291, 216, 19, -35, 52]	[-173, 136, 31, 57, 206]	[-196, 33, 15, -102, 27]	[-15, 17, -108, -10, -220]	[15, 67, 171, -56, 33]	[-24, 188, 213, 186, -54]	[10000, 10000, 10000, 10000, 10000]	[-39, 58, -81, 83, 149]
97	10.5	[-106, -159, -87, 259, -266]	[109, 21, -95, -43, -238]	[-297, -235, 105, 166, 36]	[-296, 95, 28, -224, 71]	[58, 138, -242, -103, -81]	[-291, 126, 4, 29, 32]	[-130, 115, 64, 68, 274]	[-230, 30, -10, -67, 35]	[-17, 5, -51, -10, -220]	[15, 56, 177, -52, -97]	[-47, 91, 169, 185, -38]	[10000, 10000, 10000, 10000, 10000]	[-39, 64, -81, 117, 149]
98	10.0	[-106, -159, -87, 265, -278]	[109, 21, -98, -10, -274]	[-297, -278, 123, 130, 36]	[-95, 45, 49, -224, 59]	[55, 107, -236, -101, -49]	[-291, 216, 19, -35, 52]	[-173, 136, 31, 57, 206]	[-196, 33, 15, -102, 27]	[-15, 17, -108, -10, -220]	[15, 67, 171, -56, 33]	[-24, 188, 213, 186, -54]	[10000, 10000, 10000, 10000, 10000]	[-39, 58, -81, 83, 149]
99	12.0	[-106, -159, -87, 253, -266]	[109, 21, -92, -45, -238]	[-297, -245, 113, 130, 36]	[-296, 116, 27, -224, 77]	[55, 126, -246, -88, -49]	[-291, 138, 1, 31, 39]	[-133, 138, 21, 40, 268]	[-230, 33, -44, -58, 35]	[-17, 8, -57, -10, -220]	[15, 56, 177, -52, -70]	[-47, 91, 169, 185, -38]	[10000, 10000, 10000, 10000, 10000]	[-39, 61, -81, 117, 149]
100	9.5	[-100, -159, -87, 265, -278]	[109, 21, -98, -10, -274]	[-297, -223, 40, 142, -243]	[-95, 93, 42, -224, 66]	[55, 151, -166, -99, -49]	[-291, 222, 19, -35, 52]	[-173, 136, -12, 38, 206]	[-196, 35, -29, -113, 23]	[-15, 37, -81, -5, -220]	[9, 40, 171, -56, 38]	[-47, 91, 212, 180, -47]	[10000, 10000, 10000, 10000, 10000]	[-39, 58, -81, 117, 149]
101	17.0	[-106, -159, -87, 265, -278]	[109, 49, -93, -10, -274]	[-287, -250, 94, 139, -116]	[-223, 45, 49, -224, 59]	[103, 143, -226, -110, -79]	[-291, 203, 19, -35, 52]	[-173, 136, 39, 38, 206]	[-196, 33, -47, -85, 31]	[-15, 31, -68, -11, -220]	[15, 65, 187, -56, 31]	[-24, 188, 210, 183, -103]	[10000, 10000, 10000, 10000, 10000]	[-39, 58, -81, 83, 149]
102	9.5	[-106, -161, -120, 265, -63]	[52, 66, -4, -97, -250]	[-245, -242, 59, 174, -257]	[-296, 49, 58, -225, 77]	[93, 140, -145, -119, -101]	[-291, 171, 17, 29, -137]	[-235, 89, 20, 66, 270]	[-181, 31, 48, -72, 35]	[-18, -4, -127, -8, -220]	[9, 56, 190, -56, 16]	[17, 101, 206, 187, -53]	[10000, 10000, 10000, 10000, 10000]	[-58, 58, -83, 59, 149]
103	9.5	[-106, -159, -87, 253, -266]	[109, 21, -92, -45, -238]	[-297, -245, 113, 130, 36]	[-296, 116, 27, -224, 77]	[55, 126, -246, -88, -49]	[-291, 138, 1, 31, 39]	[-133, 138, 21, 40, 268]	[-230, 33, -44, -33, 35]	[-17, 8, -57, -10, -220]	[15, 56, 177, -52, -70]	[-47, 91, 169, 185, -38]	[10000, 10000, 10000, 10000, 10000]	[-39, 61, -81, 117, 149]
104	9.0	[-106, -159, -87, 253, -266]	[109, 21, -92, -45, -238]	[-297, -245, 113, 130, 36]	[-296, 122, 27, -224, 77]	[55, 126, -246, -88, -49]	[-291, 138, 1, 31, 39]	[-133, 138, 21, 40, 268]	[-230, 33, -44, -33, 35]	[-17, 8, -57, -10, -220]	[15, 56, 177, -52, -70]	[-47, 91, 169, 185, -38]	[10000, 10000, 10000, 10000, 10000]	[-39, 61, -81, 117, 149]
105	7.5	[-106, -159, -87, 265, -278]	[109, 49, -93, -10, -274]	[-287, -250, 94, 139, -116]	[-223, 45, 49, -224, 59]	[103, 143, -226, -110, -79]	[-291, 203, 19, -35, 52]	[-173, 136, 26, 35, 206]	[-196, 33, -43, -85, 1]	[-18, -2, -124, -11, -220]	[15, 65, 187, -56, 31]	[-24, 188, 210, 183, -99]	[10000, 10000, 10000, 10000, 10000]	[-39, 58, -82, 81, 149]
106	10.5	[-106, -161, -120, 265, -63]	[52, 66, -4, -103, -250]	[-245, -242, 59, 174, -257]	[-296, -63, 44, -224, 80]	[105, 164, -201, -117, -116]	[-291, 171, 13, 29, -193]	[-190, 90, 27, 84, 270]	[-204, 41, -18, -72, 35]	[-19, 67, -127, -8, -220]	[15, 56, 190, -64, 39]	[17, 101, 175, 189, -53]	[10000, 10000, 10000, 10000, 10000]	[-33, 58, -83, 59, 149]
107	9.0	[-106, -161, -120, 265, -63]	[52, 66, -4, -103, -250]	[-245, -242, 59, 174, -257]	[-296, -63, 44, -224, 80]	[105, 164, -201, -117, -116]	[-291, 171, 13, 29, -193]	[-190, 90, 27, 84, 270]	[-204, 41, -18, -72, 35]	[-19, 67, -127, -8, -220]	[15, 56, 190, -64, 39]	[17, 101, 175, 189, -53]	[10000, 10000, 10000, 10000, 10000]	[-33, 58, -83, 59, 149]
108	9.0	[-106, -161, -120, 265, -278]	[110, 16, -46, 7, -255]	[-218, -168, 36, 113, 36]	[15, -18, 55, -225, 97]	[98, 175, -155, -110, -127]	[-291, 154, 13, 26, -137]	[-229, 69, 74, 64, 250]	[-146, 41, -50, -72, 35]	[-32, 94, -108, -10, -220]	[15, 56, 178, -67, 36]	[16, 86, 161, 193, -53]	[10000, 10000, 10000, 10000, 10000]	[-45, 58, -81, 117, 149]
109	10.0	[-106, -159, -87, 262, -266]	[109, 18, -95, -35, -246]	[-291, -263, 119, 123, 35]	[-66, 34, 47, -224, 102]	[55, 130, -178, -99, -54]	[-291, 138, 17, -23, 12]	[-137, 137, 24, 59, 259]	[-196, 33, -48, -58, 35]	[-17, 84, -78, -10, -220]	[15, 56, 177, -66, -70]	[14, 91, 159, 185, -45]	[10000, 10000, 10000, 10000, 10000]	[-39, 64, -81, 111, 149]
110	8.0	[-106, -161, -120, 265, -63]	[52, 66, -4, -103, -250]	[-245, -242, 59, 174, -257]	[-296, -63, 44, -224, 78]	[105, 164, -166, -117, -116]	[-291, 163, 19, 29, -193]	[-190, 90, 27, 84, 270]	[-204, 41, -18, -72, 35]	[-19, 67, -127, -8, -220]	[15, 56, 190, -64, 39]	[17, 101, 175, 189, -53]	[10000, 10000, 10000, 10000, 10000]	[-33, 58, -83, 59, 149]
111	12.5	[-106, -159, -87, 259, -266]	[109, 21, -92, -45, -238]	[-297, -245, 113, 130, 36]	[-296, 99, 27, -224, 77]	[55, 120, -246, -88, -54]	[-291, 143, 1, -49, 39]	[-142, 138, 21, 40, 268]	[-244, 29, -41, -60, 35]	[-17, 8, -57, -10, -220]	[15, 56, 177, -52, -70]	[-47, 91, 169, 185, -63]	[10000, 10000, 10000, 10000, 10000]	[-39, 64, -81, 111, 149]
112	12.0	[-106, -159, -87, 253, -266]	[109, 21, -92, -45, -238]	[-297, -245, 113, 130, 36]	[-296, -7, 43, -224, 77]	[55, 135, -246, -88, -49]	[-291, 138, 1, 31, 39]	[-143, 97, 23, 40, 268]	[-230, 40, -18, -71, 35]	[-17, 44, -71, -9, -220]	[15, 56, 179, -60, -4]	[-47, 92, 172, 185, -38]	[10000, 10000, 10000, 10000, 10000]	[-39, 61, -81, 117, 149]
113	10.0	[-106, -159, -87, 259, -266]	[109, 21, -92, -45, -238]	[-297, -245, 113, 130, 36]	[-296, 99, 27, -224, 77]	[55, 120, -246, -88, -54]	[-291, 143, 1, -49, 39]	[-142, 138, 21, 40, 268]	[-244, 29, -41, -60, 35]	[-17, 8, -57, -10, -220]	[15, 56, 177, -52, -70]	[-47, 91, 169, 185, -63]	[10000, 10000, 10000, 10000, 10000]	[-39, 64, -81, 111, 149]
114	8.0	[-106, -159, -87, 259, -266]	[109, 21, -95, -43, -238]	[-301, -230, 98, 166, 36]	[-152, 95, 34, -224, 66]	[55, 151, -233, -109, -72]	[-291, 168, 8, -27, 47]	[-138, 115, 1, 55, 226]	[-201, 30, -10, -67, 35]	[-17, 5, -51, -10, -220]	[15, 56, 177, -52, -97]	[-47, 91, 169, 185, -38]	[10000, 10000, 10000, 10000, 10000]	[-39, 64, -81, 117, 149]
115	9.5	[-106, -159, -87, 259, -266]	[109, 21, -95, -43, -238]	[-301, -230, 98, 166, 36]	[-152, 95, 34, -224, 66]	[55, 151, -233, -109, -72]	[-291, 168, 8, -27, 47]	[-138, 115, 1, 55, 226]	[-201, 30, -10, -67, 35]	[-17, 5, -51, -10, -220]	[15, 56, 177, -52, -97]	[-47, 91, 169, 185, -38]	[10000, 10000, 10000, 10000, 10000]	[-39, 64, -81, 117, 149]
116	10.0	[-106, -159, -87, 265, -278]	[109, 49, -93, -10, -274]	[-287, -250, 94, 139, -116]	[-223, 45, 49, -224, 59]	[103, 143, -226, -110, -79]	[-291, 203, 19, -35, 52]	[-173, 136, 26, 35, 206]	[-196, 33, -43, -85, 1]	[-24, -2, -124, -11, -220]	[15, 65, 178, -56, 31]	[-24, 121, 210, 183, -99]	[10000, 10000, 10000, 10000, 10000]	[-39, 62, -82, 99, 149]
117	14.5	[-106, -161, -120, 265, -63]	[52, 66, -4, -12, -250]	[-245, -197, 59, 174, -257]	[-296, 49, 58, -225, 77]	[93, 143, -148, -134, -101]	[-291, 167, 17, 29, -137]	[-235, 89, 20, 66, 270]	[-181, 31, 48, -72, 35]	[-18, -4, -127, -8, -220]	[9, 56, 190, -56, 16]	[17, 101, 206, 187, -53]	[10000, 10000, 10000, 10000, 10000]	[-58, 58, -83, 59, 149]
118	9.5	[-106, -159, -87, 262, -266]	[109, 18, -84, -45, -238]	[-291, -263, 119, 120, 36]	[-59, 34, 47, -224, 102]	[55, 132, -189, -99, -52]	[-291, 138, 17, -23, 12]	[-137, 137, 24, 59, 259]	[-196, 33, -48, -58, 35]	[-17, 84, -78, -10, -220]	[15, 56, 177, -66, -70]	[14, 91, 159, 185, -45]	[10000, 10000, 10000, 10000, 10000]	[-39, 64, -81, 111, 149]
119	16.0	[-106, -159, -87, 253, -266]	[109, 20, -95, -31, -239]	[-297, -250, 118, 129, 36]	[-226, 68, 37, -224, 77]	[55, 155, -225, -97, -54]	[-291, 145, 9, 5, 7]	[-133, 138, 56, 58, 257]	[-219, 41, -48, -34, 35]	[-19, 75, -57, -10, -220]	[15, 56, 177, -52, -70]	[-47, 91, 169, 185, -38]	[10000, 10000, 10000, 10000, 10000]	[-39, 61, -81, 117, 149]
120	11.0	[-106, -159, -87, 259, -266]	[109, 21, -92, -45, -238]	[-297, -245, 113, 130, 36]	[-296, 105, 27, -224, 77]	[55, 120, -246, -88, -54]	[-291, 143, 1, -49, 39]	[-142, 138, 21, 40, 268]	[-244, 29, -41, -60, 35]	[-17, 8, -57, -10, -220]	[15, 56, 177, -52, -70]	[-47, 91, 169, 185, -63]	[10000, 10000, 10000, 10000, 10000]	[-39, 64, -81, 111, 149]
121	13.0	[-106, -161, -120, 265, -278]	[110, 16, -46, 7, -255]	[-218, -168, 36, 113, 36]	[-288, -1, 49, -224, 73]	[98, 175, -173, -101, -121]	[-291, 154, 7, -20, -137]	[-203, 135, 66, 59, 233]	[-146, 37, -36, -53, 35]	[-23, 37, -61, -10, -220]	[15, 56, 177, -67, 36]	[-16, 87, 163, 185, -46]	[10000, 10000, 10000, 10000, 10000]	[-45, 58, -81, 117, 149]
122	8.5	[-106, -159, -87, 253, -266]	[109, 21, -92, -45, -238]	[-297, -245, 113, 130, 36]	[-296, -7, 43, -224, 77]	[55, 135, -246, -88, -49]	[-291, 138, 1, 31, 39]	[-143, 97, 23, 40, 268]	[-230, 40, -18, -71, 35]	[-17, 44, -71, -9, -220]	[15, 56, 179, -60, -4]	[-47, 92, 172, 185, -38]	[10000, 10000, 10000, 10000, 10000]	[-39, 61, -81, 117, 149]
123	9.5	[-106, -159, -87, 265, -278]	[109, 49, -93, -10, -274]	[-287, -250, 94, 139, -116]	[-223, 59, 43, -224, 59]	[103, 143, -227, -109, -72]	[-291, 183, 17, -35, 52]	[-173, 136, 26, 35, 219]	[-196, 33, -43, -91, 1]	[-24, -2, -124, -11, -220]	[15, 65, 178, -56, 31]	[-24, 121, 210, 183, -99]	[10000, 10000, 10000, 10000, 10000]	[-39, 62, -82, 99, 149]
124	8.0	[-106, -159, -87, 265, -278]	[109, 49, -93, -10, -274]	[-287, -250, 94, 139, -116]	[-223, 59, 43, -224, 59]	[103, 143, -227, -109, -72]	[-291, 183, 17, -35, 52]	[-173, 136, 26, 35, 219]	[-196, 33, -43, -91, 1]	[-24, -2, -124, -11, -220]	[15, 65, 178, -56, 31]	[-24, 121, 210, 183, -99]	[10000, 10000, 10000, 10000, 10000]	[-39, 62, -82, 99, 149]
125	12.5	[-106, -159, -87, 265, -278]	[109, 49, -93, -10, -274]	[-287, -250, 94, 139, -116]	[-223, 59, 43, -224, 59]	[103, 143, -227, -109, -72]	[-291, 183, 17, -35, 52]	[-173, 136, 26, 35, 219]	[-196, 33, -43, -91, 1]	[-24, -2, -124, -11, -220]	[15, 65, 178, -56, 31]	[-24, 121, 210, 183, -99]	[10000, 10000, 10000, 10000, 10000]	[-39, 62, -82, 99, 149]
126	12.0	[-106, -160, -117, 262, -266]	[109, 18, -69, -45, -238]	[-265, -170, 41, 116, 36]	[-59, 34, 47, -224, 102]	[55, 132, -195, -99, -52]	[-291, 138, 17, -23, 12]	[-137, 137, 24, 59, 259]	[-196, 33, -48, -58, 35]	[-17, 84, -78, -10, -220]	[15, 56, 177, -66, -70]	[14, 91, 159, 185, -45]	[10000, 10000, 10000, 10000, 10000]	[-39, 64, -81, 105, 149]
127	7.5	[-106, -161, -120, 265, -278]	[110, 16, -46, 7, -255]	[-218, -168, 36, 113, 36]	[-288, -1, 49, -224, 73]	[98, 175, -173, -101, -121]	[-291, 154, 7, -20, -137]	[-203, 135, 66, 59, 233]	[-146, 31, -36, -53, 35]	[-23, 37, -61, -10, -220]	[15, 56, 177, -67, 36]	[-16, 87, 163, 185, -46]	[10000, 10000, 10000, 10000, 10000]	[-45, 58, -81, 117, 149]
128	10.5	[-106, -161, -120, 265, -278]	[110, 16, -46, 7, -255]	[-218, -168, 36, 113, 36]	[-288, -1, 49, -224, 73]	[98, 175, -173, -101, -121]	[-291, 154, 7, -20, -137]	[-203, 135, 66, 59, 233]	[-146, 31, -36, -53, 35]	[-23, 37, -61, -10, -220]	[15, 56, 177, -67, 36]	[-16, 87, 163, 185, -46]	[10000, 10000, 10000, 10000, 10000]	[-45, 58, -81, 117, 149]
129	9.5	[-106, -159, -87, 259, -266]	[103, 21, -92, -45, -238]	[-297, -247, 94, 133, 36]	[-296, 105, 34, -224, 66]	[67, 124, -246, -88, -54]	[-291, 175, 6, -40, 52]	[-142, 138, 21, 38, 238]	[-244, 29, -41, -60, 35]	[-17, 7, -74, -8, -220]	[15, 56, 177, -52, -70]	[-47, 91, 193, 187, -63]	[10000, 10000, 10000, 10000, 10000]	[-39, 64, -81, 111, 149]
130	8.5	[-106, -159, -87, 262, -266]	[109, 18, -95, -29, -246]	[-291, -263, 119, 123, 35]	[-63, 34, 45, -224, 102]	[55, 131, -180, -99, -54]	[-297, 138, 17, -23, 12]	[-137, 137, 24, 59, 259]	[-190, 33, -48, -58, 35]	[-17, 84, -78, -10, -220]	[15, 56, 177, -66, -70]	[14, 91, 159, 185, -45]	[10000, 10000, 10000, 10000, 10000]	[-39, 64, -81, 111, 149]
131	9.5	[-106, -159, -87, 259, -266]	[109, 21, -92, -45, -238]	[-297, -245, 113, 130, 36]	[-296, 105, 27, -224, 77]	[88, 168, -178, -88, -54]	[-291, 152, 7, -49, 39]	[-203, 138, 21, 40, 268]	[-244, 29, -22, -58, 35]	[-17, 8, -57, -10, -220]	[15, 56, 177, -52, -70]	[-47, 91, 169, 185, -63]	[10000, 10000, 10000, 10000, 10000]	[-39, 64, -81, 111, 149]
132	10.5	[-106, -161, -120, 265, -278]	[110, 16, -46, 7, -255]	[-218, -168, 36, 113, 36]	[-288, -1, 47, -224, 73]	[98, 170, -173, -101, -121]	[-291, 154, 7, 18, -137]	[-203, 135, 66, 61, 233]	[-146, 32, -19, -53, 35]	[-23, 37, -70, -10, -220]	[15, 56, 187, -66, 36]	[9, 87, 163, 186, -47]	[10000, 10000, 10000, 10000, 10000]	[-45, 58, -81, 117, 149]
133	13.0	[-106, -159, -87, 262, -266]	[109, 18, -95, -29, -246]	[-291, -263, 119, 123, 35]	[-63, 34, 45, -224, 102]	[55, 131, -180, -99, -54]	[-297, 138, 17, -23, 12]	[-137, 137, 24, 59, 259]	[-190, 33, -48, -58, 35]	[-17, 84, -78, -10, -220]	[15, 56, 177, -66, -70]	[14, 91, 159, 185, -45]	[10000, 10000, 10000, 10000, 10000]	[-39, 64, -81, 111, 149]
134	8.0	[-106, -161, -120, 265, -63]	[52, 66, -4, -61, -250]	[-245, -234, 59, 174, -257]	[-296, -54, 56, -224, 78]	[103, 145, -166, -117, -116]	[-291, 163, 19, 25, -27]	[-190, 112, 26, 48, 244]	[-204, 41, -18, -85, 34]	[-19, 15, -124, -8, -220]	[15, 65, 190, -64, 39]	[-19, 113, 191, 189, -70]	[10000, 10006, 10000, 10000, 10000]	[-33, 62, -82, 59, 149]
135	8.0	[-106, -160, -117, 262, -266]	[109, 18, -69, -45, -238]	[-265, -170, 41, 116, 36]	[-59, 42, 47, -224, 102]	[65, 132, -195, -99, -52]	[-291, 143, 9, -23, 12]	[-167, 137, 23, 41, 259]	[-196, 33, -48, -58, 35]	[-17, 84, -78, -10, -220]	[15, 56, 177, -66, -70]	[14, 91, 159, 185, -45]	[10000, 10000, 10000, 10000, 10000]	[-39, 64, -81, 105, 149]
136	10.5	[-106, -159, -87, 265, -266]	[109, 26, -93, -45, -238]	[-289, -260, 116, 137, 34]	[-59, 34, 47, -224, 68]	[55, 132, -189, -99, -68]	[-291, 140, 14, -23, 12]	[-147, 137, 24, 59, 259]	[-200, 28, -44, -62, 35]	[-17, 29, -83, -10, -220]	[15, 57, 178, -55, -70]	[5, 91, 164, 185, -45]	[10000, 10000, 10000, 10000, 10000]	[-45, 64, -81, 105, 149]
137	15.0	[-106, -160, -120, 259, -266]	[109, 21, -89, -45, -238]	[-297, -196, 82, 130, 36]	[-292, 101, 27, -224, 77]	[78, 157, -184, -88, -54]	[-291, 152, 7, -41, 39]	[-203, 138, 21, 40, 268]	[-244, 29, -22, -58, 35]	[-17, 14, -57, -10, -220]	[15, 56, 177, -52, -70]	[-47, 91, 169, 185, -63]	[10000, 10000, 10000, 10000, 10000]	[-39, 64, -81, 111, 149]
138	13.0	[-106, -159, -87, 262, -266]	[109, 18, -84, -45, -238]	[-291, -263, 119, 120, 36]	[-59, 34, 47, -224, 102]	[93, 135, -192, -102, -57]	[-291, 147, 18, -23, 12]	[-137, 137, 24, 52, 244]	[-201, 34, -48, -58, 35]	[-17, 44, -81, -8, -220]	[15, 56, 177, -66, -70]	[5, 91, 164, 185, -45]	[10000, 10000, 10000, 10000, 10000]	[-45, 64, -81, 105, 149]
139	11.5	[-106, -161, -120, 265, -278]	[110, 16, -46, 7, -255]	[-218, -168, 36, 113, 36]	[-288, -1, 47, -224, 73]	[98, 170, -173, -101, -121]	[-291, 154, 7, 18, -137]	[-203, 135, 66, 61, 233]	[-146, 32, -19, -55, 35]	[-19, 27, -59, -10, -220]	[15, 56, 187, -66, 36]	[9, 87, 163, 186, -47]	[10000, 10000, 10000, 10000, 10000]	[-45, 58, -81, 117, 149]
140	12.0	[-106, -161, -120, 265, -278]	[110, 16, -46, 7, -255]	[-218, -168, 36, 113, 36]	[-288, -1, 47, -224, 73]	[98, 170, -173, -101, -121]	[-291, 154, 7, 18, -137]	[-203, 135, 66, 61, 233]	[-146, 32, -19, -53, 41]	[-23, 37, -70, -10, -220]	[15, 56, 188, -59, -21]	[9, 87, 163, 186, -47]	[10000, 10000, 10000, 10000, 10000]	[-45, 58, -81, 117, 149]
141	10.0	[-106, -159, -93, 259, -266]	[109, 21, -92, -45, -238]	[-297, -231, 94, 132, 36]	[-296, 105, 34, -224, 68]	[67, 124, -246, -88, -54]	[-291, 175, 6, -40, 52]	[-142, 138, 21, 38, 238]	[-244, 29, -41, -60, 35]	[-17, 7, -74, -8, -220]	[15, 56, 177, -52, -70]	[-47, 91, 193, 187, -63]	[10000, 10000, 10000, 10000, 10000]	[-39, 64, -81, 111, 149]
142	12.5	[-106, -159, -93, 259, -266]	[109, 21, -92, -45, -238]	[-297, -231, 94, 132, 36]	[-296, 105, 34, -224, 68]	[67, 124, -246, -88, -54]	[-291, 175, 6, -40, 52]	[-142, 138, 21, 38, 238]	[-244, 29, -41, -60, 35]	[-17, 7, -74, -8, -220]	[15, 56, 177, -52, -70]	[-47, 91, 193, 187, -63]	[10000, 10000, 10000, 10000, 10000]	[-39, 64, -81, 111, 149]
143	10.5	[-106, -159, -87, 262, -266]	[109, 18, -84, -45, -238]	[-291, -263, 119, 120, 42]	[-59, 34, 47, -224, 102]	[93, 135, -192, -102, -77]	[-291, 147, 18, -23, 12]	[-137, 122, 26, 49, 244]	[-201, 38, -37, -52, 35]	[-17, 18, -84, -8, -220]	[15, 56, 177, -66, -70]	[5, 91, 164, 185, -45]	[10000, 10000, 10000, 10000, 10000]	[-45, 64, -81, 105, 149]
144	12.0	[-106, -159, -87, 265, -266]	[109, 26, -93, -45, -238]	[-289, -260, 116, 137, 34]	[-59, 34, 47, -224, 68]	[55, 132, -189, -99, -68]	[-285, 140, 14, -23, 12]	[-147, 137, 24, 59, 259]	[-206, 28, -44, -62, 35]	[-17, 29, -83, -10, -220]	[15, 57, 178, -55, -70]	[5, 91, 164, 185, -45]	[10000, 10000, 10000, 10000, 9994]	[-45, 64, -81, 105, 149]
145	14.0	[-106, -159, -87, 262, -266]	[109, 18, -95, -29, -246]	[-291, -263, 119, 123, 35]	[-63, 34, 45, -218, 102]	[55, 131, -180, -99, -54]	[-297, 138, 17, -23, 12]	[-137, 137, 24, 59, 259]	[-190, 33, -48, -58, 35]	[-17, 84, -78, -10, -220]	[15, 56, 177, -66, -70]	[14, 91, 159, 185, -45]	[10000, 10000, 10000, 10000, 10000]	[-39, 64, -81, 111, 149]
146	12.0	[-106, -159, -87, 262, -266]	[109, 18, -84, -45, -238]	[-285, -250, 119, 120, 36]	[-59, 34, 47, -224, 102]	[93, 135, -192, -105, -57]	[-291, 152, 16, -8, -61]	[-152, 124, 36, 59, 244]	[-201, 31, -36, -57, 35]	[-17, 15, -80, -8, -220]	[15, 56, 177, -54, -70]	[-30, 94, 186, 187, -65]	[10000, 10003, 10000, 10000, 10000]	[-45, 64, -81, 105, 149]
147	10.0	[-106, -159, -87, 262, -266]	[109, 18, -84, -45, -240]	[-274, -240, 119, 120, 36]	[-59, 33, 56, -224, 102]	[97, 145, -192, -105, -110]	[-291, 151, 18, 15, -4]	[-137, 137, 24, 59, 259]	[-196, 32, -48, -58, 35]	[-17, 84, -78, -10, -220]	[15, 56, 177, -66, -70]	[5, 91, 164, 185, -45]	[10000, 10000, 10000, 10000, 10000]	[-45, 64, -81, 105, 149]
148	12.5	[-106, -159, -87, 262, -266]	[109, 18, -84, -45, -238]	[-285, -250, 119, 120, 36]	[-59, 34, 47, -224, 102]	[94, 175, -179, -105, -57]	[-291, 153, 15, 0, -45]	[-137, 124, 42, 56, 234]	[-162, 31, -47, -56, 35]	[-17, 26, -70, -8, -220]	[15, 56, 177, -65, -70]	[-30, 94, 174, 187, -57]	[10000, 10003, 10000, 10000, 10000]	[-45, 64, -81, 105, 149]
149	11.5	[-106, -161, -120, 265, -278]	[110, 16, -46, 7, -255]	[-218, -168, 39, 113, 36]	[-126, 16, 46, -224, 89]	[96, 135, -175, -100, -121]	[-292, 153, 18, 10, -4]	[-159, 136, 66, 59, 233]	[-146, 31, -40, -53, 35]	[-17, 56, -64, -10, -220]	[15, 56, 177, -67, 36]	[-16, 87, 161, 185, -46]	[10000, 9997, 10000, 10000, 10000]	[-42, 64, -81, 117, 149]
150	10.0	[-106, -159, -87, 262, -266]	[109, 18, -84, -45, -238]	[-285, -250, 119, 120, 36]	[-59, 34, 41, -224, 102]	[93, 135, -192, -105, -57]	[-291, 152, 16, -8, -61]	[-152, 124, 36, 59, 244]	[-201, 31, -36, -57, 35]	[-17, 15, -80, -8, -220]	[15, 56, 177, -54, -70]	[-30, 94, 186, 187, -65]	[10000, 10003, 10000, 10000, 10000]	[-45, 64, -81, 105, 149]
151	15.5	[-106, -159, -87, 262, -266]	[109, 18, -84, -45, -238]	[-285, -250, 119, 120, 36]	[-59, 34, 41, -224, 102]	[93, 135, -192, -105, -57]	[-291, 152, 16, -8, -61]	[-152, 124, 36, 59, 244]	[-201, 31, -36, -57, 35]	[-17, 15, -80, -8, -220]	[15, 56, 177, -54, -70]	[-30, 94, 186, 187, -65]	[10000, 10003, 10000, 10000, 10000]	[-45, 64, -81, 105, 149]
152	9.5	[-106, -159, -87, 262, -266]	[109, 18, -84, -45, -240]	[-274, -240, 119, 120, 36]	[-59, 33, 56, -224, 102]	[97, 145, -192, -105, -110]	[-291, 151, 18, 15, -4]	[-137, 137, 24, 59, 259]	[-196, 32, -48, -58, 35]	[-17, 84, -78, -10, -220]	[15, 56, 177, -66, -70]	[5, 91, 164, 185, -45]	[10000, 10000, 10000, 10000, 10000]	[-45, 64, -81, 105, 149]
153	9.5	[-106, -161, -120, 265, -278]	[110, 17, -69, 6, -252]	[-218, -173, 117, 113, 36]	[-288, 4, 48, -224, 73]	[95, 175, -178, -101, -121]	[-291, 154, 7, -20, -137]	[-200, 135, 66, 59, 233]	[-146, 31, -36, -56, 35]	[-23, 37, -61, -10, -220]	[15, 56, 180, -67, 36]	[-1, 87, 163, 186, -46]	[10000, 10000, 10000, 10000, 10000]	[-45, 58, -81, 117, 149]
154	9.5	[-106, -160, -117, 262, -266]	[109, 18, -69, -45, -247]	[-265, -170, 41, 113, 36]	[-59, 0, 47, -224, 102]	[88, 145, -195, -99, -52]	[-291, 143, 7, 7, -98]	[-167, 137, 23, 54, 252]	[-196, 33, -48, -58, 35]	[-17, 84, -78, -10, -220]	[15, 56, 178, -60, -43]	[14, 91, 159, 185, -45]	[9994, 10000, 10000, 10000, 10000]	[-39, 64, -81, 105, 149]
155	12.0	[-106, -159, -93, 259, -266]	[109, 21, -92, -45, -238]	[-297, -231, 94, 132, 36]	[-296, 105, 34, -224, 68]	[67, 124, -246, -88, -54]	[-291, 175, 6, -40, 52]	[-142, 138, 21, 57, 235]	[-214, 31, -41, -60, 35]	[-17, 7, -68, -10, -220]	[15, 56, 177, -66, -53]	[-27, 87, 173, 187, -63]	[10000, 9995, 10000, 10000, 10000]	[-39, 64, -81, 117, 149]
156	15.5	[-106, -159, -87, 265, -266]	[109, 26, -93, -45, -238]	[-289, -260, 116, 137, 34]	[-59, 34, 47, -224, 68]	[55, 132, -189, -99, -68]	[-285, 140, 14, -23, 12]	[-147, 137, 23, 59, 259]	[-206, 28, -44, -68, 35]	[-17, 9, -70, -10, -220]	[15, 56, 178, -65, -66]	[5, 91, 164, 185, -45]	[10000, 10000, 10000, 10000, 9994]	[-45, 64, -81, 105, 149]
157	11.0	[-106, -160, -117, 262, -266]	[109, 18, -69, -45, -238]	[-265, -170, 41, 116, 36]	[-59, 42, 47, -224, 102]	[65, 132, -195, -99, -52]	[-291, 143, 9, -23, 12]	[-167, 137, 23, 41, 259]	[-196, 33, -48, -58, 35]	[-17, 84, -78, -10, -220]	[15, 56, 177, -66, -70]	[14, 91, 159, 185, -45]	[10000, 10000, 10000, 10000, 10000]	[-39, 64, -81, 105, 149]
158	12.5	[-106, -159, -87, 265, -266]	[109, 26, -93, -45, -238]	[-289, -260, 116, 137, 34]	[-59, 34, 47, -224, 68]	[55, 132, -189, -99, -68]	[-285, 140, 14, -23, 12]	[-147, 137, 23, 59, 259]	[-206, 28, -44, -68, 35]	[-17, 9, -70, -10, -220]	[15, 56, 178, -65, -66]	[5, 91, 164, 185, -45]	[10000, 10000, 10000, 10000, 9994]	[-45, 64, -81, 105, 149]
159	10.0	[-106, -159, -87, 262, -266]	[109, 18, -84, -45, -240]	[-274, -240, 119, 120, 36]	[-59, 33, 56, -224, 102]	[97, 145, -192, -105, -110]	[-291, 151, 18, 15, -10]	[-137, 137, 24, 59, 259]	[-196, 32, -48, -58, 35]	[-17, 84, -78, -10, -220]	[15, 56, 177, -66, -70]	[5, 91, 164, 185, -45]	[10000, 10000, 10000, 10000, 10000]	[-45, 64, -81, 105, 149]
160	9.5	[-106, -165, -93, 259, -266]	[109, 21, -92, -45, -238]	[-297, -231, 94, 132, 36]	[-296, 93, 42, -224, 68]	[67, 159, -234, -99, -72]	[-291, 175, 6, -40, 52]	[-142, 138, 45, 58, 233]	[-214, 31, -41, -60, 35]	[-17, 7, -68, -10, -220]	[15, 56, 177, -66, -53]	[-27, 87, 173, 187, -63]	[10000, 9995, 10000, 10000, 10000]	[-39, 64, -81, 117, 149]
161	12.5	[-106, -159, -87, 261, -266]	[109, 18, -84, -36, -238]	[-227, -216, 87, 132, 36]	[-59, 34, 47, -230, 82]	[92, 126, -224, -101, -54]	[-291, 164, 8, -18, -3]	[-137, 137, 24, 55, 244]	[-201, 31, -48, -58, 35]	[-17, 82, -80, -8, -220]	[15, 56, 180, -66, -70]	[-14, 102, 186, 187, -65]	[10000, 10003, 10000, 10000, 10000]	[-45, 64, -81, 105, 149]
162	10.0	[-106, -160, -102, 259, -266]	[109, 17, -78, -45, -238]	[-260, -231, 94, 132, 36]	[-296, 79, 35, -224, 87]	[67, 129, -216, -93, -54]	[-291, 158, 9, -10, 5]	[-165, 137, 39, 57, 235]	[-214, 31, -36, -60, 35]	[-17, 22, -72, -10, -220]	[15, 56, 177, -56, -53]	[-27, 87, 173, 187, -63]	[10000, 9995, 10000, 10000, 10000]	[-39, 64, -81, 117, 149]
163	9.5	[-106, -165, -93, 259, -266]	[109, 21, -92, -45, -238]	[-297, -231, 94, 132, 36]	[-296, 105, 34, -224, 68]	[67, 124, -246, -88, -54]	[-291, 175, 6, -40, 52]	[-142, 138, 21, 57, 235]	[-214, 31, -41, -60, 35]	[-17, 7, -68, -10, -220]	[15, 56, 177, -66, -53]	[-27, 87, 168, 186, -48]	[10000, 9995, 10000, 10000, 10000]	[-39, 59, -81, 117, 149]
164	15.5	[-106, -159, -87, 262, -266]	[109, 18, -84, -45, -240]	[-274, -240, 119, 120, 36]	[-59, 33, 56, -224, 102]	[97, 145, -192, -105, -110]	[-291, 151, 18, 15, -10]	[-137, 137, 24, 59, 259]	[-196, 32, -48, -58, 35]	[-17, 84, -78, -10, -220]	[15, 56, 177, -66, -70]	[5, 91, 164, 185, -45]	[10000, 10000, 10000, 10000, 10000]	[-45, 64, -81, 105, 149]
165	10.0	[-106, -159, -87, 265, -266]	[109, 26, -93, -45, -238]	[-289, -260, 104, 133, 34]	[-59, 34, 46, -224, 68]	[55, 132, -234, -99, -68]	[-288, 171, 8, -36, 12]	[-147, 137, 21, 59, 259]	[-206, 28, -44, -68, 35]	[-17, 9, -70, -10, -220]	[15, 56, 178, -65, -66]	[5, 91, 164, 185, -45]	[10000, 10000, 10000, 10000, 9994]	[-45, 64, -81, 105, 149]
166	12.5	[-106, -159, -87, 262, -266]	[109, 18, -84, -45, -238]	[-285, -176, 112, 117, 36]	[-185, 14, 47, -224, 102]	[93, 135, -194, -99, -57]	[-291, 152, 7, -12, -90]	[-152, 124, 26, 56, 244]	[-201, 31, -36, -57, 35]	[-17, 15, -80, -8, -220]	[15, 56, 177, -54, -70]	[-30, 94, 186, 187, -65]	[10000, 10003, 10000, 10000, 10000]	[-45, 64, -81, 105, 149]
167	13.5	[-106, -160, -102, 259, -266]	[109, 17, -78, -45, -238]	[-260, -231, 94, 132, 36]	[-296, 79, 35, -224, 87]	[67, 129, -216, -93, -54]	[-291, 158, 9, -10, 5]	[-165, 137, 39, 57, 235]	[-214, 31, -36, -60, 35]	[-17, 22, -72, -10, -220]	[15, 56, 177, -56, -53]	[-27, 87, 173, 187, -63]	[10000, 9995, 10000, 10000, 10000]	[-39, 64, -87, 117, 149]
168	8.0	[-106, -159, -87, 262, -266]	[109, 18, -84, -45, -238]	[-285, -176, 112, 117, 36]	[-185, 14, 47, -224, 102]	[93, 135, -194, -99, -57]	[-291, 152, 7, -12, -90]	[-152, 124, 20, 56, 244]	[-201, 31, -36, -57, 35]	[-17, 15, -80, -8, -220]	[15, 56, 177, -54, -70]	[-30, 94, 186, 187, -65]	[10000, 10003, 10000, 10000, 10000]	[-45, 64, -81, 105, 149]
169	11.5	[-106, -159, -87, 265, -266]	[109, 26, -93, -45, -238]	[-289, -260, 104, 133, 34]	[-59, 34, 46, -224, 68]	[55, 132, -234, -99, -68]	[-288, 171, 8, -36, 12]	[-147, 137, 21, 59, 259]	[-206, 28, -44, -68, 35]	[-17, 9, -70, -10, -220]	[15, 56, 178, -65, -66]	[5, 91, 164, 179, -45]	[10000, 10000, 10000, 10000, 9994]	[-45, 64, -81, 105, 149]
170	10.5	[-106, -160, -102, 259, -266]	[109, 17, -78, -45, -238]	[-260, -231, 94, 132, 36]	[-296, 79, 35, -224, 87]	[67, 129, -216, -93, -54]	[-291, 158, 9, -10, 5]	[-165, 137, 39, 57, 235]	[-214, 31, -36, -60, 35]	[-17, 22, -72, -10, -220]	[15, 56, 177, -56, -53]	[-27, 87, 173, 187, -63]	[10000, 9995, 10000, 10000, 10000]	[-39, 64, -87, 117, 149]
171	9.5	[-106, -159, -87, 265, -266]	[109, 26, -93, -45, -238]	[-289, -260, 104, 133, 34]	[-59, 34, 46, -224, 68]	[55, 132, -234, -99, -68]	[-288, 171, 8, -36, 12]	[-147, 137, 21, 59, 259]	[-206, 28, -44, -68, 35]	[-17, 9, -70, -10, -220]	[15, 56, 178, -65, -66]	[5, 91, 164, 179, -45]	[10000, 10000, 10000, 10000, 9994]	[-45, 64, -81, 105, 149]
172	12.0	[-106, -160, -117, 262, -266]	[109, 18, -69, -45, -247]	[-265, -170, 41, 113, 36]	[-59, 0, 47, -224, 102]	[88, 145, -195, -99, -58]	[-291, 143, 7, 7, -98]	[-167, 137, 23, 54, 252]	[-196, 33, -48, -58, 35]	[-17, 84, -80, -10, -220]	[15, 56, 178, -60, -44]	[-26, 92, 174, 185, -61]	[9998, 10003, 10000, 10000, 10000]	[-39, 64, -87, 105, 149]
173	14.0	[-106, -159, -87, 261, -266]	[109, 18, -84, -36, -238]	[-227, -216, 87, 132, 36]	[-59, 34, 47, -230, 82]	[92, 126, -224, -101, -54]	[-291, 164, 8, -18, -3]	[-140, 137, 30, 55, 244]	[-201, 31, -48, -58, 35]	[-17, 82, -80, -8, -214]	[9, 56, 180, -66, -70]	[-14, 102, 186, 187, -65]	[10000, 10003, 10000, 9994, 10000]	[-45, 64, -81, 105, 149]
174	13.0	[-106, -165, -93, 259, -266]	[109, 18, -89, -41, -238]	[-262, -222, 99, 129, 36]	[-82, 84, 42, -224, 68]	[67, 149, -203, -101, -62]	[-291, 152, 6, -28, 52]	[-165, 138, 45, 58, 233]	[-214, 31, -41, -57, 35]	[-17, 10, -68, -10, -220]	[15, 56, 177, -66, -53]	[-27, 87, 173, 193, -69]	[10000, 9995, 10000, 10000, 10000]	[-39, 64, -81, 117, 149]
175	15.0	[-106, -159, -87, 262, -266]	[109, 18, -84, -45, -240]	[-274, -240, 119, 120, 36]	[-86, 16, 50, -224, 102]	[94, 141, -193, -100, -100]	[-291, 148, 12, 15, -10]	[-137, 137, 21, 56, 259]	[-196, 31, -39, -58, 35]	[-17, 84, -78, -10, -220]	[15, 56, 178, -66, -70]	[5, 91, 175, 185, -60]	[9999, 10000, 10000, 10000, 10000]	[-45, 64, -81, 105, 149]
176	14.0	[-106, -160, -102, 259, -266]	[109, 17, -78, -45, -238]	[-260, -231, 94, 132, 36]	[-296, 79, 35, -224, 87]	[67, 129, -216, -93, -54]	[-291, 158, 9, -10, 5]	[-165, 137, 39, 57, 235]	[-214, 31, -36, -54, 35]	[-17, 22, -72, -10, -220]	[15, 56, 177, -56, -53]	[-27, 87, 173, 187, -63]	[10000, 9995, 10000, 10000, 10000]	[-39, 64, -87, 117, 149]
177	8.5	[-106, -165, -93, 259, -266]	[109, 18, -89, -41, -238]	[-291, -227, 99, 130, 36]	[-82, 81, 44, -224, 68]	[67, 151, -204, -101, -62]	[-291, 150, 6, -28, 52]	[-165, 138, 45, 58, 234]	[-214, 31, -41, -57, 35]	[-17, 10, -68, -10, -220]	[15, 56, 177, -66, -53]	[-27, 87, 173, 187, -69]	[10000, 9995, 10000, 10000, 10000]	[-39, 64, -81, 117, 149]
178	12.0	[-106, -159, -87, 262, -266]	[109, 18, -84, -45, -240]	[-274, -240, 119, 120, 36]	[-86, 16, 50, -224, 102]	[94, 141, -193, -100, -100]	[-291, 148, 12, 15, -10]	[-137, 137, 21, 56, 259]	[-196, 31, -39, -58, 35]	[-17, 84, -78, -10, -220]	[15, 56, 178, -66, -70]	[5, 91, 175, 185, -60]	[9999, 10000, 10000, 10000, 10000]	[-45, 64, -81, 105, 149]
179	14.0	[-106, -159, -87, 261, -266]	[109, 18, -84, -36, -238]	[-227, -216, 87, 132, 36]	[-59, 34, 47, -230, 82]	[92, 126, -224, -101, -54]	[-291, 164, 8, -18, -3]	[-140, 137, 30, 55, 244]	[-201, 31, -48, -58, 35]	[-17, 82, -80, -8, -214]	[9, 56, 180, -66, -70]	[-14, 102, 186, 187, -65]	[10000, 10003, 10000, 9994, 10000]	[-45, 64, -81, 105, 149]
180	14.0	[-106, -165, -93, 259, -266]	[109, 18, -89, -41, -238]	[-262, -222, 99, 129, 36]	[-82, 84, 42, -224, 68]	[67, 149, -203, -101, -62]	[-291, 152, 6, -28, 52]	[-165, 138, 45, 58, 233]	[-214, 31, -41, -57, 35]	[-17, 10, -68, -10, -220]	[15, 56, 177, -66, -53]	[-27, 87, 173, 189, -69]	[10000, 9995, 10000, 10000, 10000]	[-39, 64, -81, 117, 149]
181	10.0	[-106, -165, -93, 259, -266]	[109, 18, -89, -41, -238]	[-262, -222, 99, 129, 36]	[-82, 84, 42, -224, 68]	[67, 149, -203, -101, -62]	[-291, 152, 6, -28, 52]	[-165, 138, 45, 58, 233]	[-214, 31, -41, -57, 35]	[-17, 10, -68, -10, -220]	[15, 56, 177, -66, -53]	[-27, 87, 173, 189, -69]	[10000, 9995, 10000, 10000, 10000]	[-39, 64, -81, 117, 149]
182	11.5	[-106, -165, -93, 259, -266]	[109, 18, -89, -41, -238]	[-262, -222, 99, 129, 36]	[-82, 84, 42, -224, 68]	[67, 149, -203, -101, -62]	[-291, 152, 6, -28, 52]	[-165, 138, 45, 58, 233]	[-214, 31, -41, -57, 35]	[-17, 10, -68, -10, -220]	[15, 56, 177, -66, -53]	[-27, 87, 173, 189, -69]	[10000, 9995, 10000, 10000, 10000]	[-39, 64, -81, 117, 149]
183	8.5	[-106, -159, -87, 265, -266]	[109, 26, -93, -45, -238]	[-289, -260, 106, 137, 34]	[-59, 34, 45, -224, 68]	[55, 142, -234, -99, -68]	[-287, 144, 11, -32, 34]	[-147, 137, 21, 59, 259]	[-205, 28, -43, -64, 35]	[-17, 9, -70, -10, -220]	[15, 56, 178, -64, -69]	[5, 91, 173, 182, -49]	[10006, 9997, 10000, 10000, 9994]	[-45, 64, -81, 108, 149]
184	10.0	[-106, -159, -87, 265, -266]	[109, 29, -93, -45, -238]	[-250, -260, 116, 137, 34]	[-269, 77, 37, -224, 72]	[59, 132, -215, -96, -68]	[-285, 140, 14, -15, 34]	[-147, 138, 22, 58, 247]	[-205, 28, -42, -66, 35]	[-17, 11, -72, -10, -220]	[15, 56, 177, -63, -69]	[-5, 89, 174, 185, -45]	[10000, 9999, 10000, 10000, 9999]	[-45, 64, -81, 111, 149]
185	8.5	[-106, -159, -87, 265, -266]	[109, 26, -93, -45, -238]	[-289, -260, 104, 133, 34]	[-59, 35, 45, -224, 68]	[59, 132, -234, -99, -68]	[-288, 171, 8, -36, 20]	[-147, 137, 21, 58, 259]	[-200, 28, -44, -68, 35]	[-17, 30, -74, -10, -220]	[15, 56, 178, -62, -66]	[5, 91, 166, 185, -47]	[10006, 9997, 10000, 10000, 9994]	[-45, 64, -81, 108, 149]
186	10.5	[-106, -159, -87, 265, -266]	[109, 25, -90, -45, -238]	[-289, -260, 104, 136, 34]	[-59, 53, 41, -224, 68]	[55, 138, -215, -97, -68]	[-288, 171, 8, -36, 32]	[-147, 138, 21, 59, 259]	[-205, 30, -44, -60, 35]	[-17, 44, -77, -10, -220]	[15, 56, 178, -65, -66]	[5, 91, 169, 182, -45]	[10006, 9997, 10000, 10000, 9994]	[-45, 64, -81, 108, 149]
187	10.0	[-106, -159, -87, 265, -266]	[109, 23, -93, -45, -238]	[-258, -250, 116, 137, 34]	[-195, 15, 45, -224, 77]	[72, 144, -223, -96, -68]	[-285, 140, 14, -23, 34]	[-147, 138, 21, 59, 259]	[-205, 28, -43, -66, 35]	[-17, 11, -72, -10, -220]	[15, 56, 177, -66, -69]	[5, 91, 178, 185, -45]	[10000, 9999, 10000, 10000, 9994]	[-45, 64, -81, 111, 149]
188	11.0	[-106, -159, -87, 265, -266]	[109, 23, -93, -45, -238]	[-258, -250, 116, 137, 34]	[-195, 15, 45, -224, 77]	[72, 144, -223, -96, -68]	[-285, 140, 14, -23, 34]	[-147, 138, 21, 59, 259]	[-205, 28, -43, -66, 35]	[-17, 11, -72, -10, -220]	[15, 56, 177, -60, -69]	[5, 91, 178, 185, -45]	[10000, 9999, 10000, 10000, 9994]	[-45, 64, -81, 111, 149]
189	12.0	[-106, -159, -87, 265, -266]	[109, 29, -90, -45, -238]	[-234, -253, 111, 133, 34]	[-269, 77, 37, -224, 72]	[59, 132, -215, -96, -68]	[-285, 140, 14, -15, 34]	[-154, 138, 22, 58, 258]	[-203, 29, -46, -65, 35]	[-17, 80, -73, -10, -218]	[15, 56, 179, -64, -68]	[-25, 93, 176, 187, -45]	[10000, 9999, 10000, 10000, 9994]	[-45, 64, -81, 111, 149]
190	11.5	[-106, -160, -102, 259, -266]	[103, 17, -78, -45, -238]	[-260, -231, 94, 132, 36]	[-296, 79, 35, -224, 87]	[67, 129, -216, -93, -54]	[-291, 158, 9, -16, 5]	[-154, 138, 33, 57, 235]	[-214, 31, -36, -54, 35]	[-17, 33, -72, -10, -220]	[15, 56, 177, -57, -56]	[-15, 90, 169, 187, -63]	[10000, 9995, 10000, 10000, 10000]	[-39, 64, -87, 117, 149]
191	8.0	[-106, -161, -120, 265, -278]	[110, 16, -46, 7, -255]	[-218, -168, 39, 113, 36]	[-126, 16, 46, -224, 89]	[96, 135, -175, -100, -121]	[-292, 153, 18, 10, -4]	[-151, 137, 42, 59, 239]	[-146, 31, -43, -53, 35]	[-17, 56, -64, -10, -220]	[15, 56, 178, -60, 36]	[-1, 87, 161, 185, -46]	[10000, 9997, 10000, 10000, 10000]	[-42, 64, -81, 117, 149]
192	10.5	[-106, -159, -87, 265, -266]	[109, 23, -93, -45, -238]	[-258, -250, 116, 137, 34]	[-195, 56, 45, -224, 83]	[72, 144, -221, -96, -68]	[-285, 140, 14, -21, 9]	[-147, 138, 28, 59, 256]	[-205, 31, -37, -59, 35]	[-17, 11, -72, -10, -220]	[15, 56, 177, -60, -69]	[5, 91, 178, 185, -45]	[10000, 9999, 10000, 10000, 9994]	[-45, 64, -81, 111, 149]
193	8.0	[-106, -159, -87, 265, -266]	[109, 29, -93, -45, -238]	[-250, -260, 116, 137, 34]	[-269, 77, 37, -224, 72]	[62, 132, -216, -94, -64]	[-285, 140, 14, -15, 7]	[-147, 138, 22, 57, 238]	[-205, 30, -38, -58, 35]	[-17, 11, -72, -10, -220]	[15, 56, 177, -58, -66]	[-5, 90, 172, 185, -45]	[10000, 9999, 10000, 10000, 9999]	[-45, 64, -81, 111, 149]
194	10.5	[-106, -159, -87, 265, -266]	[109, 26, -93, -45, -238]	[-289, -260, 104, 133, 34]	[-59, 35, 45, -224, 68]	[58, 132, -234, -99, -68]	[-288, 171, 8, -36, 20]	[-147, 137, 21, 58, 259]	[-200, 28, -44, -68, 35]	[-21, 26, -74, -10, -220]	[15, 50, 178, -62, -66]	[5, 91, 166, 185, -47]	[10006, 9997, 10000, 10000, 9994]	[-45, 64, -81, 108, 149]
195	9.0	[-106, -161, -120, 265, -278]	[110, 16, -46, 7, -255]	[-218, -168, 39, 113, 36]	[-126, 16, 46, -230, 89]	[96, 135, -175, -100, -121]	[-292, 153, 18, 10, -4]	[-151, 137, 42, 59, 239]	[-146, 31, -43, -53, 35]	[-17, 56, -64, -10, -220]	[15, 56, 178, -60, 36]	[-1, 87, 161, 185, -46]	[10000, 9997, 10000, 10000, 10000]	[-42, 64, -81, 117, 149]
196	10.5	[-106, -159, -87, 261, -266]	[109, 18, -84, -36, -238]	[-227, -223, 114, 132, 36]	[-59, 34, 47, -230, 72]	[92, 126, -224, -101, -66]	[-291, 164, 8, -17, -3]	[-156, 138, 32, 57, 238]	[-201, 31, -41, -54, 35]	[-17, 34, -80, -8, -214]	[9, 56, 180, -66, -70]	[-14, 102, 186, 187, -65]	[10000, 10003, 10000, 9994, 10000]	[-45, 64, -81, 105, 149]
197	9.5	[-106, -159, -87, 265, -266]	[109, 23, -93, -45, -238]	[-258, -250, 116, 137, 34]	[-195, 15, 45, -224, 77]	[66, 144, -223, -96, -68]	[-285, 140, 14, -23, 34]	[-147, 138, 21, 59, 259]	[-205, 28, -43, -66, 35]	[-17, 11, -72, -10, -220]	[15, 56, 177, -60, -75]	[5, 91, 178, 185, -45]	[10000, 10000, 10000, 10000, 9994]	[-45, 64, -81, 111, 149]
198	11.0	[-106, -159, -87, 265, -266]	[109, 23, -93, -45, -238]	[-258, -250, 116, 137, 34]	[-195, 56, 45, -224, 83]	[72, 144, -221, -96, -68]	[-285, 140, 14, -21, 9]	[-147, 138, 28, 59, 256]	[-205, 31, -37, -59, 35]	[-17, 11, -72, -10, -220]	[15, 56, 177, -60, -69]	[-17, 91, 178, 185, -45]	[10000, 9999, 10000, 10006, 9994]	[-45, 64, -81, 111, 149]
199	12.5	[-106, -159, -87, 265, -266]	[109, 23, -93, -45, -238]	[-258, -250, 116, 137, 34]	[-195, 15, 45, -224, 77]	[66, 144, -223, -96, -68]	[-285, 140, 14, -23, 34]	[-147, 138, 21, 59, 259]	[-205, 28, -43, -66, 35]	[-17, 11, -72, -10, -220]	[15, 56, 177, -60, -75]	[5, 91, 178, 185, -45]	[10000, 10000, 10000, 10000, 9994]	[-45, 64, -81, 111, 149]
