generation	fitness	corner	c	a1	a2	b1	b2	b3	x	o1	o2	wp	ww	we
600	34.5	[-55, 86, -33, -43, -85]	[16, -162, -6, 7, -221]	[-79, -106, 21, -49, -158]	[-38, 29, -118, -72, -58]	[121, -107, -146, -11, -37]	[-34, -9, 19, -58, 99]	[-34, 63, -5, 46, 238]	[-53, -134, -71, -128, -147]	[-137, -85, -130, -77, -142]	[59, -26, -42, -59, -28]	[215, 119, 135, 174, 182]	[9994, 9997, 9999, 9999, 10006]	[228, 208, 200, 215, 157]
601	38.5	[63, -17, -55, 68, 98]	[-156, -148, -84, 24, -117]	[-156, -44, 19, -5, -167]	[-46, -157, -73, -91, -59]	[119, -65, -106, 52, 17]	[-123, -28, 21, -46, 189]	[-44, 44, 10, 88, 237]	[-131, -113, -131, -121, -99]	[-165, -132, -136, -90, -133]	[-16, -13, -28, -9, -83]	[53, 138, 119, 184, 38]	[10002, 9996, 9999, 9994, 9998]	[157, 183, 165, 185, 167]
602	37.5	[63, -17, -55, 68, 98]	[-156, -148, -84, 24, -117]	[-156, -44, 19, -5, -167]	[-46, -157, -73, -91, -59]	[119, -65, -106, 52, 17]	[-123, -28, 21, -46, 189]	[-44, 44, 10, 88, 237]	[-131, -113, -131, -121, -99]	[-165, -132, -136, -90, -133]	[-16, -13, -28, -9, -83]	[53, 138, 119, 178, 38]	[10002, 9996, 9999, 9994, 9998]	[157, 183, 165, 185, 167]
603	34.0	[63, -17, -55, 68, 98]	[-156, -148, -84, 24, -117]	[-156, -44, 19, -5, -167]	[-46, -155, -73, -91, -59]	[119, -65, -106, 52, 17]	[-123, -28, 21, -46, 189]	[-44, 44, 10, 88, 237]	[-131, -132, -120, -85, -99]	[-165, -132, -136, -106, -133]	[-16, -13, -20, 1, -80]	[53, 135, 120, 171, 40]	[10002, 9996, 9999, 9994, 9998]	[157, 183, 165, 185, 167]
604	35.0	[63, 23, 0, 68, 98]	[-156, -116, -84, 24, -117]	[-169, -15, 16, -3, -175]	[-46, -155, -73, -91, -59]	[119, -65, -106, 52, 17]	[-123, -34, 21, -46, 189]	[-44, 44, 10, 88, 237]	[-131, -113, -131, -121, -99]	[-165, -132, -136, -90, -133]	[-16, -13, -28, -9, -83]	[53, 138, 119, 178, 38]	[10002, 9996, 9999, 9994, 9998]	[157, 183, 165, 185, 167]
605	33.5	[209, 195, 45, 116, -123]	[59, -97, -107, 9, -142]	[-174, -12, -11, -4, -194]	[48, -28, -62, -35, -107]	[153, -113, -61, 44, 11]	[-39, -34, 5, -16, 67]	[-60, 69, 10, 103, 58]	[-90, -143, -109, -72, -31]	[-173, -191, -77, -141, -116]	[5, -9, -4, 18, -72]	[6, 133, 120, 170, 125]	[10005, 9976, 9999, 9998, 10003]	[-26, 133, 136, 164, 277]
606	36.0	[63, -17, -55, 68, 98]	[-156, -148, -84, 24, -117]	[-156, -44, 19, -5, -167]	[-46, -157, -73, -91, -59]	[119, -65, -106, 52, 17]	[-123, -28, 21, -46, 189]	[-44, 44, 10, 88, 237]	[-131, -113, -131, -121, -99]	[-165, -132, -136, -90, -133]	[-16, -13, -28, -9, -83]	[53, 138, 119, 178, 38]	[10002, 9996, 9999, 9994, 9998]	[157, 183, 165, 185, 167]
607	40.5	[209, 195, 45, 116, -123]	[59, -97, -107, 9, -142]	[-174, -12, -11, -4, -194]	[48, -28, -62, -35, -107]	[153, -113, -61, 44, 11]	[-39, -34, 5, -16, 67]	[-60, 69, 10, 103, 58]	[-90, -143, -109, -72, -31]	[-173, -191, -77, -141, -116]	[5, -9, -4, 18, -72]	[6, 133, 120, 170, 125]	[10005, 9976, 9999, 9998, 10003]	[-26, 133, 136, 164, 277]
608	32.5	[63, -17, -55, 68, 104]	[-162, -148, -84, 24, -142]	[-156, -44, 19, -5, -167]	[-46, -157, -73, -93, -59]	[119, -64, -106, 56, 16]	[-123, -29, 20, -46, 189]	[-27, 44, 10, 88, 237]	[-131, -113, -131, -121, -99]	[-165, -126, -137, -95, -133]	[-16, -13, -28, -9, -92]	[59, 135, 119, 172, 38]	[10028, 9992, 9999, 9994, 9998]	[157, 183, 168, 185, 167]
609	37.5	[209, 188, 45, 116, -121]	[59, -97, -86, 23, -136]	[-174, -8, -11, -2, -194]	[45, -28, -62, -41, -107]	[155, -117, -60, 44, 48]	[-33, -40, 3, -17, 74]	[-56, 67, 14, 103, 58]	[-90, -143, -116, -82, -34]	[-173, -198, -77, -141, -116]	[5, -6, -14, 29, -68]	[0, 131, 120, 170, 91]	[10005, 10005, 9999, 9998, 10002]	[-32, 133, 136, 164, 277]
610	34.5	[63, -17, -55, 68, 98]	[-156, -148, -84, 24, -117]	[-156, -44, 19, -5, -167]	[-46, -155, -79, -91, -59]	[119, -65, -106, 52, 17]	[-123, -28, 21, -46, 189]	[-44, 44, 10, 88, 237]	[-131, -137, -120, -85, -99]	[-165, -105, -107, -119, -133]	[-12, -9, -20, 1, -80]	[53, 135, 120, 176, 50]	[10002, 9996, 9998, 9992, 9998]	[157, 183, 188, 207, 167]
611	38.0	[63, -17, -55, 68, 98]	[-156, -148, -84, 24, -117]	[-156, -44, 19, -5, -167]	[-46, -155, -79, -91, -59]	[119, -65, -106, 52, 17]	[-123, -28, 21, -46, 189]	[-44, 44, 10, 88, 237]	[-131, -137, -120, -85, -99]	[-165, -105, -107, -119, -133]	[-12, -9, -20, 1, -80]	[53, 135, 120, 176, 50]	[10002, 9996, 9998, 9992, 9998]	[157, 183, 188, 207, 167]
612	33.0	[63, -17, -55, 68, 104]	[-162, -148, -84, 24, -142]	[-156, -44, 19, -5, -167]	[-46, -157, -73, -93, -59]	[120, -92, -104, 56, 16]	[-123, -19, 14, -52, 159]	[-27, 44, 8, 88, 237]	[-131, -130, -94, -113, -99]	[-165, -120, -135, -83, -139]	[-16, -22, -37, -52, -49]	[88, 135, 119, 172, 38]	[10020, 9993, 9999, 9994, 9998]	[157, 183, 168, 185, 167]
613	34.5	[209, 195, 45, 116, -123]	[59, -97, -107, 9, -142]	[-174, -12, -11, -4, -194]	[48, -28, -62, -35, -107]	[153, -113, -61, 44, 11]	[-39, -34, 5, -16, 67]	[-60, 69, 10, 103, 58]	[-90, -143, -109, -72, -31]	[-173, -191, -77, -141, -116]	[5, -9, -4, 18, -72]	[6, 133, 120, 170, 125]	[10005, 9976, 9999, 9998, 10003]	[-26, 133, 136, 164, 277]
614	34.0	[209, 195, 45, 116, -123]	[59, -97, -107, 9, -142]	[-174, -12, -11, -4, -194]	[48, -28, -62, -35, -107]	[153, -113, -61, 44, 11]	[-39, -34, 5, -16, 67]	[-60, 69, 10, 103, 58]	[-90, -143, -109, -72, -31]	[-173, -191, -77, -141, -116]	[5, -9, -4, 18, -72]	[6, 133, 120, 170, 125]	[10005, 9976, 9999, 9998, 10003]	[-26, 133, 136, 164, 277]
615	35.5	[63, -17, -55, 68, 98]	[-156, -148, -84, 24, -117]	[-156, -44, 19, -5, -167]	[-46, -157, -73, -91, -59]	[119, -65, -106, 52, 17]	[-123, -28, 21, -46, 189]	[-44, 44, 7, 88, 237]	[-131, -113, -131, -121, -99]	[-165, -132, -136, -90, -133]	[-16, -13, -28, -9, -83]	[59, 138, 119, 178, 38]	[10002, 9996, 9999, 9994, 9998]	[157, 183, 165, 185, 167]
616	32.5	[63, -17, -55, 68, 98]	[39, -127, -97, 20, -117]	[-160, -25, 19, -4, -192]	[-46, -157, -73, -91, -59]	[119, -65, -106, 52, 17]	[-123, -28, 21, -46, 189]	[-44, 44, 10, 88, 237]	[-131, -113, -131, -121, -99]	[-165, -132, -136, -90, -133]	[-16, -13, -28, -9, -83]	[55, 138, 119, 179, 38]	[10002, 9996, 9999, 9994, 9998]	[157, 183, 165, 185, 167]
617	38.5	[63, 23, 0, 68, 98]	[-156, -116, -84, 24, -117]	[-169, -15, 16, -3, -174]	[-46, -108, -77, -91, -59]	[122, -65, -106, 52, 17]	[-114, -39, 4, -46, 122]	[-44, 44, 10, 94, 96]	[-131, -113, -123, -108, -99]	[-165, -132, -134, -130, -118]	[-16, -13, -25, -8, -85]	[49, 133, 119, 173, 38]	[10002, 9994, 9999, 9994, 9998]	[157, 183, 165, 185, 167]
618	33.5	[209, 188, 45, 116, -121]	[59, -97, -86, 23, -136]	[-174, -8, -11, -2, -194]	[45, -28, -62, -41, -107]	[155, -117, -60, 44, 48]	[-33, -39, 4, -17, 74]	[-56, 67, 14, 102, 58]	[-90, -143, -116, -82, -34]	[-173, -198, -77, -141, -116]	[5, -6, -14, 29, -68]	[0, 131, 120, 170, 91]	[10005, 10005, 10005, 9998, 10002]	[-32, 133, 136, 164, 277]
619	35.0	[209, 56, 20, 116, -121]	[53, -97, -86, 23, -136]	[-174, -8, -11, -3, -174]	[45, -153, -67, -41, -107]	[155, -83, -91, 44, 48]	[-33, -40, 13, -41, 179]	[-56, 49, 8, 95, 79]	[-90, -131, -120, -87, -94]	[-165, -138, -136, -97, -129]	[5, -12, -23, 19, -74]	[0, 131, 120, 171, 82]	[10005, 10005, 9999, 9998, 10001]	[-14, 182, 140, 168, 241]
620	38.5	[63, -17, -55, 68, 98]	[-156, -148, -84, 24, -117]	[-156, -44, 19, -5, -167]	[-46, -157, -73, -91, -59]	[119, -65, -106, 52, 17]	[-123, -28, 9, -17, 168]	[-44, 63, 11, 88, 237]	[-131, -113, -128, -85, -72]	[-165, -132, -117, -95, -133]	[-15, -13, -28, -9, -83]	[59, 135, 119, 178, 38]	[10002, 9996, 9999, 9994, 9998]	[157, 183, 165, 185, 167]
621	34.5	[63, -17, -55, 68, 98]	[-156, -148, -84, 24, -117]	[-156, -44, 19, -5, -167]	[-46, -157, -73, -91, -59]	[119, -65, -106, 52, 17]	[-123, -28, 9, -17, 168]	[-44, 63, 11, 88, 237]	[-131, -113, -128, -85, -72]	[-165, -132, -117, -95, -133]	[-15, -13, -28, -9, -83]	[59, 135, 119, 178, 38]	[10002, 9996, 9999, 9994, 9998]	[157, 183, 165, 185, 167]
622	36.5	[63, -17, -55, 68, 98]	[-156, -148, -89, 24, -117]	[-156, -15, -11, -5, -167]	[-46, -155, -79, -91, -59]	[119, -65, -106, 52, 17]	[-123, -28, 21, -46, 189]	[-44, 44, 10, 88, 237]	[-131, -137, -120, -106, -99]	[-165, -105, -120, -119, -129]	[-12, -9, -20, 1, -85]	[53, 135, 119, 173, 48]	[10002, 9996, 9998, 9992, 9998]	[157, 183, 188, 207, 167]
623	34.5	[63, -17, -55, 68, 98]	[39, -127, -97, 20, -117]	[-158, -42, 19, -5, -186]	[-46, -157, -73, -91, -59]	[119, -65, -106, 52, 17]	[-123, -28, 21, -46, 189]	[-44, 44, 10, 88, 237]	[-134, -113, -128, -113, -99]	[-165, -132, -117, -90, -133]	[-16, -13, -28, -9, -83]	[55, 138, 119, 179, 38]	[10002, 9996, 9999, 9994, 9998]	[157, 183, 165, 185, 167]
624	37.0	[209, 56, 20, 116, -121]	[53, -97, -86, 23, -136]	[-174, -8, -11, -3, -174]	[45, -153, -67, -41, -107]	[155, -83, -91, 44, 48]	[-33, -40, 13, -41, 179]	[-56, 49, 8, 95, 79]	[-90, -131, -120, -87, -94]	[-165, -138, -136, -97, -129]	[5, -12, -23, 19, -74]	[0, 131, 120, 171, 82]	[10005, 10005, 9999, 9998, 10001]	[-14, 182, 140, 168, 241]
625	34.0	[204, 194, 21, -43, -85]	[47, -158, -6, 7, -145]	[-117, -34, -6, -49, -174]	[-2, 29, -109, -60, -58]	[135, -114, -80, 2, -37]	[-76, -36, 16, -56, 99]	[-47, 61, 14, 99, 166]	[-83, -141, -100, -119, -69]	[-161, -85, -130, -81, -121]	[20, -13, -29, -6, -49]	[209, 135, 125, 180, 182]	[9994, 9997, 9999, 9994, 9999]	[228, 208, 200, 215, 157]
626	32.0	[209, 56, 20, 116, -121]	[53, -97, -86, 23, -136]	[-174, -8, -11, -3, -174]	[51, -153, -67, -41, -107]	[155, -83, -91, 44, 48]	[-33, -40, 13, -41, 179]	[-56, 49, 8, 95, 79]	[-90, -131, -120, -87, -94]	[-165, -138, -136, -97, -129]	[5, -12, -23, 19, -74]	[0, 131, 120, 171, 82]	[10005, 10005, 9999, 9998, 10001]	[-14, 182, 140, 168, 241]
627	36.0	[63, -17, -55, 68, 98]	[39, -127, -97, 20, -117]	[-158, -42, 19, -5, -186]	[-40, -157, -73, -91, -59]	[119, -65, -106, 52, 17]	[-123, -28, 21, -46, 189]	[-44, 44, 10, 88, 237]	[-134, -113, -128, -113, -99]	[-165, -132, -117, -90, -133]	[-16, -13, -28, -9, -83]	[55, 138, 119, 179, 38]	[10002, 9996, 9999, 9994, 9998]	[157, 189, 165, 185, 167]
628	32.5	[69, -17, -67, 68, 98]	[-156, -148, -84, 24, -117]	[-156, -44, 19, -5, -167]	[-46, -157, -73, -91, -59]	[119, -65, -105, 50, 17]	[-123, -28, 21, -37, 171]	[-44, 44, 10, 88, 237]	[-112, -115, -131, -127, -93]	[-164, -131, -134, -90, -133]	[-16, -12, -26, -9, -83]	[59, 138, 119, 177, 154]	[9998, 9996, 9999, 9994, 9998]	[157, 183, 165, 185, 167]
629	35.5	[69, -17, -67, 68, 98]	[-156, -148, -84, 24, -117]	[-156, -44, 19, -5, -167]	[-46, -157, -73, -91, -59]	[119, -65, -106, 52, 17]	[-123, -28, 21, -46, 189]	[-44, 44, 10, 88, 237]	[-131, -113, -131, -127, -93]	[-165, -132, -131, -85, -132]	[-16, -12, -28, -9, -83]	[155, 136, 120, 178, 156]	[10001, 9996, 9999, 9999, 9999]	[157, 187, 184, 185, 167]
630	36.0	[63, -17, -55, 68, 98]	[-156, -148, -89, 24, -117]	[-156, -15, -11, -4, -167]	[-21, -104, -77, -75, -69]	[119, -82, -82, 4, 17]	[-123, -32, 18, -46, 175]	[-44, 56, 13, 79, 237]	[-131, -129, -117, -107, -99]	[-165, -105, -120, -119, -129]	[-12, -9, -20, 1, -85]	[53, 135, 119, 173, 48]	[10002, 9996, 9998, 9992, 9998]	[157, 183, 188, 207, 167]
631	41.0	[63, -17, -55, 68, 98]	[-156, -148, -89, 24, -117]	[-156, -15, -11, -4, -167]	[-21, -104, -77, -75, -69]	[119, -82, -82, 4, 17]	[-123, -32, 18, -46, 175]	[-44, 56, 13, 79, 237]	[-131, -129, -117, -107, -99]	[-165, -105, -120, -119, -129]	[-12, -9, -20, 1, -85]	[53, 135, 119, 173, 48]	[10002, 9996, 9998, 9992, 9998]	[157, 183, 188, 207, 167]
632	37.0	[69, -17, -67, 68, 98]	[-156, -148, -84, 24, -117]	[-156, -44, 19, -5, -167]	[-46, -157, -73, -91, -59]	[119, -65, -106, 52, 17]	[-123, -28, 21, -46, 189]	[-44, 44, 10, 88, 237]	[-131, -113, -131, -127, -93]	[-165, -132, -131, -85, -132]	[-16, -12, -28, -9, -83]	[155, 136, 120, 178, 156]	[10001, 9996, 9999, 9999, 9999]	[157, 187, 184, 185, 167]
633	35.0	[63, -17, -55, 68, 98]	[-156, -148, -89, 24, -117]	[-156, -15, -11, -4, -167]	[-21, -104, -77, -75, -69]	[119, -82, -82, 4, 17]	[-123, -32, 18, -46, 175]	[-44, 56, 13, 79, 237]	[-131, -129, -117, -107, -99]	[-165, -105, -120, -119, -129]	[-12, -9, -20, 1, -85]	[53, 135, 119, 173, 48]	[10002, 9996, 9998, 9992, 9998]	[157, 183, 188, 207, 167]
634	34.0	[63, -17, -55, 68, 104]	[-162, -148, -84, 24, -142]	[-156, -44, 19, -5, -167]	[-46, -157, -73, -93, -59]	[120, -89, -105, 56, 16]	[-123, -19, 16, -52, 159]	[-30, 44, 8, 88, 237]	[-131, -126, -101, -117, -99]	[-165, -124, -135, -83, -139]	[-16, -18, -32, -18, -77]	[88, 135, 119, 175, 122]	[10020, 9994, 9999, 9994, 9998]	[157, 183, 168, 185, 167]
635	37.0	[63, -17, -55, 68, 104]	[-162, -148, -84, 24, -142]	[-156, -44, 19, -5, -167]	[-46, -157, -73, -93, -59]	[120, -89, -105, 56, 16]	[-123, -19, 16, -52, 159]	[-30, 44, 8, 88, 237]	[-131, -126, -101, -117, -99]	[-165, -124, -135, -83, -139]	[-16, -18, -32, -18, -83]	[88, 135, 119, 175, 122]	[10020, 9994, 9999, 9994, 9998]	[157, 183, 168, 185, 167]
636	36.5	[209, 56, 44, 110, -121]	[53, -97, -86, 23, -136]	[-174, -8, -11, -9, -174]	[17, -162, -67, -70, -88]	[127, -82, -91, 44, 48]	[-33, -32, 11, -46, 179]	[-39, 56, 13, 73, 142]	[-108, -132, -105, -117, -72]	[-152, -94, -129, -88, -125]	[21, -15, -28, 16, -66]	[0, 131, 129, 171, 105]	[10005, 10005, 9999, 9998, 10001]	[-14, 182, 140, 168, 241]
637	35.5	[63, -17, -55, 68, 98]	[-156, -148, -84, 24, -117]	[-156, -44, 19, -5, -167]	[-46, -155, -79, -91, -59]	[119, -65, -106, 52, 17]	[-123, -28, 21, -46, 189]	[-46, 58, 10, 88, 237]	[-131, -137, -120, -74, -31]	[-165, -140, -104, -123, -129]	[-12, -9, -5, 17, -80]	[53, 133, 120, 170, 50]	[10004, 9996, 9998, 9986, 9998]	[157, 162, 157, 194, 167]
638	33.0	[175, 114, 39, 68, 98]	[-156, -116, -86, 23, -117]	[-169, -11, 6, -3, -177]	[-46, -148, -66, -48, -103]	[128, -89, -66, 42, 18]	[-117, -33, 5, -34, 108]	[-44, 48, 10, 94, 96]	[-95, -127, -121, -107, -105]	[-165, -132, -123, -116, -119]	[-15, -17, -28, -14, -83]	[80, 135, 120, 177, 53]	[9999, 9996, 9999, 9995, 10000]	[157, 183, 168, 213, 159]
639	35.0	[63, -17, -55, 68, 98]	[-156, -148, -89, 24, -117]	[-156, -15, -11, -4, -167]	[-21, -104, -77, -75, -69]	[119, -82, -82, 4, 17]	[-123, -32, 18, -46, 175]	[-44, 56, 13, 79, 237]	[-131, -129, -117, -107, -99]	[-165, -105, -120, -119, -129]	[-12, -9, -20, 1, -85]	[53, 135, 119, 173, 48]	[10002, 9996, 9998, 9992, 9998]	[157, 183, 188, 207, 167]
640	34.0	[69, -17, -67, 68, 98]	[-156, -148, -84, 24, -117]	[-156, -44, 19, -5, -167]	[-46, -157, -73, -91, -59]	[119, -65, -106, 52, 17]	[-123, -28, 21, -46, 189]	[-44, 44, 10, 88, 237]	[-131, -113, -131, -127, -93]	[-165, -132, -131, -85, -132]	[-16, -12, -28, -9, -83]	[155, 136, 120, 178, 156]	[10001, 9996, 9999, 9999, 9999]	[157, 187, 184, 185, 167]
641	38.0	[209, 56, 44, 110, -121]	[53, -97, -86, 23, -136]	[-174, -8, -11, -9, -174]	[11, -162, -67, -70, -88]	[127, -90, -91, 44, 48]	[-33, -32, 11, -42, 100]	[-39, 56, 11, 73, 142]	[-108, -130, -112, -117, -72]	[-152, -94, -129, -88, -125]	[21, -15, -28, 16, -66]	[0, 131, 129, 171, 105]	[10005, 10005, 9999, 9998, 10001]	[-14, 182, 140, 168, 241]
642	41.0	[112, 31, 0, 68, 98]	[-157, -116, -86, 23, -117]	[-169, -12, 12, -3, -177]	[-46, -149, -73, -83, -103]	[128, -89, -66, 42, 18]	[-117, -33, 5, -34, 108]	[-44, 48, 10, 94, 96]	[-95, -127, -121, -107, -105]	[-159, -132, -123, -116, -119]	[-15, -17, -28, -14, -83]	[80, 135, 120, 177, 53]	[9999, 9996, 9999, 9995, 10000]	[157, 183, 168, 213, 159]
643	35.0	[63, -17, -55, 68, 98]	[-156, -148, -84, 24, -117]	[-156, -44, 19, -5, -167]	[-46, -155, -79, -91, -59]	[119, -65, -106, 52, 17]	[-123, -28, 21, -46, 189]	[-46, 58, 10, 88, 237]	[-131, -137, -120, -74, -31]	[-165, -140, -104, -123, -129]	[-12, -9, -5, 17, -80]	[53, 133, 120, 170, 50]	[10004, 9996, 9998, 9986, 9998]	[157, 162, 157, 194, 167]
644	32.0	[63, -17, -55, 68, 104]	[-162, -148, -84, 24, -142]	[-156, -44, 19, -5, -167]	[-46, -157, -73, -92, -59]	[120, -89, -105, 50, 16]	[-123, -26, 16, -52, 159]	[-30, 44, 10, 88, 237]	[-131, -126, -108, -117, -99]	[-165, -124, -135, -83, -133]	[-16, -15, -25, -1, -83]	[88, 135, 119, 175, 122]	[10020, 9994, 9999, 9994, 9998]	[157, 183, 168, 185, 167]
645	43.0	[69, -17, -67, 68, 98]	[-156, -148, -84, 24, -117]	[-156, -44, 19, -5, -167]	[-46, -157, -73, -91, -59]	[119, -65, -106, 52, 17]	[-123, -28, 21, -46, 189]	[-44, 44, 10, 88, 237]	[-131, -113, -131, -127, -93]	[-165, -132, -131, -85, -132]	[-16, -12, -28, -9, -83]	[155, 136, 120, 178, 156]	[10001, 9996, 9999, 9999, 9999]	[157, 187, 184, 185, 167]
646	38.0	[175, 114, 39, 68, 98]	[-156, -116, -86, 23, -117]	[-169, -11, 6, -3, -177]	[-46, -148, -66, -80, -103]	[128, -89, -100, 42, 18]	[-121, -30, 8, -34, 108]	[-44, 46, 10, 89, 106]	[-95, -119, -121, -107, -105]	[-165, -132, -123, -116, -119]	[-15, -17, -28, -4, -85]	[80, 133, 120, 173, 70]	[9999, 9996, 9999, 9997, 10000]	[157, 183, 168, 213, 159]
647	34.0	[69, -17, -67, 68, 98]	[-156, -148, -84, 24, -117]	[-156, -44, 19, -5, -167]	[-46, -157, -73, -91, -59]	[119, -65, -106, 52, 17]	[-123, -28, 21, -46, 189]	[-44, 44, 10, 88, 237]	[-131, -113, -113, -122, -73]	[-165, -94, -131, -85, -132]	[-16, -15, -28, 12, -80]	[80, 135, 126, 173, 156]	[10001, 9996, 9999, 9999, 9999]	[157, 187, 184, 185, 167]
648	36.5	[175, 114, 39, 68, 98]	[-156, -116, -86, 23, -117]	[-169, -11, 6, -3, -177]	[-46, -148, -66, -48, -103]	[128, -89, -66, 42, 18]	[-117, -33, 5, -34, 108]	[-28, 46, 10, 94, 90]	[-122, -121, -124, -107, -105]	[-162, -132, -125, -93, -127]	[-15, -17, -28, -14, -83]	[87, 135, 119, 177, 53]	[9999, 9996, 9999, 9995, 10000]	[157, 183, 168, 213, 159]
649	36.5	[175, 114, 39, 68, 98]	[-156, -116, -86, 23, -117]	[-169, -11, 6, -3, -177]	[-46, -153, -67, -90, -100]	[126, -88, -100, 51, 18]	[-121, -30, 8, -40, 108]	[-44, 46, 10, 89, 106]	[-122, -121, -116, -107, -105]	[-165, -131, -130, -113, -119]	[-15, -17, -28, -4, -85]	[80, 133, 120, 173, 70]	[9999, 9996, 9999, 9997, 10000]	[157, 183, 168, 213, 159]
650	37.0	[175, 114, 39, 68, 98]	[-156, -116, -86, 23, -117]	[-169, -11, 6, -3, -177]	[-46, -148, -66, -48, -103]	[128, -89, -66, 42, 18]	[-117, -33, 5, -34, 108]	[-28, 46, 10, 94, 90]	[-122, -121, -124, -107, -105]	[-162, -132, -125, -93, -127]	[-15, -17, -28, -14, -83]	[87, 135, 119, 177, 53]	[9999, 9996, 9999, 9995, 10000]	[157, 183, 168, 213, 159]
651	34.0	[175, 114, 39, 68, 98]	[-156, -116, -86, 23, -117]	[-169, -11, 6, -3, -177]	[-46, -153, -67, -90, -100]	[126, -88, -100, 51, 18]	[-121, -30, 8, -40, 108]	[-44, 46, 10, 89, 106]	[-122, -121, -116, -107, -105]	[-165, -131, -130, -113, -119]	[-15, -17, -28, -4, -85]	[80, 133, 120, 173, 70]	[9999, 9996, 9999, 9997, 10000]	[157, 183, 168, 213, 159]
652	40.5	[175, -14, -12, -25, -85]	[44, -135, -73, 16, -138]	[-156, -30, 2, -11, -174]	[-22, -133, -73, -92, -64]	[134, -76, -100, 49, -19]	[-81, -29, 16, -40, 99]	[-36, 56, 10, 87, 166]	[-70, -131, -106, -117, -98]	[-164, -107, -125, -85, -126]	[-5, -13, -25, 4, -69]	[117, 130, 124, 174, 182]	[9994, 9996, 9999, 9999, 10006]	[228, 208, 200, 209, 157]
653	37.5	[175, -14, -12, -25, -85]	[44, -135, -73, 16, -138]	[-150, -40, 2, -13, -174]	[-22, -144, -73, -92, -64]	[131, -88, -75, 49, -19]	[-106, -28, 16, -37, 106]	[-44, 56, 10, 89, 166]	[-70, -120, -116, -119, -101]	[-164, -109, -126, -98, -132]	[-5, -13, -25, -2, -74]	[63, 137, 124, 174, 182]	[9995, 9996, 9999, 9999, 10006]	[228, 208, 200, 209, 157]
654	34.5	[175, -14, -12, -25, -85]	[44, -135, -73, 16, -138]	[-150, -40, 2, -13, -174]	[-22, -144, -73, -92, -64]	[131, -88, -75, 49, -19]	[-106, -28, 16, -37, 106]	[-44, 56, 10, 89, 166]	[-70, -120, -116, -119, -101]	[-164, -109, -126, -98, -132]	[-5, -13, -25, -2, -74]	[63, 137, 124, 174, 182]	[9995, 9996, 9999, 9999, 10006]	[228, 208, 200, 209, 157]
655	36.0	[175, 114, 39, 68, 98]	[-156, -122, -86, 23, -117]	[-169, -11, 6, -3, -177]	[-46, -153, -67, -90, -100]	[126, -88, -100, 51, 18]	[-121, -30, 8, -40, 108]	[-44, 46, 10, 89, 106]	[-122, -121, -116, -107, -105]	[-165, -131, -130, -113, -119]	[-15, -17, -28, -4, -85]	[80, 133, 120, 173, 70]	[9999, 9996, 9999, 9997, 10000]	[157, 183, 168, 213, 159]
656	31.0	[209, 56, 44, 110, -121]	[53, -97, -86, 23, -136]	[-174, -8, -11, -9, -174]	[11, -162, -67, -70, -88]	[123, -83, -93, 44, 48]	[-33, -31, 14, -42, 100]	[-43, 54, 10, 82, 181]	[-121, -127, -122, -117, -72]	[-152, -121, -129, -88, -125]	[3, -14, -28, 16, -66]	[0, 131, 129, 171, 105]	[10005, 10005, 9999, 9998, 10001]	[-14, 182, 140, 168, 241]
657	36.0	[175, 114, 39, 68, 98]	[-156, -127, -85, 23, -117]	[-169, -11, 6, -5, -170]	[-46, -148, -66, -48, -103]	[128, -89, -66, 42, 18]	[-117, -33, 5, -34, 108]	[-28, 46, 10, 94, 90]	[-122, -121, -124, -107, -105]	[-162, -132, -125, -93, -127]	[-15, -17, -28, -14, -83]	[93, 135, 119, 177, 53]	[9999, 9996, 9999, 9995, 10000]	[157, 183, 168, 213, 159]
658	34.5	[175, 114, 39, 68, 98]	[-156, -127, -85, 23, -117]	[-169, -11, 6, -5, -170]	[-46, -148, -66, -48, -103]	[128, -89, -66, 42, 18]	[-117, -33, 5, -34, 108]	[-28, 46, 10, 94, 90]	[-122, -121, -124, -107, -105]	[-162, -132, -125, -93, -127]	[-15, -17, -28, -14, -83]	[93, 135, 119, 177, 53]	[9999, 9996, 9999, 9995, 10000]	[157, 183, 168, 213, 159]
659	31.5	[63, -17, -67, 68, 98]	[-156, -148, -84, 24, -117]	[-156, -44, 19, -5, -167]	[-46, -157, -73, -91, -59]	[119, -65, -106, 52, 17]	[-123, -28, 21, -46, 189]	[-44, 56, 15, 88, 237]	[-131, -122, -115, -102, -57]	[-165, -114, -122, -119, -129]	[-15, -9, -16, 11, -80]	[76, 135, 121, 173, 156]	[10001, 9996, 9999, 9999, 9999]	[157, 187, 184, 185, 167]
660	36.5	[175, -14, -12, -25, -85]	[44, -135, -73, 16, -138]	[-150, -40, 2, -7, -174]	[-27, -149, -73, -92, -64]	[131, -88, -88, 49, -19]	[-81, -29, 21, -36, 163]	[-40, 53, 10, 89, 166]	[-70, -130, -115, -117, -104]	[-164, -107, -125, -106, -126]	[-5, -13, -25, 4, -69]	[117, 130, 124, 174, 182]	[9994, 10002, 9999, 9999, 10006]	[228, 208, 200, 209, 157]
661	37.0	[175, 114, 39, 68, 98]	[-156, -127, -85, 23, -117]	[-169, -11, 6, -5, -170]	[-46, -148, -66, -48, -103]	[128, -89, -66, 42, 18]	[-121, -28, 14, -34, 108]	[-28, 51, 16, 93, 131]	[-123, -136, -120, -95, -88]	[-165, -134, -125, -93, -127]	[-15, -17, -11, -14, -83]	[93, 133, 119, 177, 53]	[9999, 9996, 9999, 9995, 10000]	[157, 165, 168, 213, 159]
662	36.0	[209, 56, 44, 110, -127]	[53, -97, -86, 23, -136]	[-174, -8, -17, -9, -174]	[23, -162, -67, -64, -88]	[127, -82, -91, 44, 48]	[-33, -32, 8, -43, 179]	[-39, 56, 12, 81, 142]	[-108, -131, -102, -108, -72]	[-152, -102, -127, -93, -123]	[-3, -14, -26, 6, -66]	[6, 131, 129, 171, 105]	[10002, 10001, 9999, 9999, 10001]	[-14, 182, 140, 168, 241]
663	33.5	[175, 114, 39, 68, 98]	[-156, -127, -85, 23, -117]	[-169, -11, 6, -5, -170]	[-46, -148, -66, -48, -103]	[128, -89, -66, 42, 18]	[-121, -28, 14, -34, 108]	[-28, 51, 16, 93, 131]	[-123, -136, -120, -95, -88]	[-165, -134, -125, -93, -127]	[-15, -17, -11, -14, -83]	[93, 133, 119, 177, 53]	[9999, 9996, 9999, 9995, 10000]	[157, 165, 168, 213, 159]
664	34.5	[175, 114, 39, 68, 98]	[-156, -127, -85, 23, -117]	[-169, -17, 5, -6, -173]	[-46, -158, -68, -52, -100]	[128, -89, -66, 42, 18]	[-121, -28, 14, -34, 108]	[-28, 51, 16, 93, 131]	[-123, -136, -120, -95, -88]	[-165, -134, -125, -93, -127]	[-15, -17, -11, -14, -83]	[93, 133, 119, 177, 53]	[9999, 9996, 9999, 9995, 10000]	[157, 165, 168, 213, 159]
665	36.0	[69, -17, -67, 68, 98]	[-156, -124, -86, 24, -132]	[-168, -26, 22, -8, -168]	[-3, -161, -70, -91, -59]	[119, -65, -100, 51, 44]	[-77, -28, 21, -46, 189]	[-44, 45, 11, 83, 164]	[-131, -127, -113, -127, -93]	[-159, -131, -131, -85, -132]	[-16, -12, -28, 4, -82]	[155, 136, 120, 178, 156]	[10001, 9996, 9999, 9999, 9999]	[157, 187, 184, 185, 167]
666	32.5	[175, 114, 39, 68, 98]	[-156, -127, -85, 23, -117]	[-169, -11, 6, -5, -170]	[-46, -148, -66, -48, -103]	[128, -89, -66, 42, 18]	[-121, -28, 14, -34, 108]	[-28, 51, 16, 93, 131]	[-123, -136, -120, -95, -88]	[-165, -134, -125, -93, -127]	[-15, -17, -11, -14, -83]	[93, 133, 119, 177, 53]	[9999, 9996, 9999, 9995, 10000]	[157, 165, 168, 213, 159]
667	35.5	[175, 114, 39, 68, 98]	[-156, -127, -85, 23, -117]	[-165, -11, 6, -5, -170]	[-46, -153, -67, -48, -103]	[128, -80, -103, 42, 18]	[-119, -31, 10, -38, 108]	[-28, 55, 11, 94, 90]	[-131, -123, -122, -82, -64]	[-165, -126, -122, -111, -127]	[-15, -14, -15, -1, -80]	[93, 134, 119, 177, 53]	[9999, 9996, 9999, 9995, 10000]	[157, 178, 168, 206, 159]
668	36.0	[69, -17, -67, 68, 98]	[-156, -124, -86, 24, -132]	[-174, -26, 22, -8, -168]	[-3, -161, -70, -91, -59]	[119, -65, -100, 51, 44]	[-77, -28, 21, -46, 189]	[-44, 45, 11, 83, 164]	[-131, -127, -113, -127, -93]	[-159, -131, -131, -85, -132]	[-16, -12, -28, 4, -82]	[155, 136, 120, 178, 156]	[10001, 9996, 9999, 9999, 9999]	[157, 187, 184, 185, 167]
669	33.5	[175, 114, 39, 68, 98]	[-156, -127, -85, 23, -117]	[-165, -11, 6, -5, -170]	[-46, -153, -67, -48, -103]	[128, -80, -103, 42, 18]	[-119, -31, 10, -38, 108]	[-28, 55, 11, 94, 90]	[-131, -123, -122, -82, -64]	[-165, -126, -122, -111, -127]	[-15, -14, -15, -1, -80]	[93, 134, 113, 177, 53]	[9999, 9996, 9999, 9995, 10000]	[157, 178, 168, 206, 159]
670	36.0	[175, 114, 39, 68, 98]	[-156, -127, -85, 23, -117]	[-165, -11, 6, -5, -170]	[-46, -153, -67, -48, -103]	[128, -80, -103, 42, 18]	[-119, -31, 10, -38, 108]	[-28, 56, 10, 94, 90]	[-131, -123, -107, -113, -64]	[-164, -112, -122, -111, -127]	[-15, -11, -15, -1, -80]	[93, 134, 118, 174, 53]	[9999, 9996, 9999, 9995, 10000]	[157, 178, 168, 206, 159]
671	39.0	[175, 114, 39, 68, 98]	[-156, -127, -85, 23, -117]	[-165, -11, 6, -5, -170]	[-46, -153, -67, -48, -103]	[128, -80, -103, 42, 18]	[-119, -31, 10, -38, 108]	[-28, 56, 10, 94, 90]	[-131, -123, -107, -113, -64]	[-164, -112, -122, -111, -127]	[-15, -11, -15, -1, -80]	[93, 134, 118, 174, 53]	[9999, 9996, 9999, 9995, 10000]	[157, 178, 168, 206, 159]
672	36.5	[175, 114, 39, 68, 98]	[-156, -127, -85, 23, -117]	[-165, -11, 6, -5, -170]	[-46, -153, -67, -48, -103]	[128, -80, -103, 42, 18]	[-119, -31, 10, -38, 108]	[-28, 56, 10, 94, 90]	[-131, -123, -107, -113, -64]	[-164, -112, -122, -111, -127]	[-15, -11, -15, -1, -80]	[93, 134, 118, 174, 53]	[9999, 9996, 9999, 9995, 10000]	[157, 178, 168, 206, 159]
673	38.5	[175, 114, 39, 74, 98]	[-156, -122, -86, 23, -117]	[-169, -11, 6, -3, -177]	[-46, -159, -67, -90, -100]	[126, -88, -100, 51, 18]	[-115, -30, 8, -40, 108]	[-44, 46, 10, 89, 100]	[-122, -128, -116, -112, -105]	[-165, -131, -130, -89, -119]	[-15, -17, -28, -4, -85]	[80, 133, 120, 173, 76]	[9999, 9996, 9999, 9997, 10000]	[157, 183, 168, 212, 168]
674	35.5	[175, 114, 39, 68, 98]	[-156, -127, -85, 23, -117]	[-165, -17, 11, -6, -173]	[-46, -153, -68, -49, -103]	[128, -89, -66, 42, 18]	[-96, -28, 14, -34, 108]	[-28, 54, 11, 93, 131]	[-123, -134, -108, -95, -88]	[-163, -105, -125, -93, -127]	[-15, -14, -23, -14, -83]	[12, 131, 119, 177, 53]	[9999, 10000, 9999, 9998, 10000]	[157, 165, 168, 213, 159]
675	37.5	[175, 114, 39, 68, 98]	[-156, -127, -85, 23, -117]	[-165, -17, 11, -6, -173]	[-46, -153, -68, -49, -103]	[128, -89, -66, 42, 18]	[-96, -28, 14, -34, 108]	[-28, 54, 11, 93, 131]	[-123, -134, -108, -95, -88]	[-163, -105, -125, -93, -127]	[-15, -14, -23, -14, -83]	[12, 131, 119, 177, 53]	[9999, 10000, 9999, 9998, 10000]	[157, 165, 168, 213, 159]
676	38.0	[175, 114, 39, 74, 98]	[-156, -122, -86, 23, -117]	[-169, -11, 6, -9, -177]	[-46, -159, -67, -90, -100]	[126, -88, -100, 51, 18]	[-115, -30, 8, -40, 108]	[-44, 46, 10, 89, 100]	[-122, -128, -116, -112, -105]	[-165, -131, -130, -89, -119]	[-15, -17, -28, -4, -85]	[80, 133, 120, 173, 76]	[9999, 9996, 9999, 9997, 10000]	[157, 183, 168, 212, 168]
677	36.5	[209, 56, 44, 110, -127]	[53, -97, -86, 23, -136]	[-158, -8, -12, -9, -174]	[-4, -158, -71, -67, -95]	[127, -88, -77, 45, 12]	[-93, -32, 9, -43, 179]	[-39, 58, 12, 84, 165]	[-108, -132, -115, -115, -72]	[-161, -122, -127, -93, -123]	[-3, -16, -12, 7, -79]	[11, 133, 125, 176, 81]	[10002, 9998, 10005, 9995, 10001]	[77, 181, 156, 168, 241]
678	35.0	[175, -14, -12, -25, -85]	[44, -135, -73, 16, -138]	[-156, -30, 2, -17, -174]	[-22, -133, -73, -92, -64]	[134, -76, -100, 49, -19]	[-75, -29, 16, -40, 99]	[-36, 56, 10, 87, 166]	[-70, -131, -106, -117, -98]	[-164, -107, -125, -85, -126]	[-5, -13, -25, 4, -69]	[117, 130, 130, 174, 182]	[9994, 9996, 9999, 9999, 10006]	[228, 208, 200, 209, 157]
679	38.0	[175, 114, 39, 74, 98]	[-156, -122, -86, 23, -117]	[-169, -11, 6, -9, -177]	[-46, -159, -67, -90, -100]	[126, -88, -100, 51, 18]	[-115, -30, 8, -40, 108]	[-44, 46, 10, 89, 100]	[-122, -128, -116, -112, -105]	[-165, -131, -130, -89, -119]	[-15, -17, -28, -4, -85]	[80, 139, 120, 173, 76]	[9999, 9996, 9999, 9997, 10000]	[157, 183, 168, 212, 168]
680	38.0	[209, 56, 44, 110, -121]	[53, -97, -86, 23, -136]	[-171, -8, -4, -6, -174]	[23, -160, -66, -70, -88]	[127, -82, -82, 29, 41]	[-46, -31, 8, -41, 179]	[-39, 56, 13, 73, 125]	[-108, -132, -121, -115, -72]	[-160, -94, -129, -88, -125]	[21, -15, -28, -5, -66]	[18, 132, 129, 171, 105]	[10005, 10005, 9998, 10002, 10001]	[-5, 182, 166, 168, 241]
681	35.0	[63, -17, -67, 68, 98]	[-156, -148, -84, 24, -117]	[-156, -44, 19, -5, -167]	[-46, -157, -73, -91, -59]	[119, -65, -106, 52, 17]	[-123, -34, 21, -46, 189]	[-44, 56, 15, 88, 237]	[-131, -122, -115, -102, -57]	[-165, -114, -122, -119, -129]	[-15, -15, -16, 11, -80]	[76, 135, 121, 173, 156]	[10001, 9996, 9999, 9999, 9999]	[157, 187, 184, 185, 167]
682	35.0	[159, -12, 42, 70, -19]	[-162, -124, -86, 29, -132]	[-174, -26, 22, -8, -168]	[-3, -161, -70, -91, -59]	[119, -65, -100, 51, 44]	[-77, -28, 21, -46, 189]	[-44, 45, 11, 83, 164]	[-131, -127, -113, -127, -93]	[-159, -131, -131, -85, -132]	[-16, -12, -28, 4, -82]	[155, 136, 120, 178, 156]	[10001, 9996, 9999, 9999, 9999]	[157, 187, 184, 185, 167]
683	41.0	[175, 102, 18, -25, -85]	[44, -135, -79, 16, -138]	[-156, -10, -8, -12, -174]	[-22, -146, -72, -92, -64]	[132, -88, -100, 49, -19]	[-75, -29, 16, -40, 99]	[-36, 56, 10, 87, 166]	[-70, -131, -106, -117, -98]	[-164, -107, -125, -85, -126]	[-5, -13, -25, 4, -69]	[117, 130, 130, 174, 182]	[9994, 9996, 9999, 9999, 10006]	[228, 208, 200, 209, 157]
684	36.0	[175, 102, 18, -25, -85]	[44, -135, -79, 16, -138]	[-156, -10, -8, -12, -174]	[-22, -146, -72, -92, -64]	[132, -88, -100, 49, -19]	[-75, -29, 16, -40, 99]	[-36, 56, 10, 87, 166]	[-70, -131, -106, -117, -98]	[-164, -107, -125, -85, -126]	[-5, -13, -25, 4, -69]	[117, 130, 130, 174, 182]	[9994, 9996, 9999, 9999, 10006]	[228, 208, 200, 209, 157]
685	36.0	[159, -12, 42, 70, -19]	[-162, -124, -86, 29, -132]	[-174, -26, 22, -8, -168]	[-3, -161, -70, -91, -59]	[119, -65, -100, 51, 44]	[-77, -28, 21, -46, 189]	[-44, 45, 11, 83, 164]	[-131, -127, -113, -127, -93]	[-159, -131, -131, -85, -132]	[-16, -12, -28, 4, -82]	[155, 136, 120, 178, 156]	[10001, 9996, 9999, 9999, 9999]	[157, 187, 184, 185, 167]
686	37.5	[63, -17, -67, 68, 98]	[-156, -148, -84, 24, -117]	[-156, -44, 19, -5, -167]	[-46, -157, -73, -91, -59]	[119, -65, -106, 58, 17]	[-123, -34, 21, -46, 189]	[-44, 56, 15, 88, 237]	[-131, -122, -115, -102, -57]	[-165, -114, -122, -119, -129]	[-15, -15, -16, 11, -80]	[76, 135, 121, 173, 156]	[10001, 9996, 9999, 9999, 9999]	[157, 187, 184, 185, 167]
687	38.0	[209, 56, 44, 110, -121]	[59, -97, -86, 23, -136]	[-171, -8, -4, -6, -174]	[23, -160, -66, -70, -88]	[127, -82, -82, 29, 41]	[-46, -31, 8, -41, 179]	[-39, 56, 13, 73, 125]	[-108, -132, -121, -115, -72]	[-160, -94, -129, -88, -125]	[21, -15, -28, -5, -66]	[18, 132, 129, 171, 105]	[10005, 10005, 9998, 10002, 10001]	[-5, 182, 166, 168, 241]
688	37.5	[175, 114, 39, 68, 98]	[-156, -127, -85, 23, -117]	[-165, -11, 6, -5, -170]	[-46, -153, -67, -48, -103]	[128, -80, -103, 42, 18]	[-119, -31, 10, -38, 108]	[-28, 56, 13, 94, 97]	[-127, -125, -108, -103, -64]	[-164, -105, -123, -93, -127]	[-15, -12, -20, -13, -80]	[93, 131, 118, 177, 53]	[9999, 9999, 9999, 9996, 10000]	[157, 178, 168, 206, 159]
689	40.0	[175, 102, 18, -25, -85]	[44, -135, -79, 16, -138]	[-156, -10, -2, -12, -174]	[-22, -146, -72, -92, -64]	[132, -88, -100, 49, -19]	[-75, -29, 16, -40, 99]	[-36, 56, 10, 87, 166]	[-70, -131, -106, -117, -98]	[-164, -107, -125, -85, -126]	[-5, -13, -25, 4, -69]	[117, 130, 130, 174, 182]	[9994, 9996, 9999, 9999, 10006]	[228, 208, 200, 209, 157]
690	32.0	[175, 102, 18, -25, -85]	[44, -135, -79, 16, -138]	[-156, -10, -8, -12, -174]	[-22, -146, -71, -69, -64]	[132, -88, -94, 49, -19]	[-75, -29, 16, -40, 99]	[-36, 56, 10, 87, 166]	[-70, -131, -106, -117, -98]	[-164, -107, -125, -85, -126]	[-5, -13, -25, 4, -69]	[117, 130, 130, 174, 182]	[9994, 9996, 9999, 9999, 10006]	[228, 208, 200, 209, 157]
691	32.0	[175, -14, -12, -25, -85]	[44, -135, -73, 13, -138]	[-150, -39, 5, -30, -169]	[-16, -151, -73, -53, -84]	[129, -86, -89, 41, -37]	[-81, -31, 16, -41, 159]	[-41, 56, 10, 90, 147]	[-70, -130, -119, -119, -98]	[-165, -112, -127, -93, -130]	[-5, -11, -19, -1, -71]	[117, 130, 124, 174, 182]	[9994, 9996, 9999, 9999, 10006]	[228, 208, 200, 209, 157]
692	36.5	[63, -17, -67, 68, 98]	[-156, -148, -84, 24, -117]	[-156, -44, 13, -5, -167]	[-46, -157, -73, -91, -59]	[119, -65, -106, 58, 17]	[-123, -34, 21, -46, 189]	[-44, 56, 15, 88, 237]	[-131, -122, -115, -102, -57]	[-165, -114, -122, -119, -129]	[-15, -15, -16, 11, -80]	[76, 135, 121, 173, 156]	[10001, 9996, 9999, 9999, 9999]	[157, 187, 184, 185, 167]
693	38.0	[175, -14, -12, -25, -85]	[44, -135, -73, 13, -138]	[-150, -39, 5, -30, -169]	[-16, -151, -73, -53, -84]	[129, -86, -89, 41, -37]	[-81, -31, 16, -41, 159]	[-41, 56, 10, 90, 147]	[-70, -130, -119, -119, -98]	[-165, -112, -127, -93, -130]	[-5, -11, -19, -1, -71]	[117, 130, 124, 174, 182]	[9994, 9996, 9999, 9999, 10006]	[228, 208, 200, 209, 157]
694	34.5	[175, 102, 18, -25, -85]	[44, -135, -79, 16, -138]	[-164, -11, -1, -8, -171]	[-22, -146, -69, -92, -64]	[132, -88, -100, 49, -19]	[-75, -29, 16, -40, 99]	[-36, 56, 10, 87, 166]	[-70, -131, -106, -117, -98]	[-164, -107, -125, -85, -126]	[18, -15, -25, 0, -69]	[49, 132, 130, 174, 182]	[9994, 10003, 9998, 10002, 10006]	[228, 208, 200, 209, 157]
695	36.0	[175, 108, 25, 38, -31]	[-156, -129, -85, 23, -117]	[-165, -11, 2, -10, -170]	[-46, -147, -67, -48, -103]	[128, -87, -101, 45, -6]	[-119, -31, 16, -40, 108]	[-34, 56, 10, 94, 97]	[-127, -125, -115, -106, -64]	[-164, -132, -123, -93, -127]	[-15, -12, -20, -3, -80]	[93, 131, 118, 177, 53]	[9999, 9999, 9999, 9996, 10000]	[157, 178, 168, 206, 159]
696	33.0	[175, 114, 43, 110, -127]	[53, -97, -86, 23, -133]	[-174, -11, -12, -8, -174]	[23, -156, -72, -59, -95]	[125, -88, -85, 42, 36]	[-109, -29, 14, -43, 136]	[-29, 52, 10, 89, 132]	[-129, -132, -106, -108, -72]	[-159, -111, -129, -91, -130]	[-3, -11, -13, 2, -78]	[37, 133, 125, 176, 91]	[10002, 10000, 9999, 9995, 10001]	[111, 182, 167, 173, 183]
697	34.5	[175, 114, 39, 74, 98]	[-156, -122, -86, 23, -117]	[-169, -11, 6, -9, -177]	[-46, -159, -67, -90, -100]	[126, -88, -100, 51, 18]	[-115, -30, 8, -40, 108]	[-44, 46, 10, 89, 100]	[-131, -128, -116, -112, -105]	[-164, -132, -131, -89, -119]	[-12, -16, -25, -3, -85]	[80, 130, 120, 174, 76]	[9999, 9996, 9999, 9997, 10000]	[157, 183, 168, 212, 168]
698	40.5	[63, -17, -67, 68, 98]	[-156, -148, -84, 24, -117]	[-156, -44, 13, -5, -167]	[-46, -157, -73, -91, -59]	[119, -65, -106, 58, 17]	[-123, -34, 21, -46, 189]	[-44, 56, 15, 88, 237]	[-131, -122, -115, -102, -57]	[-165, -114, -122, -119, -129]	[-15, -15, -16, 5, -80]	[76, 135, 121, 179, 156]	[10001, 9996, 9999, 9999, 9999]	[157, 187, 184, 185, 167]
699	38.5	[175, 114, 43, 110, -127]	[53, -97, -86, 23, -133]	[-174, -11, -12, -8, -174]	[23, -156, -72, -59, -95]	[125, -88, -85, 42, 36]	[-109, -29, 14, -43, 136]	[-29, 52, 10, 89, 132]	[-129, -132, -106, -108, -72]	[-159, -111, -129, -91, -130]	[-3, -11, -13, 2, -78]	[37, 133, 125, 176, 91]	[10002, 10000, 9999, 9995, 10001]	[111, 182, 167, 173, 183]
700	31.5	[175, 114, 43, 110, -127]	[53, -97, -86, 23, -133]	[-174, -11, -12, -8, -174]	[23, -156, -72, -59, -95]	[125, -88, -85, 42, 36]	[-109, -29, 14, -43, 136]	[-29, 52, 10, 89, 132]	[-129, -132, -106, -108, -72]	[-159, -111, -129, -116, -130]	[-3, -11, -13, 2, -78]	[37, 133, 125, 176, 91]	[10002, 10000, 9999, 9995, 10001]	[111, 182, 167, 173, 183]
701	38.0	[207, 33, 28, 58, -85]	[47, -126, -83, 20, -125]	[-164, -11, -1, -8, -171]	[-22, -155, -70, -75, -64]	[129, -88, -94, 46, 6]	[-75, -29, 12, -40, 99]	[-36, 54, 10, 87, 166]	[-70, -131, -106, -117, -98]	[-164, -107, -125, -85, -126]	[18, -15, -25, 0, -69]	[49, 132, 130, 174, 182]	[9994, 10001, 9998, 10002, 10006]	[228, 208, 200, 208, 157]
702	34.0	[175, 114, 39, 74, 98]	[-156, -122, -86, 23, -117]	[-169, -11, 6, 16, -177]	[-46, -159, -67, -90, -100]	[126, -88, -100, 51, 18]	[-115, -30, 8, -40, 108]	[-44, 46, 10, 89, 100]	[-122, -128, -116, -112, -105]	[-164, -132, -130, -89, -119]	[-12, -16, -25, -3, -85]	[80, 130, 120, 174, 76]	[9999, 9996, 9999, 9997, 10000]	[157, 183, 168, 206, 162]
703	35.0	[175, 114, 39, 74, 98]	[-156, -122, -86, 23, -117]	[-169, -11, 6, -9, -177]	[-46, -149, -67, -90, -100]	[127, -87, -98, 51, 12]	[-115, -30, 11, -40, 108]	[-44, 46, 10, 90, 106]	[-131, -128, -114, -112, -105]	[-164, -132, -129, -89, -124]	[11, -15, -25, -2, -81]	[99, 130, 129, 174, 76]	[9999, 9996, 9998, 9997, 10003]	[201, 196, 194, 210, 168]
704	34.0	[175, 114, 39, 74, 98]	[-156, -122, -80, 23, -117]	[-169, -11, 6, -9, -177]	[-46, -159, -67, -90, -100]	[126, -88, -100, 51, 18]	[-115, -30, 8, -40, 108]	[-44, 46, 10, 89, 100]	[-131, -128, -116, -112, -105]	[-164, -130, -126, -89, -119]	[-6, -16, -25, -3, -91]	[55, 130, 120, 174, 76]	[9999, 9996, 9999, 9997, 10000]	[157, 183, 168, 212, 168]
705	36.0	[169, -14, -18, -25, -85]	[44, -135, -78, 16, -138]	[-150, -39, 5, -16, -168]	[-16, -155, -73, -63, -59]	[129, -86, -95, 42, -2]	[-79, -33, 20, -43, 164]	[-43, 56, 12, 113, 166]	[-70, -131, -115, -116, -98]	[-165, -112, -127, -108, -129]	[-5, -11, -12, 2, -71]	[117, 130, 124, 174, 182]	[9994, 9996, 9999, 9999, 10006]	[228, 208, 200, 209, 157]
706	45.0	[175, 114, 39, 74, 98]	[-156, -122, -86, 23, -117]	[-169, -11, 6, -9, -177]	[-46, -149, -67, -90, -100]	[127, -87, -98, 51, 12]	[-115, -30, 11, -40, 108]	[-44, 46, 10, 90, 106]	[-131, -128, -114, -112, -105]	[-164, -132, -129, -89, -124]	[11, -15, -25, -2, -81]	[99, 130, 129, 174, 76]	[9999, 9996, 9998, 9997, 10003]	[201, 196, 194, 210, 168]
707	37.5	[175, 102, 18, -25, -110]	[44, -135, -79, 16, -138]	[-156, -10, -2, -12, -174]	[-22, -146, -72, -92, -64]	[132, -88, -106, 49, -19]	[-79, -31, 16, -40, 99]	[-36, 56, 12, 87, 166]	[-70, -131, -107, -117, -98]	[-165, -110, -125, -108, -129]	[-5, -11, -25, 4, -69]	[117, 130, 130, 174, 182]	[9994, 9996, 9999, 9999, 10006]	[228, 208, 200, 209, 157]
708	34.0	[169, -14, -18, -25, -85]	[44, -135, -78, 16, -138]	[-150, -39, 5, -16, -168]	[-16, -155, -73, -63, -59]	[129, -86, -95, 42, -2]	[-79, -33, 20, -43, 164]	[-43, 56, 12, 113, 166]	[-70, -131, -115, -116, -98]	[-165, -112, -127, -108, -129]	[-5, -11, -12, 2, -71]	[117, 130, 124, 174, 182]	[9994, 9996, 9999, 9999, 10006]	[228, 208, 200, 209, 157]
709	37.0	[173, 69, 30, 74, 98]	[-156, -125, -78, 20, -126]	[-169, -15, 5, -9, -177]	[-46, -159, -67, -86, -96]	[126, -88, -93, 47, 15]	[-115, -31, 13, -40, 108]	[-44, 46, 12, 89, 100]	[-117, -130, -116, -112, -105]	[-164, -130, -127, -99, -119]	[-6, -14, -15, -3, -91]	[55, 130, 123, 174, 140]	[9994, 9996, 9999, 9998, 10000]	[157, 183, 168, 212, 168]
710	37.5	[175, 114, 39, 74, 98]	[-156, -122, -86, 23, -117]	[-169, -11, 6, -9, -177]	[-46, -149, -67, -90, -100]	[127, -87, -98, 51, 12]	[-115, -30, 11, -40, 108]	[-44, 46, 10, 90, 106]	[-131, -128, -114, -112, -105]	[-164, -132, -129, -89, -124]	[11, -15, -25, -2, -81]	[99, 130, 129, 174, 76]	[9999, 9996, 9998, 9997, 10003]	[201, 196, 194, 210, 168]
711	31.5	[207, 3, 28, 58, -85]	[47, -126, -81, 20, -125]	[-164, -11, -1, -8, -171]	[-22, -155, -70, -75, -64]	[129, -88, -94, 46, 6]	[-75, -29, 12, -34, 99]	[-36, 54, 10, 87, 166]	[-70, -131, -106, -117, -98]	[-164, -107, -125, -85, -126]	[18, -15, -25, 0, -69]	[49, 132, 130, 174, 182]	[9994, 10001, 9998, 10002, 10006]	[228, 208, 200, 208, 157]
712	38.5	[175, 108, 25, 13, -31]	[-156, -129, -85, 23, -117]	[-165, -11, 2, -10, -170]	[-46, -147, -67, -48, -103]	[128, -87, -101, 51, -6]	[-119, -31, 16, -40, 108]	[-34, 56, 10, 94, 97]	[-127, -125, -115, -106, -64]	[-164, -132, -123, -93, -127]	[-15, -12, -20, -3, -80]	[93, 131, 118, 177, 53]	[9999, 9999, 9999, 9996, 10000]	[151, 178, 168, 206, 159]
713	35.0	[173, 69, 30, 74, 98]	[-156, -125, -78, 20, -126]	[-169, -15, 5, -9, -177]	[-46, -159, -67, -86, -96]	[126, -88, -93, 47, 15]	[-115, -31, 13, -40, 108]	[-44, 46, 12, 89, 100]	[-117, -130, -116, -112, -105]	[-164, -130, -127, -99, -119]	[-6, -14, -15, -3, -91]	[55, 130, 123, 174, 140]	[9994, 9996, 9999, 9998, 10000]	[157, 183, 168, 212, 168]
714	34.5	[206, 102, 18, -25, -85]	[13, -135, -79, 16, -138]	[-166, -11, -8, -12, -174]	[-23, -147, -70, -76, -64]	[128, -88, -100, 49, -19]	[-75, -31, 16, -40, 99]	[-38, 56, 10, 87, 166]	[-70, -131, -106, -117, -98]	[-164, -107, -125, -87, -126]	[-5, -15, -25, 4, -69]	[117, 130, 130, 174, 182]	[9994, 9996, 9999, 9999, 10006]	[228, 208, 200, 209, 157]
715	37.5	[175, 102, 24, -25, -110]	[44, -135, -79, 16, -138]	[-156, -10, -5, -12, -174]	[-22, -146, -70, -88, -64]	[132, -88, -98, 49, -19]	[-79, -31, 16, -40, 99]	[-36, 56, 12, 87, 166]	[-70, -131, -107, -117, -98]	[-165, -110, -125, -108, -128]	[-5, -15, -25, 4, -69]	[117, 130, 130, 174, 182]	[9994, 9996, 9999, 9999, 10006]	[228, 208, 200, 209, 157]
716	35.5	[175, 114, 39, 74, 98]	[-156, -122, -86, 23, -117]	[-169, -11, 6, -9, -177]	[-46, -149, -67, -90, -100]	[127, -87, -98, 51, 12]	[-115, -30, 11, -40, 108]	[-44, 46, 10, 90, 106]	[-131, -128, -114, -112, -105]	[-164, -132, -129, -89, -124]	[11, -15, -25, -2, -81]	[99, 130, 129, 174, 76]	[9999, 9996, 9998, 9997, 10003]	[201, 196, 194, 210, 168]
717	38.5	[173, 69, 30, 74, 98]	[-156, -125, -78, 20, -126]	[-169, -15, 5, -9, -177]	[-46, -159, -67, -86, -96]	[126, -88, -93, 47, 15]	[-115, -31, 13, -40, 108]	[-44, 46, 12, 89, 100]	[-117, -130, -116, -112, -105]	[-164, -130, -127, -99, -119]	[-6, -14, -15, -3, -91]	[55, 130, 123, 174, 140]	[9994, 9996, 9999, 9998, 10000]	[157, 183, 168, 212, 168]
718	36.0	[206, 102, 18, -25, -85]	[13, -135, -79, 16, -138]	[-166, -11, -8, -12, -174]	[-23, -147, -70, -76, -64]	[128, -88, -97, 48, -19]	[-75, -31, 16, -40, 108]	[-38, 56, 10, 89, 97]	[-70, -131, -106, -117, -98]	[-164, -107, -125, -87, -126]	[-5, -15, -25, 4, -69]	[117, 130, 130, 174, 182]	[9994, 9996, 9999, 9999, 10006]	[228, 208, 200, 209, 157]
719	35.0	[206, 102, 18, -25, -85]	[13, -135, -79, 16, -138]	[-166, -11, -8, -12, -174]	[-23, -147, -70, -77, -64]	[128, -88, -97, 48, -19]	[-78, -31, 16, -40, 108]	[-38, 56, 11, 89, 166]	[-70, -128, -113, -111, -98]	[-164, -122, -125, -96, -127]	[-5, -15, -25, 4, -69]	[117, 130, 130, 174, 182]	[9994, 9996, 9999, 9999, 10006]	[228, 208, 200, 209, 157]
720	37.5	[173, 69, 30, 74, 98]	[-156, -125, -78, 20, -126]	[-169, -15, 5, -9, -177]	[-46, -159, -67, -86, -96]	[126, -88, -93, 47, 15]	[-115, -31, 13, -40, 108]	[-44, 46, 12, 89, 100]	[-117, -130, -116, -112, -105]	[-164, -130, -127, -99, -119]	[-6, -14, -15, -3, -91]	[55, 130, 123, 174, 140]	[9994, 9996, 9999, 9998, 10000]	[157, 183, 168, 212, 168]
721	37.0	[175, 102, 24, -25, -110]	[44, -135, -79, 16, -138]	[-156, -10, -5, -12, -174]	[-22, -146, -70, -88, -64]	[132, -88, -98, 49, -19]	[-79, -31, 16, -40, 99]	[-36, 56, 12, 87, 166]	[-70, -131, -107, -117, -98]	[-165, -110, -128, -99, -128]	[-5, -15, -25, 0, -79]	[117, 130, 130, 174, 182]	[9994, 9996, 9999, 9999, 10006]	[228, 208, 200, 209, 157]
722	37.0	[206, 102, 29, -24, 5]	[-80, -134, -81, 16, -138]	[-169, -11, 5, -9, -176]	[-23, -148, -67, -76, -64]	[128, -87, -97, 48, -19]	[-93, -31, 16, -40, 108]	[-38, 55, 10, 89, 97]	[-70, -129, -114, -117, -98]	[-164, -111, -125, -87, -126]	[-2, -15, -25, 1, -69]	[117, 130, 130, 174, 182]	[9994, 9996, 9999, 9999, 10005]	[228, 208, 200, 209, 157]
723	36.0	[174, -14, -18, -25, -85]	[50, -127, -81, 19, -141]	[-150, -39, -5, -14, -166]	[16, -155, -72, -60, -59]	[129, -86, -95, 42, -2]	[-79, -33, 20, -43, 164]	[-43, 56, 12, 113, 166]	[-70, -131, -115, -116, -98]	[-165, -112, -127, -108, -129]	[-5, -11, -12, 2, -71]	[117, 130, 124, 174, 182]	[9994, 9996, 9999, 9999, 10006]	[228, 208, 200, 209, 157]
724	40.0	[175, 114, 39, 74, 98]	[-156, -122, -86, 23, -117]	[-169, -11, 6, -9, -177]	[-46, -149, -67, -90, -100]	[127, -87, -98, 51, 12]	[-115, -30, 11, -40, 108]	[-44, 46, 10, 90, 106]	[-131, -128, -114, -112, -105]	[-164, -132, -129, -90, -124]	[11, -15, -25, 0, -70]	[99, 130, 129, 174, 172]	[9999, 9996, 9998, 9997, 10003]	[201, 196, 194, 210, 168]
725	43.0	[175, 114, 39, 74, 98]	[-156, -122, -86, 23, -117]	[-169, -11, 6, -9, -177]	[-46, -149, -67, -90, -100]	[127, -87, -98, 51, 12]	[-102, -30, 11, -35, 106]	[-44, 53, 10, 89, 123]	[-97, -130, -114, -112, -105]	[-164, -111, -128, -94, -124]	[11, -15, -25, -2, -81]	[67, 132, 129, 174, 76]	[9999, 9996, 9998, 9997, 10003]	[201, 196, 199, 210, 168]
726	36.5	[175, 114, 39, 74, 98]	[-156, -122, -86, 23, -117]	[-169, -11, 6, -9, -177]	[-46, -149, -67, -90, -100]	[127, -87, -98, 51, 12]	[-115, -30, 11, -40, 108]	[-44, 46, 10, 90, 106]	[-131, -128, -114, -112, -105]	[-164, -132, -129, -90, -124]	[11, -15, -25, 0, -70]	[99, 130, 129, 174, 172]	[9999, 9996, 9998, 9997, 10003]	[201, 196, 194, 208, 167]
727	37.0	[173, 69, 30, 74, 98]	[-156, -125, -78, 20, -126]	[-169, -15, 5, -9, -177]	[-46, -159, -67, -86, -96]	[126, -88, -93, 47, 15]	[-115, -31, 13, -40, 108]	[-44, 46, 12, 89, 100]	[-117, -130, -116, -112, -105]	[-164, -130, -127, -99, -119]	[-6, -14, -15, -3, -91]	[55, 130, 123, 174, 140]	[9994, 9996, 9993, 9998, 10000]	[157, 183, 168, 212, 168]
728	37.5	[173, 69, 30, 74, 98]	[-156, -125, -78, 20, -126]	[-169, -15, 5, -9, -177]	[-46, -159, -67, -86, -96]	[126, -88, -93, 47, 15]	[-115, -31, 13, -40, 108]	[-44, 46, 12, 89, 100]	[-117, -130, -116, -112, -105]	[-164, -130, -127, -99, -119]	[-6, -14, -15, -3, -91]	[55, 130, 123, 174, 140]	[9994, 9996, 9993, 9998, 10000]	[157, 183, 168, 212, 168]
729	38.5	[175, 114, 39, 74, 98]	[-156, -122, -86, 23, -111]	[-169, -11, 6, -9, -177]	[-46, -149, -67, -90, -100]	[127, -87, -98, 51, 12]	[-115, -30, 11, -40, 108]	[-44, 46, 10, 90, 106]	[-131, -128, -114, -112, -105]	[-164, -132, -129, -90, -124]	[11, -15, -25, 0, -70]	[99, 130, 129, 174, 172]	[9999, 9996, 9998, 9997, 10003]	[201, 196, 194, 208, 167]
730	38.0	[175, 114, 39, 74, 98]	[-156, -122, -86, 23, -117]	[-169, -11, 6, -9, -177]	[-46, -149, -67, -90, -100]	[127, -87, -98, 51, 12]	[-115, -30, 11, -40, 108]	[-44, 46, 10, 90, 106]	[-131, -128, -114, -112, -105]	[-164, -132, -129, -90, -124]	[11, -15, -25, 0, -70]	[99, 130, 129, 174, 172]	[9999, 9996, 9998, 9997, 10003]	[201, 196, 194, 210, 168]
731	37.5	[175, 114, 39, 74, 98]	[-156, -122, -86, 23, -117]	[-169, -11, 6, -14, -172]	[-44, -152, -69, -90, -100]	[127, -81, -98, 46, 8]	[-115, -30, 16, -41, 163]	[-44, 47, 12, 89, 132]	[-130, -130, -114, -116, -105]	[-164, -126, -133, -115, -124]	[1, -12, -18, -2, -78]	[76, 130, 129, 174, 76]	[9999, 9996, 9998, 9997, 10003]	[201, 196, 183, 198, 168]
732	35.5	[173, 69, 30, 74, 98]	[-156, -125, -78, 20, -126]	[-169, -15, 5, -9, -177]	[-46, -159, -67, -86, -96]	[126, -88, -93, 47, 15]	[-115, -31, 13, -40, 108]	[-44, 46, 12, 89, 100]	[-117, -130, -116, -112, -105]	[-164, -130, -127, -99, -119]	[-6, -14, -15, -3, -91]	[55, 130, 123, 174, 140]	[9994, 9996, 9993, 9998, 10000]	[157, 183, 168, 212, 168]
733	39.0	[175, 114, 39, 74, 98]	[-156, -122, -86, 23, -117]	[-169, -11, 6, -9, -177]	[-46, -149, -67, -90, -100]	[127, -87, -98, 51, 12]	[-115, -30, 11, -40, 108]	[-44, 46, 10, 90, 106]	[-131, -128, -114, -112, -105]	[-164, -132, -129, -90, -124]	[11, -15, -25, 0, -70]	[99, 130, 129, 174, 172]	[9999, 9996, 9998, 9997, 10003]	[201, 196, 194, 210, 168]
734	40.0	[173, 69, 30, 74, 98]	[-156, -125, -78, 20, -126]	[-169, -15, 5, -9, -177]	[-46, -159, -67, -86, -96]	[126, -88, -93, 47, 15]	[-115, -31, 13, -40, 108]	[-44, 46, 12, 89, 100]	[-117, -130, -116, -112, -105]	[-164, -130, -127, -99, -119]	[-6, -14, -15, -3, -91]	[55, 130, 123, 174, 140]	[9994, 9996, 9993, 9998, 10000]	[157, 183, 168, 212, 168]
735	35.0	[175, 114, 39, 74, 98]	[-156, -122, -86, 23, -111]	[-169, -11, 5, -9, -177]	[-46, -149, -67, -90, -100]	[127, -87, -96, 50, 1]	[-110, -30, 11, -40, 111]	[-40, 53, 10, 89, 106]	[-130, -129, -112, -112, -105]	[-164, -117, -133, -97, -124]	[10, -13, -23, 0, -74]	[71, 131, 128, 175, 83]	[9999, 9996, 9998, 9997, 10003]	[201, 196, 194, 208, 167]
736	41.5	[175, 114, 39, 74, 98]	[-156, -122, -86, 23, -117]	[-169, -11, 6, -9, -177]	[-46, -149, -67, -90, -100]	[127, -87, -98, 51, 12]	[-115, -30, 11, -40, 108]	[-44, 46, 10, 90, 106]	[-131, -128, -114, -112, -105]	[-164, -132, -129, -90, -124]	[11, -15, -25, 0, -70]	[99, 130, 129, 174, 172]	[9999, 9996, 9998, 9997, 10003]	[201, 196, 194, 210, 168]
737	39.0	[173, 69, 30, 74, 98]	[-156, -125, -78, 20, -126]	[-169, -15, 11, -9, -177]	[-46, -159, -67, -86, -96]	[126, -88, -93, 47, 15]	[-115, -31, 13, -40, 108]	[-44, 46, 12, 89, 100]	[-117, -130, -116, -112, -105]	[-164, -130, -127, -99, -119]	[-6, -14, -15, -3, -91]	[55, 130, 123, 174, 140]	[9994, 9996, 9993, 9998, 10000]	[157, 183, 168, 212, 168]
738	36.5	[173, 69, 30, 74, 98]	[-156, -125, -78, 20, -126]	[-169, -15, 11, -9, -177]	[-46, -159, -67, -86, -96]	[126, -88, -93, 47, 15]	[-115, -31, 13, -40, 108]	[-44, 46, 12, 89, 100]	[-117, -130, -116, -112, -105]	[-164, -130, -127, -99, -119]	[-6, -14, -15, -3, -91]	[55, 130, 123, 174, 140]	[9994, 9996, 9993, 9998, 10000]	[157, 183, 168, 212, 168]
739	32.5	[175, 114, 39, 74, 98]	[-156, -122, -86, 23, -117]	[-169, -11, 6, -14, -172]	[-46, -152, -69, -90, -100]	[127, -81, -98, 48, 2]	[-115, -30, 16, -41, 163]	[-44, 47, 10, 89, 132]	[-130, -129, -114, -113, -105]	[-164, -126, -133, -112, -124]	[1, -12, -21, -2, -78]	[76, 131, 129, 174, 76]	[9999, 9996, 9999, 9997, 10003]	[222, 196, 183, 198, 168]
740	37.5	[175, 114, 39, 74, 98]	[-156, -122, -86, 23, -117]	[-169, -11, 6, -14, -172]	[-46, -152, -69, -90, -100]	[127, -81, -98, 48, 2]	[-115, -30, 16, -41, 163]	[-44, 47, 10, 89, 132]	[-130, -129, -114, -113, -105]	[-164, -126, -133, -112, -124]	[1, -12, -21, -2, -78]	[76, 131, 129, 174, 76]	[9999, 9996, 9999, 9997, 10003]	[222, 196, 183, 198, 168]
741	36.5	[175, 114, 39, 74, 98]	[-156, -122, -86, 23, -111]	[-169, -11, 6, -8, -177]	[-46, -149, -67, -89, -97]	[127, -87, -95, 50, -9]	[-110, -30, 11, -40, 108]	[-40, 49, 10, 95, 122]	[-130, -130, -110, -112, -105]	[-164, -111, -133, -97, -124]	[10, -14, -24, 0, -73]	[72, 131, 128, 175, 172]	[9999, 9996, 9998, 9997, 10003]	[201, 196, 194, 208, 167]
742	35.0	[175, 114, 39, 74, 98]	[-156, -122, -86, 23, -111]	[-169, -11, 5, -9, -177]	[-46, -149, -67, -90, -100]	[127, -87, -96, 50, 0]	[-102, -30, 11, -40, 111]	[-40, 56, 12, 89, 106]	[-130, -129, -113, -112, -101]	[-164, -117, -133, -97, -124]	[10, -13, -23, 0, -74]	[71, 131, 128, 175, 83]	[9999, 9996, 9998, 9997, 10003]	[201, 196, 194, 208, 167]
743	35.5	[175, 114, 39, 74, 98]	[-156, -122, -86, 23, -111]	[-169, -11, 5, -9, -177]	[-46, -149, -67, -90, -100]	[127, -87, -96, 50, 0]	[-102, -30, 11, -40, 111]	[-40, 56, 12, 89, 106]	[-130, -129, -113, -112, -101]	[-164, -117, -133, -97, -124]	[10, -13, -23, 0, -74]	[71, 131, 128, 175, 83]	[9999, 9996, 9998, 9997, 10003]	[201, 196, 194, 208, 167]
744	36.5	[175, 114, 39, 74, 98]	[-156, -122, -86, 23, -111]	[-169, -11, 5, -9, -177]	[-46, -149, -67, -90, -100]	[127, -87, -96, 50, 0]	[-102, -30, 11, -40, 111]	[-40, 56, 12, 89, 106]	[-130, -129, -113, -112, -101]	[-164, -117, -133, -97, -124]	[10, -13, -23, 0, -74]	[71, 131, 128, 175, 83]	[9999, 9996, 9998, 9997, 10003]	[201, 196, 194, 208, 167]
745	38.0	[175, 114, 40, 85, -127]	[53, -97, -86, 17, -133]	[-174, -11, -12, -8, -174]	[29, -149, -68, -87, -95]	[126, -87, -97, 47, 17]	[-103, -30, 13, -41, 108]	[-40, 53, 4, 89, 132]	[-130, -128, -110, -112, -93]	[-159, -111, -129, -109, -127]	[-3, -11, -19, 0, -75]	[77, 131, 128, 176, 91]	[9999, 9997, 9998, 9995, 10002]	[111, 182, 167, 173, 183]
746	34.5	[175, 114, 39, 74, 98]	[-156, -122, -86, 23, -111]	[-169, -11, 5, -9, -177]	[-46, -149, -67, -90, -100]	[127, -87, -96, 50, 0]	[-102, -30, 11, -40, 111]	[-40, 56, 12, 89, 106]	[-130, -129, -113, -112, -101]	[-164, -117, -133, -97, -124]	[10, -13, -23, 0, -74]	[71, 131, 128, 175, 83]	[9999, 9996, 9998, 9997, 10003]	[201, 196, 194, 208, 167]
747	37.5	[175, 114, 39, 74, 98]	[-156, -122, -86, 23, -111]	[-169, -11, 5, -9, -177]	[-46, -149, -67, -90, -100]	[127, -87, -96, 50, 0]	[-102, -30, 11, -40, 111]	[-40, 56, 12, 89, 106]	[-130, -129, -113, -112, -104]	[-164, -131, -128, -97, -124]	[10, -13, -22, -1, -74]	[71, 130, 128, 174, 151]	[9999, 9996, 9998, 9997, 10003]	[201, 196, 194, 209, 167]
748	33.5	[173, 69, 30, 74, 98]	[-156, -125, -78, 20, -126]	[-169, -15, 11, -9, -177]	[-46, -159, -67, -86, -96]	[126, -88, -93, 47, 15]	[-115, -31, 13, -40, 108]	[-44, 46, 11, 89, 127]	[-117, -130, -114, -112, -105]	[-164, -126, -127, -105, -122]	[0, -13, -15, -3, -91]	[55, 130, 123, 174, 122]	[9994, 9996, 9993, 9998, 10001]	[157, 183, 168, 212, 168]
749	37.5	[175, 114, 39, 74, 98]	[-156, -122, -86, 23, -117]	[-169, -11, 6, -9, -177]	[-46, -149, -67, -90, -100]	[127, -87, -98, 51, 12]	[-115, -30, 11, -40, 108]	[-44, 46, 10, 90, 106]	[-131, -128, -114, -112, -105]	[-164, -132, -129, -90, -124]	[11, -15, -25, 0, -70]	[99, 130, 123, 174, 172]	[9999, 9996, 9998, 9997, 10003]	[201, 196, 194, 210, 168]
750	42.0	[175, 114, 40, 85, -127]	[53, -97, -86, 17, -133]	[-174, -11, -12, -8, -174]	[29, -149, -68, -87, -95]	[126, -87, -97, 42, 36]	[-109, -30, 13, -41, 136]	[-40, 53, 4, 89, 132]	[-130, -128, -110, -112, -93]	[-159, -111, -129, -99, -127]	[-3, -15, -25, 2, -72]	[77, 131, 128, 174, 89]	[9999, 9997, 9998, 9995, 10002]	[111, 182, 167, 173, 183]
751	35.5	[175, 114, 40, 85, -127]	[53, -97, -86, 17, -133]	[-174, -11, -12, -8, -174]	[29, -149, -68, -87, -95]	[126, -87, -97, 47, 17]	[-103, -30, 13, -41, 108]	[-40, 53, 4, 89, 132]	[-130, -128, -110, -112, -93]	[-159, -111, -129, -109, -127]	[-3, -11, -19, 0, -75]	[77, 131, 128, 176, 91]	[9999, 9997, 9998, 9995, 10002]	[111, 182, 167, 173, 183]
752	33.5	[206, 102, 18, -25, -91]	[-66, -134, -81, 16, -138]	[-166, -11, -8, -17, -174]	[-23, -147, -70, -76, -64]	[128, -88, -97, 42, -19]	[-78, -31, 16, -40, 108]	[-38, 56, 13, 89, 166]	[-70, -128, -113, -117, -98]	[-164, -122, -125, -96, -127]	[-5, -15, -25, 4, -69]	[117, 136, 130, 174, 182]	[9994, 10002, 9999, 9999, 10006]	[228, 208, 200, 209, 151]
753	42.5	[175, 114, 40, 85, -127]	[53, -97, -86, 17, -133]	[-174, -11, -12, -8, -174]	[29, -149, -68, -87, -95]	[126, -87, -97, 42, 36]	[-109, -30, 13, -41, 136]	[-40, 53, 4, 89, 132]	[-130, -128, -110, -112, -93]	[-159, -111, -129, -99, -127]	[-3, -15, -25, 2, -72]	[77, 131, 128, 174, 89]	[9999, 9997, 9998, 9995, 10002]	[111, 182, 167, 173, 183]
754	38.5	[175, 114, 40, 85, -127]	[53, -97, -86, 17, -133]	[-174, -11, -12, -8, -174]	[29, -149, -68, -87, -95]	[126, -87, -97, 47, 17]	[-103, -30, 13, -41, 108]	[-40, 53, 4, 89, 132]	[-130, -128, -110, -112, -93]	[-159, -111, -129, -109, -127]	[-1, -11, -21, 0, -75]	[83, 131, 128, 176, 93]	[9999, 9997, 9998, 9995, 10002]	[111, 182, 167, 173, 183]
755	38.0	[173, 69, 30, 74, 98]	[-156, -125, -78, 20, -126]	[-169, -15, 11, -9, -177]	[-46, -159, -67, -86, -96]	[126, -88, -93, 47, 15]	[-115, -31, 13, -40, 108]	[-44, 46, 11, 89, 127]	[-117, -130, -114, -112, -105]	[-164, -126, -127, -105, -122]	[0, -13, -15, -3, -91]	[55, 130, 123, 174, 122]	[9994, 9996, 9993, 9998, 10001]	[157, 183, 168, 212, 168]
756	39.0	[175, 114, 40, 85, -127]	[53, -97, -86, 17, -133]	[-174, -11, -12, -8, -174]	[29, -149, -68, -87, -95]	[126, -87, -91, 42, 36]	[-109, -30, 13, -41, 136]	[-40, 53, 4, 89, 132]	[-130, -128, -110, -112, -93]	[-159, -111, -129, -99, -127]	[-3, -15, -25, 2, -72]	[77, 131, 128, 174, 89]	[9999, 9997, 9998, 9995, 10002]	[111, 182, 167, 179, 183]
757	33.0	[175, 114, 39, 74, 98]	[-156, -122, -86, 21, -132]	[-169, -11, 5, -9, -177]	[20, -149, -68, -90, -100]	[127, -87, -97, 50, 0]	[-102, -30, 11, -40, 109]	[-40, 56, 12, 89, 119]	[-130, -129, -113, -112, -104]	[-164, -127, -128, -97, -124]	[10, -13, -22, 0, -74]	[71, 130, 128, 174, 151]	[9999, 9996, 9998, 9997, 10003]	[201, 196, 194, 209, 167]
758	34.5	[173, 69, 30, 74, 98]	[-156, -125, -78, 20, -126]	[-169, -15, 11, -9, -177]	[-46, -159, -67, -86, -96]	[126, -87, -96, 49, 15]	[-115, -31, 13, -40, 108]	[-44, 46, 11, 89, 127]	[-117, -130, -114, -112, -105]	[-164, -126, -127, -105, -122]	[0, -13, -15, -3, -91]	[55, 130, 123, 174, 122]	[9994, 9996, 9993, 9998, 10001]	[157, 183, 168, 212, 168]
759	39.0	[173, 69, 30, 74, 98]	[-156, -125, -78, 20, -126]	[-169, -15, 11, -9, -177]	[-46, -159, -67, -86, -96]	[126, -87, -96, 49, 15]	[-115, -31, 13, -40, 108]	[-44, 46, 11, 89, 127]	[-117, -130, -114, -112, -105]	[-164, -126, -127, -105, -122]	[0, -13, -15, -3, -91]	[55, 130, 123, 174, 122]	[9994, 9996, 9993, 9998, 10001]	[157, 183, 168, 212, 168]
760	36.0	[199, 69, 30, 74, 98]	[-115, -126, -80, 20, -126]	[-169, -13, -3, -9, -177]	[-42, -158, -67, -86, -96]	[126, -88, -94, 43, -5]	[-115, -31, 16, -40, 108]	[-44, 51, 11, 89, 141]	[-117, -130, -114, -112, -105]	[-164, -126, -127, -105, -122]	[0, -13, -15, -3, -91]	[55, 130, 123, 174, 122]	[9994, 9996, 9993, 9998, 10001]	[157, 183, 168, 212, 168]
761	42.0	[175, 114, 39, 74, 98]	[-156, -128, -86, 23, -111]	[-169, -11, 6, -8, -177]	[-46, -149, -67, -89, -97]	[127, -87, -95, 50, 0]	[-110, -30, 11, -40, 108]	[-40, 50, 11, 94, 123]	[-130, -128, -110, -112, -105]	[-159, -111, -139, -97, -124]	[10, -14, -24, 0, -73]	[72, 137, 128, 175, 172]	[9999, 9996, 9998, 9997, 10003]	[201, 196, 194, 208, 167]
762	35.5	[175, 114, 39, 74, 98]	[-156, -128, -86, 23, -111]	[-169, -11, 6, -8, -177]	[-46, -149, -67, -89, -97]	[127, -87, -95, 50, 0]	[-110, -30, 11, -40, 108]	[-40, 50, 11, 94, 123]	[-130, -128, -110, -112, -105]	[-159, -111, -139, -97, -124]	[10, -14, -24, 0, -73]	[72, 137, 128, 175, 172]	[9999, 9996, 9998, 9997, 10003]	[201, 196, 194, 208, 167]
763	49.0	[175, 114, 39, 74, 98]	[-156, -122, -86, 17, -111]	[-169, -11, 6, -8, -177]	[-46, -149, -67, -89, -97]	[127, -87, -95, 50, 0]	[-110, -30, 12, -40, 118]	[-42, 50, 4, 90, 123]	[-130, -130, -110, -112, -105]	[-164, -111, -135, -97, -125]	[10, -14, -24, 0, -73]	[72, 137, 128, 175, 172]	[9999, 9996, 9998, 9997, 10003]	[201, 190, 194, 208, 167]
764	37.0	[175, 120, 39, 74, 98]	[-156, -122, -86, 21, -132]	[-169, -11, 5, -9, -177]	[20, -149, -68, -90, -100]	[127, -87, -97, 50, 0]	[-102, -30, 11, -40, 109]	[-40, 62, 12, 89, 119]	[-130, -129, -113, -112, -104]	[-164, -127, -128, -97, -124]	[10, -13, -22, 0, -74]	[71, 130, 128, 174, 151]	[9999, 9996, 9998, 9997, 10003]	[201, 196, 194, 209, 167]
765	39.5	[175, 114, 39, 74, 98]	[-156, -128, -86, 23, -111]	[-169, -11, 6, -8, -177]	[-46, -149, -67, -89, -97]	[127, -87, -95, 50, 0]	[-110, -30, 11, -40, 108]	[-40, 50, 11, 94, 123]	[-129, -128, -110, -112, -105]	[-159, -111, -139, -97, -124]	[10, -14, -24, 0, -73]	[72, 137, 128, 175, 172]	[9999, 9996, 9998, 9997, 10003]	[201, 196, 194, 208, 167]
766	36.0	[199, 69, 30, 74, 98]	[-115, -126, -80, 20, -126]	[-169, -13, -3, -9, -177]	[-48, -158, -67, -86, -96]	[126, -88, -94, 43, -5]	[-115, -31, 16, -40, 108]	[-44, 51, 11, 89, 141]	[-117, -130, -114, -112, -105]	[-164, -126, -127, -105, -122]	[0, -13, -15, -3, -91]	[55, 130, 123, 174, 122]	[9994, 9996, 9993, 9998, 10001]	[157, 183, 168, 212, 168]
767	37.0	[173, 69, 30, 74, 98]	[-156, -125, -83, 19, -126]	[-169, -14, 11, -8, -177]	[-46, -159, -67, -86, -96]	[126, -87, -96, 49, 15]	[-115, -31, 13, -40, 108]	[-44, 46, 11, 89, 127]	[-117, -130, -114, -112, -105]	[-164, -126, -127, -105, -122]	[0, -13, -15, -3, -91]	[55, 130, 123, 174, 122]	[9994, 9996, 9993, 9998, 10001]	[157, 183, 168, 218, 168]
768	36.5	[175, 114, 39, 74, 98]	[-156, -122, -80, 23, -117]	[-169, -11, 6, -9, -177]	[-46, -149, -67, -90, -100]	[127, -87, -98, 51, 5]	[-109, -30, 11, -40, 108]	[-42, 49, 10, 89, 106]	[-131, -128, -114, -112, -111]	[-164, -128, -129, -90, -124]	[11, -15, -25, -1, -66]	[99, 130, 123, 174, 172]	[9999, 9996, 9998, 9997, 10003]	[201, 196, 194, 210, 168]
769	39.5	[175, 114, 39, 74, 98]	[-156, -128, -86, 23, -111]	[-169, -11, 6, -8, -177]	[-46, -149, -67, -89, -97]	[127, -87, -95, 50, 0]	[-110, -30, 11, -40, 108]	[-40, 50, 11, 94, 123]	[-129, -128, -110, -112, -105]	[-159, -111, -139, -97, -124]	[10, -14, -24, 0, -73]	[72, 137, 128, 175, 172]	[9999, 9996, 9998, 9997, 10003]	[201, 196, 194, 208, 167]
770	39.5	[175, 114, 39, 74, 98]	[-156, -122, -86, 23, -117]	[-169, -11, 6, -9, -177]	[-46, -149, -67, -90, -100]	[127, -87, -97, 50, 12]	[-113, -30, 11, -40, 108]	[-44, 49, 10, 89, 106]	[-131, -129, -114, -112, -105]	[-164, -132, -129, -99, -123]	[11, -14, -25, -2, -64]	[99, 130, 129, 174, 172]	[9999, 9996, 9998, 9997, 10003]	[201, 196, 194, 210, 168]
771	34.5	[175, 114, 39, 74, 98]	[-156, -122, -86, 23, -117]	[-169, -11, 6, -9, -177]	[-46, -149, -67, -90, -100]	[127, -87, -97, 50, 12]	[-113, -30, 11, -40, 108]	[-44, 49, 10, 89, 106]	[-131, -129, -114, -112, -105]	[-164, -132, -129, -99, -123]	[11, -14, -25, -2, -64]	[99, 130, 129, 174, 172]	[9999, 9996, 9998, 9997, 10003]	[201, 196, 194, 210, 168]
772	38.5	[175, 120, 39, 81, -85]	[-156, -101, -86, 18, -132]	[-169, -11, 4, -8, -176]	[28, -149, -68, -88, -98]	[127, -87, -97, 50, 0]	[-102, -30, 11, -40, 109]	[-40, 62, 7, 89, 119]	[-130, -128, -110, -112, -104]	[-164, -122, -127, -98, -124]	[10, -14, -22, 6, -74]	[71, 130, 128, 174, 151]	[9999, 9996, 9998, 9997, 10003]	[195, 196, 194, 209, 167]
773	36.5	[175, 120, 39, 74, 98]	[-156, -122, -86, 21, -132]	[-169, -11, 5, -9, -177]	[20, -149, -68, -90, -100]	[127, -87, -97, 50, 0]	[-103, -30, 11, -40, 108]	[-40, 52, 12, 89, 119]	[-130, -129, -112, -112, -104]	[-164, -127, -128, -98, -125]	[10, -13, -24, 0, -74]	[71, 131, 126, 174, 111]	[9999, 9996, 9998, 9997, 10003]	[195, 196, 194, 209, 167]
774	45.0	[175, 114, 39, 74, 98]	[-156, -128, -86, 23, -111]	[-169, -11, 6, -8, -177]	[-46, -149, -67, -89, -97]	[127, -87, -95, 50, 0]	[-110, -30, 11, -41, 108]	[-43, 48, 11, 89, 125]	[-117, -128, -110, -112, -105]	[-159, -111, -139, -108, -122]	[4, -14, -24, 0, -67]	[72, 137, 128, 175, 172]	[10005, 9996, 9998, 9997, 10003]	[201, 196, 194, 208, 167]
775	41.0	[175, 114, 39, 74, 92]	[-156, -122, -86, 23, -117]	[-169, -11, 6, -9, -177]	[-46, -149, -67, -90, -100]	[127, -87, -97, 51, 9]	[-109, -30, 11, -40, 108]	[-44, 47, 10, 89, 106]	[-130, -129, -114, -112, -105]	[-164, -128, -129, -90, -124]	[11, -15, -25, -1, -66]	[99, 130, 123, 174, 172]	[9999, 9996, 9998, 9997, 10003]	[201, 196, 194, 210, 168]
776	40.5	[199, 69, 30, 80, 98]	[-115, -126, -80, 20, -126]	[-169, -13, -3, -9, -177]	[-48, -158, -67, -86, -96]	[126, -88, -94, 43, -5]	[-115, -31, 16, -40, 108]	[-44, 51, 11, 90, 125]	[-117, -130, -114, -112, -105]	[-164, -114, -128, -105, -122]	[0, -13, -15, -3, -91]	[55, 130, 123, 174, 122]	[9994, 9996, 9993, 9998, 10001]	[157, 183, 168, 212, 168]
777	39.0	[175, 120, 39, 75, -38]	[-156, -101, -86, 18, -132]	[-169, -11, 4, -8, -176]	[28, -149, -68, -88, -98]	[127, -87, -97, 50, 0]	[-102, -30, 11, -40, 109]	[-40, 62, 7, 89, 119]	[-130, -128, -110, -112, -104]	[-164, -122, -127, -98, -124]	[10, -14, -22, 0, -74]	[71, 130, 128, 174, 151]	[9999, 9996, 9998, 9997, 10003]	[195, 196, 194, 209, 167]
778	36.0	[175, 114, 39, 74, 92]	[-156, -122, -86, 23, -117]	[-169, -11, 6, -9, -177]	[3, -149, -67, -88, -100]	[127, -87, -97, 51, 9]	[-109, -30, 11, -40, 108]	[-44, 48, 9, 89, 106]	[-130, -129, -113, -112, -105]	[-164, -128, -129, -90, -124]	[11, -15, -25, -1, -66]	[99, 130, 123, 174, 172]	[9999, 9996, 9998, 9997, 10003]	[201, 196, 194, 210, 168]
779	36.0	[175, 120, 39, 75, -38]	[-156, -101, -86, 18, -132]	[-169, -11, 4, -8, -176]	[28, -149, -68, -88, -98]	[127, -87, -97, 50, 0]	[-102, -30, 11, -40, 109]	[-40, 62, 7, 89, 119]	[-130, -128, -110, -112, -104]	[-164, -122, -127, -98, -124]	[10, -14, -22, 0, -74]	[71, 130, 128, 174, 151]	[9999, 9996, 9998, 9997, 10003]	[195, 196, 194, 209, 167]
780	36.0	[199, 69, 30, 74, 98]	[-115, -126, -80, 20, -126]	[-169, -13, -3, -9, -177]	[-48, -158, -67, -86, -96]	[126, -88, -94, 43, -5]	[-115, -31, 16, -40, 108]	[-44, 51, 11, 89, 125]	[-117, -130, -114, -112, -105]	[-164, -119, -130, -99, -122]	[0, -13, -23, -3, -91]	[55, 130, 123, 174, 122]	[9994, 9996, 9993, 9998, 10001]	[157, 183, 168, 212, 168]
781	38.0	[199, 69, 30, 80, 98]	[-115, -126, -83, 20, -126]	[-169, -13, 3, -9, -177]	[-48, -158, -67, -90, -97]	[126, -88, -94, 43, -4]	[-115, -31, 11, -40, 108]	[-44, 50, 11, 89, 113]	[-117, -129, -113, -112, -105]	[-164, -119, -127, -92, -124]	[0, -13, -16, -1, -81]	[55, 130, 123, 174, 122]	[9994, 9996, 9993, 9998, 10001]	[157, 183, 168, 212, 168]
782	39.5	[175, 114, 39, 74, 98]	[-156, -128, -86, 23, -111]	[-169, -11, 0, -8, -176]	[-46, -149, -67, -88, -98]	[127, -87, -96, 50, 0]	[-104, -30, 11, -40, 108]	[-41, 48, 11, 89, 125]	[-120, -128, -110, -112, -105]	[-164, -111, -139, -108, -122]	[4, -14, -23, 0, -67]	[72, 134, 128, 175, 172]	[9999, 9996, 9998, 9997, 10003]	[201, 196, 194, 208, 167]
783	35.5	[199, 69, 30, 74, 98]	[-115, -126, -80, 20, -126]	[-169, -13, -3, -9, -177]	[-48, -158, -67, -86, -96]	[126, -88, -94, 43, -5]	[-115, -31, 16, -40, 108]	[-44, 51, 11, 89, 125]	[-117, -130, -114, -112, -105]	[-164, -119, -130, -99, -122]	[0, -13, -23, -3, -91]	[49, 130, 123, 174, 122]	[9994, 9996, 9993, 9998, 10001]	[157, 183, 168, 212, 168]
784	38.0	[199, 69, 30, 74, 98]	[-115, -126, -80, 20, -126]	[-169, -13, -3, -9, -177]	[-48, -158, -67, -86, -96]	[126, -88, -94, 43, -5]	[-115, -31, 16, -40, 108]	[-44, 51, 11, 89, 125]	[-117, -130, -114, -112, -105]	[-164, -119, -130, -99, -122]	[0, -13, -23, -3, -91]	[49, 130, 123, 174, 122]	[9994, 9996, 9993, 9998, 10001]	[157, 183, 168, 212, 168]
785	39.0	[175, 120, 39, 81, -85]	[-156, -101, -86, 18, -132]	[-169, -11, 4, -8, -176]	[28, -149, -68, -88, -98]	[127, -87, -97, 50, 0]	[-102, -30, 11, -40, 109]	[-40, 62, 7, 89, 119]	[-130, -128, -110, -112, -104]	[-164, -122, -127, -98, -124]	[10, -14, -22, 6, -68]	[71, 130, 128, 174, 151]	[9999, 9996, 9998, 9997, 10003]	[195, 196, 194, 209, 167]
786	36.0	[175, 120, 39, 75, -38]	[-156, -101, -80, 18, -132]	[-169, -11, 3, -8, -176]	[13, -149, -67, -88, -98]	[127, -87, -95, 50, 0]	[-102, -30, 11, -40, 109]	[-40, 60, 11, 89, 119]	[-130, -128, -110, -112, -104]	[-164, -122, -127, -98, -124]	[10, -14, -22, 0, -74]	[71, 130, 125, 174, 151]	[9999, 9996, 9998, 9997, 10003]	[195, 196, 194, 209, 167]
787	35.5	[175, 114, 39, 74, 98]	[-156, -128, -86, 23, -111]	[-169, -11, 0, -8, -176]	[-46, -149, -67, -88, -98]	[127, -87, -96, 50, 0]	[-104, -30, 11, -40, 108]	[-41, 48, 11, 89, 125]	[-120, -128, -110, -112, -105]	[-164, -111, -139, -108, -122]	[4, -14, -23, 0, -67]	[72, 134, 128, 175, 172]	[9999, 9996, 9998, 9997, 10003]	[201, 196, 194, 208, 167]
788	39.0	[175, 120, 39, 75, -38]	[-156, -101, -80, 18, -132]	[-169, -11, 3, -8, -176]	[13, -149, -67, -88, -98]	[127, -87, -89, 50, 0]	[-102, -30, 11, -40, 109]	[-40, 60, 7, 89, 119]	[-130, -128, -110, -112, -104]	[-164, -122, -127, -98, -124]	[10, -14, -22, 0, -74]	[71, 130, 128, 174, 151]	[9999, 9996, 9998, 9997, 10003]	[195, 196, 194, 209, 167]
789	34.0	[175, 114, 39, 74, 98]	[-156, -122, -86, 23, -117]	[-169, -11, 6, -9, -177]	[-46, -149, -67, -90, -100]	[127, -87, -97, 50, 12]	[-113, -30, 11, -40, 108]	[-44, 49, 10, 89, 106]	[-131, -129, -114, -112, -105]	[-164, -132, -129, -99, -123]	[11, -14, -25, -2, -64]	[99, 130, 129, 174, 172]	[9999, 9996, 9998, 9997, 10003]	[201, 196, 194, 210, 168]
790	39.5	[175, 114, 39, 74, 92]	[-156, -122, -86, 23, -117]	[-169, -11, 6, -9, -177]	[-46, -149, -67, -90, -100]	[127, -87, -97, 51, 9]	[-109, -30, 11, -40, 108]	[-44, 58, 10, 89, 106]	[-130, -128, -113, -112, -105]	[-164, -123, -129, -90, -124]	[11, -15, -23, -3, -76]	[99, 130, 123, 174, 171]	[9999, 9996, 9998, 9997, 10003]	[201, 196, 194, 210, 168]
791	37.0	[175, 114, 39, 74, 98]	[-156, -122, -86, 23, -117]	[-169, -11, 6, -9, -177]	[-46, -149, -67, -90, -100]	[127, -87, -97, 50, 12]	[-113, -30, 11, -40, 108]	[-44, 49, 11, 89, 108]	[-131, -129, -113, -112, -105]	[-164, -132, -129, -99, -123]	[11, -14, -25, -2, -64]	[99, 130, 129, 174, 172]	[9999, 9996, 9998, 9997, 10003]	[201, 196, 194, 210, 168]
792	39.5	[175, 120, 39, 75, -38]	[-156, -101, -80, 18, -132]	[-169, -11, 3, -8, -176]	[13, -149, -61, -88, -98]	[127, -87, -89, 50, 0]	[-102, -30, 11, -40, 109]	[-40, 60, 11, 89, 119]	[-130, -128, -110, -112, -104]	[-164, -122, -127, -98, -124]	[10, -14, -22, 0, -74]	[71, 130, 127, 174, 151]	[9999, 9996, 9998, 9997, 10003]	[195, 196, 194, 209, 167]
793	36.5	[175, 114, 39, 74, 98]	[-156, -128, -86, 23, -111]	[-169, -11, 0, -8, -176]	[-46, -149, -67, -88, -98]	[127, -87, -96, 50, 0]	[-104, -30, 11, -40, 108]	[-41, 48, 11, 89, 125]	[-120, -128, -110, -112, -105]	[-164, -111, -139, -108, -122]	[4, -14, -23, 0, -67]	[72, 134, 128, 175, 172]	[9999, 9996, 9998, 9997, 10003]	[201, 196, 194, 208, 167]
794	39.0	[175, 114, 39, 74, 98]	[-156, -122, -86, 23, -117]	[-169, -11, 6, -9, -177]	[-46, -149, -67, -90, -100]	[127, -87, -97, 50, 12]	[-113, -30, 11, -40, 108]	[-44, 49, 11, 89, 108]	[-131, -129, -113, -112, -105]	[-164, -132, -129, -99, -123]	[11, -14, -25, -2, -64]	[99, 130, 129, 174, 172]	[9999, 9996, 9998, 9997, 10003]	[201, 196, 194, 210, 168]
795	40.5	[175, 114, 39, 74, 92]	[-156, -122, -86, 23, -117]	[-169, -11, 6, -9, -177]	[-46, -149, -67, -90, -100]	[127, -87, -97, 51, 12]	[-109, -30, 11, -40, 108]	[-42, 52, 10, 89, 106]	[-130, -128, -114, -112, -105]	[-164, -123, -129, -90, -124]	[11, -15, -23, -3, -76]	[99, 130, 123, 174, 171]	[9999, 9996, 9998, 9997, 10003]	[201, 196, 194, 210, 168]
796	37.5	[175, 114, 39, 74, 98]	[-156, -128, -86, 23, -111]	[-169, -11, 0, -8, -176]	[-46, -149, -67, -88, -98]	[127, -87, -96, 50, 0]	[-104, -30, 11, -40, 108]	[-41, 48, 11, 89, 125]	[-120, -128, -110, -112, -105]	[-164, -111, -139, -108, -122]	[4, -14, -23, 0, -67]	[72, 134, 128, 175, 172]	[9999, 9996, 9998, 9997, 10003]	[201, 196, 194, 208, 167]
797	42.0	[175, 114, 39, 74, 98]	[-156, -122, -86, 23, -117]	[-169, -11, 6, -9, -177]	[-46, -149, -67, -90, -100]	[127, -87, -97, 50, 12]	[-113, -30, 11, -40, 108]	[-44, 49, 10, 89, 106]	[-131, -129, -114, -112, -105]	[-164, -132, -129, -99, -123]	[11, -14, -25, -2, -64]	[99, 130, 129, 174, 172]	[9999, 9996, 9998, 9997, 10003]	[201, 196, 194, 210, 168]
798	38.0	[175, 114, 39, 80, 92]	[-156, -122, -86, 23, -117]	[-169, -11, 6, -9, -177]	[-46, -149, -67, -90, -100]	[127, -87, -97, 51, 9]	[-109, -30, 11, -40, 108]	[-42, 50, 10, 89, 106]	[-130, -129, -114, -112, -105]	[-164, -128, -129, -90, -124]	[11, -15, -23, -3, -75]	[99, 130, 123, 174, 171]	[9999, 9996, 9998, 9997, 10003]	[201, 196, 194, 210, 168]
799	40.5	[175, 114, 39, 74, 92]	[-156, -122, -86, 23, -117]	[-169, -11, 6, -9, -177]	[-46, -149, -67, -90, -100]	[127, -87, -97, 51, 12]	[-109, -30, 11, -40, 108]	[-42, 52, 10, 89, 106]	[-130, -128, -114, -112, -105]	[-164, -123, -129, -90, -124]	[11, -15, -23, -3, -76]	[99, 130, 123, 174, 171]	[9999, 9996, 9998, 9997, 10003]	[201, 196, 194, 210, 168]
