generation	fitness	corner	c	a1	a2	b1	b2	b3	x	o1	o2	wp	ww	we
200	17.0	[203, 40, -260, 22, -106]	[-171, -132, 84, 9, 187]	[-174, -172, 96, -16, -169]	[40, 74, -173, -42, -106]	[141, 90, -121, -46, 223]	[-190, -7, 90, 70, 281]	[-148, 13, 38, 22, 265]	[-189, 47, -97, -161, -16]	[-177, -122, -112, 18, -16]	[-142, -23, 26, 59, -151]	[4, 173, 123, 184, -44]	[10005, 10006, 10000, 10001, 10000]	[150, -252, 134, 162, 277]
201	10.5	[203, 40, -258, 22, -106]	[-171, -132, 105, 0, 187]	[-174, -168, 97, -45, -169]	[40, 90, -176, -38, -100]	[144, 90, -120, -42, 223]	[-190, -9, 90, 70, 281]	[-148, -14, 13, 22, 265]	[-189, 33, -91, -161, -16]	[-177, -122, -116, 18, -16]	[-140, -24, 29, 59, -154]	[4, 177, 123, 184, -50]	[10005, 10000, 10000, 10000, 10000]	[150, -252, 134, 162, 277]
202	17.5	[203, 40, -260, 22, -106]	[-171, -132, 84, 9, 187]	[-174, -172, 96, -16, -169]	[40, 74, -173, -42, -106]	[141, 90, -121, -46, 223]	[-190, -7, 90, 70, 281]	[-148, 13, 38, 22, 265]	[-189, 47, -97, -161, -16]	[-177, -122, -112, 18, -16]	[-142, -23, 26, 59, -151]	[4, 167, 123, 184, -44]	[10005, 10006, 10000, 10001, 10000]	[150, -252, 134, 162, 277]
203	11.0	[203, 40, -260, 22, -106]	[-171, -132, 84, 9, 187]	[-174, -172, 96, -16, -169]	[40, 74, -173, -42, -106]	[141, 90, -121, -46, 223]	[-190, -7, 90, 70, 281]	[-148, 13, 38, 22, 265]	[-189, 47, -97, -161, -16]	[-177, -122, -112, 18, -16]	[-142, -23, 26, 59, -151]	[4, 167, 123, 184, -44]	[10005, 10006, 10000, 10001, 10000]	[150, -252, 134, 162, 277]
204	11.5	[-89, -101, -87, 265, -266]	[109, 23, -66, -45, -238]	[-258, -250, 113, 107, -15]	[-177, -20, 56, -224, 77]	[200, 106, -75, -83, -68]	[-285, 140, 14, -23, 34]	[-147, 138, 21, 59, 259]	[-205, 28, -43, -66, 35]	[-17, 11, -72, -10, -220]	[9, 56, 177, -60, -75]	[5, 91, 178, 185, -45]	[10000, 10000, 10000, 9975, 9994]	[-45, 64, -81, 111, 149]
205	14.0	[203, 40, -258, 22, -106]	[-171, -132, 105, 0, 187]	[-174, -168, 97, -45, -169]	[40, 90, -176, -38, -100]	[144, 90, -120, -42, 223]	[-190, -9, 90, 70, 281]	[-148, -14, 13, 22, 265]	[-189, 33, -91, -161, -16]	[-177, -122, -116, 18, -16]	[-140, -24, 29, 59, -154]	[4, 177, 123, 184, -50]	[10005, 10000, 10000, 10000, 10000]	[150, -252, 134, 162, 277]
206	19.5	[203, 40, -258, 22, -106]	[-171, -132, 105, 0, 187]	[-174, -168, 97, -45, -169]	[40, 90, -176, -38, -100]	[144, 90, -120, -42, 223]	[-190, -9, 90, 70, 281]	[-148, -14, 13, 22, 265]	[-189, 33, -91, -161, -16]	[-177, -122, -116, 18, -16]	[-140, -24, 29, 59, -154]	[4, 177, 123, 184, -50]	[10005, 10000, 10000, 10000, 10000]	[150, -252, 134, 162, 277]
207	15.0	[203, 40, -260, 22, -106]	[-171, -132, 84, 9, 187]	[-174, -172, 96, -16, -169]	[40, 74, -173, -42, -106]	[141, 90, -121, -46, 223]	[-190, -7, 90, 70, 281]	[-148, 13, 38, 22, 265]	[-189, 47, -97, -161, -16]	[-177, 6, -75, 18, -16]	[-142, -23, 26, -128, -151]	[99, 141, 154, 182, -44]	[10005, 10006, 10000, 10001, 10000]	[150, -252, 134, 162, 277]
208	14.0	[203, 40, -260, 22, -106]	[-171, -132, 84, 9, 187]	[-174, -172, 96, -16, -169]	[40, 74, -173, -42, -106]	[141, 90, -121, -46, 223]	[-190, -7, 90, 70, 281]	[-148, 13, 38, 22, 265]	[-189, 47, -97, -161, -16]	[-177, 6, -75, 18, -16]	[-142, -23, 26, -128, -151]	[99, 141, 154, 182, -38]	[10005, 10006, 10000, 10001, 10000]	[150, -252, 134, 162, 277]
209	16.5	[203, 40, -260, 22, -106]	[-171, -132, -41, 20, 187]	[-168, -98, 96, -16, -169]	[-26, 74, -173, -42, -106]	[141, 90, -141, 97, 85]	[-190, -7, 90, 70, 281]	[-148, 13, 38, 22, 265]	[-189, 47, -97, -161, -16]	[-177, -122, -112, 18, -16]	[-142, -23, 26, 59, -151]	[4, 163, 89, 199, -44]	[10005, 10006, 9999, 10001, 10004]	[150, -252, 134, 162, 277]
210	13.0	[-46, 145, -34, -41, -81]	[117, -222, -111, 207, 7]	[-101, -27, 66, -96, 88]	[59, -111, -30, 83, -107]	[109, -138, -213, 179, -37]	[-86, -67, 35, -98, -134]	[-220, 143, -28, 37, 226]	[39, -66, -13, -56, 34]	[-39, 31, -62, -80, 5]	[137, 7, -190, -158, 12]	[158, 94, 199, 20, 233]	[10000, 10000, 10000, 10000, 10006]	[-203, 198, 233, 162, -80]
211	16.5	[-46, 145, -34, -41, -81]	[117, -222, -111, 207, 7]	[-101, -27, 66, -96, 88]	[59, -111, -30, 83, -107]	[109, -138, -213, 179, -37]	[-86, -67, 35, -98, -134]	[-220, 143, -28, 37, 226]	[39, -66, -13, -56, 34]	[-39, 31, -62, -80, 5]	[137, 7, -190, -158, 12]	[158, 94, 199, 20, 233]	[10000, 10000, 10000, 10000, 10006]	[-203, 198, 233, 162, -80]
212	13.5	[203, 40, -258, 22, -106]	[-171, -132, 105, 0, 187]	[-174, -168, 103, -45, -169]	[40, 90, -176, -38, -100]	[144, 90, -120, -42, 223]	[-190, -9, 90, 70, 281]	[-148, -14, 13, 22, 265]	[-189, 33, -91, -161, -16]	[-177, -122, -116, 18, -16]	[-140, -24, 29, 59, -154]	[4, 177, 123, 184, -50]	[10005, 10000, 10000, 10000, 10000]	[150, -252, 134, 162, 277]
213	17.5	[-46, 145, -34, -41, -81]	[117, -222, -111, 207, 7]	[-101, -27, 66, -96, 88]	[59, -111, -30, 83, -107]	[109, -138, -213, 179, -37]	[-86, -67, 35, -98, -134]	[-220, 143, -28, 37, 226]	[39, -66, -13, -56, 34]	[-39, 31, -62, -80, 5]	[137, 7, -190, -158, 12]	[158, 94, 199, 20, 233]	[10000, 10000, 10000, 10000, 10006]	[-203, 198, 233, 162, -80]
214	16.5	[-46, -15, -187, 242, -184]	[2, -2, 38, -45, -238]	[-268, -232, 113, 89, -15]	[-177, -58, -135, -187, 71]	[170, 102, -120, -83, -68]	[-204, 9, 51, -33, 119]	[126, 72, 37, 22, 259]	[-203, 35, -100, -152, 35]	[-151, -117, -78, -69, -220]	[-21, 29, 73, 42, -108]	[5, 149, 160, 195, -31]	[10000, 10000, 10000, 9987, 9994]	[-45, 209, 98, 111, 149]
215	13.5	[-46, 145, -34, -41, -81]	[117, -222, -104, 43, 7]	[-101, -73, 66, -98, 88]	[-20, -76, -30, 44, -107]	[109, -138, -185, 32, 3]	[-86, -67, 23, -70, -114]	[-220, 168, 18, 56, 226]	[-146, -69, 4, 36, -165]	[-94, 19, 0, -149, 16]	[33, 33, -190, -85, -87]	[86, 96, 228, 114, 214]	[10000, 10000, 10000, 10000, 10006]	[-203, 198, 233, 162, -80]
216	14.5	[-46, 145, -34, -41, -81]	[117, -222, -111, 207, 7]	[-101, -27, 66, -96, 88]	[59, -111, -30, 83, -107]	[109, -138, -213, 179, -37]	[-86, -67, 35, -98, -134]	[-220, 143, -28, 37, 226]	[39, -66, -13, -56, 34]	[-39, 31, -62, -80, 5]	[137, 7, -190, -158, 12]	[158, 94, 199, 20, 233]	[10000, 10000, 10000, 10000, 10006]	[-209, 198, 233, 162, -80]
217	19.0	[-46, 145, -34, -41, -81]	[117, -222, -104, 43, 7]	[-101, -73, 66, -98, 88]	[-20, -76, -30, 44, -107]	[109, -138, -185, 32, 3]	[-86, -67, 23, -70, -114]	[-220, 168, 18, 56, 226]	[-146, -69, 4, 36, -165]	[-94, 19, 0, -149, 16]	[33, 33, -190, -85, -87]	[86, 96, 228, 114, 214]	[10000, 10000, 10000, 10000, 10006]	[-203, 198, 233, 162, -80]
218	16.0	[-46, -15, -187, 242, -184]	[2, -2, 38, -45, -238]	[-268, -232, 113, 89, -15]	[-177, -58, -135, -187, 71]	[170, 102, -120, -83, -68]	[-204, 9, 51, -33, 119]	[126, 72, 37, 22, 259]	[-203, 35, -100, -152, 35]	[-151, -117, -78, -69, -220]	[-21, 29, 73, 42, -108]	[5, 149, 160, 195, -31]	[10000, 10000, 10000, 9987, 9994]	[-45, 209, 98, 111, 149]
219	20.0	[203, 40, -258, 22, -106]	[-171, -132, 22, 9, 187]	[-174, -114, 101, -43, -169]	[40, 80, -176, -39, -103]	[144, 90, -134, 10, 188]	[-190, 141, 90, 70, 281]	[-148, -14, 13, 22, 259]	[-189, 39, -97, -152, 14]	[-177, -122, -116, 18, -16]	[-140, -24, 29, 59, -154]	[4, 177, 123, 184, -50]	[10005, 10000, 10000, 10000, 10000]	[150, -252, 134, 162, 277]
220	16.5	[-46, 145, -34, -41, -81]	[117, -222, -104, 43, 7]	[-101, -73, 66, -98, 88]	[-20, -76, -30, 44, -107]	[109, -138, -185, 32, 3]	[-86, -67, 23, -70, -114]	[-220, 168, 18, 56, 226]	[-146, -69, 4, 36, -165]	[-94, 19, 0, -149, 16]	[33, 33, -190, -85, -87]	[86, 96, 228, 114, 214]	[10000, 10000, 10000, 10000, 10006]	[-203, 198, 233, 162, -80]
221	24.5	[203, 40, -258, 22, -106]	[-171, -132, 22, 9, 187]	[-174, -114, 101, -43, -169]	[40, 80, -176, -39, -103]	[144, 90, -134, 10, 188]	[-190, 141, 90, 70, 281]	[-148, -14, 13, 22, 259]	[-189, 39, -97, -152, 14]	[-177, -122, -116, 18, -16]	[-140, -24, 29, 59, -154]	[4, 177, 123, 184, -50]	[10005, 10000, 10000, 10000, 10000]	[150, -252, 134, 162, 277]
222	18.0	[203, 40, -258, 22, -106]	[-171, -132, 105, 0, 187]	[-174, -168, 103, -45, -169]	[40, 90, -176, -38, -100]	[144, -121, -119, 29, 223]	[-190, 158, 90, -32, 281]	[-148, -14, 5, 27, 265]	[-189, -49, -22, -152, 19]	[-177, -108, -105, -17, -16]	[-140, 32, -19, 59, -154]	[4, 177, 163, 184, -50]	[10004, 10000, 10000, 10000, 10000]	[150, -252, 134, 162, 277]
223	19.5	[2, 71, -34, -41, -81]	[117, -177, 4, 136, 7]	[-154, -77, 71, -59, -129]	[59, 37, -125, 26, 7]	[109, -138, -106, -35, -37]	[-86, -67, 14, 10, 193]	[-45, 18, 2, 25, 263]	[12, 14, -16, -144, 35]	[-17, -13, -110, -77, 5]	[137, 34, -73, -69, -10]	[120, 100, 154, 128, 118]	[10000, 10000, 10000, 10000, 10006]	[-209, 198, 233, 162, 264]
224	20.0	[184, 49, -230, -40, -105]	[117, -222, -6, 135, 62]	[-130, -33, 71, -59, -129]	[55, 59, -139, 12, 28]	[109, -138, -106, -35, 179]	[-86, 46, 34, 35, 255]	[-45, 18, 13, 23, 262]	[-146, 19, -16, -144, 35]	[-17, -13, -110, -77, 5]	[137, 34, -73, -69, -10]	[120, 100, 154, 128, 118]	[10000, 10000, 10000, 10000, 10006]	[-209, 198, 233, 162, 264]
225	19.5	[184, 49, -230, -40, -105]	[117, -222, -6, 135, 62]	[-130, -33, 71, -59, -129]	[55, 59, -139, 12, 28]	[109, -138, -106, -35, 179]	[-86, 46, 34, 35, 255]	[-45, 18, 13, 23, 262]	[-146, 19, -16, -144, 35]	[-17, -13, -110, -77, 5]	[137, 34, -73, -69, -10]	[120, 100, 154, 128, 118]	[10000, 9994, 10000, 10000, 10006]	[-209, 198, 233, 162, 264]
226	23.0	[184, 49, -230, -40, -105]	[117, -222, -6, 135, 62]	[-130, -33, 71, -59, -129]	[55, 59, -139, 12, 28]	[109, -138, -106, -35, 179]	[-86, 46, 34, 35, 255]	[-45, 18, 13, 23, 262]	[-146, 19, -16, -144, 35]	[-17, -13, -110, -77, 5]	[137, 34, -73, -69, -10]	[120, 100, 154, 128, 118]	[10000, 9994, 10000, 10000, 10006]	[-209, 198, 233, 162, 264]
227	21.0	[184, 49, -230, -40, -105]	[117, -222, -6, 135, 62]	[-130, -33, 71, -59, -129]	[55, 59, -139, 12, 28]	[109, -138, -106, -35, 179]	[-86, 46, 34, 35, 255]	[-45, 18, 13, 23, 262]	[-146, 19, -16, -144, 35]	[-17, -13, -110, -77, 5]	[137, 34, -73, -69, -10]	[120, 100, 154, 128, 118]	[10000, 9994, 10000, 10000, 10006]	[-209, 198, 233, 162, 264]
228	17.0	[77, 37, -187, 242, -184]	[-45, -132, 84, -45, -238]	[-268, -232, 104, 77, -167]	[-28, 86, -147, -187, 71]	[170, 102, -119, -66, 55]	[-204, -32, 71, -33, 186]	[103, 70, 35, 25, 259]	[-176, -25, -45, -137, 35]	[-151, -116, -73, -43, -220]	[-21, 29, 73, 6, -106]	[5, 149, 173, 195, -31]	[10000, 10000, 10000, 9987, 9994]	[-45, 209, 98, 111, 149]
229	19.5	[-56, -92, -187, 242, -184]	[2, -49, 5, -45, -238]	[-268, -247, 113, 101, -22]	[-177, -58, -135, -187, 72]	[170, 102, -118, -63, -68]	[-206, 126, 43, -31, 119]	[126, 72, 37, 126, 259]	[-204, 30, -90, -101, 35]	[-151, -117, -72, -35, -220]	[-21, 29, 73, 32, -79]	[5, 149, 160, 195, -31]	[10000, 10000, 10000, 9987, 9994]	[-45, 209, 98, 111, 149]
230	25.5	[184, 49, -230, -40, -105]	[117, -222, -6, 135, 62]	[-130, -33, 71, -59, -129]	[55, 59, -139, 12, 28]	[109, -138, -106, -35, 179]	[-86, 46, 34, 35, 255]	[-45, 18, 13, 23, 262]	[-146, 19, -16, -144, 35]	[-17, -13, -110, -77, 5]	[137, 34, -73, -69, -10]	[120, 100, 154, 128, 118]	[10000, 9994, 10000, 10000, 10006]	[-209, 198, 233, 162, 264]
231	16.5	[77, 37, -187, 242, -184]	[-45, -132, 84, -45, -238]	[-268, -232, 104, 77, -167]	[-28, 86, -147, -187, 71]	[170, 96, -119, -66, 55]	[-204, -32, 71, -33, 186]	[103, 70, 35, 25, 259]	[-176, -25, -45, -137, 35]	[-151, -116, -73, -43, -220]	[-21, 29, 73, 6, -106]	[5, 149, 173, 195, -31]	[10000, 10000, 10000, 9987, 9994]	[-45, 209, 98, 111, 149]
232	17.5	[184, 49, -230, -40, -105]	[117, -222, -6, 135, 62]	[-130, -33, 71, -59, -129]	[55, 59, -139, 12, 28]	[109, -138, -106, -35, 179]	[-86, 46, 34, 35, 255]	[-45, 18, 13, 23, 262]	[-146, 19, -16, -144, 35]	[-17, -13, -110, -71, 5]	[137, 34, -73, -69, -10]	[120, 100, 154, 128, 118]	[10000, 9994, 10000, 10000, 10006]	[-209, 198, 233, 162, 264]
233	24.5	[2, 71, -34, 234, -153]	[-10, -158, 19, 58, 7]	[-154, -77, 74, -16, -129]	[44, 86, -130, -53, 47]	[148, 75, -113, 2, -28]	[-126, -32, 45, 1, 193]	[-45, 18, 2, 25, 251]	[12, -53, -81, -143, 35]	[-17, -13, -76, -88, 5]	[137, 34, -73, -71, -66]	[120, 100, 154, 128, 118]	[10000, 10000, 10000, 10000, 10006]	[-209, 198, 233, 162, 264]
234	19.0	[184, 55, -230, -40, -105]	[117, -222, -6, 135, 62]	[-130, -33, 71, -59, -129]	[55, 59, -139, 12, 28]	[109, -138, -106, -35, 179]	[-86, 46, 34, 35, 255]	[-45, 18, 13, 23, 262]	[-146, 19, -16, -144, 35]	[-17, -13, -110, -71, 5]	[137, 34, -73, -69, -10]	[120, 100, 154, 128, 118]	[10000, 9994, 10000, 10000, 10006]	[-209, 198, 233, 162, 264]
235	22.5	[2, 71, -34, 234, -153]	[-10, -158, 19, 58, 7]	[-154, -77, 74, -16, -129]	[44, 86, -130, -53, 47]	[148, 75, -113, 2, -28]	[-126, -32, 45, 1, 193]	[-45, 18, 2, 25, 251]	[12, -53, -81, -143, 35]	[-17, -13, -76, -88, 5]	[137, 34, -73, -71, -66]	[120, 100, 154, 128, 118]	[10000, 10000, 10000, 10000, 10006]	[-209, 198, 233, 162, 264]
236	21.5	[2, 71, -34, 234, -153]	[-10, -158, 19, 58, 7]	[-154, -77, 74, -16, -129]	[44, 86, -130, -53, 47]	[148, 75, -113, 2, -28]	[-126, -32, 45, 1, 193]	[-45, 18, 2, 25, 251]	[12, -53, -81, -143, 35]	[-17, -13, -76, -88, 5]	[137, 34, -73, -71, -66]	[120, 100, 154, 128, 118]	[10000, 10000, 10000, 10000, 10006]	[-209, 198, 233, 162, 264]
237	19.0	[2, 71, -34, 234, -153]	[-10, -158, 19, 58, 7]	[-154, -77, 74, -16, -129]	[44, 86, -130, -53, 47]	[148, 75, -113, 2, -28]	[-126, -32, 45, 1, 193]	[-45, 18, 2, 25, 251]	[12, -53, -81, -149, 35]	[-17, -13, -76, -88, 5]	[137, 34, -73, -71, -66]	[120, 100, 154, 128, 118]	[10000, 10000, 10000, 10000, 10006]	[-209, 198, 233, 162, 264]
238	21.5	[2, 71, -34, 234, -153]	[-10, -158, 19, 58, 7]	[-154, -77, 74, -16, -129]	[44, 86, -130, -53, 47]	[148, 75, -113, 2, -28]	[-126, -32, 45, 1, 193]	[-45, 18, 2, 25, 251]	[12, -53, -81, -149, 35]	[-17, -13, -76, -88, 5]	[137, 34, -73, -71, -66]	[120, 100, 154, 128, 118]	[10000, 10000, 10000, 10000, 10006]	[-209, 198, 233, 162, 264]
239	19.0	[33, 41, -83, 179, -184]	[-45, -160, 45, -40, -238]	[-268, -232, 104, 3, -166]	[-28, 85, -133, -163, 71]	[170, -94, -114, -31, 55]	[-204, -32, 59, -33, 186]	[71, 38, 7, 25, 252]	[-176, -29, -44, -137, 35]	[-148, -32, -73, -43, -220]	[5, 33, 70, -61, -106]	[5, 149, 173, 189, -31]	[10000, 10000, 10000, 9987, 9994]	[-45, 209, 98, 117, 149]
240	27.0	[-46, 145, -34, -41, -81]	[117, -222, -104, 43, 7]	[-146, -93, 66, -97, 94]	[29, -76, -48, 71, -35]	[109, 24, -185, 32, -18]	[-86, -41, 48, -72, -120]	[-220, 167, 18, 48, 242]	[-135, -69, -8, -55, -165]	[-94, 19, -37, -154, 16]	[34, 34, -117, -80, -83]	[117, 99, 166, 102, 214]	[10000, 10000, 10000, 10000, 10006]	[-203, 198, 233, 162, 213]
241	19.0	[2, 71, -34, 234, -153]	[-10, -158, 19, 58, 7]	[-154, -77, 74, -16, -129]	[44, 86, -130, -53, 47]	[148, 75, -113, 2, -28]	[-126, -32, 45, 1, 193]	[-45, 18, 2, 25, 251]	[12, -53, -81, -149, 35]	[-17, -13, -76, -88, 5]	[137, 34, -73, -71, -66]	[120, 100, 154, 128, 118]	[10000, 10000, 10000, 10000, 10006]	[-209, 198, 233, 162, 264]
242	17.0	[-46, -15, -187, 242, -184]	[0, -2, 38, -45, -238]	[-218, -232, 113, 89, -15]	[-177, -58, -132, -53, 71]	[170, 102, -120, -51, -34]	[-168, -25, 51, -33, 119]	[103, 34, 37, 22, 259]	[-203, -12, -49, -142, 26]	[-151, -116, -87, -49, -220]	[-21, 28, -2, 15, -86]	[4, 161, 170, 193, -31]	[10000, 10000, 10000, 9998, 9997]	[-45, 172, 121, 154, 149]
243	20.5	[193, 48, -258, -40, -105]	[117, -201, -14, 41, 62]	[-130, -33, 82, -66, -129]	[55, 59, -139, 12, 28]	[109, -138, -106, -35, 179]	[-86, 46, 34, 35, 255]	[-45, 18, 7, 23, 262]	[-146, 19, -16, -144, 35]	[-17, -13, -110, -71, 5]	[137, 34, -73, -69, -10]	[120, 100, 154, 128, 118]	[10000, 9994, 10000, 10000, 10006]	[-209, 198, 233, 162, 264]
244	19.5	[193, 48, -258, -40, -105]	[117, -201, -14, 41, 62]	[-130, -33, 82, -66, -129]	[55, 59, -139, 12, 28]	[109, -138, -96, -23, 179]	[-96, 44, 34, -37, 255]	[-45, 18, 7, 27, 248]	[-146, 19, -18, -142, 34]	[-17, -12, -42, -72, 5]	[137, 34, -73, -67, -10]	[50, 119, 162, 128, 118]	[10000, 9994, 10000, 10000, 10006]	[-209, 198, 233, 162, 264]
245	22.5	[2, 71, -34, 234, -153]	[-10, -158, 19, 58, 7]	[-154, -77, 74, -16, -129]	[44, 86, -130, -53, 47]	[148, 75, -113, 2, -28]	[-126, -32, 45, 1, 193]	[-45, 18, 2, 25, 251]	[12, -53, -81, -149, 35]	[-17, -13, -76, -88, 5]	[137, 34, -73, -71, -66]	[120, 100, 154, 128, 118]	[10000, 10000, 10000, 10000, 10006]	[-209, 198, 233, 162, 264]
246	22.0	[193, 48, -258, -40, -105]	[117, -200, -11, 41, 62]	[-130, -33, 90, -66, -129]	[14, 76, -135, -12, 28]	[109, -136, -96, -55, 179]	[-114, 37, 34, -37, 247]	[-45, 40, 7, 27, 248]	[-174, 2, -16, -137, 34]	[-37, -3, -110, -71, 5]	[137, 34, -25, -62, -13]	[35, 117, 162, 143, 34]	[10000, 9994, 10000, 10000, 10006]	[-209, 198, 233, 162, 264]
247	19.0	[-40, -15, -187, 242, -184]	[0, -2, 38, -45, -238]	[-218, -232, 113, 89, -15]	[-177, -58, -132, -53, 71]	[170, 102, -120, -51, -34]	[-127, -25, 49, -70, 119]	[103, 69, 35, 42, 259]	[-203, -12, -49, -142, 26]	[-151, -116, -87, -49, -220]	[-21, 28, -2, 15, -86]	[4, 161, 170, 193, -31]	[10000, 10000, 10000, 9998, 9997]	[-45, 172, 121, 154, 149]
248	18.0	[2, 71, -34, 234, -153]	[-10, -158, 19, 58, 7]	[-154, -77, 74, -16, -129]	[44, 86, -130, -53, 47]	[148, 75, -113, 2, -28]	[-126, -32, 45, 1, 193]	[-45, 18, 2, 25, 251]	[12, -53, -81, -149, 35]	[-17, -13, -76, -88, 5]	[137, 34, -73, -71, -66]	[120, 100, 154, 128, 118]	[10000, 10000, 10000, 10000, 10006]	[-209, 198, 233, 162, 264]
249	21.0	[-40, -15, -187, 242, -184]	[0, -2, 38, -45, -238]	[-218, -232, 113, 89, -15]	[-177, -58, -132, -53, 71]	[170, 102, -120, -51, -34]	[-127, -25, 49, -70, 119]	[103, 69, 35, 42, 259]	[-203, -12, -49, -142, 26]	[-151, -116, -87, -49, -220]	[-21, 28, -2, 15, -86]	[4, 161, 170, 193, -31]	[10000, 10000, 10000, 9998, 9997]	[-45, 172, 121, 154, 149]
250	25.0	[2, 71, -34, 234, -153]	[-10, -158, 19, 58, 7]	[-154, -77, 74, -16, -129]	[44, 86, -130, -53, 47]	[148, 75, -113, 2, -28]	[-126, -32, 45, 1, 193]	[-45, 18, 2, 25, 251]	[12, -53, -81, -149, 35]	[-17, -13, -76, -88, 5]	[137, 34, -73, -71, -66]	[120, 100, 154, 128, 118]	[10000, 10000, 10000, 10000, 10006]	[-209, 198, 233, 162, 264]
251	20.0	[-46, -9, -193, 228, -184]	[0, -2, -101, 19, -238]	[-218, -232, 106, 101, 17]	[-122, -65, -96, 18, -35]	[170, 96, -124, -3, -34]	[-150, -25, 86, -31, 119]	[103, 54, 37, 47, 264]	[-203, 11, -51, -137, 35]	[-151, -116, -100, -38, -157]	[-37, 28, 73, 6, -86]	[5, 153, 159, 129, 90]	[10000, 10001, 10000, 9987, 9994]	[-45, 209, 98, 111, 149]
252	22.0	[193, 48, -258, -40, -105]	[117, -201, -14, 41, 62]	[-130, -33, 82, -66, -129]	[55, 65, -139, 12, 28]	[109, -138, -96, -23, 179]	[-96, 44, 34, -37, 255]	[-45, 18, 7, 27, 248]	[-146, 19, -18, -142, 34]	[-17, -12, -42, -72, 5]	[137, 34, -73, -67, -10]	[50, 119, 162, 128, 118]	[10000, 9994, 10000, 10000, 10006]	[-209, 198, 233, 162, 264]
253	19.0	[-40, -15, -187, 242, -184]	[0, -138, 8, -28, -238]	[-218, -232, 105, 63, -79]	[-81, -42, -98, -111, 71]	[170, 81, -115, -51, -34]	[-127, -28, 51, -70, 119]	[103, 49, 7, 42, 259]	[-203, -29, -45, -142, 26]	[-148, -114, -87, -49, -220]	[-21, 30, -2, 15, -86]	[4, 156, 171, 190, -31]	[10000, 10000, 10000, 9987, 9997]	[-45, 172, 121, 154, 149]
254	22.5	[-40, -15, -187, 242, -184]	[0, -138, 8, -28, -238]	[-218, -232, 105, 63, -79]	[-81, -42, -98, -111, 71]	[170, 81, -115, -51, -34]	[-127, -28, 51, -70, 119]	[103, 49, 7, 42, 259]	[-203, -29, -45, -142, 26]	[-148, -114, -87, -49, -220]	[-21, 30, -2, 15, -86]	[4, 156, 171, 190, -31]	[10000, 10000, 10000, 9987, 9997]	[-45, 172, 121, 154, 149]
255	20.5	[2, 71, -34, 234, -153]	[-10, -158, 19, 58, 7]	[-154, -77, 74, -16, -129]	[44, 86, -130, -53, 47]	[148, 75, -113, 2, -28]	[-126, -32, 45, 1, 193]	[-45, 18, 2, 24, 260]	[-77, -31, -20, -148, 35]	[-17, -13, -76, -88, 5]	[137, 34, -73, -71, -66]	[120, 100, 154, 128, 118]	[10000, 10000, 10000, 10000, 10006]	[-209, 198, 233, 162, 264]
256	27.0	[193, 48, -258, -40, -105]	[117, -201, -14, 41, 62]	[-130, -33, 82, -66, -129]	[55, 59, -139, 12, 28]	[109, -138, -106, -35, 179]	[-86, 46, 34, 35, 255]	[-45, 18, 7, 23, 262]	[-146, 19, -16, -144, 35]	[-17, -13, -110, -71, 5]	[137, 34, -73, -69, -10]	[120, 100, 154, 128, 118]	[10000, 9994, 10000, 10000, 10006]	[-209, 198, 233, 162, 264]
257	19.5	[-40, 51, -187, 242, -184]	[74, -140, 38, -45, -238]	[-218, -232, 105, 15, -15]	[-97, 55, -132, -53, 71]	[170, 102, -115, -51, -34]	[-95, 6, 49, -70, 119]	[-1, 63, 20, 29, 262]	[-203, -12, -49, -142, 26]	[-151, -116, -87, -49, -220]	[-21, 28, -2, 15, -86]	[4, 161, 170, 193, -31]	[10000, 10000, 10000, 9998, 9997]	[-45, 166, 121, 154, 149]
258	20.5	[-40, -15, -187, 242, -184]	[0, -2, -10, -45, -238]	[-218, -232, 109, 89, -15]	[-144, -58, -132, 13, -10]	[170, 98, -120, -51, -34]	[-150, -25, 74, -38, 119]	[103, 69, 35, 42, 259]	[-203, -12, -49, -142, 26]	[-151, -116, -87, -49, -220]	[-21, 28, -2, 15, -86]	[4, 161, 170, 193, -31]	[10000, 10000, 10000, 9998, 9997]	[-45, 166, 121, 154, 149]
259	22.0	[-40, -15, -187, 242, -184]	[0, -2, -10, -45, -238]	[-218, -232, 109, 89, -15]	[-144, -58, -132, 13, -10]	[170, 98, -120, -51, -34]	[-150, -25, 74, -38, 119]	[103, 69, 35, 42, 259]	[-203, -12, -49, -142, 26]	[-151, -116, -87, -49, -214]	[-21, 28, -2, 15, -86]	[4, 161, 170, 193, -31]	[10000, 10000, 10000, 9998, 9997]	[-45, 166, 121, 154, 149]
260	22.0	[193, 48, -258, 107, -105]	[117, -201, -8, 56, 54]	[-141, -47, 74, -66, -129]	[55, 59, -139, -34, 43]	[109, -138, -106, -41, 179]	[-86, 46, 34, 35, 255]	[-45, 18, 7, 23, 262]	[-146, 19, -16, -144, 35]	[-17, -13, -110, -71, 5]	[137, 34, -73, -69, -10]	[120, 100, 154, 128, 118]	[10000, 9994, 10000, 10000, 10006]	[-209, 198, 233, 162, 264]
261	18.5	[-40, -15, -187, 242, -184]	[0, -138, 8, -28, -238]	[-218, -232, 105, 63, -79]	[-81, -42, -98, -111, 71]	[170, 81, -115, -51, -34]	[-127, -28, 51, -70, 125]	[71, 44, 7, 42, 259]	[-203, -29, -45, -137, 26]	[-148, -114, -87, -49, -220]	[-21, 33, 25, 9, -86]	[4, 156, 171, 190, -31]	[10000, 10000, 10000, 9987, 9997]	[-45, 172, 121, 154, 149]
262	24.5	[193, 48, -258, 107, -105]	[117, -201, -8, 56, 54]	[-141, -47, 74, -66, -129]	[55, 59, -139, -34, 43]	[109, -138, -106, -41, 179]	[-86, 46, 34, 35, 255]	[-45, 18, 7, 23, 262]	[-146, 19, -16, -148, 35]	[-17, -13, -85, -71, 5]	[137, 34, -73, -69, -10]	[120, 100, 154, 128, 118]	[10000, 9994, 10000, 10000, 10006]	[-209, 198, 233, 162, 264]
263	22.5	[193, 48, -258, 107, -105]	[117, -201, -8, 56, 54]	[-141, -47, 74, 47, -81]	[55, -47, -138, -33, 21]	[109, -138, -112, -44, 62]	[-100, -25, 46, 8, 254]	[-26, 30, 2, 23, 262]	[-182, 8, -20, -146, 30]	[-17, -38, -110, -60, 5]	[88, 34, -73, -69, -10]	[120, 100, 154, 128, 13]	[10000, 9994, 10000, 10000, 10006]	[-209, 198, 233, 162, 264]
264	21.5	[2, 71, -34, 234, -153]	[-10, -158, 19, 58, 7]	[-154, -77, 74, -17, -126]	[44, 86, -129, -59, 47]	[123, 35, -112, 2, -28]	[-126, -29, 48, -44, 123]	[-45, 18, 4, 39, 260]	[-77, -26, -43, -142, 35]	[-80, -75, -76, -88, 5]	[137, 34, -29, 14, -66]	[126, 100, 154, 162, 10]	[10000, 10000, 10000, 10000, 10006]	[-209, 193, 223, 157, 264]
265	22.0	[33, 41, -83, 179, -184]	[-45, -159, 13, -33, -238]	[-268, -232, 104, 27, -166]	[-28, 81, -126, -111, 70]	[169, 47, -120, -50, 55]	[-143, -17, 51, -23, 205]	[71, 38, 7, 30, 252]	[-180, -29, -44, -137, 35]	[-148, -32, -87, -48, -220]	[5, 33, 4, 12, -100]	[5, 153, 172, 189, -31]	[10000, 10000, 10000, 9987, 9994]	[-45, 209, 98, 117, 149]
266	25.0	[2, 71, -34, 234, -153]	[-10, -158, 19, 58, 7]	[-154, -77, 74, -17, -126]	[44, 86, -129, -59, 47]	[123, 35, -112, 2, -28]	[-126, -29, 48, -44, 123]	[-45, 18, 4, 39, 260]	[-77, -26, -43, -142, 35]	[-80, -75, -76, -88, 5]	[137, 34, -29, 14, -66]	[126, 100, 154, 162, 10]	[10000, 10000, 10000, 10000, 10006]	[-209, 193, 223, 157, 264]
267	22.5	[2, 71, -34, 234, -153]	[-10, -158, 19, 58, 7]	[-154, -77, 74, -17, -126]	[44, 86, -129, -59, 47]	[123, 35, -112, 2, -28]	[-126, -29, 48, -44, 123]	[-45, 18, 4, 39, 260]	[-77, -26, -43, -142, 35]	[-80, -75, -76, -88, 5]	[137, 34, -29, 14, -66]	[126, 100, 154, 162, 10]	[10000, 10000, 10000, 10000, 10006]	[-209, 193, 223, 157, 264]
268	24.0	[2, 71, -34, 234, -153]	[-10, -158, 19, 58, 7]	[-154, -77, 74, -17, -126]	[44, 86, -129, -59, 47]	[123, 35, -112, 2, -28]	[-126, -29, 48, -44, 123]	[-45, 18, 4, 39, 260]	[-77, -26, -43, -142, 35]	[-80, -75, -76, -88, 5]	[137, 34, -29, 14, -66]	[126, 100, 154, 162, 10]	[10000, 10000, 10000, 10000, 10006]	[-209, 193, 223, 157, 264]
269	21.5	[2, 71, -34, 234, -153]	[-10, -158, 19, 58, 7]	[-154, -77, 74, -17, -126]	[44, 86, -129, -59, 47]	[123, 35, -112, 2, -28]	[-126, -29, 48, -44, 123]	[-45, 18, 4, 39, 260]	[-77, -26, -43, -142, 35]	[-80, -75, -76, -88, 5]	[137, 34, -29, 14, -66]	[126, 100, 154, 162, 10]	[10000, 10000, 10000, 10000, 10006]	[-209, 193, 223, 157, 264]
270	24.5	[193, 48, -258, 107, -105]	[117, -201, -8, 56, 54]	[-141, -47, 74, 47, -81]	[55, -47, -138, -33, 21]	[109, -138, -112, -44, 62]	[-100, -25, 46, 8, 254]	[-26, 30, 2, 23, 262]	[-194, -17, -41, -146, 30]	[-17, -75, -91, -53, -111]	[88, 34, -73, -60, -54]	[120, 100, 154, 128, 13]	[10000, 9994, 10000, 10000, 10006]	[-209, 198, 233, 162, 264]
271	26.0	[2, 71, -34, 234, -153]	[-10, -158, 19, 58, 7]	[-154, -77, 74, -17, -126]	[44, 86, -129, -59, 47]	[123, 35, -112, 2, -28]	[-126, -29, 48, -44, 123]	[-45, 18, 4, 39, 260]	[-77, -26, -43, -142, 35]	[-80, -75, -76, -88, 5]	[137, 34, -29, 14, -66]	[126, 100, 154, 162, 10]	[10000, 10000, 10000, 10000, 10006]	[-209, 193, 223, 157, 264]
272	23.0	[193, 48, -258, 107, -105]	[117, -201, -8, 56, 54]	[-141, -47, 74, 47, -81]	[55, -47, -138, -33, 21]	[109, -138, -112, -44, 62]	[-100, -25, 46, 8, 254]	[-26, 30, 2, 23, 262]	[-194, -17, -41, -146, 30]	[-17, -75, -91, -53, -111]	[88, 34, -73, -60, -54]	[120, 100, 154, 128, 13]	[10000, 9994, 10000, 10000, 10006]	[-209, 198, 233, 162, 264]
273	24.5	[-40, -15, -187, 242, -184]	[0, -138, 8, -28, -238]	[-218, -232, 105, 63, -79]	[-32, 0, -123, -96, 65]	[122, -61, -109, -51, -34]	[-127, -28, 51, -70, 119]	[103, 49, 7, 42, 259]	[-203, -29, -27, -141, 26]	[-148, -114, -98, -49, -220]	[-21, 30, -2, 15, -86]	[4, 150, 171, 190, -31]	[10000, 10000, 10000, 9987, 9997]	[-45, 172, 121, 154, 149]
274	28.0	[-40, -15, -187, 242, -184]	[0, -138, 8, -28, -238]	[-218, -232, 105, 63, -79]	[-81, -42, -98, -111, 71]	[170, 81, -115, -51, -34]	[-127, -28, 51, -70, 125]	[65, 44, 7, 42, 259]	[-203, -29, -45, -137, 26]	[-142, -114, -87, -49, -220]	[-21, 33, 25, 9, -86]	[4, 119, 162, 160, -37]	[10000, 10006, 10000, 9998, 9997]	[-97, 182, 121, 154, 149]
275	22.0	[-46, -9, -193, 228, -184]	[0, -2, -27, 37, -190]	[-178, -97, 81, 101, 17]	[-122, 5, -117, -20, -41]	[170, 90, -111, -37, -34]	[-150, -25, 65, 2, 123]	[109, 54, 37, 47, 264]	[-203, 11, -51, -131, 35]	[-151, -116, -100, -38, -163]	[-37, 28, 73, 6, -86]	[5, 147, 159, 129, 90]	[10000, 10001, 10000, 9987, 9994]	[-45, 209, 98, 111, 149]
276	23.5	[193, 48, -258, 107, -105]	[117, -201, -8, 56, 54]	[-141, -47, 74, -66, -49]	[-35, 56, -133, -50, 43]	[138, -114, -106, -41, 179]	[-86, 40, 39, 16, 255]	[-45, 18, 7, 28, 256]	[-146, 3, -44, -146, 35]	[-17, -94, -87, -71, 5]	[137, 31, -65, -69, -10]	[84, 128, 154, 128, 118]	[10000, 9995, 10000, 9998, 10004]	[-209, 198, 233, 162, 264]
277	21.5	[33, 41, -83, 179, -184]	[-45, -159, 0, -33, -238]	[-268, -232, 104, 27, -149]	[12, 64, -134, -107, 70]	[125, -34, -114, -46, 164]	[-143, -17, 51, 33, 205]	[96, 66, 10, 24, 252]	[-185, -24, -57, -140, 35]	[-98, -38, -85, -54, -220]	[90, 33, -32, 12, -94]	[62, 118, 172, 189, -31]	[10000, 10000, 10000, 9994, 10000]	[-45, 201, 98, 121, 149]
278	19.0	[-46, -9, -193, 228, -184]	[0, -2, -87, 19, -238]	[-218, -232, 98, 31, -127]	[-87, -14, -98, 15, -41]	[170, 3, -115, -28, -34]	[-124, -19, 53, -61, 125]	[109, 18, 27, 29, 259]	[-203, -21, -50, -137, 32]	[-144, -114, -87, -42, -164]	[-37, 30, 73, 6, -86]	[5, 147, 159, 129, 90]	[10000, 10001, 10000, 9987, 9994]	[-45, 209, 98, 111, 149]
279	21.0	[33, 41, -83, 179, -184]	[-45, -159, 0, -33, -238]	[-268, -232, 104, 27, -149]	[12, 64, -134, -107, 70]	[125, -34, -114, -46, 164]	[-143, -17, 51, 33, 205]	[-21, 39, 10, 24, 252]	[-185, -24, -44, -140, 35]	[-98, -38, -82, -54, -220]	[103, 33, -30, 13, -78]	[62, 111, 160, 189, -31]	[10000, 10000, 10000, 9996, 10003]	[-45, 201, 98, 121, 149]
280	25.5	[-40, -15, -187, 242, -184]	[0, -138, 8, -28, -238]	[-218, -232, 105, 63, -79]	[-32, 0, -123, -96, 65]	[122, -61, -109, -57, -34]	[-127, -28, 51, -70, 119]	[103, 49, 7, 42, 259]	[-203, -29, -27, -141, 26]	[-148, -114, -98, -49, -220]	[-21, 30, -2, 15, -86]	[4, 150, 171, 190, -31]	[10000, 10000, 10000, 9987, 9997]	[-45, 172, 121, 154, 149]
281	26.5	[33, 41, -83, 179, -184]	[-45, -159, 0, -33, -238]	[-268, -232, 104, 27, -149]	[-51, 54, -134, -107, 70]	[125, -34, -111, -42, 144]	[-143, -18, 51, 33, 205]	[97, 57, 10, 24, 252]	[-185, 9, -52, -141, 35]	[-149, -70, -95, -54, -220]	[90, 32, 40, 10, -94]	[62, 118, 172, 189, -31]	[10000, 10000, 10000, 9994, 10000]	[-45, 201, 98, 121, 149]
282	22.0	[33, 41, -83, 179, -184]	[-45, -159, 0, -33, -238]	[-268, -232, 104, 27, -149]	[12, 64, -134, -107, 70]	[125, -34, -114, -46, 164]	[-143, -27, 51, -60, 180]	[-21, 39, 10, 36, 253]	[-193, -26, -44, -142, 35]	[-98, -38, -88, -52, -220]	[51, 33, -29, 13, -79]	[62, 134, 171, 189, -31]	[10000, 10000, 10000, 9994, 10000]	[-45, 201, 98, 121, 149]
283	21.5	[199, 48, -258, -34, -105]	[117, -201, -14, 41, 62]	[-130, -33, 82, -66, -123]	[55, 36, -100, 13, 28]	[109, -13, -104, -15, 179]	[-96, 44, 34, -37, 255]	[-45, 18, 7, 27, 248]	[-146, 15, -38, -142, 34]	[-17, -81, -57, -72, 5]	[91, 34, -7, -62, -43]	[50, 119, 156, 128, 91]	[10000, 9994, 10000, 10000, 10006]	[-209, 198, 233, 156, 264]
284	27.0	[-40, -15, -187, 242, -184]	[0, -138, 8, -28, -238]	[-218, -232, 105, 63, -79]	[-32, 0, -123, -96, 65]	[122, -61, -109, -57, -34]	[-127, -28, 51, -70, 119]	[103, 49, 7, 42, 259]	[-203, -29, -27, -141, 26]	[-142, -114, -98, -49, -220]	[-21, 30, -2, 15, -86]	[4, 119, 168, 190, -31]	[10000, 10000, 10000, 9987, 9997]	[-45, 172, 121, 154, 149]
285	25.0	[-40, -15, -187, 242, -184]	[0, -138, 8, -28, -238]	[-185, -37, 84, -2, -79]	[-32, 29, -123, -96, 65]	[112, -36, -107, -49, -34]	[-127, -28, 51, 6, 171]	[103, 49, 7, 37, 252]	[-203, -29, -27, -141, 26]	[-142, -114, -98, -49, -220]	[-21, 30, -2, 15, -86]	[4, 119, 168, 190, -31]	[10000, 10000, 10000, 9987, 9997]	[-45, 172, 121, 154, 149]
286	18.5	[33, 41, -83, 179, -184]	[-45, -159, 0, -33, -238]	[-268, -232, 104, 27, -149]	[12, 64, -134, -107, 70]	[125, -34, -114, -46, 164]	[-143, -27, 51, -60, 180]	[-21, 39, 10, 36, 253]	[-193, -26, -44, -142, 35]	[-98, -38, -88, -52, -220]	[51, 33, -29, 13, -79]	[62, 134, 171, 189, -31]	[10000, 10000, 10000, 9994, 10000]	[-45, 201, 98, 121, 149]
287	23.5	[-40, -15, -187, 242, -184]	[0, -138, 8, -28, -238]	[-185, -37, 84, -2, -79]	[-32, 29, -123, -96, 65]	[112, -36, -107, -49, -34]	[-127, -28, 51, 6, 171]	[103, 49, 7, 37, 252]	[-203, -29, -27, -141, 26]	[-142, -114, -98, -49, -220]	[-21, 30, -2, 15, -86]	[4, 119, 168, 190, -31]	[10000, 10000, 10000, 9987, 9997]	[-45, 172, 121, 154, 149]
288	26.0	[-40, -15, -187, 242, -184]	[0, -138, 8, -28, -238]	[-185, -37, 84, -2, -79]	[-32, 29, -123, -96, 65]	[112, -36, -107, -49, -34]	[-127, -28, 51, 6, 171]	[103, 49, 7, 37, 252]	[-203, 2, -27, -141, 26]	[-150, -116, -98, -42, -220]	[-21, 30, 12, 14, -86]	[4, 119, 167, 144, -28]	[10000, 10000, 10000, 9987, 9997]	[-45, 172, 121, 125, 149]
289	26.0	[-40, -15, -187, 242, -184]	[0, -138, 8, -28, -238]	[-185, -37, 84, -2, -79]	[-32, 29, -123, -96, 65]	[112, -36, -107, -49, -34]	[-127, -28, 51, 6, 171]	[103, 49, 7, 37, 252]	[-203, -29, -27, -141, 26]	[-142, -114, -98, -49, -220]	[-21, 30, -2, 15, -86]	[4, 119, 168, 190, -31]	[10000, 10000, 10000, 9987, 9997]	[-45, 172, 121, 154, 149]
290	21.5	[-40, -15, -187, 242, -184]	[0, -138, 8, -28, -238]	[-185, -37, 84, -2, -79]	[-20, 50, -132, -107, 69]	[118, -35, -110, -46, -34]	[-140, -27, 51, 2, 174]	[103, 49, 8, 37, 252]	[-196, -22, -27, -141, 26]	[-150, -91, -98, -42, -220]	[-21, 30, 12, 14, -86]	[4, 119, 167, 144, -28]	[10000, 10000, 10000, 9987, 9997]	[-45, 172, 121, 125, 149]
291	25.0	[-40, -15, -187, 242, -184]	[-2, -151, 4, -31, -238]	[-185, -37, 93, 19, -128]	[-32, 29, -123, -96, 65]	[112, -36, -107, -49, -34]	[-127, -28, 51, 6, 171]	[103, 49, 7, 37, 252]	[-203, 2, -27, -141, 26]	[-150, -116, -98, -42, -220]	[-21, 30, 12, 14, -86]	[4, 119, 167, 144, -28]	[10000, 10000, 10000, 9987, 9997]	[-45, 172, 121, 125, 149]
292	20.5	[-40, -15, -187, 242, -184]	[0, -138, 8, -28, -238]	[-218, -232, 105, 63, -79]	[-32, 0, -123, -96, 65]	[122, -61, -109, -57, -34]	[-127, -28, 51, -70, 119]	[103, 49, 7, 42, 259]	[-203, -29, -27, -141, 26]	[-142, -114, -98, -49, -220]	[-21, 30, -2, 15, -86]	[4, 119, 168, 190, -31]	[10000, 10000, 10000, 9987, 9997]	[-45, 172, 121, 154, 149]
293	22.5	[193, 48, -258, 107, -105]	[117, -201, -8, 56, 54]	[-141, -47, 74, -66, -49]	[-35, 56, -133, -50, 43]	[138, -114, -106, -41, 179]	[-95, 19, 42, 16, 255]	[-45, 18, 7, 30, 257]	[-162, 17, -57, -143, 35]	[-17, -114, -105, -68, -89]	[137, 31, 38, -58, -26]	[18, 140, 162, 143, 118]	[10000, 9995, 10006, 9996, 10004]	[-209, 198, 233, 162, 264]
294	24.0	[193, 48, -258, 107, -105]	[117, -201, -8, 56, 54]	[-141, -47, 74, -66, -49]	[-35, 56, -133, -50, 43]	[138, -114, -106, -41, 179]	[-95, 19, 42, 16, 255]	[-45, 18, 7, 30, 257]	[-162, 17, -57, -143, 35]	[-17, -114, -105, -68, -89]	[137, 31, 38, -58, -26]	[18, 140, 162, 143, 118]	[10000, 9995, 10006, 9996, 10004]	[-209, 198, 233, 162, 264]
295	23.5	[-46, -9, -193, 228, -184]	[0, -2, -33, 37, -190]	[-178, -97, 87, 101, 17]	[-122, 5, -127, -20, -41]	[115, -2, -111, -43, -34]	[-150, 43, 54, 11, 181]	[109, 49, 7, 37, 257]	[-154, 11, -50, -136, 32]	[-126, -114, -90, -48, -163]	[-22, 31, 73, -45, -86]	[5, 140, 162, 129, 90]	[10000, 10006, 10000, 9987, 9994]	[-56, 209, 98, 111, 149]
296	25.0	[193, 48, -258, 107, -105]	[117, -201, -8, 56, 54]	[-141, -47, 74, -66, -49]	[-35, 56, -133, -50, 43]	[138, -114, -106, -41, 179]	[-95, 19, 42, 16, 255]	[-45, 18, 7, 30, 257]	[-162, 17, -57, -143, 35]	[-17, -114, -105, -68, -89]	[137, 31, 38, -58, -26]	[24, 140, 162, 143, 118]	[10000, 9995, 10006, 9996, 10004]	[-209, 198, 233, 162, 264]
297	23.0	[-40, -15, -187, 242, -184]	[0, -138, 8, -28, -238]	[-185, -37, 84, -2, -79]	[-32, 29, -117, -96, 65]	[112, -36, -107, -49, -34]	[-127, -28, 51, 6, 171]	[103, 49, 7, 37, 252]	[-203, -29, -27, -141, 26]	[-142, -114, -98, -49, -220]	[-21, 30, -2, 15, -86]	[4, 119, 168, 190, -31]	[10000, 10000, 10000, 9987, 9997]	[-45, 172, 121, 154, 149]
298	23.5	[-40, -15, -187, 242, -184]	[0, -138, 8, -28, -238]	[-185, -37, 84, -2, -79]	[-32, 29, -117, -96, 65]	[112, -36, -107, -49, -34]	[-127, -28, 51, 6, 171]	[103, 49, 7, 37, 252]	[-203, -29, -27, -141, 26]	[-142, -114, -98, -49, -220]	[-21, 30, -2, 15, -86]	[4, 119, 168, 190, -31]	[10000, 10000, 10000, 9987, 9997]	[-45, 172, 121, 154, 149]
299	26.0	[-40, -15, -187, 242, -184]	[-2, -151, 4, -31, -238]	[-185, -37, 93, 19, -128]	[-32, 29, -123, -96, 65]	[112, -36, -107, -49, -34]	[-127, -28, 51, 6, 171]	[103, 49, 7, 37, 252]	[-203, 2, -27, -141, 26]	[-150, -116, -98, -42, -214]	[-21, 30, 12, 14, -80]	[4, 119, 167, 144, -28]	[10000, 10000, 10000, 9987, 9997]	[-45, 172, 121, 125, 149]
300	25.0	[-40, -15, -187, 242, -184]	[-2, -151, 4, -31, -238]	[-185, -37, 93, 44, -128]	[-32, 29, -123, -96, 65]	[112, -36, -107, -49, -34]	[-127, -28, 51, 6, 171]	[103, 49, 7, 37, 252]	[-203, 2, -27, -141, 26]	[-150, -116, -98, -42, -214]	[-21, 30, 12, 14, -80]	[4, 119, 167, 144, -28]	[10000, 10000, 10000, 9987, 9997]	[-45, 172, 121, 125, 149]
301	30.0	[-40, -15, -187, 242, -184]	[0, -45, 8, -28, -238]	[-183, -89, 84, -2, -73]	[-80, 32, -128, -86, 69]	[117, -27, -111, -46, -34]	[-140, -27, 51, 2, 174]	[103, 49, 8, 37, 252]	[-196, -22, -27, -141, 26]	[-150, -91, -98, -42, -220]	[-21, 30, 12, 14, -86]	[4, 119, 167, 144, -28]	[10000, 10000, 10000, 9987, 9997]	[-45, 147, 121, 125, 149]
302	26.0	[-40, 38, -245, 122, -184]	[0, -192, -5, -28, -238]	[-218, -232, 76, -35, -72]	[-32, 0, -123, -96, 50]	[122, -99, -109, -57, -34]	[-120, -4, 49, -21, 119]	[25, 32, 7, 33, 257]	[-168, -1, -42, -141, 26]	[-127, -114, -98, -74, -220]	[104, 30, 35, -34, -50]	[4, 119, 163, 181, -31]	[10000, 10000, 10004, 9987, 9997]	[-95, 196, 121, 154, 149]
303	23.0	[-46, -9, -193, 228, -184]	[0, -70, 3, -23, -204]	[-185, -65, 92, 53, 17]	[-122, 5, -127, -20, 59]	[115, -1, -107, -47, -41]	[-150, 27, 58, 7, 181]	[104, 55, 16, 37, 257]	[-171, 4, -44, -133, 28]	[-126, -107, -98, -48, -169]	[-22, 31, 73, -13, -85]	[5, 143, 164, 146, -7]	[10000, 10000, 10000, 9987, 9994]	[-31, 209, 98, 111, 149]
304	25.5	[-40, 20, -198, 175, -184]	[0, -183, 3, -28, -238]	[-218, -128, 76, -35, -72]	[-32, 12, -123, -96, 50]	[122, -99, -109, -52, -34]	[-122, -25, 49, -21, 119]	[25, 34, 7, 34, 257]	[-168, -1, -35, -141, 26]	[-127, -114, -98, -47, -220]	[104, 30, 25, -18, -50]	[4, 119, 163, 181, -29]	[10000, 10000, 10001, 9987, 9997]	[-95, 196, 121, 154, 149]
305	25.5	[-40, 10, -187, 242, -184]	[0, -138, 8, -28, -238]	[-185, -37, 84, -2, -79]	[-20, 50, -132, -107, 69]	[118, -35, -110, -46, -34]	[-140, -27, 51, 2, 174]	[103, 49, 8, 37, 252]	[-196, -22, -27, -141, 26]	[-150, -91, -98, -42, -220]	[-21, 36, 12, 14, -86]	[4, 119, 164, 142, -15]	[10000, 10000, 10000, 9987, 9995]	[-45, 172, 121, 125, 149]
306	25.5	[-40, -15, -187, 242, -184]	[-1, -145, 7, -30, -238]	[-218, -232, 103, 24, -79]	[-32, 0, -123, -96, 65]	[121, -53, -108, -53, -34]	[-127, -28, 51, -43, 119]	[103, 49, 7, 41, 259]	[-202, -3, -27, -141, 26]	[-146, -115, -98, -49, -220]	[-21, 30, 10, 14, -86]	[4, 120, 162, 172, 95]	[10000, 9999, 10000, 9987, 9997]	[-66, 197, 179, 134, 149]
307	24.0	[-40, 5, -198, 175, -184]	[0, -183, 3, -28, -238]	[-218, -128, 76, -35, -72]	[-32, 12, -123, -96, 50]	[122, -99, -109, -52, -34]	[-122, -25, 49, -21, 119]	[25, 34, 7, 34, 257]	[-168, -1, -35, -141, 26]	[-127, -114, -98, -47, -220]	[104, 30, 25, -18, -50]	[4, 119, 163, 181, -29]	[10000, 10000, 10001, 9987, 9997]	[-95, 196, 121, 154, 149]
308	25.5	[-40, -15, -187, 242, -184]	[-1, -145, 7, -30, -238]	[-218, -232, 103, 24, -79]	[-32, 0, -123, -96, 65]	[121, -53, -108, -53, -34]	[-127, -28, 51, -43, 119]	[103, 49, 7, 41, 259]	[-202, -3, -27, -141, 26]	[-146, -115, -98, -49, -220]	[-21, 30, 10, 14, -86]	[4, 120, 162, 172, 95]	[10000, 9999, 10000, 9987, 9997]	[-66, 197, 179, 134, 149]
309	26.0	[-40, -15, -187, 242, -184]	[-1, -145, 5, -30, -229]	[-218, -186, 98, -24, -76]	[-32, 9, -123, -96, 65]	[121, -75, -109, -52, -34]	[-129, -20, 49, -43, 119]	[102, 42, 7, 27, 258]	[-202, 1, -38, -140, 26]	[-146, -115, -98, -49, -220]	[4, 30, 11, 14, -86]	[4, 120, 162, 172, 95]	[10000, 9999, 10000, 9995, 9997]	[-66, 197, 179, 134, 149]
310	31.0	[-40, -15, -187, 242, -184]	[-1, -145, 5, -30, -229]	[-218, -186, 98, -24, -76]	[-32, 9, -123, -96, 65]	[121, -75, -109, -52, -34]	[-129, -20, 49, -43, 119]	[102, 42, 7, 27, 258]	[-202, 1, -38, -140, 26]	[-146, -115, -98, -49, -220]	[4, 30, 11, 14, -86]	[4, 120, 162, 172, 95]	[10000, 9999, 10000, 9995, 9997]	[-66, 197, 179, 134, 149]
311	27.5	[-40, 5, -198, 175, -184]	[0, -183, 3, -28, -238]	[-218, -128, 76, -35, -72]	[-32, 12, -123, -96, 50]	[122, -99, -115, -52, -34]	[-122, -25, 49, -21, 170]	[25, 35, 8, 34, 257]	[-168, -17, -35, -141, 26]	[-146, -103, -98, -47, -220]	[104, 30, 16, 10, -60]	[4, 119, 163, 165, -15]	[10000, 10000, 10001, 9987, 9997]	[-95, 196, 121, 154, 149]
312	24.5	[-40, 12, -195, 237, -184]	[0, -128, 5, -29, -238]	[-214, -74, 76, -35, -72]	[-32, 6, -123, -96, 50]	[114, -51, -109, -57, -34]	[-114, -4, 51, -5, 129]	[29, 45, 7, 33, 257]	[-168, -1, -41, -141, 26]	[-134, -114, -98, -74, -220]	[104, 30, 19, 10, -72]	[4, 119, 163, 181, -31]	[10000, 10000, 10004, 9987, 9997]	[-95, 196, 121, 154, 149]
313	28.0	[-40, -15, -187, 242, -184]	[0, -138, 8, -28, -238]	[-185, -37, 84, -2, -79]	[-32, 29, -117, -96, 65]	[112, -36, -107, -49, -34]	[-127, -28, 51, -19, 171]	[103, 49, 7, 37, 252]	[-203, -10, -27, -141, 26]	[-144, -115, -98, -49, -220]	[-21, 30, -1, 14, -86]	[4, 119, 168, 184, 60]	[10000, 10000, 10000, 9987, 9997]	[-45, 190, 158, 148, 155]
314	22.5	[-60, -15, -187, 242, -184]	[-2, -151, 8, -31, -238]	[-185, -37, 99, 46, -127]	[-32, 16, -123, -96, 65]	[112, -36, -107, -53, -34]	[-127, -28, 55, 5, 171]	[103, 49, 7, 39, 257]	[-203, -2, -27, -141, 26]	[-150, -116, -98, -36, -214]	[-21, 30, 12, 14, -80]	[4, 119, 165, 168, -28]	[10000, 10000, 10000, 9987, 9997]	[-45, 172, 121, 125, 149]
315	27.5	[-40, -15, -187, 242, -184]	[-1, -145, 5, -30, -229]	[-218, -186, 98, -24, -76]	[-32, 9, -123, -96, 65]	[121, -75, -109, -52, -34]	[-123, -20, 49, -43, 119]	[102, 42, 7, 27, 258]	[-202, 1, -38, -140, 26]	[-146, -115, -98, -49, -220]	[4, 30, 11, 14, -86]	[4, 120, 162, 172, 95]	[10000, 9999, 10000, 9995, 9997]	[-66, 197, 179, 134, 149]
316	22.5	[-40, 5, -198, 175, -184]	[0, -177, 3, -28, -238]	[-218, -110, 76, -35, -72]	[-32, 12, -123, -96, 50]	[122, -99, -109, -52, -34]	[-122, -25, 49, -21, 119]	[25, 34, 7, 34, 257]	[-168, -1, -35, -141, 26]	[-127, -114, -98, -47, -220]	[104, 30, 25, -18, -50]	[4, 119, 163, 181, -29]	[10000, 10000, 10001, 9987, 9997]	[-95, 196, 121, 154, 149]
317	23.5	[-40, 5, -198, 175, -184]	[0, -183, 3, -28, -238]	[-227, -96, 81, 38, -130]	[-32, 12, -123, -89, 50]	[122, -32, -114, -52, -34]	[-122, -24, 49, -2, 119]	[25, 34, 7, 34, 257]	[-168, -1, -47, -141, 26]	[-117, -107, -91, -52, -220]	[104, 30, 25, -18, -50]	[4, 123, 160, 181, -29]	[10000, 10000, 10000, 9993, 9997]	[-95, 198, 121, 154, 149]
318	27.0	[-40, -15, -187, 227, -184]	[0, -55, 8, -28, -238]	[-177, -90, 80, -8, -73]	[-47, 32, -128, -93, 69]	[117, -36, -111, -54, -34]	[-141, -27, 51, -33, 127]	[103, 41, 8, 37, 252]	[-195, -19, -28, -141, 30]	[-123, -108, -104, -42, -220]	[-18, 30, 17, -1, -82]	[4, 120, 165, 144, -28]	[10000, 10000, 9994, 9987, 9997]	[-45, 147, 121, 125, 149]
319	30.0	[-40, -15, -187, 242, -184]	[0, -138, 8, -28, -238]	[-185, -37, 84, -2, -79]	[-32, 29, -117, -96, 65]	[112, -36, -107, -49, -34]	[-124, 28, 46, -19, 171]	[-11, 49, 7, 37, 246]	[-203, -9, -28, -141, 26]	[-144, -115, -98, -63, -220]	[-21, 33, -5, -56, -86]	[4, 119, 177, 135, 60]	[10000, 10000, 10000, 9989, 10002]	[-45, 190, 158, 148, 155]
320	27.0	[-40, 5, -198, 175, -184]	[0, -183, 3, -28, -238]	[-227, -96, 81, 38, -130]	[-32, 12, -123, -89, 50]	[122, -32, -114, -52, -34]	[-122, -24, 49, -2, 119]	[25, 34, 7, 34, 257]	[-168, -1, -47, -141, 26]	[-117, -107, -91, -52, -220]	[104, 30, 25, -18, -50]	[4, 123, 160, 181, -29]	[10000, 10000, 10000, 9993, 9997]	[-95, 198, 121, 154, 149]
321	27.0	[-40, -15, -187, 78, -184]	[0, -188, 8, 7, -36]	[-185, -37, 84, -27, -107]	[-32, 29, -110, -17, 63]	[112, -36, -107, -49, -34]	[-127, -28, 51, -19, 171]	[103, 49, 7, 37, 246]	[-203, -10, -27, -141, 26]	[-144, -115, -98, -49, -220]	[-21, 30, -1, 14, -86]	[4, 119, 168, 184, 60]	[10000, 10000, 10000, 9987, 9997]	[-45, 190, 158, 148, 155]
322	28.5	[-40, -15, -187, 242, -184]	[0, -138, 8, -28, -238]	[-185, -37, 84, -2, -79]	[-32, 29, -117, -96, 65]	[112, -36, -107, -49, -34]	[-124, 28, 46, -19, 171]	[-11, 49, 7, 37, 246]	[-203, -9, -28, -141, 26]	[-144, -115, -98, -63, -220]	[-21, 33, -5, -56, -86]	[4, 119, 177, 135, 60]	[10000, 10000, 10000, 9989, 10002]	[-45, 190, 158, 148, 155]
323	27.5	[-40, -15, -187, 242, -184]	[0, -138, 8, -28, -238]	[-185, -37, 84, -2, -79]	[-32, 29, -117, -96, 65]	[112, -36, -107, -49, -34]	[-124, 28, 46, -19, 171]	[-11, 49, 7, 37, 246]	[-203, -9, -28, -141, 26]	[-144, -115, -98, -63, -220]	[-21, 33, -5, -56, -86]	[4, 119, 177, 135, 60]	[10000, 10000, 10000, 9989, 10002]	[-45, 190, 158, 148, 155]
324	27.0	[-40, -15, -187, 242, -184]	[-1, -145, 5, -30, -229]	[-218, -186, 98, -24, -76]	[-32, 9, -123, -96, 65]	[121, -75, -109, -52, -34]	[-123, -20, 49, -43, 119]	[102, 42, 7, 27, 258]	[-202, 1, -32, -140, 26]	[-146, -115, -98, -49, -220]	[4, 30, 5, 15, -85]	[4, 121, 163, 178, 95]	[9999, 10000, 10000, 9994, 9997]	[-66, 197, 179, 134, 149]
325	25.5	[-40, -15, -187, 242, -184]	[0, -138, 8, -28, -238]	[-185, -37, 84, -2, -79]	[-32, 29, -117, -96, 65]	[112, -36, -107, -49, -34]	[-124, 28, 46, -19, 171]	[-11, 49, 7, 37, 246]	[-203, -9, -28, -141, 26]	[-144, -115, -98, -63, -220]	[-21, 33, -5, -56, -86]	[4, 119, 177, 135, 60]	[10000, 10000, 10000, 9989, 10002]	[-45, 190, 158, 148, 155]
326	28.5	[-40, -15, -187, 78, -184]	[0, -184, 5, 7, -36]	[-217, -135, 98, -26, -107]	[-32, 16, -114, -45, 64]	[113, -57, -107, -49, -34]	[-127, -22, 49, -42, 171]	[102, 45, 7, 37, 246]	[-203, -10, -27, -141, 26]	[-144, -115, -98, -49, -220]	[-21, 30, -1, 14, -86]	[4, 119, 168, 171, 2]	[10000, 10000, 10000, 9987, 9997]	[-45, 156, 155, 148, 155]
327	25.0	[-40, -15, -187, 242, -184]	[-1, -145, 5, -30, -229]	[-218, -186, 98, -24, -76]	[-32, 9, -123, -96, 65]	[121, -75, -109, -52, -34]	[-123, -20, 49, -43, 119]	[102, 42, 7, 27, 258]	[-202, 1, -32, -140, 26]	[-146, -115, -98, -49, -220]	[4, 30, 5, 15, -85]	[10, 121, 163, 178, 95]	[9999, 10000, 10000, 9994, 9997]	[-66, 197, 179, 134, 149]
328	26.0	[-40, -15, -187, 227, -184]	[0, -55, 8, -28, -238]	[-177, -90, 80, -8, -73]	[-47, 32, -128, -93, 69]	[117, -36, -111, -54, -34]	[-141, -27, 51, -33, 127]	[103, 41, 8, 37, 252]	[-195, -19, -28, -141, 30]	[-123, -108, -104, -42, -220]	[-18, 30, 17, -1, -82]	[4, 120, 165, 144, -28]	[10000, 10000, 9994, 9987, 9997]	[-45, 147, 121, 125, 149]
329	25.0	[-40, 12, -195, 237, -184]	[0, -128, 5, -29, -238]	[-214, -74, 76, -35, -72]	[-32, 6, -123, -96, 50]	[114, -51, -109, -57, -34]	[-114, -4, 51, -9, 125]	[84, 47, 7, 33, 257]	[-168, -1, -41, -141, 26]	[-134, -114, -98, -72, -220]	[104, 30, 19, 10, -75]	[4, 119, 163, 181, -31]	[10000, 10000, 10004, 9987, 9997]	[-67, 196, 120, 141, 149]
330	23.0	[-40, -15, -187, 242, -184]	[-1, -145, 5, -30, -229]	[-218, -186, 98, -24, -76]	[-32, 9, -123, -96, 65]	[121, -75, -109, -52, -34]	[-123, -18, 49, -13, 119]	[102, 42, 7, 34, 258]	[-202, 1, -32, -140, 26]	[-146, -115, -98, -49, -220]	[4, 30, 5, 15, -85]	[10, 121, 163, 178, 95]	[9999, 10000, 10000, 9994, 9997]	[-66, 197, 179, 134, 149]
331	29.0	[-40, 12, -195, 237, -184]	[0, -128, 5, -29, -238]	[-214, -74, 76, -35, -72]	[-32, 6, -123, -96, 50]	[114, -51, -109, -57, -34]	[-114, -4, 51, -9, 125]	[84, 47, 7, 33, 257]	[-168, -1, -41, -141, 26]	[-134, -114, -98, -72, -220]	[104, 30, 19, 10, -75]	[4, 119, 163, 181, -31]	[10000, 10000, 10004, 9987, 9997]	[-67, 196, 120, 141, 149]
332	29.0	[-40, 5, -198, 175, -184]	[0, -177, 3, -28, -238]	[-218, -110, 76, -35, -72]	[-32, 12, -123, -96, 50]	[122, -99, -103, -52, -34]	[-122, -25, 49, -21, 119]	[25, 34, 7, 34, 257]	[-168, -1, -35, -141, 26]	[-133, -114, -98, -47, -220]	[104, 30, 25, -18, -50]	[4, 119, 163, 181, -29]	[10000, 10000, 10001, 9987, 9997]	[-95, 196, 121, 154, 149]
333	27.0	[-40, 5, -198, 175, -184]	[0, -177, 3, -28, -238]	[-218, -110, 76, -35, -72]	[-32, 12, -123, -96, 50]	[122, -99, -103, -52, -34]	[-122, -25, 49, -21, 119]	[25, 34, 7, 34, 257]	[-168, -1, -35, -141, 26]	[-133, -114, -98, -47, -220]	[104, 30, 25, -18, -50]	[4, 119, 163, 181, -29]	[10000, 10000, 10001, 9987, 9997]	[-95, 196, 121, 154, 149]
334	26.0	[-40, 5, -198, 175, -184]	[0, -177, 3, -28, -238]	[-218, -110, 76, -35, -72]	[-32, 12, -123, -96, 50]	[120, -65, -109, -52, -34]	[-122, -6, 54, -21, 119]	[25, 34, 19, 41, 257]	[-168, 20, -38, -117, 32]	[-148, -114, -98, -47, -220]	[104, 30, 23, -3, -50]	[8, 119, 163, 181, -29]	[10000, 10000, 10001, 9987, 9997]	[-95, 196, 121, 154, 149]
335	24.0	[-40, -15, -187, 242, -184]	[-1, -49, 8, -28, -238]	[-202, -171, 84, -2, -73]	[-47, 32, -128, -93, 66]	[117, -54, -110, -53, -34]	[-140, -27, 51, -6, 136]	[60, 47, 7, 37, 253]	[-190, -20, -28, -141, 26]	[-150, -100, -97, -47, -220]	[-1, 30, 11, 14, -86]	[4, 119, 167, 144, -28]	[10000, 10000, 10000, 9987, 9997]	[-39, 147, 121, 125, 149]
336	25.5	[-40, -15, -187, 227, -184]	[0, -55, 8, -28, -238]	[-177, -90, 80, -8, -73]	[-47, 32, -128, -93, 69]	[117, -36, -111, -54, -34]	[-141, -27, 51, -33, 127]	[103, 41, 8, 37, 252]	[-195, -19, -31, -141, 30]	[-123, -108, -103, -47, -220]	[-18, 30, 17, -1, -82]	[4, 120, 165, 144, -28]	[10000, 10000, 9994, 9987, 9997]	[-45, 147, 121, 125, 149]
337	25.0	[-40, 5, -198, 175, -184]	[0, -177, 3, -28, -238]	[-218, -110, 76, -35, -72]	[-32, 12, -123, -96, 50]	[120, -65, -109, -52, -34]	[-122, -6, 54, -21, 119]	[25, 34, 19, 41, 257]	[-168, 20, -38, -117, 32]	[-148, -114, -98, -47, -220]	[104, 30, 23, -3, -44]	[8, 119, 163, 181, -29]	[10000, 10000, 10001, 9987, 9997]	[-95, 196, 121, 154, 149]
338	24.5	[-40, -15, -187, 242, -184]	[-1, -145, 5, -30, -229]	[-218, -186, 98, -24, -76]	[-32, 9, -123, -96, 65]	[121, -75, -109, -52, -34]	[-123, -20, 49, -25, 119]	[102, 42, 7, 29, 254]	[-197, -5, -31, -140, 26]	[-146, -115, -98, -46, -220]	[4, 30, 11, 14, -85]	[8, 121, 163, 178, 95]	[9999, 10000, 10000, 9992, 9997]	[-66, 197, 179, 134, 149]
339	24.5	[-40, -21, -187, 242, -184]	[-1, -145, 5, -30, -229]	[-218, -186, 98, -24, -76]	[-32, 9, -129, -96, 65]	[121, -75, -109, -52, -34]	[-123, -18, 49, -13, 119]	[102, 42, 7, 34, 258]	[-199, 1, -31, -140, 26]	[-146, -115, -98, -49, -220]	[4, 30, 12, 15, -85]	[6, 121, 164, 178, 95]	[9999, 10000, 10000, 9990, 9997]	[-66, 197, 169, 133, 149]
340	26.5	[-40, -15, -187, 242, -184]	[-1, -49, 8, -28, -238]	[-202, -171, 84, -2, -73]	[-47, 32, -128, -93, 66]	[117, -54, -110, -53, -34]	[-140, -27, 51, -6, 136]	[60, 47, 1, 37, 253]	[-190, -20, -28, -141, 26]	[-150, -100, -97, -47, -220]	[-1, 30, 11, 14, -86]	[4, 119, 167, 144, -28]	[10000, 10000, 10000, 9987, 9997]	[-39, 147, 121, 125, 149]
341	28.0	[-40, -15, -187, 242, -184]	[0, -138, 8, -28, -238]	[-185, -37, 84, -2, -73]	[-32, 35, -117, -96, 65]	[112, -36, -113, -49, -34]	[-124, -7, 46, -19, 171]	[79, 48, 7, 37, 246]	[-203, -9, -28, -141, 30]	[-144, -115, -98, -47, -220]	[-16, 31, 13, -56, -86]	[4, 119, 168, 141, -26]	[10000, 10000, 10000, 9989, 10002]	[-45, 152, 152, 139, 150]
342	27.0	[-40, -21, -187, 242, -184]	[-1, -145, 8, -15, -229]	[-217, -155, 98, -13, -76]	[-32, 18, -120, -85, 65]	[116, -68, -109, -51, -34]	[-123, -18, 49, -36, 155]	[102, 42, 6, 34, 258]	[-199, 1, -31, -125, 27]	[-144, -115, -98, -49, -220]	[4, 30, 12, 15, -85]	[6, 121, 164, 178, 95]	[9999, 10000, 10000, 9990, 9997]	[-66, 197, 169, 133, 149]
343	31.0	[-40, -15, -187, 242, -184]	[0, -138, 8, -28, -238]	[-185, -37, 84, -2, -73]	[-32, 35, -117, -96, 65]	[112, -36, -113, -49, -34]	[-124, -7, 46, -19, 171]	[79, 48, 7, 37, 246]	[-203, -9, -28, -141, 30]	[-144, -115, -98, -47, -220]	[-16, 31, 13, -56, -86]	[4, 119, 168, 141, -26]	[10000, 10000, 10000, 9989, 10002]	[-45, 152, 152, 139, 150]
344	26.5	[-40, 5, -198, 175, -184]	[0, -177, 3, -28, -238]	[-218, -110, 76, -35, -72]	[-19, 24, -128, -96, 50]	[120, -36, -107, -49, -34]	[-128, -6, 54, -21, 119]	[32, 38, 19, 41, 257]	[-168, -7, -30, -140, 32]	[-148, -114, -98, -47, -220]	[104, 30, 23, -3, -44]	[8, 119, 163, 181, -29]	[10000, 10000, 10001, 9987, 9997]	[-95, 196, 121, 154, 149]
345	24.5	[-40, -21, -187, 242, -184]	[-1, -145, 5, -30, -229]	[-218, -186, 98, -13, -76]	[-32, 9, -129, -96, 65]	[121, -75, -109, -52, -34]	[-123, -6, 49, -32, 119]	[102, 43, 4, 33, 250]	[-200, -8, -27, -135, 26]	[-146, -115, -98, -49, -220]	[-3, 30, 20, 15, -85]	[6, 121, 164, 178, 95]	[9999, 10000, 10000, 9990, 9997]	[-66, 191, 169, 133, 155]
346	27.5	[-40, -21, -187, 242, -184]	[-1, -145, 8, -15, -229]	[-217, -155, 98, -13, -76]	[-32, 18, -120, -85, 65]	[116, -68, -109, -51, -34]	[-123, -18, 49, -36, 155]	[102, 42, 6, 34, 258]	[-199, 1, -31, -125, 27]	[-144, -115, -98, -49, -220]	[4, 30, 12, 15, -85]	[6, 121, 164, 178, 95]	[9999, 10000, 10000, 9990, 9997]	[-66, 197, 169, 133, 149]
347	34.5	[-40, -21, -187, 242, -184]	[-1, -145, 5, -30, -229]	[-218, -186, 98, -13, -76]	[-32, 9, -129, -96, 65]	[121, -75, -109, -52, -34]	[-123, -6, 49, -32, 119]	[102, 43, 4, 33, 250]	[-200, -8, -27, -135, 26]	[-146, -115, -98, -49, -220]	[-3, 30, 20, 6, -57]	[6, 121, 164, 178, 45]	[9999, 10000, 10001, 9990, 9997]	[-66, 191, 169, 133, 155]
348	24.0	[-40, 5, -198, 175, -184]	[0, -177, 3, -28, -238]	[-218, -110, 76, -35, -72]	[-32, 12, -123, -96, 50]	[122, -99, -103, -52, -34]	[-122, -25, 49, -21, 119]	[25, 40, 7, 34, 257]	[-168, -1, -35, -141, 26]	[-133, -114, -98, -47, -220]	[104, 30, 25, -18, -50]	[4, 119, 163, 181, -29]	[10000, 10000, 10001, 9987, 9997]	[-95, 196, 121, 154, 149]
349	27.0	[-40, -21, -187, 242, -184]	[-1, -145, 5, -30, -229]	[-218, -186, 98, -13, -76]	[-32, 9, -129, -96, 65]	[121, -75, -109, -52, -34]	[-123, -6, 49, -32, 119]	[102, 43, 11, 33, 250]	[-200, -8, -27, -136, 26]	[-146, -115, -98, -49, -220]	[-3, 30, 20, 15, -85]	[6, 121, 164, 178, 95]	[9999, 10000, 10000, 9990, 9997]	[-66, 191, 169, 133, 155]
350	26.5	[-40, -21, -187, 242, -184]	[-1, -145, 8, -15, -229]	[-217, -155, 98, -13, -76]	[-32, 18, -120, -85, 65]	[116, -68, -109, -51, -34]	[-123, -18, 49, -36, 155]	[102, 42, 6, 34, 258]	[-199, 1, -31, -125, 27]	[-144, -115, -98, -49, -220]	[4, 30, 12, 15, -85]	[6, 121, 164, 178, 95]	[9999, 10000, 10000, 9990, 9997]	[-66, 197, 169, 133, 149]
351	27.5	[-40, -21, -187, 242, -184]	[-1, -145, 5, -30, -229]	[-218, -186, 98, -13, -76]	[-32, 9, -129, -96, 65]	[121, -75, -109, -52, -34]	[-123, -6, 49, -32, 119]	[102, 43, 11, 33, 250]	[-200, -8, -27, -136, 26]	[-146, -115, -98, -49, -220]	[-3, 30, 20, 15, -85]	[6, 121, 164, 178, 95]	[9999, 10000, 10000, 9990, 9997]	[-66, 191, 163, 133, 155]
352	26.0	[-40, -15, -187, 242, -184]	[0, -138, 6, -28, -230]	[-185, -37, 85, -2, -73]	[-32, 35, -123, -96, 65]	[119, -62, -113, -49, -34]	[-124, -11, 49, -27, 144]	[73, 45, 7, 36, 246]	[-203, -9, -28, -141, 30]	[-144, -115, -98, -47, -220]	[-22, 31, 13, -56, -86]	[4, 119, 168, 141, -26]	[10000, 10000, 10000, 9989, 10002]	[-45, 152, 152, 139, 150]
353	28.0	[-40, -15, -187, 242, -184]	[0, -138, 6, -28, -230]	[-185, -37, 85, -2, -73]	[-32, 35, -123, -96, 65]	[119, -62, -113, -49, -34]	[-124, -11, 49, -27, 144]	[73, 45, 7, 36, 246]	[-203, -9, -28, -141, 30]	[-144, -115, -98, -47, -220]	[-22, 31, 13, -56, -86]	[4, 119, 168, 141, -26]	[10000, 10000, 10000, 9989, 10002]	[-50, 152, 152, 139, 150]
354	29.5	[-40, -21, -187, 242, -184]	[5, -145, 5, -30, -229]	[-218, -186, 98, -13, -76]	[-32, 29, -123, -96, 65]	[121, -63, -110, -50, -34]	[-123, -6, 49, -23, 119]	[102, 43, 11, 33, 250]	[-200, -9, -27, -136, 26]	[-146, -115, -97, -49, -220]	[-3, 30, 22, 15, -85]	[6, 121, 166, 178, 95]	[9999, 10000, 9994, 9987, 9997]	[-66, 190, 166, 148, 155]
355	27.5	[-40, -15, -187, 242, -184]	[0, -167, 7, -28, -238]	[-202, -106, 84, -2, -73]	[-32, 13, -117, -96, 65]	[115, -35, -104, -49, -34]	[-124, 28, 46, -21, 139]	[11, 41, 10, 36, 254]	[-186, -9, -35, -141, 26]	[-145, -114, -97, -50, -220]	[-21, 30, 0, 11, -78]	[4, 122, 171, 150, 60]	[10000, 10000, 10000, 9987, 9997]	[-45, 173, 157, 148, 155]
356	31.0	[-40, -15, -187, 242, -184]	[-1, -109, 7, -28, -238]	[-202, -106, 84, -2, -73]	[-36, 18, -117, -96, 65]	[115, -35, -110, -49, -34]	[-124, -11, 46, -6, 139]	[11, 41, 7, 38, 254]	[-186, -9, -35, -141, 26]	[-145, -114, -95, -50, -220]	[-21, 30, 0, -54, -78]	[4, 122, 171, 150, 60]	[10000, 10000, 10000, 9987, 10000]	[-45, 190, 158, 148, 155]
357	30.5	[-40, -15, -187, 242, -184]	[0, -138, 6, -28, -230]	[-185, -37, 85, -2, -73]	[-32, 35, -123, -96, 65]	[119, -62, -113, -49, -34]	[-124, -11, 49, -27, 144]	[73, 45, 7, 36, 246]	[-203, -9, -28, -141, 30]	[-144, -115, -98, -47, -220]	[-22, 31, 13, -56, -86]	[4, 119, 168, 141, -26]	[10000, 10000, 10000, 9989, 10002]	[-45, 152, 152, 139, 150]
358	26.0	[-40, -15, -187, 242, -184]	[0, -167, 7, -28, -238]	[-202, -106, 84, -2, -73]	[-32, 13, -117, -96, 65]	[115, -35, -104, -49, -34]	[-124, 28, 46, -21, 139]	[11, 41, 10, 36, 254]	[-186, -9, -35, -141, 26]	[-145, -114, -97, -50, -220]	[-21, 30, 0, 11, -78]	[4, 122, 171, 150, 60]	[10000, 10000, 10000, 9987, 9997]	[-45, 173, 157, 148, 155]
359	29.0	[-40, -15, -187, 242, -184]	[0, -167, 7, -28, -238]	[-202, -106, 84, -2, -73]	[-32, 13, -117, -96, 65]	[115, -35, -104, -49, -34]	[-124, 28, 46, -21, 139]	[11, 41, 10, 36, 254]	[-186, -9, -35, -141, 26]	[-145, -114, -97, -50, -220]	[-21, 30, 0, 11, -78]	[4, 122, 171, 150, 60]	[10000, 10000, 10000, 9987, 9997]	[-45, 173, 157, 148, 155]
360	25.0	[-40, -15, -187, 242, -184]	[0, -167, 7, -28, -238]	[-202, -106, 84, -2, -73]	[-32, 13, -117, -96, 65]	[115, -35, -104, -49, -34]	[-124, 28, 46, -21, 139]	[11, 41, 10, 36, 254]	[-186, -9, -35, -141, 26]	[-145, -114, -97, -50, -220]	[-21, 30, 0, 11, -78]	[4, 122, 171, 150, 60]	[10000, 10000, 10000, 9987, 9997]	[-45, 173, 157, 148, 155]
361	26.5	[-40, -15, -187, 242, -184]	[-1, -109, 7, -28, -238]	[-202, -106, 84, -2, -73]	[-34, 20, -117, -96, 65]	[115, -35, -110, -49, -34]	[-124, -9, 46, -6, 139]	[11, 41, 7, 38, 254]	[-186, -9, -35, -141, 26]	[-145, -114, -95, -50, -220]	[-21, 30, 0, -54, -78]	[4, 122, 171, 150, 60]	[10000, 10000, 10000, 9987, 10000]	[-45, 190, 158, 148, 155]
362	28.5	[-46, 5, -198, 175, -184]	[0, -177, 3, -28, -238]	[-218, -171, 80, -35, -72]	[-32, 13, -124, -96, 50]	[122, -85, -106, -51, -34]	[-123, -21, 49, -22, 124]	[25, 40, 7, 35, 257]	[-171, -1, -35, -141, 26]	[-134, -114, -98, -48, -220]	[104, 30, 25, -18, -50]	[4, 119, 163, 181, -29]	[10000, 10000, 10001, 9987, 9997]	[-95, 190, 121, 154, 149]
363	29.0	[-40, -15, -187, 242, -184]	[0, -158, 7, -29, -236]	[-202, -153, 94, -9, -73]	[-32, 13, -119, -96, 59]	[115, -35, -104, -49, -34]	[-124, 28, 46, -21, 139]	[11, 41, 10, 36, 254]	[-186, -9, -35, -141, 26]	[-145, -114, -97, -50, -220]	[-21, 30, 0, -54, -78]	[4, 122, 171, 150, 60]	[10000, 10000, 10000, 9987, 9997]	[-45, 173, 157, 148, 155]
364	24.0	[-40, -21, -187, 242, -178]	[-1, -145, 5, -30, -229]	[-218, -186, 98, -13, -76]	[-32, 12, -129, -96, 65]	[121, -75, -104, -52, -34]	[-123, -6, 49, -23, 119]	[85, 41, 6, 34, 250]	[-200, -8, -27, -135, 26]	[-134, -115, -98, -43, -220]	[-3, 30, 20, -4, -52]	[6, 121, 164, 178, 45]	[9999, 10000, 10001, 9990, 9997]	[-66, 191, 169, 133, 155]
365	27.5	[-40, -15, -187, 242, -184]	[-1, -109, 7, -28, -238]	[-202, -106, 84, -2, -73]	[-34, 20, -117, -96, 65]	[115, -35, -110, -49, -34]	[-123, -19, 48, -16, 139]	[11, 41, 7, 38, 254]	[-178, -7, -35, -141, 26]	[-145, -114, -97, -49, -220]	[-21, 30, 0, -54, -78]	[4, 122, 171, 150, 60]	[10000, 10000, 10000, 9987, 10000]	[-45, 190, 158, 148, 155]
366	27.0	[-40, -15, -187, 242, -184]	[-1, -109, 7, -28, -238]	[-202, -106, 84, -2, -73]	[-34, 20, -117, -96, 65]	[115, -35, -110, -49, -34]	[-124, -9, 46, -6, 139]	[11, 41, 7, 38, 254]	[-186, -9, -35, -141, 26]	[-145, -114, -95, -50, -220]	[-21, 30, 0, -54, -78]	[4, 120, 164, 170, 60]	[10000, 10000, 10001, 9987, 10000]	[-45, 190, 158, 148, 155]
367	28.0	[-40, -21, -187, 242, -184]	[5, -145, 5, -30, -229]	[-218, -186, 98, -13, -76]	[-32, 29, -123, -96, 65]	[121, -63, -110, -50, -34]	[-123, -6, 49, -23, 119]	[102, 43, 11, 33, 250]	[-200, -9, -27, -136, 26]	[-146, -115, -97, -49, -220]	[-3, 30, 22, 15, -85]	[6, 121, 166, 178, 95]	[9999, 10000, 9994, 9987, 9997]	[-66, 190, 166, 148, 155]
368	24.5	[-40, -21, -187, 242, -184]	[5, -145, 5, -30, -229]	[-218, -186, 98, -13, -76]	[-32, 29, -123, -96, 65]	[121, -63, -110, -50, -34]	[-123, -6, 49, -23, 119]	[102, 43, 5, 33, 250]	[-200, -9, -27, -136, 26]	[-146, -115, -97, -49, -220]	[-3, 30, 22, 15, -85]	[6, 121, 166, 178, 95]	[9999, 10000, 9994, 9987, 9997]	[-66, 190, 166, 148, 155]
369	26.5	[-40, -15, -187, 242, -184]	[0, -158, 7, -30, -236]	[-202, -153, 94, -10, -73]	[-32, 13, -119, -96, 59]	[115, -35, -104, -49, -34]	[-124, 28, 46, -21, 139]	[11, 41, 7, 36, 254]	[-186, -9, -35, -141, 26]	[-145, -114, -101, -50, -220]	[-21, 30, 0, -54, -78]	[4, 122, 171, 150, 60]	[10000, 10000, 10000, 9987, 9997]	[-45, 173, 157, 148, 155]
370	28.5	[-40, -15, -187, 242, -184]	[6, -158, 7, -29, -236]	[-194, -80, 94, -9, -73]	[-32, 18, -123, -96, 59]	[115, -35, -104, -49, -34]	[-124, 28, 46, -21, 139]	[11, 41, 10, 36, 254]	[-186, -9, -35, -141, 26]	[-145, -114, -97, -50, -220]	[-21, 30, 0, -54, -78]	[4, 122, 171, 150, 60]	[10000, 10000, 10000, 9987, 9997]	[-45, 173, 157, 148, 155]
371	23.0	[-40, -15, -187, 242, -184]	[-1, -109, 7, -28, -238]	[-208, -106, 84, -2, -73]	[-34, 20, -117, -96, 65]	[115, -35, -110, -49, -34]	[-123, -19, 48, -16, 139]	[11, 41, 7, 38, 254]	[-178, -7, -35, -141, 26]	[-145, -114, -97, -49, -220]	[-21, 30, 0, -54, -78]	[4, 122, 171, 150, 60]	[10000, 10000, 10000, 9987, 10000]	[-45, 190, 158, 148, 155]
372	28.5	[-40, -15, -187, 242, -184]	[-1, -109, 7, -28, -238]	[-208, -106, 84, -2, -73]	[-34, 20, -117, -96, 65]	[115, -35, -110, -49, -34]	[-123, -19, 48, -16, 139]	[11, 41, 7, 38, 254]	[-178, -7, -35, -141, 26]	[-145, -114, -97, -49, -220]	[-21, 30, 0, -54, -78]	[4, 122, 171, 150, 60]	[10000, 10000, 10000, 9987, 10000]	[-45, 190, 158, 148, 155]
373	25.0	[-40, -15, -187, 242, -184]	[-1, -109, 7, -28, -238]	[-202, -106, 84, -2, -73]	[-34, 20, -117, -96, 65]	[115, -35, -110, -49, -34]	[-124, -9, 46, -6, 139]	[11, 41, 7, 38, 254]	[-186, -9, -35, -141, 26]	[-145, -114, -95, -50, -220]	[-21, 30, 0, -54, -78]	[4, 120, 164, 170, 60]	[10000, 10000, 10001, 9987, 10000]	[-45, 190, 158, 148, 155]
374	32.0	[-40, -15, -187, 242, -184]	[-1, -109, 7, -28, -238]	[-208, -106, 84, -2, -73]	[-34, 20, -117, -96, 65]	[115, -35, -110, -49, -34]	[-123, -19, 48, -16, 139]	[11, 41, 7, 38, 254]	[-178, -7, -35, -141, 26]	[-145, -114, -97, -49, -220]	[-21, 30, 0, -54, -78]	[4, 122, 171, 150, 60]	[10000, 10000, 10000, 9987, 10000]	[-45, 190, 158, 148, 155]
375	25.0	[-40, -15, -187, 242, -184]	[-1, -138, 6, -28, -230]	[-196, -175, 91, -10, -75]	[-32, 13, -126, -96, 65]	[121, -71, -109, -49, -34]	[-124, -11, 49, -25, 133]	[83, 43, 7, 36, 246]	[-202, -7, -28, -141, 30]	[-142, -115, -98, -54, -220]	[-22, 31, 16, -5, -86]	[4, 119, 167, 162, 69]	[9999, 10000, 10000, 9990, 10002]	[-50, 152, 152, 143, 150]
376	28.5	[-40, -15, -187, 242, -184]	[-1, -109, 7, -28, -238]	[-202, -106, 84, -2, -73]	[-34, 20, -117, -96, 65]	[115, -35, -110, -49, -34]	[-124, -9, 46, -6, 139]	[11, 41, 7, 38, 254]	[-186, -9, -35, -141, 26]	[-145, -114, -95, -50, -220]	[-21, 30, 0, -54, -78]	[4, 120, 164, 170, 60]	[10000, 10000, 10001, 9987, 10000]	[-45, 190, 158, 148, 155]
377	24.5	[-40, -15, -187, 242, -184]	[-1, -138, 6, -28, -230]	[-196, -175, 91, -10, -75]	[-32, 13, -126, -96, 65]	[121, -71, -109, -49, -34]	[-124, -11, 49, -25, 133]	[83, 43, 7, 36, 246]	[-202, -7, -28, -141, 30]	[-142, -115, -98, -54, -220]	[-22, 31, 16, -5, -86]	[4, 119, 167, 162, 69]	[9999, 10000, 10000, 9990, 10002]	[-50, 152, 152, 143, 150]
378	26.0	[-40, -15, -187, 242, -184]	[0, -158, 7, -28, -236]	[-202, -153, 87, -9, -73]	[-32, 13, -117, -96, 63]	[115, -35, -104, -49, -34]	[-124, 20, 46, -21, 139]	[11, 41, 7, 36, 254]	[-186, -9, -35, -141, 26]	[-132, -114, -100, -47, -220]	[25, 30, 8, -39, -70]	[4, 121, 171, 155, 60]	[10000, 9998, 9997, 9988, 9997]	[-62, 190, 161, 148, 154]
379	23.5	[-40, -21, -187, 242, -184]	[5, -145, 5, -30, -229]	[-218, -192, 98, -13, -76]	[-32, 29, -123, -96, 65]	[121, -66, -109, -50, -34]	[-123, -11, 49, -31, 119]	[102, 43, 5, 33, 250]	[-200, -9, -27, -136, 26]	[-146, -115, -97, -49, -220]	[-3, 30, 22, 15, -85]	[6, 121, 166, 178, 95]	[9999, 10000, 9994, 9987, 9997]	[-66, 190, 166, 148, 149]
380	24.0	[-40, -21, -187, 242, -184]	[5, -145, 5, -30, -229]	[-218, -192, 98, -13, -76]	[-32, 29, -123, -96, 65]	[121, -66, -109, -50, -34]	[-123, -11, 49, -31, 119]	[102, 43, 5, 33, 250]	[-200, -9, -27, -136, 26]	[-146, -115, -97, -49, -220]	[-3, 30, 22, 15, -85]	[6, 121, 166, 178, 95]	[9999, 10000, 9994, 9987, 9997]	[-66, 190, 166, 148, 149]
381	26.0	[-40, -21, -187, 242, -184]	[5, -145, 5, -30, -229]	[-218, -192, 98, -13, -76]	[-32, 29, -123, -96, 65]	[121, -66, -109, -50, -34]	[-123, -11, 49, -31, 119]	[102, 43, 5, 33, 250]	[-200, -9, -27, -136, 26]	[-146, -115, -97, -49, -220]	[-3, 30, 22, 15, -85]	[6, 121, 166, 178, 95]	[9999, 10000, 9994, 9987, 9997]	[-66, 190, 166, 148, 149]
382	28.0	[-40, -15, -187, 242, -184]	[4, -143, 6, -28, -230]	[-212, -190, 92, -10, -75]	[-32, 15, -126, -96, 65]	[121, -71, -109, -49, -34]	[-124, -11, 49, -24, 133]	[74, 43, 7, 36, 246]	[-202, -7, -29, -140, 26]	[-146, -115, -98, -54, -220]	[-22, 31, 10, 6, -86]	[4, 119, 167, 162, 69]	[9999, 10000, 10000, 9990, 10002]	[-50, 146, 152, 143, 150]
383	30.5	[-40, -15, -187, 242, -184]	[4, -143, 6, -28, -230]	[-212, -190, 92, -10, -75]	[-32, 15, -126, -96, 65]	[121, -71, -109, -49, -34]	[-124, -11, 49, -24, 133]	[74, 43, 7, 36, 246]	[-202, -7, -29, -140, 26]	[-146, -115, -98, -54, -220]	[-22, 31, 10, 6, -86]	[4, 119, 167, 162, 69]	[9999, 10000, 10000, 9990, 10002]	[-50, 146, 152, 143, 150]
384	24.5	[-40, -15, -187, 242, -184]	[4, -143, 6, -28, -230]	[-212, -190, 92, -10, -75]	[-32, 15, -126, -96, 65]	[121, -71, -109, -49, -34]	[-124, -11, 49, -24, 133]	[74, 43, 7, 36, 246]	[-202, -7, -29, -140, 26]	[-146, -115, -98, -54, -220]	[-22, 31, 10, 6, -86]	[4, 119, 167, 162, 69]	[9999, 10000, 10000, 9990, 10002]	[-50, 146, 152, 143, 150]
385	32.5	[-40, -15, -187, 242, -184]	[-1, -109, 7, -28, -238]	[-196, -99, 84, -2, -73]	[-34, 14, -119, -96, 64]	[115, -42, -105, -50, -34]	[-124, 16, 48, -16, 138]	[72, 42, 8, 36, 254]	[-186, -9, -35, -141, 30]	[-145, -114, -97, -51, -220]	[-21, 30, 0, -54, -78]	[4, 122, 170, 152, 60]	[10000, 10000, 10000, 9985, 10000]	[-45, 190, 153, 145, 155]
386	31.0	[-40, -15, -187, 242, -184]	[0, -158, 7, -30, -236]	[-202, -153, 89, -10, -73]	[-32, 13, -117, -96, 63]	[115, -35, -104, -49, -34]	[-125, 15, 46, -26, 138]	[11, 35, 7, 36, 254]	[-186, -3, -35, -141, 26]	[-135, -114, -100, -47, -220]	[-11, 30, 2, -39, -70]	[4, 121, 171, 155, 60]	[10000, 10000, 10000, 9987, 9997]	[-62, 190, 161, 148, 155]
387	26.0	[-40, -15, -187, 242, -184]	[0, -158, 7, -30, -236]	[-202, -153, 89, -10, -73]	[-32, 13, -117, -96, 63]	[115, -35, -104, -49, -34]	[-125, 15, 46, -26, 138]	[11, 35, 7, 36, 254]	[-186, -3, -35, -141, 26]	[-135, -114, -100, -47, -220]	[-11, 30, 2, -39, -70]	[4, 121, 171, 155, 60]	[10000, 10000, 10000, 9987, 9997]	[-62, 190, 161, 148, 155]
388	28.5	[-40, -15, -187, 242, -184]	[-1, -109, 7, -28, -238]	[-196, -99, 84, -2, -73]	[-34, 14, -119, -96, 64]	[115, -42, -105, -50, -34]	[-124, 16, 48, -16, 138]	[72, 42, 8, 36, 254]	[-186, -9, -35, -141, 30]	[-145, -114, -97, -51, -220]	[-21, 30, 0, -54, -78]	[4, 122, 170, 152, 60]	[10000, 10000, 10000, 9985, 10000]	[-45, 190, 153, 145, 155]
389	30.5	[-40, -15, -187, 242, -184]	[-1, -109, 7, -28, -238]	[-202, -106, 84, -2, -73]	[-34, 20, -117, -96, 65]	[117, -41, -109, -50, -34]	[-124, -9, 46, -16, 137]	[66, 42, 7, 38, 254]	[-186, -8, -34, -141, 26]	[-144, -114, -97, -51, -220]	[-12, 30, 0, -54, -78]	[6, 122, 171, 150, 60]	[10000, 10000, 10000, 9986, 10000]	[-45, 190, 158, 148, 155]
390	29.5	[-34, -15, -187, 242, -184]	[-1, -109, 7, -28, -238]	[-202, -106, 84, -2, -73]	[-34, 20, -117, -96, 65]	[117, -41, -109, -50, -34]	[-124, -9, 46, -16, 137]	[66, 42, 7, 38, 254]	[-186, -8, -34, -141, 26]	[-144, -114, -97, -51, -220]	[-12, 30, 0, -54, -78]	[6, 122, 171, 150, 60]	[10000, 10000, 10000, 9986, 10000]	[-45, 190, 158, 148, 155]
391	26.0	[-40, -15, -187, 242, -184]	[-1, -109, 7, -28, -238]	[-196, -99, 84, -2, -73]	[-34, 14, -119, -96, 64]	[115, -42, -105, -50, -34]	[-124, 16, 48, -16, 138]	[72, 42, 8, 36, 254]	[-186, -9, -35, -141, 30]	[-145, -114, -97, -51, -220]	[-21, 30, 0, -54, -78]	[4, 122, 170, 152, 66]	[10000, 10000, 10000, 9985, 10000]	[-45, 190, 153, 145, 155]
392	29.0	[-40, -15, -187, 242, -184]	[-1, -130, 7, -30, -229]	[-213, -113, 84, -19, -76]	[-32, 17, -118, -96, 65]	[115, -51, -110, -49, -34]	[-129, -15, 49, -17, 131]	[102, 41, 7, 36, 254]	[-203, -7, -30, -141, 30]	[-144, -115, -100, -46, -216]	[-12, 30, 12, -15, -79]	[8, 121, 163, 178, -4]	[9999, 10000, 10000, 9992, 10003]	[-66, 197, 179, 134, 143]
393	25.0	[-40, -21, -187, 242, -184]	[5, -145, 5, -30, -229]	[-218, -192, 98, -13, -76]	[-32, 35, -123, -96, 65]	[121, -66, -109, -44, -34]	[-123, -11, 49, -23, 128]	[74, 43, 7, 36, 252]	[-200, -9, -29, -140, 26]	[-146, -115, -99, -49, -220]	[-14, 30, 8, 10, -85]	[6, 121, 166, 154, 95]	[9999, 10000, 9994, 9987, 9997]	[-66, 190, 166, 148, 149]
394	30.0	[-40, -15, -187, 242, -184]	[0, -158, 7, -28, -236]	[-202, -154, 94, -9, -73]	[-32, 19, -119, -96, 63]	[117, -55, -110, -49, -34]	[-123, 9, 43, -26, 138]	[11, 41, 8, 36, 254]	[-196, -8, -30, -142, 26]	[-135, -115, -97, -49, -220]	[-14, 30, 3, -39, -70]	[4, 121, 171, 154, 63]	[10000, 10000, 9995, 9987, 9997]	[-62, 190, 161, 148, 155]
395	28.5	[-40, -15, -187, 242, -184]	[-1, -145, 5, -30, -229]	[-206, -159, 84, -15, -76]	[-32, 16, -117, -96, 63]	[115, -48, -99, -49, -34]	[-134, 0, 47, -17, 131]	[27, 42, 8, 32, 254]	[-203, -7, -35, -141, 27]	[-144, -115, -98, -49, -218]	[-15, 30, 4, -8, -85]	[8, 121, 166, 171, -4]	[10000, 10000, 10000, 9992, 10003]	[-62, 194, 164, 141, 153]
396	28.0	[-40, -15, -187, 242, -184]	[-1, -145, 5, -30, -229]	[-206, -159, 84, -15, -76]	[-32, 16, -117, -96, 63]	[115, -48, -99, -49, -34]	[-134, 0, 47, -17, 131]	[27, 42, 8, 32, 254]	[-203, -7, -35, -141, 27]	[-144, -115, -98, -49, -218]	[-15, 30, 4, -8, -85]	[8, 121, 166, 171, -4]	[10000, 10000, 10000, 9992, 10003]	[-62, 194, 164, 141, 153]
397	35.5	[-40, -15, -187, 242, -184]	[0, -158, 7, -30, -236]	[-202, -153, 89, -10, -73]	[-32, 13, -117, -96, 63]	[115, -35, -104, -49, -34]	[-125, 15, 46, -26, 138]	[11, 35, 7, 36, 254]	[-192, -6, -31, -141, 26]	[-135, -115, -99, -48, -220]	[-12, 30, 10, -32, -72]	[4, 121, 171, 155, 63]	[10000, 10000, 10000, 9987, 9997]	[-62, 190, 161, 148, 161]
398	27.5	[-40, -15, -187, 242, -184]	[0, -158, 7, -28, -236]	[-202, -154, 94, -9, -73]	[-32, 19, -119, -102, 63]	[117, -55, -110, -49, -34]	[-123, 9, 43, -26, 138]	[11, 41, 8, 36, 254]	[-196, -8, -30, -142, 26]	[-135, -115, -97, -49, -220]	[-14, 30, 3, -39, -70]	[4, 121, 171, 154, 63]	[10000, 10000, 9995, 9987, 9997]	[-62, 190, 161, 148, 155]
399	28.5	[-40, -15, -187, 242, -184]	[0, -158, 7, -28, -236]	[-202, -153, 88, -9, -73]	[-32, 10, -125, -96, 59]	[115, -35, -104, -49, -34]	[-125, 26, 46, -26, 138]	[11, 35, 7, 41, 254]	[-186, -9, -34, -141, 26]	[-136, -115, -98, -48, -220]	[-21, 31, 5, -46, -76]	[4, 121, 171, 155, 60]	[10000, 10000, 10000, 9987, 9997]	[-54, 190, 161, 148, 155]
