generation	fitness	corner	c	a1	a2	b1	b2	b3	x	o1	o2	wp	ww	we
600	30.0	[115, -29, -20, 46, 103]	[-107, -151, -86, 20, 186]	[-168, -54, 28, 9, -181]	[-45, -187, -89, -112, -111]	[121, -82, -97, 23, 48]	[-106, -20, 6, -49, 137]	[-125, 53, 6, 93, 158]	[-67, -112, -121, -111, -174]	[-162, -136, -121, -134, -110]	[-62, -54, -6, -30, -58]	[74, 103, 109, 175, 0]	[10005, 10006, 10001, 9997, 10001]	[220, 124, 187, 271, 261]
601	37.0	[209, 191, 45, 85, -35]	[59, -97, -95, 9, -136]	[-174, -79, 33, -4, -194]	[49, -28, -61, -46, -104]	[151, -110, -60, 44, -17]	[-32, -32, 17, -15, 68]	[-36, 72, 12, 98, 58]	[-87, -133, -116, -49, -25]	[-173, -200, -77, -143, -117]	[5, 1, -8, 26, -67]	[6, 128, 120, 170, 125]	[10005, 9995, 9999, 9998, 10003]	[-26, 133, 136, 164, 277]
602	33.0	[113, -10, -51, -9, 104]	[-102, -156, -69, 20, 192]	[-170, -63, 30, 3, -192]	[-43, -188, -84, -122, -106]	[135, -91, -99, 20, 48]	[-109, -20, 6, -52, 157]	[-119, 53, 4, 96, 158]	[-67, -111, -123, -99, -174]	[-159, -136, -120, -153, -110]	[-59, -51, -13, -34, -61]	[72, 105, 107, 178, 3]	[10005, 10005, 9999, 9998, 9997]	[226, 190, 199, 275, 267]
603	35.5	[112, -10, -20, 46, 103]	[-107, -148, -98, 20, 186]	[-168, -52, 28, 8, -177]	[-45, -188, -86, -115, -109]	[126, -82, -97, 23, 49]	[-99, -20, 5, -52, 150]	[-131, 53, 3, 99, 158]	[-67, -110, -124, -107, -174]	[-164, -136, -119, -129, -110]	[-62, -23, -13, -29, -57]	[83, 105, 109, 175, 2]	[10005, 10006, 9998, 9997, 9999]	[220, 124, 187, 271, 261]
604	34.5	[112, -10, -20, 46, 103]	[-107, -148, -98, 20, 186]	[-168, -52, 28, 8, -177]	[-45, -188, -86, -115, -109]	[126, -82, -97, 23, 49]	[-99, -20, 5, -52, 150]	[-131, 53, 3, 99, 158]	[-67, -110, -124, -107, -174]	[-164, -136, -119, -129, -110]	[-62, -23, -13, -29, -57]	[83, 105, 109, 175, 2]	[10005, 10006, 9998, 9997, 9999]	[220, 124, 187, 271, 261]
605	34.0	[115, -29, -20, 46, 103]	[-107, -151, -86, 20, 186]	[-168, -54, 28, 9, -181]	[-45, -187, -89, -112, -111]	[121, -82, -97, 23, 48]	[-106, -20, 6, -49, 137]	[-125, 53, 6, 93, 158]	[-67, -112, -121, -111, -174]	[-162, -136, -121, -134, -110]	[-62, -54, -6, -30, -58]	[74, 103, 109, 175, 0]	[10005, 10006, 10001, 9997, 10001]	[220, 124, 187, 271, 261]
606	36.0	[209, 191, 45, 116, -123]	[59, -97, -113, 21, -204]	[-174, -15, -10, -8, -180]	[37, -66, -66, -46, -104]	[151, -110, -117, 44, -17]	[-32, -32, 17, -40, 68]	[-44, 55, 6, 81, 64]	[-87, -89, -122, -122, -100]	[-171, -120, -78, -118, -123]	[5, 1, -6, 26, -67]	[33, 118, 131, 180, 119]	[10005, 9998, 9996, 9999, 10003]	[43, 160, 203, 164, 277]
607	41.0	[112, -10, -20, 46, 103]	[-107, -148, -98, 20, 186]	[-168, -52, 28, 8, -177]	[-45, -188, -86, -115, -109]	[126, -82, -97, 23, 49]	[-99, -20, 5, -52, 150]	[-131, 53, 3, 99, 158]	[-67, -110, -118, -107, -174]	[-164, -136, -119, -129, -110]	[-62, -23, -13, -29, -51]	[83, 105, 109, 175, 2]	[10005, 10006, 9998, 9997, 9999]	[220, 124, 187, 271, 261]
608	35.5	[-49, 95, -15, -22, 84]	[-16, -141, -73, 40, 35]	[-107, -55, 3, -13, -84]	[-49, -137, -97, -95, -84]	[115, -95, -114, 45, -113]	[-134, -24, 12, -56, 41]	[-65, 44, 5, 78, 173]	[-75, -154, -127, -115, -159]	[-160, -86, -76, -123, -125]	[45, 7, -10, -52, -51]	[186, 122, 106, 185, 158]	[10006, 10003, 9998, 9992, 9997]	[225, 218, 191, 221, 154]
609	36.5	[63, -17, -55, 68, 98]	[-187, -152, -8, 22, -207]	[-141, -82, 20, -19, -146]	[-40, -158, -71, -87, -59]	[119, -71, -103, 28, 15]	[-71, -32, 15, -25, 73]	[-36, 57, 7, 90, 237]	[-99, -111, -131, -123, -100]	[-164, -111, -127, -93, -133]	[-16, -1, -34, -37, -91]	[114, 132, 119, 177, 42]	[10003, 9984, 9999, 9995, 9991]	[157, 186, 169, 185, 167]
610	34.0	[-61, 86, -36, -45, -85]	[10, -162, -4, 7, -215]	[-146, -62, 20, -37, -143]	[-44, -69, -72, -65, -46]	[121, -87, -119, 0, 13]	[-34, -9, 23, -34, 99]	[-38, 60, -5, 46, 243]	[-53, -132, -104, -134, -102]	[-151, -84, -125, -70, -142]	[11, -15, -43, -50, -28]	[211, 120, 111, 175, 181]	[9994, 9996, 9997, 9993, 10006]	[222, 208, 200, 215, 157]
611	37.0	[112, -10, -20, 46, 103]	[-107, -148, -98, 20, 186]	[-168, -52, 28, 8, -177]	[-45, -188, -86, -115, -109]	[126, -82, -97, 23, 49]	[-99, -20, 5, -52, 150]	[-131, 53, 3, 99, 158]	[-67, -110, -118, -107, -174]	[-164, -136, -119, -129, -110]	[-62, -23, -13, -29, -51]	[83, 105, 109, 175, 2]	[10005, 10006, 9998, 9997, 9999]	[220, 124, 187, 271, 261]
612	35.5	[-49, 101, -15, -22, 84]	[-5, -144, -72, 15, 35]	[-112, -69, 5, -2, -69]	[-50, -138, -97, -97, -83]	[116, -131, -114, 45, -104]	[-164, -19, 12, -56, 42]	[-41, 66, 5, 78, 173]	[-74, -154, -116, -114, -159]	[-163, -65, -78, -118, -125]	[71, -1, -2, -32, -68]	[192, 122, 106, 185, 94]	[10006, 10003, 9998, 9995, 9997]	[225, 218, 191, 221, 160]
613	36.5	[113, -10, -51, -9, 110]	[-102, -156, -69, 20, 192]	[-170, -63, 30, 3, -192]	[-49, -188, -84, -122, -106]	[135, -91, -99, 20, 48]	[-109, -20, 6, -52, 157]	[-119, 53, 4, 96, 158]	[-67, -111, -123, -99, -174]	[-159, -136, -120, -153, -110]	[-59, -51, -13, -34, -61]	[72, 105, 107, 176, 2]	[10005, 10006, 9998, 9997, 9997]	[226, 190, 199, 275, 267]
614	36.0	[209, 191, 45, 116, -123]	[59, -97, -113, 21, -204]	[-174, -15, -10, -8, -180]	[37, -66, -66, -46, -104]	[151, -110, -117, 44, -17]	[-32, -32, 17, -40, 68]	[-44, 55, 6, 81, 64]	[-87, -89, -122, -122, -100]	[-171, -120, -78, -118, -123]	[5, 1, -6, 26, -67]	[33, 118, 131, 180, 119]	[10005, 9998, 9996, 9999, 10003]	[43, 160, 203, 164, 277]
615	36.5	[113, -10, -51, -9, 110]	[-102, -156, -69, 20, 191]	[-170, -63, 30, 3, -192]	[-49, -188, -84, -122, -106]	[135, -91, -99, 20, 48]	[-109, -20, 6, -52, 157]	[-119, 53, 4, 96, 158]	[-67, -111, -123, -99, -174]	[-159, -137, -120, -150, -110]	[-59, -51, -13, -34, -61]	[72, 105, 107, 178, 3]	[10005, 10005, 9999, 9998, 9997]	[226, 190, 199, 275, 267]
616	33.5	[154, 83, 13, 96, -123]	[1, -121, -78, 21, -204]	[-173, -59, 9, -8, -180]	[37, -66, -66, -74, -104]	[151, -108, -111, 24, -17]	[-32, -32, 17, -40, 118]	[-56, 55, 4, 81, 64]	[-87, -89, -123, -100, -100]	[-171, -123, -94, -118, -123]	[5, 1, -6, 26, -67]	[33, 118, 131, 180, 119]	[10005, 9998, 9996, 9999, 10003]	[43, 160, 203, 164, 277]
617	38.0	[113, -10, -51, -9, 110]	[-102, -156, -75, 20, 191]	[-170, -63, 30, 3, -192]	[-49, -188, -84, -122, -106]	[135, -91, -99, 20, 48]	[-109, -20, 6, -52, 157]	[-119, 53, 4, 96, 158]	[-67, -111, -123, -99, -174]	[-159, -137, -120, -150, -110]	[-59, -51, -13, -34, -61]	[72, 105, 107, 178, 3]	[10005, 10005, 9999, 9998, 9997]	[226, 190, 199, 275, 267]
618	33.5	[113, -10, -51, -9, 110]	[-102, -156, -75, 20, 191]	[-170, -63, 30, 3, -192]	[-49, -188, -84, -122, -106]	[135, -91, -99, 20, 48]	[-109, -20, 6, -52, 157]	[-119, 53, 4, 96, 158]	[-67, -111, -123, -99, -174]	[-159, -137, -120, -150, -110]	[-59, -51, -13, -34, -61]	[72, 105, 107, 178, 3]	[10005, 10005, 9999, 9998, 9997]	[226, 190, 199, 275, 267]
619	38.5	[-49, 95, -15, -15, 101]	[-79, -144, -74, 40, 35]	[-107, -55, 9, -12, -84]	[-49, -144, -94, -109, -84]	[116, -95, -109, 43, -73]	[-134, -21, 12, -56, 41]	[-65, 44, 5, 85, 65]	[-84, -137, -123, -115, -159]	[-160, -82, -76, -122, -124]	[45, 7, -10, -52, -51]	[186, 122, 106, 185, 158]	[10006, 10003, 9998, 9992, 9997]	[225, 218, 191, 221, 154]
620	30.5	[113, 8, -31, 5, 103]	[-102, -153, -61, 39, -148]	[-170, -74, 28, 1, -167]	[-10, -140, -78, -102, -107]	[130, -92, -94, 37, 15]	[-71, -20, 12, -52, 157]	[-112, 48, 8, 98, 160]	[-61, -120, -120, -98, -174]	[-166, -153, -120, -141, -111]	[-63, -51, -10, -31, -58]	[73, 105, 107, 178, 6]	[10005, 10006, 9998, 10002, 9998]	[215, 123, 193, 276, 262]
621	37.0	[113, -10, -51, -9, 110]	[-102, -156, -75, 20, 191]	[-170, -63, 30, 3, -192]	[-49, -188, -84, -122, -106]	[135, -91, -99, 20, 48]	[-109, -20, 6, -52, 157]	[-119, 53, 4, 96, 158]	[-67, -111, -123, -99, -174]	[-159, -137, -120, -150, -110]	[-59, -51, -13, -34, -61]	[72, 105, 107, 178, 3]	[10005, 10005, 9999, 9998, 9997]	[226, 190, 199, 275, 267]
622	36.0	[113, -10, -51, -9, 110]	[-102, -156, -75, 20, 191]	[-170, -63, 30, 3, -192]	[-49, -188, -84, -122, -106]	[135, -91, -99, 20, 48]	[-109, -20, 6, -52, 157]	[-119, 53, 4, 96, 158]	[-67, -111, -123, -99, -174]	[-159, -137, -120, -150, -110]	[-59, -51, -12, -21, -61]	[72, 105, 107, 178, 2]	[10005, 10005, 9999, 9998, 9997]	[225, 190, 199, 275, 267]
623	33.0	[113, -10, -51, -9, 110]	[-109, -148, -59, 20, 191]	[-170, -61, 25, 3, -192]	[-49, -188, -88, -104, -84]	[132, -91, -99, 20, 48]	[-109, -20, 6, -48, 122]	[-119, 53, 4, 97, 168]	[-67, -111, -123, -118, -125]	[-159, -137, -120, -150, -110]	[-59, -51, -12, -21, -61]	[72, 105, 107, 178, 2]	[10005, 10005, 9999, 9998, 9997]	[225, 190, 199, 275, 267]
624	32.5	[154, 83, 13, 96, -123]	[1, -121, -78, 21, -204]	[-173, -59, 9, -8, -180]	[37, -66, -66, -74, -104]	[151, -108, -111, 24, -17]	[-32, -17, 16, -49, 118]	[-56, 55, 4, 81, 64]	[-87, -89, -123, -100, -100]	[-171, -123, -94, -118, -123]	[11, 1, -6, 26, -67]	[33, 118, 131, 180, 119]	[10005, 9998, 9996, 9999, 10003]	[43, 160, 203, 164, 277]
625	44.0	[113, 8, -31, 5, 103]	[-102, -153, -61, 39, -148]	[-170, -74, 28, 1, -167]	[-10, -140, -78, -102, -107]	[130, -92, -94, 37, 15]	[-71, -20, 12, -52, 157]	[-112, 48, 8, 101, 160]	[-61, -120, -120, -98, -174]	[-166, -153, -120, -138, -111]	[-63, -51, -10, -31, -58]	[73, 105, 107, 178, 6]	[10005, 10006, 9998, 10002, 9998]	[215, 123, 193, 276, 262]
626	40.5	[115, -29, -20, 46, 103]	[-107, -151, -86, 7, 121]	[-168, -54, 22, 3, -166]	[-45, -187, -89, -70, -71]	[121, -82, -112, 23, 48]	[-106, -12, 10, -43, 137]	[-117, 57, 3, 78, 230]	[-86, -111, -121, -75, -128]	[-162, -136, -95, -120, -110]	[5, -12, -6, -30, -58]	[111, 107, 117, 175, 31]	[10005, 10000, 10000, 9995, 10001]	[160, 165, 177, 210, 173]
627	39.0	[113, 8, -31, 5, 103]	[-102, -153, -61, 39, -148]	[-170, -74, 28, 1, -167]	[-10, -140, -78, -102, -107]	[130, -92, -94, 37, 15]	[-71, -20, 12, -52, 157]	[-112, 48, 8, 101, 160]	[-61, -120, -120, -98, -174]	[-166, -153, -120, -138, -111]	[-63, -51, -10, -31, -58]	[73, 105, 107, 178, 6]	[10005, 10006, 9998, 10002, 9998]	[215, 123, 193, 276, 262]
628	36.0	[63, -9, -41, 68, 98]	[-160, -151, -45, 20, -207]	[-141, -58, 23, -3, -152]	[-41, -170, -92, -98, -81]	[125, -71, -103, 26, 47]	[-72, -21, 15, -39, 84]	[-36, 50, 6, 106, 191]	[-99, -111, -131, -117, -106]	[-164, -111, -127, -93, -133]	[-16, 5, -34, -37, -91]	[114, 132, 119, 171, 42]	[10003, 9984, 9999, 9995, 9991]	[157, 186, 169, 185, 167]
629	31.0	[63, -9, -47, 68, 98]	[-160, -151, -45, 20, -207]	[-150, -61, 23, -3, -152]	[-41, -177, -92, -98, -81]	[132, -71, -103, 26, 47]	[-72, -21, 10, -43, 84]	[-82, 53, 5, 104, 191]	[-85, -111, -131, -117, -106]	[-164, -111, -122, -109, -131]	[-16, 5, -16, -37, -91]	[77, 115, 114, 172, 42]	[10003, 9989, 9999, 9995, 9991]	[157, 186, 182, 185, 167]
630	39.0	[63, -9, -41, 68, 98]	[-126, -145, -45, 20, -207]	[-141, -58, 23, -8, -97]	[-47, -166, -91, -113, -104]	[125, -79, -104, 26, 47]	[-115, -20, 9, -40, 84]	[-109, 51, 5, 97, 191]	[-99, -111, -124, -99, -136]	[-170, -111, -123, -103, -133]	[-16, -29, -15, -37, -91]	[114, 105, 113, 171, 42]	[10004, 9984, 9999, 9995, 9991]	[157, 187, 176, 232, 181]
631	37.0	[-49, 95, -15, -15, 101]	[-79, -144, -74, 40, 35]	[-107, -55, 9, -12, -84]	[-49, -144, -94, -109, -84]	[116, -95, -109, 43, -73]	[-134, -21, 12, -56, 41]	[-65, 44, 5, 85, 65]	[-84, -137, -123, -115, -159]	[-160, -82, -76, -122, -124]	[45, 7, -10, -52, -51]	[152, 129, 107, 185, 158]	[10006, 9997, 9998, 9992, 9997]	[225, 218, 191, 221, 154]
632	37.0	[113, -10, -51, -9, 110]	[-109, -148, -59, 20, 191]	[-170, -61, 25, 3, -192]	[-49, -188, -88, -104, -84]	[132, -91, -99, 20, 48]	[-109, -20, 6, -48, 122]	[-119, 53, 4, 97, 168]	[-67, -111, -123, -118, -125]	[-159, -137, -120, -150, -110]	[-59, -51, -12, -21, -61]	[72, 105, 107, 178, 2]	[10005, 10005, 9999, 9998, 9997]	[225, 190, 199, 275, 267]
633	37.5	[113, 8, -31, 5, 103]	[-102, -153, -61, 39, -154]	[-170, -74, 28, 1, -167]	[-10, -140, -78, -102, -107]	[130, -92, -94, 37, 15]	[-71, -20, 12, -52, 157]	[-112, 48, 8, 98, 160]	[-61, -120, -120, -98, -174]	[-166, -153, -120, -141, -111]	[-63, -51, -10, -31, -58]	[73, 105, 107, 178, 6]	[10005, 10006, 9998, 10008, 9998]	[215, 123, 193, 276, 262]
634	37.0	[63, -9, -36, 50, 98]	[-126, -145, -46, 38, -207]	[-150, -61, 26, -3, -97]	[-47, -143, -90, -112, -87]	[133, -106, -107, 28, 47]	[-118, -20, 13, -49, 70]	[-112, 51, 4, 97, 182]	[-99, -132, -124, -113, -153]	[-164, -86, -82, -114, -133]	[-16, -9, -10, -47, -65]	[114, 105, 113, 171, 42]	[10004, 9984, 9999, 9995, 9991]	[157, 187, 176, 232, 175]
635	37.5	[113, -10, -51, -9, 110]	[-109, -148, -59, 20, 191]	[-170, -61, 25, 3, -192]	[-49, -188, -88, -104, -84]	[132, -91, -99, 20, 48]	[-109, -20, 6, -48, 122]	[-119, 53, 4, 97, 168]	[-67, -111, -123, -118, -125]	[-159, -137, -120, -150, -110]	[-59, -51, -12, -21, -61]	[72, 105, 107, 178, 2]	[10005, 10005, 9999, 9998, 9997]	[225, 190, 199, 275, 267]
636	34.5	[63, -9, -41, 68, 98]	[-126, -145, -45, 20, -207]	[-141, -58, 23, -8, -97]	[-47, -166, -91, -113, -104]	[125, -79, -104, 26, 47]	[-115, -20, 9, -40, 84]	[-109, 51, 5, 97, 191]	[-99, -111, -123, -114, -125]	[-170, -111, -123, -116, -133]	[-16, -29, -15, -27, -69]	[114, 105, 111, 178, 26]	[10004, 9984, 9999, 9995, 9991]	[157, 187, 176, 232, 181]
637	36.5	[-49, 95, -15, -15, 101]	[-79, -144, -74, 40, 35]	[-107, -55, 9, -12, -84]	[-49, -144, -94, -109, -84]	[116, -95, -109, 43, -73]	[-134, -21, 12, -56, 41]	[-65, 44, 5, 85, 65]	[-84, -137, -123, -115, -159]	[-160, -82, -76, -122, -124]	[45, 7, -10, -52, -51]	[152, 129, 107, 185, 158]	[10006, 9997, 9998, 9992, 9997]	[225, 218, 191, 221, 154]
638	44.0	[113, -10, -51, -9, 110]	[-109, -148, -59, 20, 191]	[-170, -61, 25, 3, -192]	[-49, -188, -88, -104, -84]	[132, -91, -99, 20, 48]	[-109, -20, 6, -48, 122]	[-119, 53, 4, 97, 168]	[-67, -111, -123, -118, -125]	[-159, -137, -120, -150, -110]	[-59, -51, -12, -21, -61]	[72, 105, 107, 178, 2]	[10005, 10005, 9999, 9998, 9997]	[225, 190, 199, 275, 267]
639	36.5	[115, -29, -20, -37, 39]	[-107, -155, -35, 18, 186]	[-168, -54, 25, -28, -181]	[-45, -187, -89, -112, -86]	[121, -86, -121, 9, 48]	[-71, -11, 11, -41, 137]	[-93, 53, 6, 87, 164]	[-81, -100, -113, -111, -174]	[-151, -122, -114, -124, -120]	[-62, -54, -6, 5, -51]	[64, 111, 110, 175, 0]	[10005, 10006, 10001, 9997, 10001]	[220, 124, 187, 271, 267]
640	34.5	[63, -9, -36, 44, 98]	[-126, -145, -46, 38, -207]	[-150, -61, 26, -3, -97]	[-47, -143, -90, -112, -87]	[133, -106, -107, 28, 47]	[-118, -20, 13, -49, 70]	[-112, 51, 4, 97, 182]	[-99, -132, -124, -113, -153]	[-164, -86, -82, -114, -133]	[-16, -9, -10, -47, -65]	[114, 105, 113, 171, 42]	[10004, 9984, 9999, 9995, 9991]	[157, 187, 176, 232, 175]
641	38.0	[111, -9, -24, 33, 98]	[-108, -147, -46, 20, 54]	[-141, -59, 19, -2, -160]	[-48, -145, -89, -102, -87]	[125, -86, -103, 28, 47]	[-117, -15, 9, -50, 80]	[-109, 50, 8, 90, 182]	[-75, -118, -121, -100, -171]	[-164, -119, -92, -114, -126]	[-15, -12, -7, -32, -65]	[119, 106, 115, 172, 30]	[10004, 9996, 9999, 9995, 9991]	[157, 187, 176, 232, 175]
642	39.0	[63, -9, -36, 44, 98]	[-126, -145, -46, 38, -207]	[-150, -61, 26, -3, -97]	[-47, -143, -90, -112, -87]	[133, -106, -107, 28, 47]	[-118, -20, 13, -49, 70]	[-112, 51, 4, 97, 182]	[-99, -132, -124, -113, -153]	[-164, -86, -82, -114, -133]	[-16, -9, -10, -47, -65]	[114, 105, 113, 171, 42]	[10004, 9984, 9999, 9995, 9991]	[157, 187, 176, 232, 175]
643	35.0	[63, -9, -41, 68, 98]	[-126, -145, -45, 20, -207]	[-141, -58, 23, -8, -97]	[-47, -166, -80, -102, -107]	[128, -91, -100, 26, 47]	[-115, -20, 9, -52, 84]	[-109, 51, 8, 92, 185]	[-82, -117, -121, -114, -125]	[-168, -119, -115, -114, -133]	[-16, -29, -15, -27, -69]	[114, 105, 111, 178, 26]	[10004, 9984, 10005, 9995, 9991]	[157, 187, 176, 232, 181]
644	35.5	[63, -9, -41, 68, 98]	[-160, -151, -45, 20, -207]	[-141, -58, 23, -3, -152]	[-41, -170, -92, -98, -81]	[125, -71, -103, 26, 47]	[-72, -21, 15, -39, 84]	[-36, 50, 6, 106, 191]	[-99, -111, -131, -117, -106]	[-170, -111, -127, -93, -133]	[-16, 5, -34, -37, -91]	[114, 132, 119, 171, 42]	[10003, 9972, 9999, 9995, 9991]	[157, 186, 169, 185, 167]
645	38.0	[63, -9, -47, 68, 98]	[-160, -151, -45, 20, -207]	[-150, -61, 23, -3, -152]	[-41, -177, -92, -98, -81]	[132, -71, -103, 23, 47]	[-72, -21, 10, -49, 100]	[-82, 54, 5, 104, 191]	[-85, -111, -129, -111, -106]	[-164, -111, -123, -116, -127]	[-16, 5, -16, -37, -91]	[77, 115, 114, 172, 42]	[10003, 9989, 9999, 9995, 9991]	[157, 186, 182, 185, 167]
646	39.0	[-49, -20, -15, 42, 101]	[-79, -151, -82, 40, 35]	[-107, -57, 12, -12, -84]	[-48, -176, -93, -109, -84]	[116, -94, -110, 27, -54]	[-134, -21, 12, -56, 41]	[-65, 44, 7, 96, 168]	[-86, -118, -120, -98, -159]	[-162, -102, -89, -120, -118]	[36, -1, -10, -52, -51]	[94, 116, 108, 185, 158]	[10006, 9997, 9998, 9995, 9997]	[225, 207, 180, 221, 154]
647	37.0	[63, -9, -41, 68, 98]	[-126, -145, -45, 20, -207]	[-141, -58, 23, -8, -97]	[-47, -166, -80, -102, -107]	[128, -91, -100, 26, 47]	[-115, -20, 9, -52, 84]	[-109, 51, 8, 92, 185]	[-82, -117, -121, -114, -125]	[-168, -119, -115, -114, -133]	[-16, -29, -15, -27, -69]	[114, 105, 111, 178, 26]	[10004, 9984, 10005, 9995, 9991]	[157, 187, 176, 232, 181]
648	34.0	[115, -29, -20, 46, 103]	[-107, -151, -86, 7, 121]	[-168, -54, 22, 3, -166]	[-45, -187, -89, -70, -71]	[115, -82, -112, 23, 48]	[-106, -15, 11, -46, 137]	[-116, 49, 8, 92, 230]	[-86, -118, -120, -92, -135]	[-162, -136, -106, -127, -110]	[5, -12, -6, -30, -58]	[111, 107, 117, 177, 31]	[10005, 10003, 10000, 9995, 10001]	[160, 165, 177, 210, 173]
649	34.5	[-49, -20, -15, 42, 101]	[-79, -151, -82, 40, 35]	[-107, -57, 12, -12, -84]	[-48, -176, -93, -109, -84]	[116, -94, -110, 27, -54]	[-134, -21, 12, -56, 41]	[-65, 44, 7, 96, 168]	[-86, -118, -120, -98, -159]	[-162, -102, -89, -120, -118]	[36, -1, -10, -52, -51]	[94, 116, 108, 179, 158]	[10006, 9997, 9998, 9995, 9997]	[225, 207, 180, 221, 154]
650	33.0	[115, -29, -20, 46, 103]	[-107, -148, -86, 7, 121]	[-147, -56, 23, -3, -160]	[-45, -149, -90, -102, -87]	[121, -88, -103, 29, 33]	[-117, -15, 9, -54, 81]	[-114, 48, 8, 96, 121]	[-85, -123, -120, -100, -137]	[-162, -142, -86, -116, -122]	[5, -12, -7, -32, -58]	[101, 106, 115, 172, 31]	[10005, 10000, 9998, 9998, 10001]	[160, 165, 177, 210, 173]
651	35.5	[63, -9, -41, 68, 98]	[-160, -151, -45, 20, -207]	[-141, -61, 23, -4, -152]	[-43, -154, -91, -94, -84]	[125, -81, -105, 28, 43]	[-72, -21, 15, -39, 84]	[-36, 50, 6, 106, 191]	[-99, -111, -131, -117, -106]	[-170, -111, -127, -93, -133]	[-16, 5, -34, -37, -91]	[114, 132, 119, 171, 42]	[10003, 9972, 9999, 9995, 9991]	[157, 186, 169, 185, 167]
652	34.0	[-49, -20, -15, 42, 101]	[-79, -151, -82, 40, 35]	[-107, -57, 12, -12, -84]	[-48, -176, -93, -109, -84]	[116, -94, -110, 27, -54]	[-134, -21, 12, -56, 41]	[-65, 44, 6, 104, 168]	[-85, -121, -120, -108, -159]	[-163, -111, -95, -120, -124]	[9, -1, -10, -52, -51]	[94, 116, 108, 179, 158]	[10006, 9997, 9998, 9995, 9997]	[225, 207, 180, 221, 154]
653	37.5	[-49, -20, -15, 42, 101]	[-79, -151, -82, 40, 35]	[-107, -57, 12, -18, -84]	[-48, -176, -93, -109, -84]	[116, -94, -110, 27, -54]	[-134, -21, 12, -56, 41]	[-65, 44, 7, 96, 168]	[-86, -118, -120, -98, -159]	[-162, -102, -89, -120, -118]	[36, -1, -10, -52, -51]	[94, 116, 108, 179, 158]	[10006, 9997, 9998, 9995, 9997]	[225, 207, 180, 221, 154]
654	39.5	[-49, -20, -15, 42, 101]	[-79, -151, -82, 40, 35]	[-107, -57, 12, -12, -84]	[-47, -175, -92, -109, -85]	[116, -105, -110, 27, -54]	[-124, -20, 12, -50, 41]	[-65, 49, 5, 101, 168]	[-87, -130, -120, -108, -159]	[-163, -111, -95, -120, -124]	[-28, -8, -10, -52, -51]	[94, 116, 109, 171, 75]	[10006, 9997, 9998, 9995, 9997]	[225, 207, 180, 221, 154]
655	35.5	[115, -29, -20, 46, 103]	[-107, -148, -86, 7, 121]	[-147, -56, 23, -3, -160]	[-45, -149, -90, -102, -87]	[121, -88, -103, 29, 33]	[-117, -15, 9, -54, 81]	[-114, 48, 8, 96, 121]	[-85, -123, -120, -100, -137]	[-162, -142, -86, -116, -122]	[5, -12, -7, -32, -58]	[101, 106, 115, 172, 31]	[10005, 10000, 9998, 9998, 10001]	[160, 165, 177, 210, 173]
656	36.0	[115, -29, -20, 46, 103]	[-107, -151, -86, 7, 121]	[-160, -59, 24, -4, -154]	[-45, -149, -91, -92, -87]	[121, -86, -105, 30, 43]	[-103, -21, 14, -54, 148]	[-114, 50, 7, 93, 100]	[-85, -116, -125, -89, -160]	[-162, -142, -127, -114, -116]	[5, -12, -25, -32, -58]	[101, 106, 115, 173, 33]	[10005, 9981, 9998, 9998, 9991]	[160, 165, 177, 210, 173]
657	39.0	[-49, -19, -29, 36, 44]	[-79, -151, -68, 22, 70]	[-107, -59, 15, -12, -84]	[-48, -184, -90, -109, -84]	[121, -92, -113, 14, 38]	[-134, -21, 11, -54, 41]	[-65, 51, 7, 101, 166]	[-85, -119, -114, -111, -159]	[-163, -102, -92, -121, -122]	[-50, -18, -10, -41, -51]	[94, 116, 108, 179, 158]	[10006, 9997, 9998, 9995, 9997]	[225, 207, 180, 221, 154]
658	38.5	[109, -29, -20, 46, 103]	[-107, -151, -86, 7, 121]	[-168, -54, 22, 3, -166]	[-45, -187, -83, -70, -71]	[130, -81, -111, 23, 48]	[-115, -16, 10, -44, 137]	[-92, 54, 7, 100, 225]	[-86, -111, -121, -111, -174]	[-162, -115, -122, -113, -110]	[-47, -12, -6, -30, -58]	[111, 107, 111, 175, 31]	[10005, 9995, 9999, 9995, 10001]	[16, 144, 154, 174, 173]
659	38.5	[115, -29, -20, 46, 103]	[-107, -148, -86, 7, 121]	[-147, -56, 23, -3, -160]	[-45, -149, -90, -102, -87]	[121, -88, -103, 29, 33]	[-117, -15, 9, -54, 81]	[-114, 48, 8, 96, 121]	[-85, -123, -120, -100, -137]	[-162, -142, -86, -116, -122]	[5, -12, -7, -32, -58]	[101, 106, 115, 172, 31]	[10005, 10000, 9998, 9998, 10001]	[160, 165, 177, 210, 173]
660	36.0	[115, -29, -20, 46, 103]	[-107, -148, -86, 7, 121]	[-147, -56, 23, -3, -160]	[-45, -149, -90, -102, -87]	[121, -88, -103, 29, 33]	[-117, -15, 9, -54, 81]	[-114, 48, 8, 96, 121]	[-85, -123, -120, -100, -137]	[-162, -142, -86, -116, -122]	[5, -12, -7, -32, -58]	[101, 106, 115, 172, 31]	[10005, 10000, 9998, 9998, 10001]	[160, 165, 177, 210, 173]
661	36.0	[-49, -19, -29, 36, 44]	[-79, -151, -68, 22, 70]	[-107, -59, 15, -12, -84]	[-48, -190, -90, -109, -84]	[121, -92, -113, 14, 38]	[-134, -21, 11, -54, 41]	[-59, 51, 7, 101, 166]	[-85, -119, -114, -111, -159]	[-163, -102, -92, -121, -122]	[-50, -18, -10, -41, -51]	[94, 116, 108, 179, 158]	[10006, 9997, 9998, 9995, 9997]	[225, 207, 180, 221, 154]
662	36.5	[-49, -19, -29, 1, 41]	[-79, -154, -50, 22, 70]	[-107, -57, 25, -19, -84]	[-46, -187, -91, -117, -84]	[116, -94, -112, 15, 24]	[-111, -21, 12, -51, 41]	[-65, 48, 6, 104, 168]	[-85, -116, -118, -109, -153]	[-163, -115, -105, -120, -130]	[4, -49, -12, -52, -51]	[94, 116, 108, 177, 108]	[10006, 10002, 9998, 9995, 9997]	[225, 207, 180, 221, 154]
663	38.0	[-49, -20, -15, 42, 101]	[-79, -151, -82, 40, 35]	[-107, -57, 12, -12, -84]	[-47, -175, -92, -109, -85]	[116, -105, -110, 27, -54]	[-124, -20, 12, -50, 41]	[-65, 49, 5, 101, 168]	[-87, -130, -120, -108, -159]	[-163, -111, -95, -120, -124]	[-28, -8, -10, -52, -51]	[94, 116, 109, 171, 75]	[10006, 9997, 9998, 9995, 9997]	[225, 207, 180, 221, 154]
664	41.0	[115, -29, -20, 46, 103]	[-107, -151, -86, 7, 121]	[-160, -59, 24, -4, -154]	[-45, -149, -91, -92, -87]	[121, -86, -105, 30, 43]	[-103, -21, 14, -54, 148]	[-114, 50, 7, 93, 100]	[-85, -116, -125, -89, -166]	[-162, -142, -127, -114, -116]	[5, -12, -25, -32, -58]	[101, 106, 115, 173, 33]	[10005, 9981, 9998, 9998, 9991]	[160, 165, 177, 210, 173]
665	34.5	[115, -29, -20, 46, 103]	[-107, -151, -86, 7, 121]	[-160, -59, 24, -4, -154]	[-45, -149, -91, -92, -87]	[121, -86, -105, 30, 43]	[-103, -21, 14, -54, 148]	[-114, 50, 7, 93, 100]	[-85, -116, -125, -89, -166]	[-162, -142, -127, -114, -116]	[5, -12, -25, -32, -58]	[101, 106, 115, 173, 33]	[10005, 9981, 9998, 9998, 9991]	[160, 165, 177, 210, 173]
666	35.5	[87, -18, -33, 44, 98]	[-121, -145, -55, 26, -207]	[-150, -57, 26, -3, -97]	[-47, -187, -87, -100, -76]	[133, -106, -108, 28, 47]	[-118, -20, 13, -46, 92]	[-112, 51, 6, 95, 190]	[-99, -118, -121, -108, -139]	[-164, -116, -113, -122, -133]	[-40, -16, -11, -47, -65]	[112, 107, 112, 172, 26]	[10004, 9984, 10004, 9995, 9991]	[157, 187, 176, 232, 178]
667	36.5	[87, -18, -33, 44, 98]	[-121, -145, -55, 26, -207]	[-150, -57, 26, -3, -97]	[-47, -187, -87, -100, -76]	[133, -106, -108, 28, 47]	[-118, -20, 13, -46, 92]	[-112, 51, 6, 95, 190]	[-99, -118, -121, -108, -139]	[-164, -116, -113, -122, -133]	[-40, -16, -11, -47, -65]	[112, 107, 112, 172, 26]	[10004, 9984, 10004, 9995, 9991]	[157, 187, 176, 232, 178]
668	41.5	[11, -19, -29, 36, 44]	[-79, -151, -50, 16, 70]	[-107, -59, 24, -10, -84]	[-46, -187, -91, -101, -78]	[119, -88, -110, 29, 31]	[-130, -21, 12, -47, 93]	[-83, 50, 8, 98, 203]	[-85, -116, -126, -114, -125]	[-162, -122, -107, -94, -126]	[2, 5, -33, -40, -51]	[94, 116, 108, 179, 158]	[10006, 9997, 9998, 9995, 9997]	[225, 207, 180, 221, 154]
669	41.0	[-49, -20, -15, 42, 101]	[-79, -151, -82, 40, 35]	[-107, -51, 12, -18, -84]	[-48, -176, -93, -109, -84]	[116, -94, -110, 27, -54]	[-134, -21, 12, -56, 41]	[-65, 44, 7, 96, 168]	[-86, -118, -120, -98, -159]	[-162, -102, -89, -120, -118]	[36, -1, -10, -52, -51]	[94, 116, 108, 179, 158]	[10006, 9997, 9998, 9995, 9997]	[225, 207, 180, 221, 154]
670	35.5	[115, -29, -20, 46, 103]	[-107, -148, -86, 7, 121]	[-147, -56, 23, -3, -160]	[-45, -149, -90, -102, -87]	[121, -88, -103, 29, 33]	[-117, -15, 9, -54, 81]	[-114, 48, 8, 96, 121]	[-85, -123, -120, -106, -137]	[-162, -142, -86, -116, -122]	[-36, -15, -7, -32, -58]	[101, 106, 115, 172, 29]	[10005, 10000, 9999, 9998, 10001]	[160, 165, 177, 216, 173]
671	39.0	[-49, -20, -15, 42, 101]	[-79, -151, -82, 40, 35]	[-107, -57, 12, -12, -84]	[-47, -175, -92, -109, -85]	[116, -105, -110, 27, -54]	[-124, -20, 12, -50, 41]	[-65, 49, 5, 101, 168]	[-87, -130, -120, -108, -159]	[-163, -111, -95, -120, -124]	[-28, -8, -10, -52, -51]	[94, 116, 109, 171, 75]	[10006, 9997, 9998, 9995, 9997]	[225, 207, 180, 221, 154]
672	38.5	[11, -19, -29, 36, 44]	[-79, -151, -50, 22, 70]	[-111, -59, 24, -4, -84]	[-46, -168, -91, -94, -80]	[116, -94, -108, 29, 31]	[-129, -21, 10, -52, 122]	[-51, 50, 8, 98, 155]	[-85, -117, -126, -114, -125]	[-162, -122, -126, -97, -126]	[2, 5, -33, -43, -51]	[94, 116, 108, 179, 158]	[10006, 9997, 9998, 9995, 9997]	[225, 207, 180, 221, 154]
673	32.5	[-49, -20, -15, 42, 101]	[-79, -151, -82, 40, 35]	[-107, -57, 12, -12, -84]	[-47, -175, -92, -109, -85]	[116, -105, -110, 27, -54]	[-124, -20, 12, -50, 41]	[-65, 49, 5, 101, 168]	[-87, -130, -120, -108, -159]	[-163, -111, -95, -120, -124]	[-28, -8, -10, -52, -51]	[94, 116, 109, 171, 75]	[10006, 9997, 9998, 9995, 9997]	[225, 207, 180, 221, 154]
674	37.0	[-49, -20, -15, 42, 101]	[-79, -151, -82, 40, 35]	[-107, -57, 12, -12, -84]	[-46, -173, -93, -109, -85]	[116, -95, -110, 27, -54]	[-124, -20, 12, -50, 41]	[-65, 49, 5, 101, 168]	[-87, -130, -120, -108, -159]	[-163, -111, -95, -120, -124]	[-28, -8, -10, -52, -51]	[94, 116, 109, 171, 75]	[10000, 9997, 9998, 9995, 9997]	[225, 207, 180, 221, 154]
675	42.5	[115, -29, -20, 46, 103]	[-107, -148, -86, 7, 121]	[-147, -56, 23, -3, -160]	[-45, -149, -90, -102, -87]	[121, -88, -103, 29, 33]	[-117, -15, 9, -54, 81]	[-114, 48, 8, 96, 121]	[-85, -123, -120, -106, -137]	[-162, -142, -86, -116, -122]	[-36, -15, -7, -32, -58]	[101, 106, 115, 172, 29]	[10005, 10000, 9999, 9998, 10001]	[160, 165, 177, 216, 173]
676	39.5	[11, -19, -29, 36, 44]	[-79, -151, -50, 16, 35]	[-107, -59, 14, -10, -84]	[-46, -187, -91, -107, -78]	[119, -88, -110, 27, 31]	[-130, -21, 12, -49, 83]	[-83, 52, 7, 98, 201]	[-85, -112, -122, -108, -125]	[-162, -111, -109, -88, -126]	[2, 2, -23, -33, -54]	[96, 115, 108, 179, 158]	[10005, 9996, 9999, 9995, 9999]	[225, 207, 180, 221, 154]
677	37.5	[-49, -19, -29, 36, 44]	[-79, -151, -68, 22, 70]	[-107, -61, 25, -12, -84]	[-46, -172, -93, -112, -84]	[116, -94, -112, 18, 30]	[-81, -21, 15, -50, 41]	[-65, 44, 8, 102, 203]	[-87, -120, -114, -109, -154]	[-163, -111, -121, -119, -132]	[9, -1, -10, -45, -63]	[94, 123, 113, 179, 158]	[10006, 9997, 9998, 9995, 9997]	[189, 189, 171, 193, 154]
678	37.0	[-49, -19, -29, 36, 44]	[-79, -151, -68, 22, 70]	[-107, -59, 16, -12, -84]	[-48, -190, -90, -105, -84]	[118, -92, -113, 14, 38]	[-134, -21, 11, -54, 63]	[-54, 50, 8, 101, 159]	[-85, -119, -125, -112, -146]	[-163, -102, -92, -121, -122]	[-50, -18, -10, -41, -51]	[94, 116, 108, 179, 158]	[10006, 9997, 9998, 9995, 9991]	[225, 207, 180, 221, 154]
679	40.5	[11, -19, -23, 36, 44]	[-79, -151, -50, 16, 70]	[-107, -59, 24, -10, -84]	[-46, -187, -91, -101, -78]	[119, -88, -110, 29, 31]	[-130, -21, 12, -47, 93]	[-83, 50, 8, 98, 203]	[-85, -116, -126, -114, -125]	[-162, -122, -107, -88, -126]	[2, 5, -33, -40, -51]	[94, 116, 108, 179, 158]	[10006, 9997, 9998, 9995, 9997]	[225, 207, 180, 221, 154]
680	37.5	[11, -19, -23, 36, 44]	[-79, -151, -50, 16, 70]	[-107, -59, 24, -10, -84]	[-46, -187, -91, -101, -78]	[119, -88, -110, 29, 31]	[-130, -21, 12, -47, 93]	[-83, 50, 8, 98, 203]	[-85, -116, -126, -114, -125]	[-162, -122, -107, -88, -126]	[2, 5, -33, -40, -51]	[94, 116, 108, 179, 158]	[10006, 9997, 9998, 9995, 9997]	[225, 207, 180, 221, 154]
681	33.0	[115, -29, -20, 46, 103]	[-107, -148, -86, 7, 121]	[-147, -56, 23, -3, -160]	[-45, -149, -90, -102, -87]	[121, -88, -103, 29, 33]	[-117, -15, 9, -54, 81]	[-114, 48, 8, 96, 121]	[-85, -123, -120, -106, -137]	[-162, -142, -86, -116, -122]	[-36, -15, -7, -32, -58]	[101, 106, 115, 172, 29]	[10005, 10000, 9999, 9998, 10001]	[160, 165, 177, 216, 173]
682	41.0	[115, -29, -20, 46, 103]	[-107, -148, -86, 7, 121]	[-147, -56, 23, -3, -160]	[-45, -149, -90, -102, -87]	[121, -88, -103, 29, 33]	[-117, -15, 9, -54, 81]	[-114, 48, 7, 96, 121]	[-85, -123, -120, -106, -137]	[-162, -124, -86, -116, -122]	[-24, -13, -7, -32, -58]	[101, 106, 115, 172, 29]	[10005, 10000, 9999, 9998, 10001]	[160, 165, 177, 216, 173]
683	38.0	[11, -19, -29, 36, 44]	[-79, -151, -55, 16, 35]	[-107, -59, 14, -9, -109]	[-45, -187, -91, -93, -72]	[119, -88, -111, 27, 42]	[-119, -21, 12, -50, 83]	[-83, 50, 7, 105, 201]	[-86, -112, -126, -108, -125]	[-162, -103, -103, -88, -126]	[2, 2, -32, -40, -51]	[94, 116, 108, 179, 158]	[10006, 9997, 9998, 9995, 9997]	[225, 207, 180, 221, 154]
684	34.5	[11, -19, -23, 36, 44]	[-79, -151, -50, 16, 70]	[-107, -59, 24, -10, -84]	[-46, -187, -91, -101, -78]	[119, -88, -110, 23, 31]	[-136, -21, 12, -47, 93]	[-83, 50, 8, 98, 203]	[-85, -116, -126, -114, -125]	[-162, -122, -107, -88, -126]	[2, 5, -33, -40, -51]	[94, 116, 108, 179, 158]	[10006, 9997, 9998, 9995, 9997]	[225, 207, 180, 221, 154]
685	33.5	[-49, -19, -23, 38, 55]	[-79, -151, -82, 40, 70]	[-107, -57, 20, -12, -84]	[-47, -173, -93, -111, -85]	[116, -105, -110, 27, -54]	[-124, -20, 12, -50, 41]	[-65, 49, 5, 101, 168]	[-87, -130, -120, -108, -159]	[-163, -111, -95, -120, -124]	[-28, -8, -10, -52, -51]	[94, 116, 109, 171, 75]	[10006, 9997, 9998, 9995, 9997]	[225, 207, 180, 221, 154]
686	34.0	[11, -19, -29, 36, 44]	[-79, -151, -50, 16, 70]	[-107, -59, 24, -10, -84]	[-46, -187, -91, -101, -78]	[119, -88, -110, 27, 46]	[-130, -21, 12, -47, 93]	[-83, 50, 8, 98, 203]	[-85, -116, -126, -114, -125]	[-162, -122, -107, -88, -126]	[2, 5, -33, -40, -51]	[94, 116, 108, 179, 158]	[10006, 9997, 9998, 9995, 9997]	[225, 207, 180, 221, 154]
687	38.5	[115, -29, -20, 46, 103]	[-107, -148, -86, 7, 121]	[-147, -57, 23, -3, -160]	[-45, -149, -90, -102, -87]	[121, -88, -103, 29, 33]	[-117, -15, 9, -54, 81]	[-114, 48, 7, 100, 143]	[-85, -126, -124, -106, -137]	[-162, -124, -90, -117, -122]	[-24, -8, -7, -51, -58]	[101, 106, 115, 172, 29]	[10005, 9994, 9999, 9998, 10001]	[160, 165, 177, 216, 173]
688	37.0	[115, -29, -26, 40, 103]	[-107, -148, -86, 7, 121]	[-148, -57, 24, -3, -160]	[-45, -155, -90, -102, -87]	[121, -88, -103, 29, 33]	[-117, -15, 9, -54, 81]	[-114, 48, 6, 95, 151]	[-85, -123, -120, -106, -137]	[-163, -123, -86, -116, -122]	[5, -13, -7, -47, -53]	[101, 106, 115, 172, 27]	[10004, 9988, 10003, 9996, 10001]	[160, 183, 177, 227, 178]
689	39.0	[-49, -19, -29, 36, 44]	[-79, -151, -68, 22, 70]	[-107, -59, 16, -12, -84]	[-48, -190, -90, -105, -84]	[118, -92, -106, 14, 38]	[-134, -21, 11, -50, 76]	[-54, 48, 8, 99, 159]	[-85, -127, -124, -112, -146]	[-163, -102, -92, -120, -122]	[-39, -18, -10, -40, -51]	[94, 116, 108, 179, 144]	[10006, 9997, 9998, 9995, 9991]	[225, 207, 180, 221, 154]
690	38.5	[-49, -20, -15, 42, 101]	[-79, -151, -85, 11, 72]	[-107, -57, 18, -7, -94]	[-46, -156, -93, -101, -85]	[116, -90, -105, 27, -54]	[-124, -16, 11, -52, 78]	[-65, 48, 6, 99, 159]	[-85, -126, -124, -109, -145]	[-163, -118, -88, -119, -124]	[-28, -15, -7, -39, -51]	[94, 115, 113, 177, 60]	[10000, 9989, 9999, 9997, 9997]	[171, 179, 177, 221, 154]
691	36.0	[11, -19, -29, 36, 44]	[-79, -151, -50, 16, 70]	[-107, -59, 24, -10, -84]	[-46, -187, -91, -101, -78]	[119, -88, -110, 27, 46]	[-130, -21, 12, -47, 93]	[-83, 50, 8, 98, 203]	[-85, -116, -126, -114, -125]	[-162, -122, -107, -88, -126]	[2, 5, -33, -40, -51]	[94, 116, 108, 179, 158]	[10006, 9997, 9998, 9995, 9997]	[225, 207, 180, 221, 154]
692	39.5	[-49, -19, -23, 38, 55]	[-79, -151, -82, 40, 70]	[-107, -57, 20, -12, -84]	[-47, -173, -93, -111, -85]	[116, -105, -110, 27, -54]	[-124, -20, 12, -50, 41]	[-65, 49, 5, 101, 168]	[-87, -130, -120, -108, -159]	[-163, -111, -95, -120, -124]	[-28, -8, -10, -52, -51]	[94, 116, 109, 171, 75]	[10006, 9997, 9998, 9995, 9997]	[225, 207, 180, 221, 154]
693	36.0	[11, -19, -29, 36, 44]	[-79, -151, -50, 16, 70]	[-107, -59, 24, -10, -84]	[-46, -187, -91, -101, -78]	[119, -88, -110, 27, 46]	[-130, -21, 12, -47, 93]	[-83, 50, 8, 98, 203]	[-85, -116, -126, -114, -125]	[-162, -122, -107, -88, -126]	[2, 5, -33, -40, -51]	[94, 116, 108, 179, 158]	[10006, 9997, 9998, 9995, 9997]	[225, 207, 180, 221, 154]
694	35.5	[11, -19, -29, 36, 44]	[-79, -151, -50, 16, 70]	[-107, -59, 24, -10, -84]	[-46, -187, -91, -101, -78]	[119, -88, -110, 27, 46]	[-130, -21, 12, -47, 93]	[-83, 50, 8, 98, 203]	[-85, -116, -126, -114, -125]	[-162, -122, -107, -88, -126]	[2, 5, -33, -40, -51]	[94, 116, 108, 179, 158]	[10006, 9997, 9998, 9995, 9997]	[225, 207, 180, 221, 154]
695	37.0	[-49, -19, -23, 38, 55]	[-79, -151, -82, 40, 70]	[-107, -57, 20, -12, -84]	[-47, -173, -93, -111, -85]	[116, -105, -110, 27, -54]	[-124, -20, 12, -50, 59]	[-65, 49, 5, 102, 174]	[-87, -130, -124, -108, -158]	[-163, -106, -95, -120, -124]	[-13, -5, -30, -52, -51]	[94, 116, 108, 175, 138]	[10006, 9997, 9998, 9995, 9997]	[225, 207, 180, 221, 154]
696	35.5	[11, -19, -29, 36, 44]	[-79, -151, -54, 16, 35]	[-107, -59, 14, -9, -109]	[-45, -187, -91, -93, -72]	[119, -88, -110, 27, 42]	[-125, -21, 12, -47, 83]	[-83, 50, 7, 105, 201]	[-86, -112, -126, -108, -125]	[-162, -103, -103, -88, -126]	[2, 2, -32, -40, -51]	[94, 116, 102, 179, 158]	[10006, 9997, 9998, 9995, 9997]	[225, 207, 180, 221, 154]
697	38.0	[115, -29, -29, 38, 103]	[-117, -150, -79, 24, -71]	[-155, -55, 24, -9, -120]	[-46, -187, -93, -106, -73]	[121, -89, -112, 15, 48]	[-107, -18, 12, -49, 78]	[-116, 45, 8, 98, 217]	[-86, -120, -120, -109, -144]	[-163, -116, -105, -121, -128]	[5, -25, -10, -46, -65]	[111, 117, 108, 179, 153]	[10005, 9997, 9999, 9995, 9995]	[160, 165, 177, 210, 173]
698	38.5	[11, -19, -29, 36, 44]	[-79, -151, -54, 16, 35]	[-107, -59, 14, -9, -109]	[-45, -187, -91, -93, -72]	[119, -88, -110, 27, 42]	[-125, -21, 12, -50, 83]	[-83, 50, 7, 103, 201]	[-86, -116, -126, -108, -125]	[-162, -103, -100, -88, -126]	[2, 2, -32, -40, -51]	[94, 116, 102, 179, 158]	[10006, 9997, 9998, 9995, 9997]	[225, 207, 180, 221, 154]
699	37.5	[-49, -19, -29, 36, 44]	[-79, -151, -68, 22, 70]	[-107, -59, 16, -12, -84]	[-48, -190, -90, -105, -84]	[118, -92, -106, 14, 38]	[-134, -21, 11, -50, 76]	[-54, 48, 8, 99, 159]	[-85, -127, -124, -112, -146]	[-163, -102, -92, -120, -122]	[-39, -18, -10, -40, -51]	[94, 116, 108, 179, 144]	[10006, 9997, 9998, 9995, 9991]	[225, 207, 180, 221, 154]
700	33.5	[11, -19, -29, 36, 44]	[-79, -151, -79, 16, 35]	[-107, -59, 14, -9, -109]	[-45, -187, -91, -93, -72]	[119, -88, -110, 27, 42]	[-125, -21, 12, -47, 83]	[-83, 50, 7, 105, 201]	[-86, -112, -126, -108, -125]	[-162, -103, -103, -88, -126]	[2, 2, -32, -40, -51]	[94, 116, 102, 179, 158]	[10006, 9997, 9998, 9995, 9997]	[225, 207, 180, 221, 154]
701	40.5	[115, -29, -29, 38, 103]	[-88, -151, -79, 24, -71]	[-155, -59, 17, -10, -93]	[-47, -189, -93, -106, -79]	[121, -89, -107, 15, 41]	[-107, -18, 12, -49, 78]	[-116, 45, 8, 98, 217]	[-86, -120, -120, -109, -144]	[-163, -116, -105, -121, -128]	[5, -25, -10, -46, -65]	[111, 117, 108, 179, 178]	[10005, 9997, 9999, 9995, 9995]	[160, 165, 177, 210, 173]
702	42.5	[11, -19, -29, 36, 19]	[-79, -151, -54, 16, 35]	[-107, -59, 14, -9, -109]	[-45, -187, -91, -93, -72]	[119, -88, -110, 27, 42]	[-125, -21, 12, -50, 83]	[-83, 50, 7, 103, 201]	[-86, -116, -126, -108, -125]	[-162, -103, -100, -88, -126]	[2, 2, -32, -40, -51]	[94, 116, 102, 179, 158]	[10006, 9997, 9998, 9995, 9997]	[225, 207, 180, 221, 154]
703	43.5	[11, -19, -29, 36, 44]	[-79, -151, -79, 16, 35]	[-107, -59, 14, -9, -109]	[-45, -187, -91, -93, -72]	[119, -88, -110, 27, 42]	[-125, -21, 12, -47, 83]	[-83, 50, 7, 105, 201]	[-86, -112, -126, -108, -125]	[-162, -103, -103, -88, -126]	[2, 2, -32, -40, -51]	[94, 116, 102, 179, 158]	[10006, 9997, 9998, 9995, 9997]	[225, 207, 180, 221, 154]
704	36.5	[11, -19, -29, 36, 19]	[-79, -151, -54, 16, 35]	[-107, -59, 14, -9, -109]	[-45, -187, -91, -93, -72]	[119, -88, -110, 27, 42]	[-125, -21, 12, -50, 83]	[-83, 50, 7, 103, 201]	[-86, -116, -126, -108, -125]	[-162, -103, -100, -88, -126]	[2, 2, -32, -40, -51]	[94, 116, 102, 179, 158]	[10006, 9997, 9998, 9995, 9997]	[225, 207, 180, 221, 154]
705	34.5	[115, -29, -29, 44, 103]	[-117, -150, -79, 24, -71]	[-161, -55, 24, -9, -120]	[-46, -187, -93, -106, -73]	[121, -89, -112, 15, 48]	[-107, -18, 12, -49, 78]	[-116, 48, 8, 102, 205]	[-85, -120, -121, -109, -151]	[-188, -102, -102, -120, -128]	[5, -24, -10, -40, -57]	[111, 117, 111, 177, 129]	[10005, 9997, 9999, 9995, 9995]	[160, 169, 177, 225, 173]
706	34.5	[11, -19, -29, 36, 44]	[-79, -151, -50, 16, 35]	[-107, -59, 14, -10, -59]	[-46, -187, -91, -113, -78]	[119, -88, -110, 27, 31]	[-130, -21, 12, -43, 89]	[-83, 52, 7, 98, 201]	[-85, -112, -126, -110, -125]	[-162, -111, -109, -88, -126]	[2, 2, -23, -33, -54]	[96, 115, 108, 179, 158]	[10005, 9996, 9999, 9995, 9999]	[225, 207, 186, 221, 154]
707	38.0	[115, -29, -29, 44, 103]	[-117, -150, -79, 24, -71]	[-161, -55, 19, -9, -120]	[-46, -187, -93, -106, -73]	[121, -89, -106, 15, 48]	[-112, -18, 12, -49, 78]	[-84, 48, 8, 102, 205]	[-85, -120, -121, -109, -151]	[-163, -102, -102, -109, -128]	[5, -28, -9, -40, -57]	[111, 117, 111, 177, 129]	[10005, 9997, 9999, 9995, 9995]	[160, 165, 177, 210, 173]
708	38.0	[115, -29, -29, 38, 103]	[-88, -151, -79, 24, -71]	[-155, -59, 17, -10, -93]	[-47, -189, -93, -106, -79]	[121, -89, -107, 15, 41]	[-107, -18, 12, -49, 78]	[-116, 45, 8, 98, 217]	[-86, -120, -120, -109, -144]	[-163, -116, -105, -121, -128]	[5, -25, -10, -46, -65]	[111, 117, 108, 179, 178]	[10005, 9997, 9993, 9995, 9995]	[160, 165, 177, 210, 173]
709	38.0	[115, -29, -29, 44, 103]	[-117, -150, -79, 24, -71]	[-155, -55, 24, -9, -120]	[-46, -187, -93, -106, -73]	[121, -89, -112, 15, 48]	[-117, -20, 13, -49, 71]	[-116, 48, 5, 101, 217]	[-87, -129, -120, -108, -152]	[-163, -115, -102, -120, -127]	[-5, -12, -30, -49, -65]	[111, 116, 108, 178, 129]	[10005, 9997, 10004, 9995, 9996]	[160, 172, 173, 219, 189]
710	36.0	[11, -19, -29, 36, 19]	[-79, -151, -54, 16, 35]	[-107, -59, 14, -9, -109]	[-45, -187, -91, -93, -72]	[119, -88, -110, 27, 42]	[-125, -18, 12, -50, 83]	[-83, 50, 8, 103, 205]	[-86, -118, -124, -108, -125]	[-174, -103, -102, -88, -126]	[2, 2, -32, -40, -51]	[94, 116, 102, 179, 158]	[10006, 9997, 9998, 9995, 9997]	[225, 207, 180, 221, 154]
711	37.5	[115, -29, -29, 44, 103]	[-117, -150, -79, 24, -71]	[-119, -56, 21, -9, -120]	[-46, -187, -93, -104, -73]	[121, -89, -111, 15, 48]	[-125, -19, 12, -49, 82]	[-94, 48, 8, 102, 205]	[-86, -119, -126, -109, -151]	[-188, -103, -102, -113, -128]	[4, -20, -23, -40, -57]	[111, 117, 111, 177, 129]	[10005, 9997, 9999, 9995, 9995]	[160, 169, 177, 225, 173]
712	36.5	[11, -19, -29, 36, 19]	[-79, -151, -54, 16, 35]	[-107, -59, 14, -9, -109]	[-45, -187, -91, -93, -72]	[119, -88, -110, 27, 42]	[-125, -18, 12, -50, 83]	[-83, 50, 8, 103, 205]	[-86, -118, -124, -108, -125]	[-174, -103, -102, -88, -126]	[2, 2, -32, -40, -51]	[94, 116, 102, 179, 158]	[10006, 9997, 9998, 9995, 9997]	[225, 207, 180, 221, 154]
713	39.5	[115, -29, -29, 40, 103]	[-89, -151, -79, 18, -71]	[-155, -59, 17, -10, -93]	[-47, -188, -93, -106, -77]	[120, -89, -108, 15, 41]	[-107, -18, 12, -47, 80]	[-116, 45, 8, 98, 217]	[-86, -120, -120, -109, -144]	[-163, -116, -105, -121, -128]	[5, -25, -10, -46, -65]	[111, 117, 108, 179, 178]	[10005, 9997, 9993, 9995, 9995]	[160, 165, 177, 210, 173]
714	43.0	[115, -29, -29, 40, 103]	[-89, -151, -79, 18, -71]	[-155, -59, 17, -10, -93]	[-47, -188, -93, -106, -77]	[120, -89, -108, 15, 41]	[-107, -18, 12, -47, 80]	[-116, 45, 8, 98, 217]	[-86, -120, -120, -109, -144]	[-163, -116, -105, -121, -128]	[5, -25, -10, -46, -65]	[111, 117, 108, 179, 178]	[10005, 9997, 9993, 9995, 9995]	[160, 165, 177, 210, 173]
715	46.0	[11, -19, -29, 39, 19]	[-79, -151, -63, 22, 35]	[-107, -55, 15, -9, -121]	[-45, -187, -91, -93, -73]	[119, -89, -111, 27, 42]	[-124, -17, 12, -50, 83]	[-83, 50, 7, 100, 155]	[-86, -116, -121, -109, -125]	[-162, -110, -105, -110, -126]	[2, 2, -32, -16, -51]	[94, 116, 104, 179, 158]	[10006, 9997, 9998, 9995, 9997]	[225, 213, 180, 221, 154]
716	36.5	[11, -19, -29, 36, 19]	[-79, -151, -54, 16, 35]	[-107, -59, 14, -9, -109]	[-45, -187, -91, -93, -72]	[119, -88, -110, 25, 46]	[-125, -20, 12, -49, 83]	[-83, 50, 7, 103, 202]	[-86, -116, -121, -108, -125]	[-162, -103, -102, -95, -127]	[2, 2, -32, -40, -53]	[94, 116, 106, 179, 158]	[10006, 9997, 9998, 9995, 9997]	[225, 213, 180, 221, 154]
717	36.0	[115, -29, -29, 44, 103]	[-117, -150, -79, 24, -71]	[-161, -55, 13, -9, -120]	[-46, -187, -93, -102, -74]	[121, -89, -106, 15, 38]	[-112, -18, 12, -47, 80]	[-115, 48, 8, 102, 205]	[-85, -120, -121, -109, -145]	[-163, -104, -102, -111, -128]	[5, -27, -10, -40, -57]	[111, 117, 109, 178, 150]	[10005, 9997, 9999, 9995, 9995]	[160, 165, 177, 210, 173]
718	36.5	[115, -29, -29, 44, 103]	[-117, -150, -79, 24, -71]	[-155, -55, 20, -11, -120]	[-46, -177, -93, -109, -76]	[121, -114, -112, 17, 48]	[-122, -20, 12, -49, 71]	[-116, 45, 8, 98, 217]	[-86, -119, -118, -109, -151]	[-163, -116, -114, -123, -128]	[5, -18, -10, -46, -65]	[111, 117, 109, 178, 129]	[10005, 9997, 9999, 9995, 9995]	[160, 165, 177, 210, 173]
719	40.0	[115, -25, -29, 36, 103]	[-79, -151, -71, 17, -71]	[-152, -59, 17, -9, -93]	[-47, -188, -91, -106, -77]	[120, -89, -110, 19, 42]	[-121, -18, 12, -48, 80]	[-116, 49, 8, 102, 211]	[-86, -120, -120, -109, -144]	[-171, -103, -105, -121, -128]	[5, -25, -10, -46, -52]	[111, 117, 108, 179, 178]	[10005, 9997, 9993, 9995, 9995]	[160, 165, 177, 210, 173]
720	41.0	[115, -29, -29, 44, 103]	[-117, -150, -79, 24, -71]	[-155, -55, 20, -11, -120]	[-46, -177, -93, -109, -76]	[121, -114, -112, 17, 48]	[-122, -20, 12, -49, 71]	[-116, 45, 8, 98, 217]	[-86, -119, -118, -109, -151]	[-163, -116, -114, -123, -128]	[5, -18, -10, -46, -65]	[111, 117, 109, 178, 129]	[10005, 9997, 9999, 9995, 9995]	[160, 165, 177, 210, 173]
721	36.5	[11, -19, -29, 36, 19]	[-79, -151, -54, 16, 35]	[-120, -59, 14, -9, -109]	[-45, -187, -92, -106, -72]	[119, -89, -110, 17, 39]	[-125, -20, 12, -48, 83]	[-83, 50, 8, 103, 202]	[-86, -120, -120, -108, -125]	[-162, -103, -102, -95, -127]	[2, 2, -25, -40, -53]	[94, 116, 106, 179, 158]	[10006, 9997, 9998, 9995, 9997]	[225, 213, 180, 221, 154]
722	38.5	[115, -25, -29, 36, 103]	[-79, -151, -71, 17, -71]	[-152, -59, 17, -9, -93]	[-47, -188, -91, -106, -77]	[120, -89, -110, 19, 42]	[-121, -18, 12, -48, 80]	[-116, 46, 8, 101, 211]	[-86, -120, -119, -109, -144]	[-166, -110, -105, -121, -128]	[5, -25, -10, -46, -61]	[111, 117, 108, 179, 178]	[10005, 9997, 9993, 9995, 9995]	[160, 165, 177, 210, 173]
723	38.0	[11, -19, -29, 36, 19]	[-79, -151, -54, 16, 35]	[-107, -59, 14, -9, -109]	[-45, -187, -91, -93, -72]	[119, -88, -110, 25, 46]	[-125, -20, 12, -49, 83]	[-83, 50, 7, 103, 202]	[-86, -116, -121, -108, -125]	[-162, -103, -102, -95, -127]	[2, 2, -32, -40, -53]	[94, 116, 106, 179, 158]	[10006, 9997, 9998, 9995, 9997]	[225, 213, 180, 221, 154]
724	37.0	[11, -19, -29, 36, 19]	[-79, -151, -54, 16, 35]	[-107, -59, 14, -9, -110]	[-46, -188, -93, -93, -72]	[119, -89, -109, 16, 41]	[-125, -20, 12, -48, 83]	[-83, 50, 8, 103, 205]	[-86, -124, -124, -114, -125]	[-174, -103, -102, -88, -126]	[2, 2, -32, -40, -51]	[94, 116, 102, 179, 158]	[10006, 9997, 10004, 9995, 9997]	[225, 207, 180, 221, 154]
725	39.0	[115, -29, -29, 44, 103]	[-117, -150, -67, 22, -19]	[-119, -56, 20, -9, -120]	[-45, -187, -91, -104, -73]	[120, -89, -111, 15, 48]	[-125, -19, 12, -49, 82]	[-88, 56, 8, 102, 205]	[-86, -119, -126, -109, -151]	[-188, -103, -101, -88, -128]	[4, -16, -32, -40, -57]	[111, 117, 108, 177, 129]	[10005, 9997, 9998, 9995, 9996]	[160, 169, 177, 225, 173]
726	40.5	[11, -19, -29, 36, 44]	[-79, -151, -50, 16, 35]	[-107, -59, 14, -10, -59]	[-46, -187, -91, -113, -78]	[119, -89, -110, 27, 39]	[-130, -21, 12, -43, 89]	[-83, 52, 7, 98, 201]	[-85, -112, -126, -110, -125]	[-162, -111, -109, -88, -126]	[2, 2, -23, -33, -54]	[96, 115, 108, 179, 158]	[10005, 9996, 9999, 9995, 9999]	[225, 207, 186, 221, 148]
727	40.5	[11, -19, -29, 36, 30]	[-79, -151, -56, 16, 35]	[-107, -59, 14, -10, -59]	[-46, -187, -91, -108, -77]	[119, -88, -110, 27, 31]	[-130, -21, 12, -43, 89]	[-83, 52, 7, 98, 201]	[-85, -112, -126, -110, -125]	[-162, -111, -109, -88, -126]	[2, 2, -23, -33, -54]	[96, 115, 108, 179, 158]	[10005, 9996, 9999, 9995, 10005]	[225, 207, 186, 221, 148]
728	36.0	[68, -24, -29, 39, 19]	[-96, -151, -63, 22, 35]	[-107, -55, 15, -9, -119]	[-45, -187, -91, -93, -73]	[119, -89, -111, 19, 42]	[-130, -20, 12, -49, 82]	[-83, 50, 8, 102, 203]	[-86, -116, -121, -108, -125]	[-162, -103, -101, -88, -128]	[2, 2, -32, -40, -57]	[94, 116, 102, 177, 158]	[10006, 9997, 9998, 10001, 9997]	[225, 213, 180, 221, 154]
729	40.0	[105, -21, -29, 36, 70]	[-79, -151, -54, 16, 35]	[-107, -59, 16, -9, -106]	[-46, -187, -91, -95, -72]	[113, -88, -110, 22, 44]	[-125, -20, 12, -49, 83]	[-99, 50, 7, 102, 206]	[-86, -117, -121, -108, -125]	[-162, -103, -105, -119, -127]	[2, -14, -24, -41, -55]	[94, 116, 106, 179, 159]	[10006, 9997, 9998, 9995, 9997]	[225, 213, 180, 221, 154]
730	33.0	[115, -29, -29, 44, 103]	[-117, -150, -67, 22, -19]	[-119, -56, 20, -9, -120]	[-45, -187, -91, -104, -73]	[120, -89, -111, 15, 48]	[-125, -19, 12, -49, 82]	[-88, 56, 8, 102, 205]	[-86, -119, -126, -109, -151]	[-188, -103, -101, -88, -128]	[4, -16, -32, -46, -57]	[111, 117, 108, 177, 129]	[10005, 9997, 9998, 9995, 9996]	[160, 169, 177, 225, 173]
731	43.0	[105, -21, -29, 36, 70]	[-79, -151, -54, 16, 35]	[-107, -59, 16, -9, -106]	[-46, -187, -91, -95, -72]	[113, -88, -110, 22, 44]	[-125, -20, 12, -49, 83]	[-99, 50, 7, 102, 206]	[-86, -117, -121, -108, -125]	[-162, -103, -105, -119, -127]	[2, -14, -24, -41, -55]	[94, 116, 106, 179, 159]	[10006, 9997, 9998, 9995, 9997]	[225, 213, 180, 221, 154]
732	37.5	[115, -29, -29, 44, 103]	[-117, -150, -67, 22, -19]	[-119, -56, 20, -9, -120]	[-45, -187, -91, -104, -73]	[120, -89, -111, 15, 48]	[-125, -19, 12, -49, 82]	[-88, 56, 8, 102, 205]	[-86, -119, -126, -109, -151]	[-188, -103, -101, -88, -128]	[4, -16, -32, -46, -57]	[111, 117, 108, 177, 129]	[10005, 9997, 9998, 9995, 9996]	[160, 169, 177, 225, 173]
733	36.5	[11, -19, -29, 36, 44]	[-79, -151, -50, 16, 35]	[-107, -59, 14, -10, -59]	[-46, -187, -91, -113, -78]	[119, -89, -110, 27, 39]	[-130, -21, 12, -43, 89]	[-83, 52, 7, 98, 201]	[-85, -112, -126, -110, -125]	[-162, -111, -109, -88, -126]	[2, 2, -23, -33, -54]	[96, 115, 108, 179, 158]	[10005, 9996, 9999, 9995, 9999]	[225, 207, 186, 221, 148]
734	39.0	[115, -29, -29, 44, 103]	[-117, -150, -67, 22, -19]	[-119, -56, 20, -9, -120]	[-45, -187, -91, -104, -73]	[120, -89, -111, 15, 48]	[-125, -19, 12, -49, 82]	[-88, 56, 8, 102, 205]	[-86, -119, -126, -109, -151]	[-188, -103, -101, -88, -128]	[4, -16, -32, -46, -57]	[111, 117, 108, 177, 129]	[10005, 9997, 9998, 9995, 9996]	[160, 169, 177, 225, 173]
735	37.5	[115, -29, -29, 44, 103]	[-117, -150, -73, 24, -65]	[-130, -56, 20, -9, -120]	[-46, -187, -93, -102, -74]	[121, -89, -106, 15, 42]	[-112, -16, 12, -50, 80]	[-66, 48, 8, 100, 175]	[-85, -120, -121, -109, -146]	[-163, -107, -102, -114, -126]	[5, -22, -19, -40, -57]	[111, 117, 109, 178, 150]	[10005, 9997, 9999, 9995, 9995]	[160, 165, 177, 210, 173]
736	35.0	[11, -19, -29, 42, 29]	[-79, -151, -56, 16, 35]	[-107, -59, 14, -9, -63]	[-46, -187, -91, -108, -77]	[119, -88, -110, 27, 31]	[-130, -21, 12, -43, 89]	[-83, 52, 7, 98, 195]	[-85, -112, -126, -110, -125]	[-162, -111, -109, -88, -126]	[2, 2, -23, -33, -54]	[96, 115, 108, 179, 158]	[10005, 9996, 9999, 9995, 10005]	[225, 207, 186, 221, 148]
737	36.5	[115, -29, -29, 44, 103]	[-117, -150, -67, 22, -19]	[-119, -56, 20, -9, -120]	[-45, -187, -91, -104, -73]	[120, -89, -111, 15, 48]	[-125, -19, 12, -49, 82]	[-88, 56, 8, 102, 205]	[-86, -119, -126, -109, -151]	[-188, -103, -101, -88, -128]	[4, -16, -32, -46, -57]	[111, 117, 108, 177, 129]	[10005, 9997, 9998, 9995, 9996]	[160, 169, 177, 225, 173]
738	36.0	[115, -29, -29, 44, 103]	[-117, -150, -79, 24, -77]	[-161, -55, 13, -9, -120]	[-40, -187, -92, -104, -74]	[121, -90, -106, 14, 38]	[-112, -19, 11, -51, 80]	[-100, 49, 8, 99, 182]	[-85, -116, -123, -110, -138]	[-163, -106, -101, -92, -122]	[1, -3, -32, -40, -57]	[111, 117, 106, 177, 158]	[10005, 9997, 9999, 9999, 9995]	[160, 180, 180, 221, 169]
739	37.0	[115, -29, -29, 44, 103]	[-117, -150, -67, 22, -19]	[-119, -56, 20, -9, -120]	[-45, -187, -91, -104, -73]	[120, -89, -111, 15, 48]	[-125, -19, 12, -49, 82]	[-88, 56, 8, 102, 205]	[-86, -119, -126, -109, -151]	[-188, -103, -101, -88, -128]	[4, -16, -32, -46, -57]	[111, 117, 108, 177, 129]	[10005, 9997, 9998, 9995, 9996]	[160, 169, 177, 225, 173]
740	37.0	[115, -29, -29, 41, 103]	[-117, -150, -79, 24, 27]	[-161, -55, 13, -9, -120]	[-40, -187, -92, -104, -74]	[121, -90, -106, 14, 38]	[-112, -19, 11, -51, 80]	[-115, 48, 8, 99, 182]	[-85, -122, -123, -110, -139]	[-163, -106, -101, -111, -122]	[1, -3, -32, -40, -57]	[111, 117, 106, 177, 154]	[10005, 9997, 9999, 9995, 9995]	[160, 165, 177, 210, 173]
741	41.5	[115, -29, -29, 44, 103]	[-117, -150, -71, 24, -71]	[-161, -55, 13, -9, -113]	[-40, -187, -91, -104, -74]	[121, -90, -110, 20, 37]	[-112, -19, 11, -50, 81]	[-115, 48, 8, 100, 168]	[-85, -122, -124, -112, -136]	[-163, -105, -96, -110, -128]	[5, -27, -17, -40, -57]	[96, 117, 109, 178, 150]	[10005, 9997, 9999, 9995, 9995]	[208, 175, 177, 210, 173]
742	37.0	[115, -29, -29, 44, 103]	[-117, -150, -79, 24, -77]	[-161, -55, 13, -9, -120]	[-40, -187, -92, -104, -74]	[121, -90, -106, 14, 38]	[-112, -19, 11, -51, 80]	[-100, 49, 8, 99, 182]	[-85, -116, -123, -110, -138]	[-163, -106, -101, -92, -122]	[1, -3, -32, -40, -57]	[111, 117, 106, 177, 158]	[10005, 9997, 9999, 9999, 9995]	[160, 180, 180, 221, 169]
743	37.5	[115, -29, -29, 41, 103]	[-117, -150, -79, 24, 27]	[-161, -55, 13, -9, -120]	[-40, -187, -92, -104, -74]	[121, -90, -106, 14, 38]	[-112, -19, 11, -51, 80]	[-115, 48, 8, 99, 182]	[-85, -122, -123, -110, -139]	[-163, -106, -101, -111, -122]	[1, -3, -26, -40, -57]	[111, 117, 106, 177, 154]	[10005, 9997, 9999, 9995, 9995]	[160, 165, 177, 210, 173]
744	36.0	[11, -19, -29, 36, 19]	[-79, -151, -54, 16, 35]	[-159, -55, 13, -9, -109]	[-45, -187, -99, -102, -73]	[121, -89, -109, 17, 39]	[-122, -20, 12, -48, 83]	[-66, 50, 8, 101, 185]	[-86, -120, -121, -109, -133]	[-162, -104, -102, -102, -127]	[3, -14, -22, -40, -53]	[94, 116, 108, 179, 158]	[10006, 9997, 9998, 9995, 9997]	[225, 213, 180, 221, 154]
745	37.0	[115, -29, -29, 44, 103]	[-117, -150, -79, 24, -77]	[-161, -55, 13, -9, -120]	[-40, -187, -92, -104, -74]	[121, -90, -106, 14, 38]	[-112, -19, 11, -51, 80]	[-100, 49, 8, 99, 182]	[-85, -116, -123, -110, -138]	[-163, -106, -101, -92, -122]	[1, -3, -32, -40, -57]	[111, 117, 106, 177, 158]	[10005, 9997, 9999, 9993, 9995]	[160, 180, 180, 221, 169]
746	46.0	[115, -29, -29, 44, 103]	[-117, -150, -79, 24, -77]	[-161, -55, 13, -9, -120]	[-40, -187, -92, -104, -74]	[121, -90, -106, 14, 38]	[-112, -19, 11, -51, 80]	[-100, 49, 8, 99, 182]	[-85, -116, -123, -110, -138]	[-163, -106, -101, -92, -122]	[1, -3, -32, -40, -57]	[111, 117, 106, 177, 158]	[10005, 9997, 9999, 9993, 9995]	[160, 180, 180, 221, 169]
747	38.5	[62, -22, -29, 42, 94]	[-117, -151, -56, 16, -40]	[-130, -57, 14, -10, -120]	[-40, -187, -92, -107, -74]	[121, -89, -110, 19, 38]	[-129, -19, 12, -47, 81]	[-115, 49, 8, 99, 169]	[-85, -122, -123, -111, -139]	[-163, -106, -99, -107, -128]	[2, -2, -10, -40, -57]	[111, 117, 109, 178, 150]	[10005, 9997, 9999, 9995, 9995]	[208, 175, 177, 210, 173]
748	40.0	[84, -25, -29, 44, 103]	[-117, -151, -66, 22, -19]	[-119, -56, 20, -9, -120]	[-45, -187, -91, -104, -74]	[120, -89, -111, 15, 48]	[-125, -19, 12, -49, 82]	[-88, 56, 8, 102, 205]	[-86, -119, -126, -109, -151]	[-188, -103, -101, -88, -128]	[4, -16, -32, -46, -57]	[111, 117, 108, 177, 129]	[10005, 9997, 9998, 9995, 9996]	[160, 169, 177, 225, 173]
749	37.0	[11, -19, -29, 36, 19]	[-79, -151, -54, 16, 35]	[-120, -59, 14, -9, -109]	[-45, -187, -99, -99, -72]	[119, -89, -110, 17, 39]	[-125, -20, 12, -48, 83]	[-66, 42, 8, 103, 204]	[-86, -120, -126, -109, -125]	[-162, -104, -98, -103, -127]	[3, -14, -22, -40, -53]	[94, 116, 108, 179, 158]	[10006, 9997, 9998, 9995, 9997]	[225, 213, 180, 221, 154]
750	38.0	[84, -25, -29, 44, 103]	[-117, -151, -66, 22, -19]	[-119, -56, 20, -9, -120]	[-45, -187, -91, -104, -74]	[120, -89, -111, 15, 48]	[-125, -19, 12, -49, 82]	[-88, 56, 8, 102, 205]	[-86, -119, -126, -109, -151]	[-188, -103, -101, -88, -128]	[4, -16, -32, -46, -57]	[111, 117, 108, 177, 129]	[10005, 9997, 9998, 9995, 9996]	[160, 169, 177, 225, 173]
751	38.5	[115, -29, -29, 44, 103]	[-117, -150, -73, 22, -19]	[-119, -56, 20, -9, -113]	[-46, -187, -91, -98, -72]	[120, -89, -111, 16, 43]	[-125, -19, 12, -49, 82]	[-88, 50, 8, 101, 205]	[-86, -119, -126, -108, -149]	[-188, -103, -101, -88, -128]	[4, -27, -15, -44, -57]	[111, 117, 108, 178, 148]	[10005, 9997, 9998, 9995, 9996]	[160, 169, 177, 225, 173]
752	42.5	[105, -21, -29, 36, 70]	[-79, -151, -60, 16, 35]	[-107, -58, 16, -9, -106]	[-45, -187, -98, -95, -72]	[114, -89, -110, 22, 44]	[-122, -20, 12, -48, 83]	[-99, 50, 7, 102, 206]	[-86, -117, -121, -108, -125]	[-162, -103, -99, -119, -127]	[2, -14, -24, -41, -55]	[94, 116, 106, 179, 159]	[10006, 9997, 9992, 9995, 9997]	[225, 213, 180, 221, 154]
753	39.5	[115, -29, -29, 44, 103]	[-117, -150, -73, 24, -65]	[-130, -56, 20, -9, -120]	[-46, -187, -97, -102, -74]	[121, -89, -106, 15, 42]	[-112, -16, 12, -48, 80]	[-66, 50, 8, 101, 175]	[-85, -120, -121, -109, -146]	[-163, -105, -102, -115, -126]	[5, -22, -19, -40, -57]	[111, 117, 109, 177, 153]	[10005, 9997, 9999, 9995, 9995]	[160, 165, 177, 210, 173]
754	34.5	[115, -29, -29, 44, 103]	[-117, -150, -71, 24, -71]	[-161, -55, 13, -9, -113]	[-40, -187, -91, -104, -74]	[121, -90, -104, 20, 37]	[-112, -19, 11, -50, 81]	[-115, 48, 8, 100, 168]	[-85, -122, -124, -112, -136]	[-163, -105, -96, -110, -128]	[5, -27, -17, -40, -57]	[96, 117, 109, 178, 150]	[10005, 9997, 9999, 9995, 9995]	[208, 175, 177, 210, 173]
755	47.5	[115, -29, -29, 44, 103]	[-117, -150, -73, 24, -65]	[-130, -56, 20, -9, -120]	[-52, -187, -91, -100, -73]	[120, -89, -109, 15, 42]	[-112, -19, 12, -50, 80]	[-66, 48, 8, 100, 182]	[-86, -120, -121, -109, -146]	[-163, -103, -103, -119, -126]	[4, -22, -19, -40, -57]	[111, 117, 109, 178, 148]	[10005, 9997, 9999, 9995, 9996]	[160, 165, 177, 210, 173]
756	34.5	[62, -22, -29, 42, 94]	[-117, -151, -56, 16, -40]	[-130, -57, 14, -16, -120]	[-40, -187, -92, -107, -74]	[121, -89, -110, 19, 38]	[-129, -19, 12, -47, 81]	[-115, 49, 8, 99, 169]	[-85, -122, -123, -117, -139]	[-163, -106, -99, -107, -128]	[2, -2, -10, -40, -57]	[111, 123, 109, 178, 150]	[10005, 9997, 9999, 9995, 9995]	[208, 175, 177, 210, 173]
757	41.5	[115, -29, -29, 44, 103]	[-117, -150, -73, 23, -77]	[-161, -57, 15, -9, -120]	[-42, -187, -92, -106, -74]	[121, -90, -106, 16, 38]	[-112, -18, 12, -51, 80]	[-100, 49, 8, 99, 182]	[-85, -116, -123, -110, -138]	[-178, -103, -101, -92, -122]	[1, -3, -32, -41, -57]	[111, 117, 106, 177, 153]	[10005, 9997, 9998, 9994, 9995]	[160, 180, 177, 221, 169]
758	33.0	[115, -29, -29, 44, 103]	[-117, -150, -73, 24, -65]	[-130, -56, 20, -9, -120]	[-46, -187, -97, -102, -74]	[121, -89, -106, 15, 42]	[-112, -16, 12, -48, 80]	[-66, 50, 8, 101, 175]	[-85, -120, -121, -109, -146]	[-163, -105, -102, -115, -126]	[5, -22, -19, -40, -57]	[111, 117, 109, 177, 153]	[10005, 9997, 9999, 9995, 9995]	[160, 165, 177, 210, 173]
759	37.5	[62, -22, -29, 42, 94]	[-117, -151, -56, 16, -40]	[-130, -57, 14, -16, -120]	[-40, -187, -92, -107, -74]	[121, -89, -110, 19, 38]	[-129, -19, 12, -47, 81]	[-115, 49, 8, 99, 169]	[-85, -122, -123, -117, -139]	[-163, -106, -99, -107, -128]	[2, -2, -10, -40, -57]	[111, 123, 109, 178, 150]	[10005, 9997, 9999, 9995, 9995]	[208, 175, 177, 210, 173]
760	41.0	[115, -29, -29, 44, 103]	[-117, -150, -73, 22, -19]	[-119, -57, 17, -9, -113]	[-42, -187, -91, -107, -73]	[120, -89, -111, 16, 43]	[-125, -19, 12, -49, 88]	[-88, 50, 8, 101, 205]	[-92, -119, -126, -108, -149]	[-188, -103, -101, -88, -128]	[4, -27, -19, -42, -57]	[111, 117, 106, 178, 148]	[10005, 9997, 9999, 9993, 9996]	[160, 169, 177, 225, 173]
761	37.5	[115, -29, -29, 44, 103]	[-117, -150, -73, 23, -77]	[-161, -57, 15, -9, -120]	[-42, -187, -92, -106, -74]	[121, -90, -106, 16, 38]	[-112, -18, 12, -51, 80]	[-100, 49, 8, 99, 182]	[-85, -116, -123, -110, -138]	[-178, -103, -101, -92, -122]	[1, -3, -32, -41, -57]	[111, 117, 106, 177, 153]	[10005, 9997, 9998, 9994, 9995]	[160, 180, 177, 221, 169]
762	41.0	[115, -29, -29, 44, 103]	[-117, -150, -73, 23, -77]	[-161, -57, 15, -9, -120]	[-42, -187, -92, -106, -74]	[121, -90, -106, 16, 38]	[-112, -18, 12, -51, 80]	[-100, 49, 8, 99, 182]	[-85, -116, -123, -110, -138]	[-178, -103, -101, -92, -122]	[1, -3, -32, -41, -57]	[111, 117, 106, 177, 153]	[10005, 9997, 9998, 9994, 9995]	[160, 180, 177, 221, 169]
763	34.0	[115, -29, -29, 44, 103]	[-117, -150, -73, 22, -19]	[-119, -57, 17, -9, -113]	[-42, -187, -91, -107, -73]	[120, -89, -111, 16, 43]	[-125, -19, 12, -49, 88]	[-88, 50, 8, 101, 205]	[-92, -119, -126, -108, -149]	[-188, -103, -101, -88, -128]	[4, -27, -13, -42, -57]	[111, 117, 106, 178, 148]	[10005, 9997, 9999, 9993, 9996]	[160, 169, 177, 225, 173]
764	36.5	[115, -29, -29, 44, 103]	[-117, -150, -73, 22, -19]	[-119, -56, 20, -9, -120]	[-45, -187, -91, -104, -73]	[120, -89, -111, 15, 48]	[-125, -19, 12, -49, 82]	[-88, 56, 8, 102, 205]	[-86, -119, -126, -109, -151]	[-188, -103, -102, -88, -128]	[4, -20, -16, -41, -57]	[111, 117, 108, 178, 148]	[10005, 9997, 9999, 9995, 9996]	[160, 169, 177, 210, 173]
765	36.0	[115, -20, -29, 44, 103]	[-96, -150, -73, 24, -65]	[-137, -56, 20, -9, -120]	[-49, -187, -95, -103, -73]	[120, -89, -106, 15, 44]	[-119, -17, 12, -50, 80]	[-66, 54, 8, 100, 175]	[-85, -118, -124, -109, -146]	[-188, -103, -102, -103, -126]	[5, -17, -17, -40, -57]	[100, 116, 109, 178, 153]	[10005, 9997, 10001, 9995, 9995]	[170, 165, 177, 210, 173]
766	42.0	[115, -29, -29, 44, 103]	[-117, -150, -73, 22, -19]	[-119, -56, 20, -9, -120]	[-45, -187, -91, -104, -73]	[120, -89, -111, 15, 48]	[-125, -19, 12, -49, 82]	[-88, 55, 8, 102, 205]	[-86, -119, -126, -109, -151]	[-188, -103, -102, -88, -128]	[4, -20, -16, -41, -57]	[111, 117, 108, 178, 148]	[10005, 9997, 9999, 9995, 9996]	[160, 169, 177, 210, 173]
767	35.5	[84, -25, -29, 44, 103]	[-117, -151, -66, 22, -19]	[-119, -56, 20, -9, -120]	[-45, -187, -91, -104, -74]	[120, -89, -111, 15, 48]	[-125, -19, 12, -49, 80]	[-70, 56, 8, 102, 205]	[-86, -120, -126, -109, -151]	[-188, -103, -101, -88, -128]	[4, -16, -29, -44, -57]	[111, 117, 108, 177, 129]	[10005, 9997, 9999, 9995, 9996]	[160, 169, 177, 225, 173]
768	33.0	[84, -25, -29, 44, 103]	[-117, -151, -66, 22, -19]	[-119, -56, 20, -9, -120]	[-45, -187, -91, -104, -74]	[120, -89, -111, 15, 48]	[-125, -19, 12, -49, 80]	[-70, 56, 8, 102, 205]	[-86, -120, -126, -109, -151]	[-188, -103, -101, -88, -128]	[4, -16, -29, -44, -57]	[111, 117, 108, 177, 129]	[10005, 9997, 9999, 9995, 9996]	[160, 169, 177, 225, 173]
769	34.0	[115, -29, -29, 44, 103]	[-117, -150, -71, 24, -71]	[-161, -55, 13, -9, -113]	[-40, -187, -91, -104, -74]	[121, -90, -104, 14, 37]	[-112, -25, 11, -50, 81]	[-115, 48, 8, 100, 168]	[-85, -122, -124, -112, -136]	[-163, -105, -96, -110, -128]	[5, -27, -17, -40, -57]	[96, 117, 109, 178, 150]	[10005, 9997, 9999, 9995, 9995]	[208, 175, 177, 210, 173]
770	34.0	[115, -20, -29, 44, 103]	[-96, -150, -73, 24, -65]	[-137, -56, 20, -9, -120]	[-49, -187, -89, -103, -73]	[120, -89, -109, 15, 44]	[-119, -19, 12, -50, 80]	[-66, 54, 8, 100, 175]	[-85, -118, -124, -109, -146]	[-188, -103, -102, -103, -126]	[5, -17, -17, -40, -57]	[100, 116, 109, 178, 153]	[10005, 9997, 10001, 9995, 9995]	[170, 165, 177, 210, 173]
771	38.0	[115, -29, -29, 44, 103]	[-117, -150, -71, 24, -71]	[-161, -55, 13, -9, -113]	[-40, -187, -91, -104, -74]	[121, -90, -104, 14, 37]	[-112, -25, 11, -50, 81]	[-115, 48, 8, 100, 168]	[-85, -122, -124, -112, -136]	[-163, -105, -96, -110, -128]	[5, -27, -17, -40, -57]	[96, 117, 109, 178, 150]	[10005, 9997, 9999, 9995, 9995]	[208, 175, 177, 210, 173]
772	35.0	[115, -29, -29, 44, 103]	[-117, -150, -71, 24, -71]	[-161, -55, 13, -9, -113]	[-40, -187, -91, -104, -74]	[121, -90, -104, 14, 37]	[-112, -25, 11, -50, 81]	[-115, 48, 8, 100, 168]	[-85, -122, -124, -112, -136]	[-163, -105, -96, -110, -128]	[5, -27, -17, -40, -57]	[96, 117, 109, 178, 150]	[10005, 9997, 9999, 9995, 9995]	[208, 175, 177, 210, 173]
773	35.5	[115, -26, -29, 44, 103]	[-117, -150, -73, 24, -65]	[-130, -57, 19, -10, -111]	[-46, -187, -98, -98, -74]	[121, -89, -107, 16, 39]	[-124, -20, 12, -48, 80]	[-66, 56, 8, 101, 173]	[-85, -121, -124, -109, -146]	[-163, -105, -102, -115, -132]	[5, -22, -19, -40, -57]	[111, 117, 109, 177, 153]	[10005, 9997, 9999, 9995, 9995]	[160, 165, 177, 210, 173]
774	37.0	[115, -26, -29, 44, 103]	[-112, -150, -60, 23, -65]	[-128, -58, 19, -10, -120]	[-46, -187, -97, -95, -74]	[121, -89, -107, 15, 42]	[-124, -22, 12, -48, 80]	[-66, 56, 8, 101, 173]	[-85, -121, -124, -109, -146]	[-163, -105, -102, -115, -132]	[5, -22, -19, -40, -57]	[111, 117, 109, 177, 153]	[10005, 9997, 9999, 9995, 9995]	[160, 165, 177, 210, 173]
775	32.5	[115, -29, -29, 44, 103]	[-117, -150, -73, 22, -19]	[-119, -56, 20, -9, -120]	[-45, -187, -91, -104, -79]	[120, -89, -111, 15, 48]	[-125, -19, 12, -49, 82]	[-88, 56, 8, 102, 205]	[-86, -119, -126, -109, -151]	[-188, -103, -102, -88, -128]	[4, -20, -16, -41, -57]	[111, 117, 108, 178, 148]	[10005, 9997, 9999, 9995, 9996]	[160, 169, 177, 210, 173]
776	38.5	[115, -29, -29, 44, 103]	[-117, -150, -71, 24, -71]	[-161, -55, 13, -9, -113]	[-40, -187, -91, -104, -74]	[121, -90, -104, 14, 37]	[-112, -25, 11, -50, 81]	[-115, 48, 8, 100, 168]	[-85, -122, -124, -112, -136]	[-163, -105, -96, -110, -128]	[5, -27, -17, -40, -57]	[96, 117, 109, 178, 150]	[10005, 9997, 9999, 9995, 9995]	[208, 175, 177, 210, 173]
777	38.0	[115, -29, -29, 44, 103]	[-117, -150, -71, 24, -71]	[-161, -55, 13, -9, -113]	[-40, -187, -91, -104, -74]	[121, -90, -104, 14, 37]	[-112, -25, 11, -50, 81]	[-115, 48, 8, 100, 168]	[-85, -122, -124, -112, -136]	[-163, -105, -96, -110, -128]	[5, -27, -17, -40, -57]	[96, 117, 109, 178, 150]	[10005, 9997, 9999, 9995, 9995]	[208, 175, 177, 210, 173]
778	40.0	[84, -25, -29, 44, 103]	[-117, -151, -73, 22, -19]	[-125, -56, 17, -9, -120]	[-45, -187, -92, -106, -74]	[120, -89, -108, 18, 38]	[-125, -19, 12, -47, 80]	[-70, 55, 8, 102, 205]	[-86, -120, -125, -109, -151]	[-166, -105, -101, -92, -128]	[3, -12, -28, -45, -57]	[111, 117, 108, 177, 149]	[10005, 9997, 9998, 9995, 9996]	[160, 169, 177, 225, 173]
779	35.0	[62, -22, -29, 42, 94]	[-117, -151, -56, 16, -40]	[-130, -57, 14, -16, -120]	[-40, -187, -92, -107, -74]	[121, -89, -107, 18, 38]	[-129, -20, 12, -47, 81]	[-115, 52, 8, 100, 203]	[-85, -120, -125, -110, -139]	[-163, -106, -101, -112, -128]	[3, -9, -17, -40, -57]	[111, 123, 109, 178, 152]	[10005, 9997, 9999, 9995, 9995]	[208, 170, 183, 210, 173]
780	37.5	[115, -29, -29, 44, 103]	[-117, -150, -71, 24, -71]	[-161, -55, 13, -9, -113]	[-40, -187, -91, -104, -74]	[121, -90, -104, 14, 37]	[-112, -25, 11, -50, 81]	[-115, 48, 8, 100, 168]	[-85, -122, -124, -112, -136]	[-163, -105, -96, -110, -128]	[5, -27, -17, -40, -57]	[96, 117, 109, 178, 150]	[10005, 9997, 9999, 9995, 9995]	[208, 175, 177, 210, 173]
781	40.0	[62, -22, -29, 42, 94]	[-117, -151, -56, 16, -40]	[-130, -57, 14, -16, -120]	[-40, -187, -92, -107, -74]	[121, -89, -107, 18, 38]	[-129, -20, 12, -47, 81]	[-115, 52, 8, 100, 203]	[-85, -120, -125, -110, -139]	[-163, -106, -101, -112, -128]	[3, -9, -17, -40, -57]	[111, 123, 109, 178, 152]	[10005, 9997, 9999, 9995, 9995]	[208, 170, 183, 210, 173]
782	38.0	[115, -29, -29, 44, 103]	[-117, -150, -71, 24, -71]	[-161, -55, 13, -9, -113]	[-40, -187, -91, -104, -74]	[121, -90, -104, 14, 37]	[-112, -25, 11, -50, 81]	[-115, 48, 8, 100, 168]	[-85, -122, -124, -112, -136]	[-163, -105, -96, -110, -128]	[5, -27, -17, -40, -57]	[96, 117, 109, 178, 150]	[10005, 9997, 9999, 9995, 9995]	[208, 175, 177, 210, 173]
783	36.0	[84, -25, -29, 44, 103]	[-117, -151, -73, 22, -19]	[-125, -56, 17, -9, -120]	[-45, -187, -92, -106, -74]	[120, -89, -108, 18, 38]	[-125, -19, 12, -47, 80]	[-70, 55, 8, 102, 205]	[-86, -120, -125, -109, -151]	[-166, -105, -101, -92, -128]	[3, -12, -28, -45, -57]	[111, 117, 108, 177, 149]	[10005, 9997, 9998, 9995, 9996]	[160, 169, 177, 225, 173]
784	37.0	[115, -20, -29, 44, 103]	[-96, -150, -73, 24, -65]	[-137, -56, 20, -9, -120]	[-49, -187, -89, -103, -73]	[120, -89, -109, 15, 43]	[-119, -20, 12, -50, 80]	[-66, 55, 8, 100, 175]	[-85, -118, -124, -109, -146]	[-188, -103, -102, -103, -132]	[5, -17, -17, -40, -57]	[100, 116, 108, 179, 159]	[10006, 9997, 10001, 9995, 9995]	[170, 165, 177, 210, 173]
785	37.5	[115, -20, -29, 44, 103]	[-96, -150, -73, 24, -65]	[-137, -56, 20, -9, -120]	[-49, -187, -89, -103, -73]	[120, -89, -109, 15, 43]	[-119, -20, 12, -50, 80]	[-66, 55, 8, 100, 175]	[-85, -118, -124, -109, -146]	[-188, -103, -102, -103, -132]	[5, -17, -17, -40, -57]	[100, 116, 107, 179, 159]	[10006, 9997, 10001, 9995, 9995]	[170, 165, 177, 210, 173]
786	37.5	[84, -25, -29, 44, 103]	[-117, -151, -73, 22, -19]	[-125, -56, 17, -9, -120]	[-45, -187, -92, -106, -74]	[120, -89, -108, 18, 38]	[-125, -19, 12, -47, 80]	[-70, 55, 8, 102, 205]	[-86, -120, -125, -109, -151]	[-166, -105, -101, -92, -128]	[3, -12, -28, -45, -57]	[111, 117, 108, 177, 149]	[10005, 9997, 9998, 9995, 9996]	[160, 169, 177, 225, 173]
787	41.5	[62, -22, -29, 42, 94]	[-117, -145, -56, 16, -40]	[-130, -57, 14, -16, -120]	[-40, -187, -92, -102, -74]	[121, -95, -107, 18, 38]	[-129, -20, 12, -47, 81]	[-115, 52, 8, 100, 203]	[-85, -120, -125, -110, -139]	[-163, -106, -101, -112, -128]	[3, -9, -17, -40, -57]	[117, 123, 109, 178, 152]	[10005, 9997, 9999, 9995, 9995]	[208, 170, 183, 210, 173]
788	36.0	[115, -20, -29, 44, 103]	[-96, -150, -73, 24, -65]	[-146, -55, 18, -9, -119]	[-46, -187, -91, -103, -73]	[121, -89, -108, 15, 42]	[-119, -20, 12, -48, 80]	[-69, 56, 8, 100, 173]	[-85, -118, -124, -109, -146]	[-188, -103, -102, -108, -130]	[5, -18, -17, -40, -57]	[100, 116, 107, 179, 159]	[10006, 9997, 10001, 9995, 9995]	[170, 165, 177, 210, 173]
789	39.0	[115, -20, -29, 44, 103]	[-96, -150, -73, 24, -65]	[-137, -56, 20, -9, -120]	[-49, -187, -89, -103, -73]	[120, -89, -109, 15, 43]	[-119, -20, 12, -50, 80]	[-66, 55, 8, 100, 175]	[-85, -118, -124, -109, -146]	[-188, -103, -102, -103, -132]	[5, -17, -17, -40, -57]	[100, 116, 108, 179, 159]	[10006, 9997, 10001, 9995, 9995]	[170, 165, 177, 210, 173]
790	37.5	[115, -29, -29, 44, 103]	[-117, -150, -73, 22, -19]	[-119, -56, 20, -9, -120]	[-45, -187, -91, -104, -79]	[120, -89, -111, 15, 48]	[-125, -19, 12, -49, 82]	[-88, 56, 8, 102, 205]	[-86, -119, -126, -109, -151]	[-188, -103, -102, -97, -128]	[3, -20, -16, -41, -57]	[111, 117, 108, 179, 148]	[10005, 9997, 9999, 9995, 9996]	[160, 169, 177, 210, 173]
791	34.5	[84, -25, -29, 44, 103]	[-117, -151, -73, 22, -19]	[-125, -56, 19, -9, -120]	[-45, -187, -91, -106, -74]	[120, -89, -111, 16, 38]	[-124, -19, 12, -47, 80]	[-70, 55, 8, 102, 205]	[-89, -120, -125, -109, -151]	[-172, -103, -101, -89, -128]	[3, -12, -24, -44, -57]	[111, 117, 108, 177, 132]	[10005, 9997, 9998, 9995, 9996]	[160, 169, 177, 225, 173]
792	35.0	[115, -20, -29, 44, 103]	[-96, -150, -73, 24, -65]	[-146, -55, 16, -16, -119]	[-44, -187, -96, -103, -73]	[121, -89, -107, 15, 42]	[-119, -22, 12, -49, 80]	[-77, 53, 8, 100, 175]	[-85, -120, -124, -109, -146]	[-188, -103, -101, -108, -130]	[5, -18, -17, -34, -57]	[100, 116, 107, 179, 159]	[10006, 9997, 10001, 9995, 9995]	[170, 165, 177, 210, 173]
793	41.0	[105, -21, -29, 44, 76]	[-111, -150, -65, 16, 35]	[-160, -57, 19, -10, -108]	[-46, -187, -97, -100, -72]	[114, -89, -110, 18, 44]	[-122, -17, 12, -48, 81]	[-70, 51, 1, 100, 206]	[-85, -121, -122, -110, -145]	[-162, -105, -101, -111, -127]	[2, -18, -24, -41, -55]	[94, 117, 109, 178, 153]	[10006, 9997, 9999, 9995, 9996]	[225, 212, 180, 221, 154]
794	36.0	[84, -25, -29, 44, 103]	[-117, -151, -73, 22, -19]	[-125, -56, 19, -9, -120]	[-45, -187, -92, -106, -74]	[120, -89, -108, 18, 38]	[-124, -20, 12, -47, 80]	[-70, 55, 8, 100, 205]	[-87, -120, -124, -109, -151]	[-166, -105, -102, -92, -128]	[3, -12, -26, -40, -57]	[102, 117, 110, 178, 154]	[10005, 9997, 9998, 9995, 9996]	[160, 169, 177, 225, 173]
795	36.5	[62, -22, -29, 42, 94]	[-117, -145, -56, 16, -40]	[-130, -57, 14, -16, -120]	[-40, -187, -92, -102, -74]	[121, -95, -107, 18, 38]	[-129, -20, 12, -47, 81]	[-115, 52, 8, 100, 203]	[-85, -120, -125, -110, -139]	[-163, -106, -101, -112, -128]	[3, -9, -17, -40, -57]	[117, 123, 109, 178, 152]	[10005, 9997, 9999, 9995, 9995]	[208, 170, 183, 210, 173]
796	39.5	[105, -21, -29, 44, 76]	[-111, -150, -65, 16, 35]	[-160, -57, 19, -10, -108]	[-46, -187, -97, -100, -72]	[114, -89, -110, 18, 44]	[-122, -17, 12, -48, 81]	[-70, 51, 1, 100, 206]	[-85, -121, -122, -110, -145]	[-162, -105, -101, -111, -127]	[2, -18, -24, -41, -55]	[94, 117, 109, 172, 153]	[10006, 9997, 9999, 9995, 9996]	[225, 212, 180, 221, 154]
797	34.0	[115, -29, -29, 44, 103]	[-117, -150, -73, 22, -19]	[-119, -56, 20, -9, -120]	[-45, -187, -91, -104, -79]	[120, -89, -110, 15, 48]	[-125, -19, 12, -49, 82]	[-88, 56, 8, 102, 205]	[-86, -119, -126, -109, -151]	[-188, -103, -102, -97, -128]	[3, -20, -16, -41, -57]	[111, 117, 108, 179, 154]	[10005, 9997, 9999, 9995, 9996]	[160, 169, 177, 210, 173]
798	39.5	[70, -22, -29, 42, 109]	[-96, -149, -56, 16, -51]	[-137, -57, 17, -9, -120]	[-46, -187, -89, -103, -73]	[120, -83, -103, 17, 38]	[-119, -20, 12, -50, 80]	[-66, 55, 8, 100, 192]	[-85, -118, -124, -109, -146]	[-188, -103, -102, -103, -132]	[5, -17, -17, -40, -57]	[100, 116, 107, 179, 159]	[10006, 9997, 10001, 9995, 9995]	[170, 165, 177, 210, 173]
799	38.5	[90, -25, -29, 44, 103]	[-117, -151, -73, 22, -19]	[-125, -56, 19, -9, -120]	[-45, -187, -92, -106, -74]	[120, -89, -108, 18, 38]	[-124, -20, 12, -47, 80]	[-70, 55, 8, 100, 205]	[-87, -120, -126, -109, -151]	[-179, -103, -102, -92, -128]	[4, -12, -28, -44, -57]	[106, 117, 114, 177, 149]	[10006, 9997, 9998, 9995, 9996]	[160, 169, 177, 225, 173]
