generation	fitness	corner	c	a1	a2	b1	b2	b3	x	o1	o2	wp	ww	we
1000	38.7	[80, 70, -17, 57, 93]	[-111, -140, -79, 21, -66]	[-153, -34, 19, 9, -157]	[-44, -157, -76, -91, -89]	[118, -87, -95, 45, 8]	[-113, -27, 12, -37, 117]	[-94, 53, 4, 88, 142]	[-131, -131, -123, -113, -128]	[-163, -144, -123, -125, -128]	[3, -19, -21, -27, -65]	[117, 122, 121, 174, 172]	[10003, 9996, 9974, 9997, 9997]	[190, 185, 184, 210, 169]
1001	35.0	[94, 9, -28, 36, 94]	[-109, -148, -79, 23, -66]	[-158, -41, 19, -4, -157]	[-66, -177, -88, -104, -57]	[122, -89, -104, 33, 7]	[-110, -28, 9, -40, 122]	[-58, 50, 4, 96, 169]	[-93, -139, -117, -115, -148]	[-156, -122, -109, -115, -109]	[20, -16, -19, -16, -71]	[113, 110, 82, 173, 69]	[10005, 10003, 9999, 10012, 9991]	[218, 130, 187, 265, 267]
1002	35.7	[112, -19, -23, 76, 73]	[-154, -134, -82, 15, -49]	[-163, -34, 16, -15, -183]	[-21, -160, -76, -98, -98]	[122, -87, -97, 29, 27]	[-105, -26, 8, -29, 107]	[-57, 56, 2, 98, 147]	[-109, -124, -125, -112, -151]	[-158, -124, -119, -112, -93]	[-34, -26, -8, -4, -76]	[85, 110, 70, 179, 101]	[10004, 10004, 9988, 10000, 9996]	[226, 194, 187, 240, 196]
1003	40.7	[88, 9, -28, 36, 94]	[-115, -151, -73, 24, -61]	[-158, -41, 21, 2, -159]	[-70, -179, -88, -104, -81]	[150, -89, -103, 30, 3]	[-116, -32, 12, -40, 103]	[-73, 39, 6, 97, 172]	[-91, -144, -124, -109, -146]	[-163, -122, -109, -113, -115]	[-3, -8, -13, -18, -71]	[110, 110, 87, 180, 22]	[10005, 10001, 9999, 10007, 9993]	[218, 132, 187, 265, 263]
1004	37.7	[147, 70, 39, 74, 92]	[-111, -140, -79, 21, -66]	[-192, -31, 20, -11, -172]	[-61, -157, -76, -97, -91]	[118, -89, -96, 43, 9]	[-114, -31, 12, -37, 117]	[-94, 53, 4, 88, 142]	[-124, -130, -123, -113, -128]	[-163, -144, -123, -121, -124]	[1, -22, -22, -20, -65]	[117, 122, 121, 174, 172]	[10003, 9996, 9974, 9997, 9997]	[190, 185, 184, 210, 169]
1005	35.3	[88, 9, -28, 36, 94]	[-115, -151, -73, 24, -61]	[-158, -41, 21, 2, -159]	[-70, -179, -88, -104, -81]	[150, -89, -103, 30, 3]	[-116, -32, 12, -40, 103]	[-73, 39, 6, 97, 172]	[-91, -144, -124, -109, -146]	[-163, -122, -109, -113, -115]	[-3, -8, -13, -18, -71]	[110, 110, 87, 180, 22]	[10005, 10001, 9999, 10007, 9993]	[218, 132, 187, 265, 263]
1006	37.7	[112, -8, -15, 72, 79]	[-81, -151, -62, 23, 6]	[-158, -32, 19, -19, -148]	[-50, -173, -101, -112, -92]	[130, -83, -92, 42, 30]	[-121, -22, 13, -38, 116]	[-55, 58, 1, 100, 212]	[-93, -119, -143, -112, -160]	[-160, -135, -108, -115, -114]	[-33, -30, -13, -36, -73]	[115, 113, 102, 180, 132]	[10004, 10001, 9994, 10005, 10003]	[218, 124, 182, 240, 172]
1007	44.0	[103, -25, -30, 60, 82]	[-115, -146, -78, 21, -76]	[-153, -53, 38, -6, -134]	[-46, -172, -88, -104, -74]	[109, -89, -94, 35, 24]	[-119, -19, 11, -46, 85]	[-58, 59, 5, 103, 183]	[-91, -126, -126, -111, -167]	[-166, -114, -106, -109, -67]	[-18, -26, -16, -39, -63]	[90, 113, 107, 176, 149]	[10006, 9998, 9996, 9996, 10002]	[220, 188, 183, 240, 202]
1008	35.0	[88, 9, -28, 36, 94]	[-115, -151, -73, 24, -61]	[-158, -41, 21, 2, -159]	[-70, -179, -88, -104, -81]	[150, -89, -103, 30, 3]	[-116, -32, 12, -40, 103]	[-73, 39, 6, 97, 172]	[-91, -144, -124, -109, -146]	[-163, -122, -109, -113, -115]	[-3, -8, -13, -18, -71]	[110, 110, 87, 180, 22]	[10005, 10001, 9999, 10007, 9993]	[218, 132, 187, 265, 263]
1009	36.7	[147, 70, 39, 74, 92]	[-111, -140, -79, 21, -66]	[-192, -31, 20, -11, -172]	[-61, -157, -76, -97, -91]	[118, -89, -96, 43, 9]	[-114, -31, 12, -37, 117]	[-94, 53, 4, 88, 142]	[-124, -130, -123, -113, -128]	[-163, -144, -123, -121, -124]	[1, -22, -28, -20, -65]	[101, 119, 93, 174, 172]	[10003, 9996, 9974, 9997, 9997]	[190, 185, 184, 210, 169]
1010	39.3	[112, -19, -23, 76, 73]	[-154, -134, -76, 15, -49]	[-163, -34, 16, -15, -183]	[-21, -160, -76, -98, -98]	[122, -87, -97, 29, 27]	[-105, -26, 8, -29, 107]	[-57, 56, 2, 98, 147]	[-109, -124, -123, -113, -132]	[-158, -124, -123, -115, -115]	[-34, -24, -14, -4, -70]	[108, 113, 89, 174, 101]	[10004, 10004, 9988, 10000, 9996]	[226, 194, 187, 240, 196]
1011	36.7	[175, 74, 10, 50, 92]	[-162, -138, -80, 18, -112]	[-152, -44, 10, -10, -164]	[-49, -158, -76, -88, -100]	[117, -90, -95, 44, 15]	[-128, -26, 17, -38, 122]	[-119, 53, 5, 85, 153]	[-120, -129, -123, -132, -121]	[-163, -151, -125, -116, -126]	[-9, -22, -22, -11, -65]	[120, 126, 124, 164, 165]	[10003, 10000, 9998, 9993, 9998]	[184, 191, 181, 201, 162]
1012	38.3	[175, 74, 10, 50, 92]	[-162, -138, -80, 18, -112]	[-152, -44, 10, -10, -164]	[-49, -158, -76, -88, -100]	[117, -90, -95, 44, 15]	[-128, -26, 17, -38, 122]	[-119, 53, 5, 85, 153]	[-120, -129, -123, -132, -121]	[-163, -151, -125, -116, -126]	[-9, -22, -22, -11, -65]	[120, 126, 124, 164, 165]	[10003, 10000, 9998, 9993, 9998]	[184, 191, 181, 201, 162]
1013	39.0	[147, 70, 39, 74, 92]	[-111, -140, -79, 21, -66]	[-192, -31, 20, -11, -172]	[-52, -157, -76, -91, -96]	[118, -89, -103, 34, 9]	[-111, -29, 11, -37, 117]	[-94, 53, 4, 91, 140]	[-124, -130, -123, -113, -134]	[-163, -144, -120, -121, -124]	[1, -22, -22, -20, -65]	[117, 122, 121, 174, 172]	[10003, 9996, 9974, 9997, 9991]	[190, 185, 184, 210, 169]
1014	39.0	[147, 70, 39, 74, 92]	[-111, -140, -79, 21, -66]	[-192, -31, 20, -11, -172]	[-61, -157, -76, -97, -91]	[118, -89, -96, 43, 9]	[-114, -31, 12, -37, 117]	[-94, 53, 4, 88, 142]	[-124, -130, -123, -113, -128]	[-163, -144, -123, -121, -124]	[1, -22, -28, -20, -65]	[101, 119, 93, 174, 172]	[10003, 9996, 9974, 9997, 9997]	[190, 191, 184, 210, 169]
1015	36.7	[175, 74, 10, 50, 92]	[-162, -138, -80, 18, -112]	[-152, -44, 10, -10, -164]	[-49, -158, -76, -88, -100]	[123, -84, -95, 44, 15]	[-128, -26, 17, -38, 122]	[-119, 53, 5, 85, 153]	[-120, -129, -123, -134, -121]	[-163, -151, -125, -116, -126]	[-9, -22, -22, -17, -65]	[120, 126, 124, 164, 165]	[10005, 10001, 9999, 9998, 9998]	[184, 191, 181, 201, 162]
1016	36.7	[175, 74, 10, 50, 92]	[-162, -138, -80, 18, -112]	[-152, -44, 10, -10, -164]	[-49, -158, -76, -88, -100]	[117, -90, -95, 44, 15]	[-128, -26, 17, -38, 122]	[-119, 53, 5, 85, 153]	[-120, -129, -123, -132, -121]	[-163, -151, -125, -116, -126]	[-9, -22, -22, -11, -65]	[120, 126, 124, 164, 165]	[10003, 10000, 9998, 9993, 9998]	[184, 191, 181, 201, 162]
1017	40.3	[147, 70, 39, 74, 92]	[-111, -140, -79, 21, -66]	[-192, -31, 20, -11, -172]	[-52, -157, -76, -91, -96]	[118, -89, -103, 34, 9]	[-111, -29, 11, -37, 117]	[-94, 53, 4, 91, 140]	[-124, -130, -123, -113, -134]	[-163, -144, -120, -121, -124]	[1, -22, -22, -20, -65]	[117, 122, 121, 174, 172]	[10003, 9996, 9974, 9997, 9991]	[190, 185, 184, 210, 169]
1018	35.3	[147, 70, 39, 74, 92]	[-111, -140, -79, 21, -66]	[-192, -31, 20, -11, -172]	[-61, -157, -76, -97, -91]	[118, -89, -96, 43, 9]	[-114, -31, 12, -37, 117]	[-94, 53, 4, 88, 142]	[-124, -130, -123, -113, -128]	[-163, -144, -123, -121, -124]	[1, -22, -28, -20, -65]	[101, 119, 93, 174, 172]	[10003, 9996, 9974, 9997, 9997]	[190, 191, 184, 210, 169]
1019	35.3	[112, -19, -29, 76, 73]	[-132, -143, -80, 24, -49]	[-163, -41, 20, -15, -183]	[-21, -166, -81, -98, -98]	[122, -87, -98, 30, 21]	[-112, -26, 11, -44, 107]	[-57, 62, 6, 103, 178]	[-103, -139, -124, -110, -146]	[-163, -115, -109, -112, -107]	[-7, -23, -13, -17, -76]	[85, 110, 70, 179, 104]	[10004, 9999, 9995, 9997, 9996]	[226, 194, 187, 240, 196]
1020	36.7	[112, -8, -15, 72, 79]	[-81, -151, -62, 23, 6]	[-158, -32, 19, -19, -148]	[-50, -173, -101, -112, -92]	[130, -83, -92, 42, 30]	[-121, -22, 13, -38, 116]	[-55, 58, 1, 100, 212]	[-93, -119, -143, -112, -160]	[-160, -135, -108, -115, -114]	[-33, -26, -9, -30, -70]	[115, 113, 102, 180, 132]	[9998, 10001, 9994, 10005, 10003]	[218, 124, 182, 240, 172]
1021	35.7	[80, 70, -17, 57, 93]	[-111, -140, -79, 21, -66]	[-157, -38, 19, 9, -157]	[-67, -170, -84, -103, -89]	[118, -89, -91, 30, 7]	[-116, -28, 12, -38, 108]	[-94, 40, 5, 97, 142]	[-131, -139, -123, -109, -128]	[-163, -144, -123, -125, -116]	[3, -19, -21, -11, -75]	[117, 111, 99, 175, 172]	[10003, 9996, 9974, 9997, 9997]	[190, 185, 184, 210, 169]
1022	41.0	[147, 70, 39, 74, 92]	[-111, -140, -79, 21, -66]	[-192, -31, 20, -11, -172]	[-61, -157, -76, -97, -91]	[118, -89, -96, 43, 9]	[-114, -31, 12, -37, 117]	[-94, 53, 4, 88, 142]	[-124, -130, -123, -113, -128]	[-163, -144, -123, -121, -124]	[1, -22, -28, -20, -65]	[101, 119, 93, 174, 172]	[10003, 9996, 9974, 9997, 9997]	[190, 191, 184, 210, 169]
1023	44.3	[112, -8, -15, 72, 79]	[-81, -151, -62, 23, 6]	[-158, -32, 19, -19, -148]	[-50, -171, -101, -105, -97]	[130, -81, -93, 33, 30]	[-121, -22, 13, -38, 116]	[-55, 58, 1, 106, 212]	[-93, -120, -143, -112, -160]	[-160, -135, -108, -115, -114]	[-33, -26, -9, -30, -70]	[115, 113, 102, 180, 132]	[9998, 10001, 9994, 10005, 10003]	[218, 124, 182, 240, 172]
1024	36.0	[175, 74, 10, 50, 92]	[-162, -138, -80, 18, -112]	[-152, -44, 10, -10, -164]	[-49, -158, -76, -88, -100]	[117, -90, -95, 44, 15]	[-128, -26, 17, -38, 122]	[-119, 53, 5, 85, 153]	[-120, -129, -123, -132, -121]	[-163, -151, -125, -116, -126]	[-9, -22, -22, -11, -65]	[120, 126, 124, 164, 165]	[10003, 10000, 9998, 9993, 9998]	[184, 191, 181, 201, 162]
1025	43.7	[112, -8, -15, 72, 79]	[-81, -151, -62, 23, 6]	[-158, -32, 19, -13, -148]	[-50, -171, -101, -105, -97]	[130, -81, -93, 33, 30]	[-121, -22, 13, -38, 116]	[-55, 58, 1, 106, 212]	[-93, -120, -143, -112, -160]	[-160, -135, -108, -115, -114]	[-33, -26, -15, -22, -66]	[115, 113, 100, 180, 132]	[9998, 10001, 9994, 10005, 9997]	[218, 124, 182, 240, 172]
1026	40.7	[112, -19, -29, 76, 73]	[-154, -134, -82, 15, -49]	[-163, -34, 16, -15, -183]	[-21, -160, -76, -98, -98]	[122, -87, -97, 29, 21]	[-105, -26, 11, -44, 107]	[-57, 56, 4, 103, 183]	[-103, -125, -125, -112, -146]	[-163, -118, -111, -112, -93]	[-34, -16, -13, -17, -76]	[85, 110, 70, 179, 104]	[10004, 9999, 9995, 9997, 9996]	[226, 194, 187, 240, 196]
1027	34.3	[112, -8, -15, 72, 73]	[-81, -151, -62, 23, 6]	[-158, -32, 19, -19, -148]	[-50, -173, -101, -112, -92]	[136, -83, -92, 42, 30]	[-121, -22, 13, -38, 116]	[-55, 58, 1, 100, 212]	[-92, -121, -143, -112, -160]	[-160, -118, -108, -115, -104]	[-33, -30, -13, -36, -73]	[121, 113, 102, 180, 132]	[10004, 10001, 9994, 10005, 10003]	[218, 124, 182, 240, 172]
1028	43.0	[175, 74, -13, 58, 92]	[-162, -138, -80, 18, -112]	[-152, -44, 10, -10, -164]	[-49, -158, -76, -88, -100]	[117, -90, -95, 44, 15]	[-128, -26, 17, -38, 122]	[-119, 53, 5, 85, 153]	[-120, -129, -123, -132, -121]	[-163, -151, -125, -116, -126]	[-9, -22, -22, -11, -65]	[120, 126, 124, 164, 165]	[10003, 10000, 9998, 9993, 9998]	[184, 191, 181, 201, 162]
1029	34.7	[147, 70, 39, 74, 92]	[-111, -140, -79, 21, -66]	[-192, -31, 20, -11, -172]	[-61, -157, -76, -97, -91]	[118, -89, -100, 43, 9]	[-114, -31, 12, -37, 114]	[-94, 53, 4, 88, 142]	[-124, -130, -123, -113, -128]	[-163, -144, -123, -121, -124]	[1, -22, -28, -20, -65]	[101, 119, 98, 179, 134]	[9999, 10000, 9976, 10002, 10002]	[190, 191, 184, 210, 169]
1030	37.3	[112, -8, -15, 72, 79]	[-81, -151, -62, 23, 12]	[-158, -38, 19, -19, -148]	[-50, -173, -101, -112, -92]	[130, -83, -92, 42, 30]	[-121, -22, 13, -38, 116]	[-55, 58, 1, 100, 212]	[-93, -119, -143, -112, -160]	[-160, -135, -108, -115, -114]	[-33, -26, -9, -30, -70]	[115, 113, 102, 180, 132]	[9998, 10001, 9994, 10005, 10003]	[218, 124, 182, 240, 172]
1031	38.3	[147, 70, 39, 74, 92]	[-111, -140, -79, 21, -66]	[-192, -31, 20, -11, -172]	[-61, -157, -76, -97, -94]	[118, -90, -97, 43, 9]	[-127, -31, 13, -37, 114]	[-94, 53, 5, 85, 142]	[-120, -129, -123, -113, -128]	[-163, -146, -124, -117, -124]	[-2, -22, -28, -20, -65]	[112, 125, 100, 179, 134]	[9999, 10000, 9995, 9996, 10002]	[190, 191, 181, 203, 169]
1032	37.0	[175, 74, 10, 50, 92]	[-162, -138, -80, 18, -112]	[-152, -44, 10, -10, -164]	[-49, -158, -76, -88, -100]	[123, -84, -95, 44, 15]	[-128, -26, 17, -38, 122]	[-119, 53, 5, 85, 153]	[-120, -129, -123, -134, -121]	[-163, -151, -125, -116, -126]	[-9, -22, -22, -17, -65]	[120, 126, 124, 164, 165]	[10005, 9996, 9993, 9997, 9998]	[188, 185, 184, 209, 162]
1033	40.0	[147, 70, 39, 74, 92]	[-111, -140, -79, 21, -66]	[-192, -31, 20, -11, -172]	[-61, -157, -76, -97, -94]	[118, -90, -97, 43, 9]	[-127, -31, 13, -37, 114]	[-94, 53, 5, 85, 142]	[-126, -129, -123, -113, -128]	[-163, -146, -124, -117, -124]	[-2, -22, -28, -20, -65]	[112, 125, 100, 179, 134]	[9999, 10000, 9995, 9996, 10002]	[190, 191, 181, 203, 169]
1034	34.7	[112, -19, -29, 76, 73]	[-132, -143, -80, 24, -49]	[-163, -41, 20, -15, -183]	[-21, -166, -81, -98, -98]	[122, -87, -98, 30, 21]	[-112, -26, 11, -44, 107]	[-57, 62, 6, 103, 178]	[-103, -139, -124, -110, -146]	[-163, -115, -109, -112, -107]	[-7, -23, -13, -17, -76]	[85, 110, 70, 179, 104]	[10010, 9999, 9995, 9997, 9996]	[226, 194, 187, 240, 196]
1035	38.0	[112, -8, -15, 72, 79]	[-81, -151, -62, 23, 12]	[-158, -38, 19, -19, -148]	[-50, -173, -101, -112, -92]	[130, -83, -92, 42, 30]	[-121, -22, 13, -38, 116]	[-55, 58, 1, 100, 212]	[-93, -119, -143, -112, -160]	[-160, -135, -108, -115, -114]	[-33, -26, -9, -30, -70]	[115, 113, 102, 180, 132]	[9998, 10001, 9994, 10005, 10003]	[218, 124, 182, 240, 172]
1036	40.0	[175, 74, 10, 50, 92]	[-162, -138, -80, 18, -112]	[-152, -36, 12, -11, -169]	[-49, -158, -76, -87, -97]	[119, -85, -99, 44, 12]	[-128, -26, 12, -38, 122]	[-119, 53, 4, 85, 153]	[-123, -130, -123, -124, -126]	[-163, -150, -124, -117, -124]	[-9, -22, -22, -20, -65]	[106, 125, 116, 174, 165]	[10005, 9997, 9999, 9997, 9998]	[184, 191, 181, 201, 162]
1037	37.0	[175, 74, 10, 50, 92]	[-162, -138, -80, 18, -112]	[-152, -44, 10, -10, -164]	[-49, -158, -76, -88, -100]	[123, -84, -95, 44, 15]	[-128, -26, 17, -38, 122]	[-105, 47, 4, 85, 153]	[-120, -129, -124, -126, -121]	[-163, -144, -123, -118, -126]	[-9, -22, -16, -17, -65]	[120, 126, 110, 166, 171]	[10005, 9996, 9993, 9997, 9998]	[188, 185, 184, 209, 162]
1038	38.7	[112, -19, -29, 76, 73]	[-132, -143, -80, 24, -49]	[-163, -41, 20, -15, -183]	[-21, -166, -81, -98, -98]	[122, -87, -98, 30, 21]	[-112, -26, 11, -44, 107]	[-57, 62, 6, 103, 178]	[-103, -139, -124, -110, -146]	[-163, -115, -109, -112, -107]	[-7, -23, -13, -17, -76]	[85, 110, 70, 179, 104]	[10010, 9999, 9995, 9997, 9996]	[226, 194, 187, 240, 196]
1039	33.0	[112, -19, -29, 76, 73]	[-132, -143, -80, 24, -49]	[-163, -41, 20, -15, -183]	[-21, -166, -81, -98, -98]	[122, -87, -98, 30, 21]	[-112, -26, 11, -44, 107]	[-57, 62, 6, 103, 178]	[-103, -139, -124, -110, -146]	[-163, -115, -109, -112, -107]	[-7, -23, -13, -17, -76]	[85, 110, 70, 179, 104]	[10010, 9999, 9995, 9997, 9996]	[226, 194, 187, 240, 196]
1040	40.0	[112, -19, -29, 76, 73]	[-154, -134, -82, 21, -49]	[-163, -28, 16, -15, -183]	[-21, -160, -76, -98, -104]	[122, -87, -96, 30, 21]	[-105, -26, 12, -43, 107]	[-57, 56, 4, 103, 183]	[-103, -125, -125, -112, -138]	[-163, -118, -111, -116, -106]	[-34, -16, -13, -17, -73]	[85, 110, 70, 179, 104]	[10004, 9999, 9995, 9997, 9996]	[226, 194, 187, 240, 196]
1041	45.7	[112, -19, -29, 76, 73]	[-132, -143, -80, 24, -49]	[-163, -41, 20, -15, -183]	[-21, -166, -81, -98, -98]	[122, -87, -98, 30, 21]	[-112, -26, 11, -44, 107]	[-57, 62, 6, 103, 178]	[-103, -139, -124, -110, -146]	[-163, -115, -109, -112, -107]	[-7, -23, -13, -17, -76]	[85, 110, 70, 179, 104]	[10010, 9999, 9995, 9997, 9996]	[226, 194, 187, 240, 196]
1042	39.7	[112, -8, -15, 72, 79]	[-81, -151, -62, 23, 12]	[-158, -38, 19, -19, -148]	[-50, -173, -101, -112, -92]	[130, -83, -92, 36, 30]	[-123, -22, 13, -38, 116]	[-55, 58, 1, 100, 212]	[-119, -127, -135, -119, -160]	[-160, -138, -116, -116, -114]	[-33, -26, -14, -30, -70]	[118, 124, 102, 180, 132]	[9998, 10001, 9998, 10005, 10003]	[218, 156, 182, 240, 172]
1043	37.3	[112, -19, -29, 76, 73]	[-154, -134, -82, 21, -49]	[-163, -28, 16, -15, -183]	[-21, -160, -76, -98, -104]	[122, -87, -96, 30, 21]	[-105, -26, 12, -43, 107]	[-57, 56, 4, 103, 183]	[-103, -125, -125, -112, -138]	[-163, -118, -111, -116, -106]	[-34, -16, -13, -17, -73]	[85, 111, 84, 178, 125]	[10004, 9998, 9993, 9997, 9996]	[226, 194, 187, 240, 196]
1044	38.0	[147, 70, 39, 74, 92]	[-111, -140, -79, 21, -66]	[-192, -39, 16, -11, -172]	[-61, -157, -76, -96, -94]	[118, -90, -95, 43, 9]	[-127, -31, 9, -37, 115]	[-82, 54, 5, 98, 146]	[-119, -130, -124, -112, -133]	[-163, -146, -117, -118, -124]	[-1, -25, -27, -20, -65]	[112, 125, 100, 179, 134]	[9999, 10000, 9995, 9996, 10002]	[190, 191, 181, 203, 169]
1045	37.3	[175, 74, 10, 50, 92]	[-162, -138, -80, 18, -112]	[-152, -44, 10, -10, -173]	[-49, -158, -76, -88, -100]	[123, -84, -95, 44, 15]	[-128, -26, 17, -38, 122]	[-105, 54, 2, 100, 153]	[-120, -129, -124, -126, -121]	[-163, -144, -123, -118, -126]	[-3, -22, -16, -17, -65]	[120, 126, 110, 166, 171]	[10005, 9996, 9993, 9997, 9998]	[188, 185, 184, 209, 162]
1046	41.0	[175, 74, 10, 50, 92]	[-162, -138, -80, 18, -112]	[-152, -44, 10, -10, -173]	[-49, -158, -76, -88, -100]	[123, -84, -95, 44, 15]	[-128, -26, 17, -38, 122]	[-105, 54, 2, 100, 153]	[-120, -129, -124, -126, -121]	[-163, -144, -123, -118, -126]	[-3, -22, -16, -17, -65]	[120, 126, 110, 166, 171]	[10005, 9996, 9993, 9997, 9998]	[188, 185, 184, 209, 162]
1047	38.7	[112, -8, -15, 72, 79]	[-81, -143, -82, 22, 6]	[-159, -44, 17, -10, -163]	[-50, -165, -78, -102, -98]	[124, -81, -93, 36, 30]	[-121, -22, 13, -38, 116]	[-49, 58, 1, 106, 212]	[-93, -120, -143, -112, -160]	[-160, -135, -108, -115, -114]	[-33, -26, -15, -22, -66]	[115, 113, 100, 180, 132]	[9998, 10001, 9994, 10005, 9997]	[218, 124, 182, 240, 172]
1048	34.7	[175, 74, 10, 50, 92]	[-162, -138, -80, 18, -112]	[-152, -44, 10, -10, -164]	[-49, -158, -76, -88, -100]	[123, -84, -95, 44, 15]	[-128, -26, 17, -38, 122]	[-105, 54, 2, 100, 153]	[-120, -129, -124, -126, -115]	[-163, -144, -123, -118, -126]	[-3, -22, -16, -17, -65]	[120, 126, 110, 166, 171]	[10005, 9996, 9993, 9997, 9998]	[188, 185, 184, 209, 162]
1049	36.3	[112, -19, -29, 76, 73]	[-154, -134, -82, 21, -49]	[-163, -28, 16, -15, -183]	[-21, -160, -76, -98, -104]	[122, -87, -96, 30, 21]	[-116, -26, 12, -43, 107]	[-57, 56, 2, 101, 179]	[-103, -125, -125, -112, -150]	[-162, -122, -111, -116, -106]	[-34, -22, -9, -29, -73]	[85, 110, 70, 179, 104]	[10004, 9999, 9995, 9997, 9996]	[226, 194, 187, 240, 196]
1050	37.3	[112, -8, -15, 72, 79]	[-81, -143, -82, 22, 6]	[-159, -44, 17, -10, -163]	[-50, -165, -78, -102, -98]	[124, -81, -93, 36, 30]	[-121, -22, 13, -38, 116]	[-49, 58, 1, 106, 212]	[-93, -120, -143, -112, -160]	[-160, -135, -108, -115, -114]	[-33, -26, -15, -22, -66]	[115, 113, 100, 180, 132]	[9998, 10001, 9994, 10005, 9997]	[218, 124, 182, 240, 172]
1051	40.0	[140, -10, 14, 74, 92]	[-111, -140, -79, 21, -1]	[-192, -32, 20, -12, -180]	[-42, -168, -86, -108, -103]	[127, -88, -94, 40, 24]	[-118, -25, 12, -39, 111]	[-76, 56, 2, 103, 203]	[-109, -135, -139, -112, -151]	[-161, -117, -109, -120, -124]	[1, -25, -14, -20, -69]	[117, 113, 103, 179, 143]	[10003, 10001, 9990, 10005, 9997]	[205, 132, 189, 256, 238]
1052	41.0	[140, -10, 14, 74, 92]	[-111, -140, -79, 22, 3]	[-184, -41, 17, -12, -180]	[-42, -168, -86, -108, -97]	[127, -88, -94, 32, 24]	[-118, -24, 12, -39, 111]	[-58, 58, 2, 103, 203]	[-109, -135, -139, -111, -160]	[-161, -117, -109, -113, -124]	[1, -25, -13, -20, -69]	[115, 113, 74, 176, 143]	[10002, 9999, 9987, 9997, 9992]	[205, 132, 189, 256, 238]
1053	39.7	[112, -8, 3, 66, 79]	[-81, -140, -68, 29, 6]	[-169, -40, 11, -13, -162]	[-51, -158, -98, -102, -97]	[122, -82, -94, 42, 18]	[-121, -29, 14, -38, 107]	[-55, 54, 4, 103, 167]	[-117, -127, -131, -119, -144]	[-161, -130, -111, -120, -119]	[-32, -26, -14, -21, -70]	[115, 113, 102, 180, 134]	[9998, 9998, 9989, 10005, 10003]	[218, 124, 182, 240, 172]
1054	36.7	[140, -10, 14, 74, 92]	[-111, -140, -79, 21, -1]	[-192, -32, 20, -12, -180]	[-42, -168, -86, -108, -103]	[127, -88, -94, 40, 24]	[-118, -25, 12, -39, 111]	[-76, 56, 2, 103, 203]	[-109, -135, -139, -112, -151]	[-161, -117, -109, -120, -124]	[1, -25, -14, -20, -69]	[117, 113, 103, 179, 143]	[10003, 10001, 9990, 10005, 9997]	[205, 132, 189, 256, 238]
1055	37.7	[175, 74, 10, 50, 92]	[-162, -138, -80, 18, -112]	[-152, -44, 10, -10, -164]	[-49, -158, -76, -88, -100]	[123, -84, -95, 44, 15]	[-128, -26, 17, -38, 122]	[-105, 54, 2, 100, 153]	[-120, -129, -124, -126, -115]	[-163, -144, -123, -118, -126]	[-3, -22, -16, -17, -65]	[120, 126, 110, 166, 171]	[10005, 9996, 9993, 9997, 9998]	[188, 185, 184, 209, 162]
1056	37.3	[175, 74, 10, 50, 92]	[-162, -138, -80, 18, -112]	[-152, -44, 10, -10, -173]	[-49, -158, -76, -88, -100]	[123, -84, -95, 44, 15]	[-128, -26, 17, -38, 122]	[-105, 54, 2, 100, 153]	[-120, -129, -124, -126, -121]	[-163, -144, -123, -118, -126]	[-3, -22, -16, -17, -65]	[120, 126, 110, 166, 171]	[10005, 9996, 9993, 9997, 9998]	[188, 185, 184, 209, 162]
1057	42.0	[112, -8, 3, 66, 79]	[-81, -140, -68, 29, 6]	[-169, -40, 11, -13, -162]	[-51, -158, -98, -102, -97]	[122, -82, -94, 42, 18]	[-121, -29, 14, -38, 107]	[-55, 54, 5, 91, 167]	[-124, -129, -123, -119, -144]	[-161, -134, -122, -120, -119]	[-32, -26, -14, -21, -70]	[115, 113, 102, 180, 134]	[9992, 9998, 9989, 10005, 10003]	[218, 124, 182, 240, 172]
1058	38.7	[112, -19, -29, 76, 73]	[-154, -134, -82, 21, -49]	[-163, -28, 16, -15, -183]	[-21, -160, -76, -98, -104]	[122, -87, -96, 30, 21]	[-106, -26, 6, -43, 107]	[-56, 57, 1, 103, 209]	[-103, -124, -143, -112, -138]	[-163, -119, -111, -115, -106]	[-34, -23, -14, -19, -73]	[85, 111, 84, 178, 125]	[10004, 9998, 9993, 9997, 9996]	[226, 194, 187, 240, 196]
1059	37.0	[112, -19, -29, 76, 73]	[-154, -134, -82, 21, -49]	[-163, -28, 16, -15, -183]	[-21, -160, -76, -98, -104]	[122, -87, -96, 30, 21]	[-106, -26, 6, -43, 107]	[-56, 57, 1, 103, 209]	[-103, -124, -143, -112, -138]	[-163, -119, -111, -115, -106]	[-34, -23, -14, -19, -73]	[85, 111, 84, 178, 125]	[10004, 9998, 9993, 9997, 9996]	[226, 194, 187, 240, 196]
1060	37.7	[112, -8, -15, 66, 79]	[-81, -154, -68, 24, -49]	[-158, -34, 19, -13, -159]	[-54, -168, -93, -97, -97]	[130, -81, -93, 38, 29]	[-121, -22, 13, -38, 116]	[-55, 58, 7, 106, 212]	[-93, -120, -143, -112, -160]	[-160, -135, -108, -115, -114]	[-33, -26, -9, -30, -70]	[115, 113, 102, 180, 132]	[9998, 10007, 9994, 10005, 10003]	[218, 124, 182, 240, 172]
1061	36.3	[106, -19, -29, 76, 73]	[-154, -134, -82, 21, -49]	[-163, -28, 16, -15, -183]	[-21, -160, -76, -98, -104]	[122, -87, -95, 37, 23]	[-110, -26, 6, -43, 107]	[-56, 57, 2, 103, 209]	[-103, -127, -143, -112, -138]	[-163, -117, -111, -115, -106]	[-12, -23, -14, -19, -73]	[104, 111, 84, 178, 125]	[10004, 10001, 9990, 9997, 9996]	[226, 194, 187, 240, 196]
1062	40.3	[112, -19, -29, 76, 73]	[-154, -134, -82, 21, -49]	[-163, -28, 16, -15, -183]	[-21, -160, -76, -98, -104]	[122, -87, -96, 30, 21]	[-105, -26, 12, -43, 107]	[-57, 56, 4, 103, 183]	[-103, -125, -125, -112, -138]	[-163, -118, -111, -122, -106]	[-34, -16, -13, -17, -73]	[85, 110, 70, 179, 104]	[10004, 9999, 9995, 9997, 9996]	[226, 194, 187, 240, 196]
1063	38.7	[112, -19, -29, 76, 73]	[-154, -134, -82, 21, -49]	[-163, -28, 16, -15, -183]	[-21, -160, -76, -98, -104]	[122, -87, -96, 30, 21]	[-105, -26, 12, -43, 107]	[-57, 56, 4, 103, 183]	[-103, -125, -125, -112, -138]	[-163, -118, -111, -122, -106]	[-34, -16, -13, -17, -73]	[85, 110, 70, 179, 104]	[10004, 9999, 9995, 9997, 9996]	[226, 194, 187, 240, 196]
1064	40.0	[175, 74, 10, 50, 92]	[-162, -138, -80, 18, -112]	[-152, -44, 10, -10, -173]	[-50, -164, -88, -89, -100]	[123, -84, -95, 44, 15]	[-128, -26, 17, -38, 122]	[-105, 54, 2, 100, 153]	[-120, -129, -124, -126, -121]	[-163, -144, -123, -118, -126]	[-3, -22, -16, -17, -65]	[120, 126, 110, 166, 171]	[10005, 9996, 9993, 9997, 9998]	[188, 185, 184, 209, 162]
1065	40.3	[140, -10, 14, 74, 92]	[-111, -140, -79, 21, -1]	[-192, -32, 16, -13, -180]	[-50, -164, -85, -108, -103]	[127, -87, -96, 40, 24]	[-121, -26, 12, -45, 111]	[-68, 56, 2, 103, 203]	[-109, -135, -138, -120, -151]	[-160, -117, -109, -115, -121]	[1, -25, -13, -29, -70]	[117, 113, 103, 179, 143]	[10009, 10001, 9990, 10005, 9997]	[205, 132, 189, 256, 238]
1066	38.3	[112, -19, -29, 76, 73]	[-154, -134, -82, 21, -49]	[-163, -28, 16, -15, -183]	[-21, -160, -76, -98, -104]	[122, -87, -96, 30, 21]	[-105, -26, 12, -43, 107]	[-57, 56, 4, 103, 183]	[-103, -125, -125, -112, -138]	[-163, -118, -111, -122, -106]	[-34, -16, -13, -17, -73]	[85, 110, 70, 179, 104]	[10004, 9999, 9995, 9997, 9996]	[226, 194, 187, 240, 196]
1067	35.7	[140, -10, 14, 74, 92]	[-111, -140, -79, 21, -1]	[-192, -32, 16, -13, -180]	[-50, -164, -85, -108, -103]	[127, -87, -96, 40, 24]	[-121, -26, 12, -45, 111]	[-68, 56, 2, 103, 203]	[-109, -135, -138, -120, -151]	[-160, -117, -109, -115, -121]	[1, -25, -13, -29, -70]	[117, 113, 103, 179, 143]	[10009, 10001, 9990, 10005, 9997]	[205, 132, 189, 256, 238]
1068	36.0	[175, 74, 10, 50, 92]	[-162, -138, -80, 24, -112]	[-152, -44, 10, -10, -173]	[-50, -164, -88, -89, -100]	[123, -84, -95, 44, 15]	[-128, -26, 17, -38, 122]	[-105, 54, 2, 100, 153]	[-120, -129, -124, -126, -121]	[-163, -144, -123, -118, -126]	[-3, -22, -16, -17, -65]	[120, 126, 110, 166, 171]	[10005, 9996, 9993, 9997, 9998]	[188, 185, 184, 209, 162]
1069	36.7	[112, -8, -15, 72, 79]	[-81, -151, -62, 23, 12]	[-158, -38, 19, -15, -148]	[-50, -173, -101, -102, -95]	[124, -83, -92, 36, 20]	[-123, -22, 13, -38, 109]	[-55, 58, -5, 100, 212]	[-119, -127, -135, -119, -160]	[-160, -138, -116, -116, -114]	[-33, -26, -14, -30, -70]	[118, 124, 102, 171, 152]	[10001, 10000, 9998, 10005, 10003]	[218, 156, 182, 240, 172]
1070	38.3	[112, -8, 3, 66, 79]	[-81, -146, -68, 29, 6]	[-169, -40, 11, -13, -162]	[-51, -158, -98, -102, -97]	[116, -82, -94, 42, 18]	[-121, -29, 14, -38, 107]	[-55, 54, 5, 91, 167]	[-124, -129, -123, -119, -144]	[-161, -134, -113, -115, -119]	[-34, -24, -14, -21, -70]	[115, 113, 102, 178, 134]	[9992, 10004, 9989, 10005, 10003]	[218, 124, 182, 240, 172]
1071	40.0	[140, -10, 14, 74, 92]	[-111, -140, -79, 21, -1]	[-192, -32, 16, -13, -180]	[-50, -164, -85, -108, -103]	[127, -87, -96, 40, 24]	[-121, -26, 12, -45, 111]	[-68, 56, 2, 103, 203]	[-109, -135, -138, -120, -151]	[-160, -117, -109, -115, -121]	[1, -25, -13, -29, -70]	[117, 113, 103, 179, 143]	[10009, 10001, 9990, 10005, 9997]	[205, 132, 189, 256, 238]
1072	38.3	[140, -9, 8, 60, 79]	[-111, -140, -79, 22, 3]	[-184, -41, 11, -12, -180]	[-42, -168, -86, -108, -97]	[127, -88, -94, 32, 24]	[-112, -24, 12, -39, 111]	[-58, 58, 2, 103, 203]	[-109, -135, -139, -117, -160]	[-161, -117, -109, -113, -124]	[1, -25, -13, -20, -69]	[115, 113, 74, 176, 143]	[10002, 9999, 9987, 9997, 9992]	[205, 132, 189, 256, 238]
1073	39.3	[112, -8, 3, 66, 79]	[-81, -146, -68, 29, 6]	[-169, -40, 11, -13, -162]	[-51, -158, -98, -102, -97]	[116, -82, -94, 42, 18]	[-120, -28, 13, -39, 109]	[-55, 54, 5, 102, 175]	[-115, -130, -134, -118, -147]	[-161, -123, -115, -115, -119]	[-32, -25, -14, -21, -70]	[115, 113, 92, 180, 134]	[9992, 10004, 9989, 10002, 9997]	[218, 126, 188, 240, 172]
1074	37.3	[112, -8, 3, 66, 79]	[-81, -146, -68, 29, 6]	[-169, -40, 11, -13, -162]	[-51, -158, -98, -102, -97]	[116, -82, -94, 32, 18]	[-121, -28, 14, -38, 107]	[-65, 56, 5, 103, 167]	[-124, -129, -130, -113, -144]	[-161, -134, -122, -120, -113]	[-32, -23, -14, -21, -70]	[115, 113, 84, 180, 134]	[9992, 10004, 9989, 10005, 10003]	[218, 124, 182, 240, 172]
1075	38.7	[140, -10, 14, 74, 92]	[-111, -140, -79, 21, -1]	[-192, -32, 16, -13, -180]	[-50, -164, -85, -108, -103]	[127, -87, -96, 40, 24]	[-121, -26, 12, -45, 111]	[-68, 56, 2, 103, 203]	[-109, -135, -138, -120, -151]	[-160, -117, -109, -115, -121]	[1, -25, -13, -29, -70]	[117, 113, 101, 179, 141]	[9999, 10001, 9990, 10005, 9997]	[205, 132, 189, 256, 238]
1076	37.3	[112, -19, -29, 76, 73]	[-154, -134, -82, 21, -49]	[-163, -28, 16, -15, -183]	[-21, -160, -76, -98, -104]	[116, -86, -94, 30, 21]	[-105, -26, 12, -41, 107]	[-57, 54, 4, 103, 189]	[-107, -125, -125, -118, -138]	[-163, -118, -111, -122, -106]	[-34, -16, -13, -17, -73]	[85, 110, 70, 179, 104]	[10004, 9999, 9995, 9997, 9996]	[226, 194, 187, 240, 196]
1077	38.0	[140, -9, 8, 60, 79]	[-111, -140, -79, 22, 3]	[-184, -41, 11, -12, -180]	[-42, -168, -86, -108, -97]	[126, -85, -94, 32, 24]	[-116, -30, 12, -39, 111]	[-55, 58, 3, 100, 212]	[-118, -135, -139, -117, -160]	[-161, -123, -112, -113, -124]	[1, -25, -13, -20, -69]	[115, 113, 74, 176, 143]	[10002, 9999, 9987, 9997, 9992]	[205, 132, 189, 256, 238]
1078	39.3	[112, -8, 3, 66, 79]	[-81, -146, -68, 29, 0]	[-169, -40, 11, -13, -162]	[-51, -158, -98, -102, -97]	[116, -82, -94, 42, 18]	[-121, -29, 14, -38, 107]	[-55, 54, 5, 91, 167]	[-124, -129, -123, -119, -144]	[-161, -134, -113, -115, -119]	[-34, -24, -14, -21, -70]	[115, 113, 102, 178, 134]	[9992, 10004, 9989, 10005, 10003]	[218, 124, 182, 240, 172]
1079	36.7	[140, -10, 14, 74, 92]	[-111, -140, -82, 21, -2]	[-192, -32, 16, -13, -182]	[-50, -164, -81, -108, -103]	[127, -86, -94, 40, 24]	[-121, -23, 12, -44, 111]	[-66, 58, 6, 102, 203]	[-115, -130, -135, -120, -149]	[-160, -117, -112, -115, -121]	[-10, -25, -13, -22, -70]	[117, 113, 103, 185, 143]	[10009, 10001, 9990, 10005, 9997]	[205, 132, 189, 256, 238]
1080	40.7	[112, -19, -29, 76, 73]	[-154, -134, -82, 21, -49]	[-163, -28, 16, -15, -183]	[-21, -160, -76, -98, -104]	[122, -87, -96, 30, 21]	[-106, -26, 6, -43, 107]	[-50, 57, 1, 103, 209]	[-103, -124, -143, -112, -138]	[-163, -119, -111, -115, -106]	[-34, -23, -14, -19, -73]	[85, 111, 84, 178, 125]	[10004, 9998, 9993, 9997, 9996]	[226, 194, 187, 240, 196]
1081	41.3	[112, -19, -29, 76, 73]	[-154, -134, -82, 21, -49]	[-163, -28, 16, -15, -183]	[-21, -160, -76, -98, -104]	[122, -87, -96, 30, 21]	[-106, -26, 6, -43, 107]	[-50, 57, 1, 103, 209]	[-103, -124, -143, -112, -138]	[-163, -119, -111, -115, -106]	[-34, -23, -14, -19, -73]	[85, 111, 84, 178, 125]	[10004, 9998, 9993, 9997, 9996]	[226, 194, 187, 240, 196]
1082	37.0	[112, -8, 3, 66, 79]	[-81, -146, -68, 29, 6]	[-169, -41, 11, -12, -172]	[-51, -164, -91, -102, -97]	[122, -88, -94, 42, 18]	[-120, -27, 12, -40, 110]	[-56, 56, 6, 102, 175]	[-110, -133, -134, -118, -147]	[-161, -120, -111, -115, -120]	[-32, -25, -14, -21, -70]	[115, 113, 92, 180, 134]	[9992, 10004, 9989, 10002, 9997]	[212, 126, 188, 240, 172]
1083	42.0	[112, -19, -29, 76, 73]	[-154, -140, -82, 21, -49]	[-163, -28, 16, -15, -183]	[-21, -160, -85, -101, -102]	[118, -83, -94, 40, 19]	[-105, -26, 14, -39, 107]	[-56, 55, 4, 92, 172]	[-103, -126, -130, -112, -138]	[-163, -118, -111, -119, -106]	[-34, -16, -13, -17, -73]	[85, 110, 70, 179, 104]	[10004, 9999, 9995, 9997, 9996]	[226, 188, 187, 240, 196]
1084	37.0	[112, -8, 3, 66, 79]	[-81, -146, -68, 29, 0]	[-169, -40, 11, -13, -162]	[-51, -158, -98, -102, -97]	[116, -82, -94, 42, 18]	[-121, -29, 14, -38, 107]	[-55, 54, 5, 91, 167]	[-124, -129, -123, -119, -144]	[-167, -134, -113, -115, -119]	[-34, -24, -14, -21, -70]	[115, 113, 102, 178, 134]	[9992, 10004, 9989, 10005, 10003]	[218, 124, 182, 240, 172]
1085	35.3	[175, 74, 10, 50, 92]	[-162, -138, -80, 23, -58]	[-152, -40, 17, -10, -173]	[-50, -165, -88, -89, -100]	[123, -84, -94, 44, 17]	[-128, -26, 17, -38, 122]	[-59, 55, 3, 101, 153]	[-120, -131, -135, -122, -121]	[-163, -144, -123, -118, -126]	[-10, -23, -15, -23, -65]	[120, 124, 110, 166, 171]	[10005, 9996, 9993, 9997, 9998]	[194, 185, 184, 209, 162]
1086	39.3	[112, -8, 3, 66, 79]	[-81, -146, -68, 29, 0]	[-169, -40, 11, -13, -162]	[-51, -158, -98, -102, -97]	[116, -82, -94, 42, 18]	[-121, -29, 14, -38, 107]	[-55, 54, 5, 91, 167]	[-124, -129, -123, -119, -144]	[-167, -134, -113, -115, -119]	[-34, -24, -14, -21, -70]	[115, 113, 102, 178, 134]	[9992, 10004, 9989, 10005, 10003]	[218, 124, 182, 240, 172]
1087	37.7	[112, -19, -29, 76, 73]	[-154, -134, -82, 21, -49]	[-163, -28, 16, -15, -183]	[-21, -160, -76, -98, -104]	[122, -87, -96, 30, 21]	[-106, -26, 6, -43, 107]	[-50, 57, 1, 103, 209]	[-107, -129, -137, -114, -138]	[-163, -119, -111, -115, -106]	[-34, -23, -14, -19, -73]	[85, 111, 84, 178, 125]	[10004, 9998, 9993, 9997, 9996]	[226, 194, 187, 240, 196]
1088	38.0	[175, 74, 10, 50, 92]	[-162, -138, -80, 23, -58]	[-152, -40, 17, -10, -173]	[-50, -165, -88, -89, -100]	[123, -84, -94, 44, 17]	[-128, -26, 17, -38, 122]	[-59, 55, 3, 101, 153]	[-107, -128, -131, -120, -132]	[-163, -125, -116, -118, -126]	[-10, -17, -14, -21, -65]	[120, 112, 80, 177, 134]	[10004, 9999, 9993, 9997, 9998]	[216, 185, 184, 209, 162]
1089	38.3	[175, 74, 9, 64, 85]	[-162, -134, -81, 21, -55]	[-156, -40, 17, -10, -173]	[-50, -165, -82, -89, -100]	[123, -84, -94, 43, 17]	[-125, -26, 17, -38, 122]	[-59, 55, 5, 103, 181]	[-120, -131, -135, -122, -121]	[-163, -144, -123, -118, -126]	[-10, -23, -15, -23, -65]	[120, 124, 110, 166, 171]	[10005, 9996, 9993, 9997, 9998]	[194, 185, 184, 209, 162]
1090	37.3	[175, 74, 10, 50, 92]	[-162, -138, -80, 23, -58]	[-152, -40, 17, -10, -173]	[-50, -165, -88, -89, -100]	[123, -84, -94, 44, 17]	[-128, -26, 17, -38, 122]	[-59, 55, 3, 101, 153]	[-107, -128, -131, -120, -132]	[-163, -125, -116, -118, -126]	[-10, -17, -14, -21, -65]	[120, 112, 80, 177, 134]	[10004, 9999, 9993, 9997, 9998]	[216, 185, 184, 209, 162]
1091	34.3	[112, -8, 3, 66, 79]	[-81, -146, -68, 29, 0]	[-169, -40, 11, -13, -162]	[-51, -158, -98, -102, -97]	[116, -82, -94, 42, 18]	[-121, -29, 14, -38, 107]	[-55, 54, 5, 91, 167]	[-124, -129, -123, -119, -144]	[-167, -134, -113, -115, -119]	[-34, -24, -14, -21, -70]	[115, 119, 102, 178, 134]	[9992, 10004, 9989, 10005, 10003]	[218, 124, 182, 240, 172]
1092	39.0	[112, -8, 3, 66, 79]	[-81, -146, -68, 29, 0]	[-169, -40, 11, -13, -162]	[-51, -158, -98, -102, -97]	[116, -82, -94, 42, 18]	[-121, -29, 14, -38, 107]	[-55, 54, 5, 91, 167]	[-124, -129, -123, -119, -144]	[-167, -134, -113, -115, -119]	[-34, -24, -14, -21, -70]	[115, 119, 102, 178, 134]	[9992, 10004, 9989, 10005, 10003]	[218, 124, 182, 240, 172]
1093	36.3	[112, -8, 3, 66, 79]	[-81, -146, -68, 29, 6]	[-169, -40, 11, -13, -162]	[-51, -158, -98, -108, -97]	[116, -82, -94, 32, 18]	[-121, -28, 14, -38, 107]	[-65, 56, 5, 103, 167]	[-124, -130, -138, -115, -147]	[-161, -134, -122, -120, -113]	[-32, -23, -14, -21, -70]	[115, 113, 84, 180, 128]	[9992, 9999, 9989, 10005, 10003]	[218, 124, 182, 240, 172]
1094	39.7	[112, -19, -29, 76, 73]	[-154, -134, -82, 21, -49]	[-163, -28, 16, -15, -183]	[-21, -160, -76, -98, -104]	[122, -87, -96, 30, 21]	[-108, -26, 6, -43, 107]	[-59, 56, 2, 103, 209]	[-107, -129, -136, -122, -135]	[-163, -129, -111, -115, -106]	[-34, -29, -15, -19, -70]	[112, 119, 88, 178, 125]	[10004, 9998, 9993, 9997, 9996]	[226, 194, 187, 240, 196]
1095	35.7	[112, -19, -29, 76, 73]	[-154, -134, -82, 21, -49]	[-163, -28, 16, -15, -183]	[-21, -160, -76, -98, -104]	[122, -87, -96, 30, 21]	[-106, -26, 6, -43, 107]	[-50, 55, 7, 103, 209]	[-109, -128, -136, -117, -138]	[-163, -119, -111, -113, -111]	[-34, -29, -14, -19, -69]	[90, 111, 84, 178, 125]	[10004, 9997, 9993, 9997, 9996]	[197, 185, 187, 219, 188]
1096	41.3	[112, 15, -29, 76, 73]	[-154, -134, -82, 21, -49]	[-163, -36, 16, -15, -183]	[-21, -163, -84, -98, -104]	[122, -87, -94, 35, 21]	[-106, -26, 7, -41, 107]	[-50, 57, 3, 103, 206]	[-109, -132, -137, -116, -138]	[-163, -119, -111, -113, -111]	[-34, -29, -14, -19, -69]	[90, 111, 84, 178, 125]	[10004, 9997, 9993, 9997, 9996]	[197, 185, 187, 219, 188]
1097	40.0	[175, 74, 9, 64, 85]	[-162, -134, -81, 21, -55]	[-156, -34, 17, -10, -173]	[-50, -165, -82, -89, -100]	[123, -84, -94, 43, 17]	[-125, -26, 17, -38, 122]	[-59, 55, 5, 103, 181]	[-120, -131, -135, -122, -121]	[-163, -144, -123, -118, -126]	[-10, -23, -15, -23, -65]	[120, 124, 110, 166, 171]	[10005, 9996, 9993, 9997, 9998]	[194, 185, 184, 209, 162]
1098	40.3	[140, -9, 8, 60, 79]	[-111, -140, -79, 22, -3]	[-184, -41, 11, -12, -180]	[-42, -168, -92, -108, -97]	[126, -85, -94, 32, 24]	[-116, -30, 12, -39, 111]	[-55, 58, 3, 100, 212]	[-118, -135, -139, -117, -160]	[-161, -123, -112, -113, -124]	[1, -25, -13, -20, -69]	[115, 107, 74, 176, 143]	[10002, 9999, 9975, 9997, 9992]	[205, 132, 189, 256, 238]
1099	35.7	[140, -9, 8, 60, 79]	[-111, -140, -79, 22, -3]	[-184, -41, 11, -12, -180]	[-42, -168, -92, -108, -97]	[126, -85, -94, 32, 24]	[-116, -30, 12, -39, 111]	[-55, 58, 3, 100, 212]	[-118, -135, -139, -117, -160]	[-161, -123, -112, -113, -124]	[1, -25, -13, -20, -69]	[115, 107, 74, 176, 143]	[10002, 9999, 9975, 9997, 9992]	[205, 132, 189, 256, 238]
1100	34.0	[112, -8, 3, 66, 79]	[-81, -146, -68, 29, 6]	[-169, -40, 11, -13, -162]	[-51, -158, -98, -108, -97]	[116, -82, -94, 32, 18]	[-121, -28, 14, -38, 107]	[-65, 56, 5, 103, 167]	[-124, -130, -138, -115, -147]	[-161, -134, -122, -120, -113]	[-32, -23, -14, -21, -70]	[115, 113, 84, 180, 128]	[9967, 9999, 9989, 10005, 10003]	[218, 124, 182, 240, 172]
1101	37.3	[175, 74, 9, 64, 85]	[-162, -134, -81, 21, -55]	[-156, -34, 17, -10, -173]	[-50, -165, -82, -89, -100]	[123, -84, -94, 43, 17]	[-125, -26, 17, -38, 122]	[-59, 55, 5, 103, 181]	[-120, -131, -135, -122, -121]	[-163, -144, -123, -118, -126]	[-10, -23, -15, -23, -65]	[120, 124, 110, 166, 171]	[10005, 9996, 9993, 9997, 10023]	[194, 185, 184, 209, 162]
1102	36.7	[112, -19, -29, 76, 73]	[-154, -134, -82, 46, -49]	[-163, -28, 16, -15, -183]	[-21, -160, -76, -98, -104]	[122, -87, -96, 30, 21]	[-106, -26, 6, -43, 107]	[-50, 55, 7, 103, 209]	[-109, -128, -136, -117, -138]	[-163, -119, -111, -113, -111]	[-34, -29, -14, -19, -69]	[90, 111, 84, 178, 125]	[10004, 9997, 9993, 9997, 9996]	[197, 185, 187, 219, 188]
1103	37.3	[175, 52, 9, 53, 92]	[-145, -140, -105, 22, -41]	[-170, -36, 15, -13, -180]	[-45, -165, -88, -101, -100]	[125, -84, -94, 43, 17]	[-127, -26, 21, -38, 116]	[-59, 55, 5, 94, 163]	[-120, -130, -129, -121, -134]	[-163, -124, -112, -117, -115]	[-34, -22, -15, -23, -65]	[116, 121, 108, 176, 112]	[9993, 10002, 9993, 9997, 9998]	[196, 190, 182, 238, 164]
1104	37.0	[163, -6, -5, 53, 92]	[-150, -137, -82, 22, -41]	[-170, -28, 15, -13, -180]	[-45, -160, -82, -101, -103]	[125, -84, -95, 43, 17]	[-127, -26, 17, -38, 116]	[-59, 55, 5, 102, 153]	[-120, -130, -130, -122, -123]	[-163, -129, -111, -121, -112]	[-30, -21, -15, -23, -65]	[120, 124, 82, 151, 112]	[10005, 9997, 9993, 9997, 9998]	[196, 190, 185, 210, 191]
1105	37.0	[175, 52, 9, 53, 92]	[-145, -140, -105, 22, -41]	[-170, -36, 15, -13, -180]	[-45, -165, -88, -101, -100]	[125, -84, -94, 43, 17]	[-127, -26, 21, -38, 116]	[-59, 55, 5, 94, 163]	[-120, -130, -129, -121, -134]	[-163, -124, -112, -117, -115]	[-34, -22, -15, -23, -65]	[116, 121, 108, 182, 112]	[9993, 10002, 9993, 9997, 9998]	[196, 190, 182, 238, 164]
1106	39.3	[140, -9, 8, 60, 79]	[-111, -140, -79, 22, 3]	[-184, -41, 11, -12, -180]	[-42, -168, -92, -108, -97]	[126, -85, -94, 32, 24]	[-116, -36, 12, -39, 111]	[-55, 58, 3, 100, 212]	[-118, -135, -139, -117, -160]	[-161, -123, -112, -113, -124]	[1, -25, -13, -20, -69]	[115, 107, 74, 176, 143]	[10002, 9999, 9975, 9997, 9992]	[205, 132, 164, 256, 238]
1107	37.3	[175, 74, 10, 50, 92]	[-162, -138, -80, 23, -58]	[-152, -40, 17, -10, -173]	[-50, -165, -88, -89, -101]	[124, -84, -94, 38, 17]	[-128, -26, 14, -38, 122]	[-59, 55, 3, 102, 153]	[-111, -130, -131, -121, -132]	[-163, -125, -116, -118, -126]	[-10, -21, -14, -23, -65]	[99, 114, 83, 177, 134]	[10004, 9998, 9993, 9997, 9998]	[206, 187, 184, 209, 187]
1108	37.3	[112, -19, -29, 76, 73]	[-154, -134, -82, 46, -49]	[-163, -28, 16, -15, -183]	[-21, -160, -76, -98, -104]	[122, -87, -96, 30, 21]	[-106, -26, 6, -43, 107]	[-50, 55, 7, 103, 209]	[-109, -128, -136, -117, -138]	[-163, -119, -111, -113, -111]	[-34, -29, -14, -19, -69]	[84, 111, 84, 178, 125]	[10004, 9997, 9993, 9997, 9996]	[197, 185, 187, 219, 188]
1109	37.3	[175, 52, 9, 53, 98]	[-87, -140, -81, 22, -41]	[-170, -37, 11, -12, -155]	[-45, -162, -94, -93, -100]	[125, -84, -94, 43, 18]	[-127, -26, 15, -38, 110]	[-57, 54, 5, 96, 162]	[-120, -130, -129, -121, -123]	[-163, -121, -111, -122, -115]	[-26, -19, -15, -22, -65]	[120, 120, 88, 177, 112]	[10005, 9999, 9993, 9997, 9998]	[196, 190, 184, 209, 162]
1110	37.3	[163, -18, -25, 54, 77]	[-160, -136, -82, 22, -41]	[-170, -28, 15, -13, -180]	[-45, -160, -82, -101, -103]	[125, -88, -94, 43, 19]	[-127, -26, 13, -40, 116]	[-59, 55, 5, 102, 201]	[-120, -130, -133, -122, -124]	[-163, -129, -111, -120, -112]	[-30, -21, -15, -23, -66]	[120, 118, 84, 176, 116]	[10005, 9997, 9993, 9997, 9998]	[196, 190, 185, 210, 191]
1111	35.7	[175, 74, 10, 50, 92]	[-162, -138, -80, 23, -58]	[-152, -40, 17, -10, -173]	[-50, -165, -88, -89, -101]	[124, -84, -94, 38, 17]	[-128, -26, 14, -38, 122]	[-59, 55, 3, 102, 153]	[-111, -130, -131, -121, -132]	[-163, -125, -116, -118, -126]	[-10, -21, -14, -23, -65]	[99, 114, 83, 177, 134]	[10004, 9998, 9993, 9997, 9998]	[206, 187, 184, 209, 187]
1112	39.3	[175, 52, 9, 53, 92]	[-87, -142, -80, 22, -41]	[-170, -38, 14, -13, -155]	[-45, -162, -94, -101, -100]	[125, -84, -94, 39, 23]	[-127, -26, 15, -38, 110]	[-58, 54, 3, 99, 201]	[-120, -130, -129, -121, -133]	[-163, -123, -112, -120, -115]	[-26, -19, -15, -23, -65]	[120, 124, 110, 176, 112]	[10005, 9996, 9993, 9997, 9998]	[196, 190, 184, 209, 162]
1113	39.0	[112, -19, -29, 76, 73]	[-154, -134, -82, 46, -49]	[-163, -28, 16, -15, -183]	[-21, -160, -76, -98, -104]	[122, -87, -96, 30, 21]	[-106, -26, 6, -43, 107]	[-50, 55, 7, 103, 209]	[-109, -128, -136, -117, -138]	[-163, -119, -111, -113, -111]	[-34, -29, -14, -19, -69]	[84, 111, 84, 178, 125]	[10004, 9997, 9993, 9997, 9996]	[197, 185, 187, 219, 188]
1114	41.0	[175, 52, 9, 53, 98]	[-87, -140, -81, 22, -41]	[-170, -37, 11, -12, -155]	[-45, -162, -94, -93, -100]	[125, -84, -94, 43, 18]	[-127, -26, 15, -38, 110]	[-57, 54, 5, 96, 162]	[-120, -130, -129, -121, -123]	[-163, -121, -111, -122, -115]	[-26, -19, -15, -22, -65]	[120, 120, 88, 177, 112]	[10005, 9999, 9993, 9997, 9992]	[196, 190, 184, 209, 162]
1115	40.0	[175, 52, 9, 53, 92]	[-109, -142, -85, 22, -41]	[-170, -36, 15, -13, -156]	[-45, -162, -92, -101, -100]	[125, -86, -94, 43, 19]	[-127, -26, 15, -38, 116]	[-59, 55, 4, 97, 187]	[-120, -130, -129, -121, -134]	[-163, -121, -111, -122, -115]	[-34, -22, -15, -23, -65]	[120, 122, 108, 182, 112]	[10004, 9998, 9993, 9997, 9998]	[196, 190, 183, 228, 162]
1116	37.7	[112, 15, -29, 76, 73]	[-154, -134, -82, 21, -49]	[-163, -36, -9, -15, -183]	[-21, -163, -92, -100, -103]	[122, -84, -94, 35, 23]	[-106, -26, 7, -41, 107]	[-50, 57, 3, 103, 206]	[-109, -132, -137, -116, -132]	[-163, -119, -111, -113, -111]	[-34, -29, -14, -19, -69]	[90, 111, 84, 178, 125]	[10004, 9997, 9993, 9997, 9996]	[197, 185, 187, 219, 188]
1117	40.3	[140, -9, 8, 59, 92]	[-111, -137, -79, 22, -42]	[-157, -41, 15, -12, -179]	[-50, -164, -87, -103, -98]	[123, -85, -94, 37, 24]	[-116, -26, 17, -32, 116]	[-58, 56, 3, 101, 194]	[-118, -135, -138, -121, -119]	[-162, -127, -112, -118, -124]	[-26, -22, -15, -20, -69]	[115, 112, 84, 171, 161]	[10002, 9998, 9988, 9997, 9994]	[205, 144, 167, 213, 228]
1118	36.7	[163, -18, -25, 54, 77]	[-160, -136, -82, 22, -41]	[-170, -28, 15, -13, -180]	[-45, -160, -82, -101, -103]	[125, -88, -94, 43, 19]	[-127, -26, 13, -40, 116]	[-59, 55, 5, 102, 201]	[-120, -130, -133, -122, -124]	[-163, -129, -111, -120, -112]	[-30, -21, -15, -23, -66]	[120, 118, 84, 176, 116]	[10005, 9997, 9993, 9997, 9998]	[196, 190, 185, 210, 191]
1119	36.3	[112, -8, 3, 66, 79]	[-81, -146, -68, 29, 6]	[-169, -40, 11, -13, -162]	[-51, -158, -98, -108, -97]	[121, -86, -94, 34, 18]	[-121, -28, 11, -39, 107]	[-65, 54, 3, 103, 197]	[-124, -128, -135, -116, -140]	[-162, -130, -121, -113, -111]	[-34, -28, -14, -20, -70]	[107, 111, 84, 180, 128]	[9967, 9999, 9989, 10005, 10008]	[218, 124, 182, 240, 172]
1120	39.3	[112, -8, 3, 66, 79]	[-81, -146, -68, 29, 6]	[-169, -40, 11, -13, -162]	[-51, -158, -98, -108, -97]	[121, -86, -94, 34, 18]	[-121, -28, 11, -39, 107]	[-65, 54, 3, 103, 197]	[-124, -128, -135, -116, -140]	[-162, -130, -121, -113, -111]	[-34, -28, -14, -20, -70]	[107, 111, 84, 180, 128]	[9967, 9999, 9989, 10005, 10008]	[218, 124, 182, 240, 172]
1121	37.3	[140, -9, 8, 60, 79]	[-111, -140, -79, 22, 3]	[-184, -41, 11, -12, -180]	[-42, -168, -92, -108, -97]	[122, -85, -94, 30, 24]	[-116, -29, 11, -42, 111]	[-55, 55, 6, 101, 212]	[-118, -133, -139, -117, -160]	[-161, -120, -112, -113, -124]	[-18, -25, -13, -20, -69]	[106, 109, 82, 176, 132]	[10004, 9999, 9979, 9997, 9992]	[205, 167, 179, 221, 208]
1122	39.3	[112, 18, 8, 76, 73]	[-154, -137, -80, 22, -42]	[-163, -36, -5, -13, -172]	[-21, -162, -94, -100, -100]	[122, -84, -94, 40, 20]	[-106, -26, 9, -39, 107]	[-51, 54, 3, 96, 201]	[-119, -130, -131, -116, -132]	[-163, -119, -111, -113, -111]	[-34, -29, -14, -19, -69]	[90, 111, 84, 178, 125]	[10004, 9997, 9993, 9997, 9996]	[197, 179, 187, 219, 188]
1123	40.0	[112, 17, -14, 76, 73]	[-154, -135, -81, 21, -49]	[-163, -36, -9, -15, -183]	[-25, -162, -94, -100, -103]	[122, -84, -94, 35, 23]	[-106, -26, 7, -41, 107]	[-50, 57, 3, 103, 206]	[-109, -132, -137, -116, -132]	[-163, -119, -111, -113, -111]	[-34, -29, -14, -19, -69]	[90, 111, 84, 178, 125]	[10004, 9997, 9993, 9997, 9996]	[203, 185, 187, 219, 188]
1124	36.0	[112, -8, 3, 66, 79]	[-81, -146, -68, 29, 6]	[-169, -40, 11, -13, -162]	[-51, -159, -97, -102, -100]	[125, -88, -94, 34, 18]	[-121, -28, 11, -40, 107]	[-63, 54, 5, 103, 197]	[-120, -129, -134, -116, -140]	[-163, -129, -112, -114, -111]	[-34, -25, -15, -21, -70]	[107, 111, 84, 180, 128]	[9967, 9999, 9989, 10005, 10008]	[218, 124, 182, 240, 172]
1125	38.0	[140, -9, 8, 60, 79]	[-111, -140, -79, 22, 3]	[-184, -41, 11, -12, -180]	[-42, -168, -92, -108, -97]	[122, -85, -94, 30, 24]	[-116, -29, 11, -42, 111]	[-55, 55, 6, 101, 212]	[-118, -133, -139, -117, -160]	[-161, -120, -112, -113, -124]	[-18, -25, -13, -20, -69]	[106, 109, 82, 176, 132]	[10004, 9999, 9979, 9997, 9992]	[205, 167, 179, 221, 208]
1126	37.7	[112, 15, -29, 76, 73]	[-154, -134, -82, 21, -49]	[-163, -36, -9, -15, -183]	[-21, -163, -92, -100, -103]	[122, -84, -94, 35, 23]	[-106, -26, 7, -41, 107]	[-50, 57, 3, 103, 206]	[-109, -132, -137, -116, -132]	[-163, -124, -111, -113, -111]	[-33, -29, -14, -19, -69]	[90, 111, 84, 178, 125]	[10004, 9997, 9993, 9997, 9996]	[203, 185, 187, 219, 188]
1127	36.0	[175, 74, 10, 50, 92]	[-162, -138, -80, 23, -58]	[-152, -40, 17, -10, -173]	[-50, -165, -88, -89, -101]	[124, -84, -94, 38, 17]	[-128, -26, 14, -38, 122]	[-59, 55, 3, 102, 153]	[-111, -130, -131, -121, -132]	[-163, -131, -116, -118, -126]	[-10, -21, -14, -23, -65]	[99, 114, 83, 177, 134]	[10004, 9998, 9993, 9997, 10004]	[206, 187, 184, 209, 187]
1128	39.0	[140, -9, 8, 59, 92]	[-111, -137, -79, 22, -42]	[-157, -41, 15, -12, -173]	[-50, -164, -87, -102, -98]	[125, -85, -94, 37, 24]	[-127, -26, 18, -32, 116]	[-58, 56, 3, 99, 194]	[-118, -135, -138, -121, -119]	[-162, -127, -112, -118, -124]	[-26, -22, -15, -20, -69]	[115, 112, 84, 171, 161]	[10002, 9992, 9988, 9997, 9994]	[205, 144, 167, 213, 228]
1129	39.0	[112, 5, 8, 64, 73]	[-154, -137, -79, 22, -33]	[-169, -36, -5, -13, -172]	[-21, -162, -92, -102, -97]	[122, -85, -94, 40, 26]	[-106, -26, 11, -40, 111]	[-51, 54, 3, 96, 201]	[-119, -130, -131, -116, -132]	[-163, -119, -111, -113, -111]	[-34, -29, -14, -19, -69]	[90, 111, 84, 178, 125]	[10010, 9997, 9993, 9997, 9996]	[197, 179, 187, 219, 188]
1130	42.7	[140, -4, 8, 64, 79]	[-120, -140, -79, 22, -38]	[-157, -41, 15, -10, -173]	[-49, -167, -92, -108, -97]	[124, -84, -94, 35, 24]	[-116, -26, 12, -41, 109]	[-58, 56, 3, 102, 212]	[-118, -135, -137, -117, -134]	[-162, -127, -111, -113, -124]	[-11, -20, -14, -21, -69]	[115, 107, 74, 176, 127]	[10002, 9999, 9975, 9997, 9992]	[205, 132, 164, 250, 238]
1131	40.3	[140, -4, 8, 64, 79]	[-120, -140, -79, 22, -38]	[-157, -41, 15, -10, -173]	[-49, -167, -92, -108, -97]	[124, -84, -94, 35, 24]	[-116, -26, 12, -41, 109]	[-58, 56, 3, 102, 212]	[-118, -135, -137, -117, -134]	[-162, -127, -111, -113, -124]	[-11, -20, -14, -21, -69]	[115, 107, 74, 176, 127]	[10002, 9999, 9975, 9997, 9992]	[205, 132, 164, 250, 238]
1132	35.7	[175, -8, 5, 61, 89]	[-109, -142, -70, 27, -41]	[-170, -41, 11, -13, -156]	[-45, -162, -92, -101, -100]	[125, -88, -94, 39, 19]	[-127, -26, 15, -38, 116]	[-59, 55, 4, 97, 187]	[-120, -130, -129, -121, -134]	[-163, -121, -111, -122, -115]	[-34, -22, -15, -23, -65]	[120, 122, 108, 182, 112]	[10004, 9998, 9993, 9997, 9998]	[196, 190, 183, 228, 162]
1133	39.0	[175, -8, 5, 61, 89]	[-109, -142, -70, 27, -41]	[-170, -41, 11, -13, -156]	[-45, -162, -92, -101, -100]	[125, -88, -94, 39, 19]	[-127, -26, 15, -38, 116]	[-59, 55, 4, 97, 187]	[-120, -130, -129, -121, -134]	[-163, -121, -111, -122, -115]	[-34, -22, -15, -23, -65]	[120, 122, 108, 182, 112]	[10004, 9998, 9993, 9997, 9998]	[196, 190, 183, 228, 162]
1134	44.3	[112, 15, -29, 76, 77]	[-157, -136, -82, 21, -49]	[-163, -36, -5, -15, -186]	[-21, -163, -83, -100, -103]	[122, -84, -94, 36, 23]	[-106, -26, 7, -41, 107]	[-58, 55, 3, 103, 206]	[-109, -132, -138, -121, -132]	[-163, -119, -111, -118, -123]	[-34, -29, -15, -19, -69]	[90, 111, 84, 178, 125]	[10004, 9997, 9993, 9997, 9996]	[203, 185, 187, 219, 188]
1135	43.3	[112, 17, -14, 76, 73]	[-154, -135, -81, 21, -49]	[-163, -36, -9, -15, -183]	[-25, -162, -94, -100, -103]	[122, -84, -94, 35, 23]	[-106, -26, 7, -41, 107]	[-50, 57, 3, 103, 206]	[-109, -132, -137, -116, -132]	[-163, -119, -111, -113, -111]	[-34, -29, -14, -19, -69]	[90, 111, 84, 178, 125]	[10004, 9997, 9993, 9997, 9996]	[203, 185, 187, 219, 188]
1136	38.0	[175, 52, 9, 53, 92]	[-109, -142, -85, 22, -41]	[-170, -42, 15, -13, -156]	[-45, -162, -92, -101, -100]	[125, -86, -94, 43, 19]	[-127, -26, 15, -38, 116]	[-59, 55, 4, 97, 187]	[-120, -130, -129, -121, -134]	[-163, -121, -111, -122, -115]	[-34, -22, -15, -23, -65]	[120, 122, 108, 182, 112]	[10004, 9997, 9993, 9997, 9998]	[196, 189, 183, 228, 162]
1137	37.0	[175, 52, 9, 53, 92]	[-109, -142, -85, 22, -41]	[-170, -42, 15, -13, -156]	[-45, -162, -92, -101, -100]	[125, -86, -94, 43, 19]	[-116, -26, 15, -38, 116]	[-55, 55, 4, 101, 187]	[-120, -130, -131, -119, -134]	[-162, -126, -111, -122, -115]	[-34, -22, -15, -23, -65]	[120, 122, 108, 182, 112]	[10004, 9997, 9993, 9997, 9998]	[196, 189, 183, 228, 162]
1138	36.7	[112, 15, -29, 76, 77]	[-157, -136, -82, 21, -49]	[-163, -36, -5, -15, -186]	[-21, -163, -83, -100, -103]	[122, -84, -94, 36, 23]	[-106, -26, 7, -41, 107]	[-58, 55, 3, 103, 206]	[-109, -132, -138, -121, -132]	[-163, -119, -111, -118, -123]	[-34, -29, -15, -19, -69]	[90, 111, 84, 178, 125]	[10004, 9991, 9993, 9997, 9996]	[203, 185, 187, 219, 188]
1139	39.3	[140, -4, 8, 64, 79]	[-120, -140, -79, 22, -38]	[-157, -41, 15, -10, -173]	[-49, -167, -92, -108, -97]	[124, -84, -94, 35, 24]	[-116, -26, 12, -41, 109]	[-55, 56, 3, 102, 212]	[-118, -134, -136, -117, -134]	[-162, -127, -114, -114, -123]	[-11, -20, -14, -21, -69]	[115, 107, 80, 176, 127]	[10004, 9999, 9982, 9997, 9992]	[205, 132, 164, 250, 238]
1140	40.7	[140, -9, 8, 59, 92]	[-111, -137, -79, 22, -42]	[-157, -41, 5, -12, -173]	[-42, -163, -87, -103, -98]	[123, -85, -94, 37, 24]	[-116, -26, 17, -36, 114]	[-58, 56, 3, 95, 194]	[-118, -133, -138, -121, -119]	[-162, -122, -111, -118, -122]	[-26, -22, -14, -20, -69]	[115, 112, 83, 175, 161]	[10002, 9998, 9985, 9997, 9994]	[205, 137, 167, 234, 228]
1141	36.7	[112, 5, 8, 64, 73]	[-154, -137, -79, 22, -33]	[-169, -36, 0, -13, -172]	[-22, -166, -89, -101, -101]	[125, -84, -94, 36, 17]	[-120, -26, 18, -33, 116]	[-51, 49, 3, 99, 154]	[-119, -130, -131, -117, -132]	[-163, -119, -114, -117, -114]	[-34, -29, -14, -20, -68]	[90, 111, 83, 177, 131]	[10004, 9998, 9993, 9997, 9996]	[197, 179, 185, 226, 188]
1142	37.0	[175, 52, 9, 53, 92]	[-109, -142, -85, 22, -41]	[-170, -42, 15, -13, -156]	[-45, -162, -92, -101, -100]	[125, -86, -94, 43, 19]	[-116, -26, 15, -38, 116]	[-55, 55, 4, 101, 187]	[-120, -130, -131, -119, -134]	[-162, -126, -111, -122, -115]	[-34, -22, -15, -23, -65]	[120, 122, 108, 182, 112]	[10004, 9997, 9993, 9997, 9992]	[196, 189, 183, 228, 156]
1143	36.3	[112, 15, -29, 76, 73]	[-154, -134, -82, 21, -49]	[-163, -36, -9, -15, -183]	[-21, -163, -92, -100, -103]	[122, -84, -94, 35, 23]	[-106, -26, 7, -41, 107]	[-50, 57, 3, 103, 206]	[-109, -132, -137, -116, -132]	[-163, -124, -111, -113, -111]	[-33, -29, -14, -19, -69]	[90, 111, 84, 178, 125]	[10004, 9997, 9993, 9997, 9996]	[203, 185, 187, 219, 188]
1144	39.0	[140, -4, 8, 64, 79]	[-120, -140, -79, 22, -38]	[-157, -41, 15, -10, -173]	[-49, -167, -92, -108, -97]	[124, -84, -94, 35, 24]	[-116, -26, 12, -41, 109]	[-55, 56, 3, 102, 212]	[-118, -134, -136, -117, -134]	[-162, -127, -114, -114, -123]	[-11, -20, -14, -21, -69]	[115, 107, 80, 176, 127]	[10004, 9999, 9982, 9997, 9992]	[205, 132, 164, 250, 238]
1145	41.0	[175, 52, 9, 53, 92]	[-109, -142, -85, 22, -41]	[-170, -42, 15, -13, -156]	[-45, -162, -92, -101, -100]	[125, -86, -94, 43, 19]	[-127, -26, 15, -38, 116]	[-59, 55, 4, 97, 187]	[-120, -130, -129, -121, -134]	[-163, -121, -111, -122, -115]	[-34, -22, -15, -23, -65]	[85, 116, 108, 182, 112]	[10004, 9998, 9993, 9997, 9996]	[196, 190, 183, 228, 158]
1146	39.7	[140, -9, 8, 59, 92]	[-111, -137, -79, 22, -42]	[-157, -41, 5, -12, -173]	[-42, -163, -87, -103, -98]	[123, -85, -94, 37, 24]	[-116, -26, 17, -36, 114]	[-58, 56, 3, 95, 194]	[-118, -133, -138, -121, -119]	[-162, -122, -111, -118, -122]	[-26, -22, -14, -20, -69]	[115, 112, 83, 175, 161]	[10002, 9998, 9985, 9997, 9994]	[205, 137, 167, 234, 228]
1147	41.0	[140, -9, 8, 59, 92]	[-111, -137, -79, 22, -42]	[-157, -41, 5, -12, -173]	[-42, -163, -87, -103, -98]	[123, -85, -94, 37, 24]	[-116, -26, 17, -36, 114]	[-58, 56, 3, 95, 194]	[-118, -133, -138, -121, -119]	[-162, -122, -111, -118, -122]	[-26, -22, -14, -20, -69]	[115, 112, 83, 175, 161]	[10002, 9998, 9985, 9997, 9994]	[205, 137, 167, 234, 228]
1148	43.3	[175, 52, 9, 53, 92]	[-109, -142, -85, 22, -41]	[-170, -42, 15, -13, -156]	[-51, -162, -92, -101, -100]	[125, -86, -94, 43, 19]	[-127, -26, 15, -38, 116]	[-59, 55, 4, 97, 187]	[-120, -130, -129, -121, -134]	[-163, -121, -111, -122, -115]	[-34, -22, -15, -23, -65]	[85, 117, 108, 182, 112]	[10004, 9998, 9993, 9997, 9992]	[196, 190, 183, 228, 162]
1149	36.3	[140, -9, 8, 59, 92]	[-111, -137, -79, 22, -42]	[-157, -41, 5, -12, -173]	[-42, -163, -87, -103, -98]	[123, -85, -94, 37, 24]	[-116, -26, 17, -36, 114]	[-58, 56, 3, 95, 194]	[-118, -133, -138, -121, -119]	[-162, -122, -111, -118, -122]	[-26, -22, -14, -20, -69]	[115, 112, 83, 175, 161]	[10002, 9998, 9985, 10003, 9994]	[205, 137, 167, 234, 228]
1150	37.0	[112, 15, -29, 76, 77]	[-157, -136, -82, 21, -47]	[-163, -36, -5, -15, -186]	[-21, -163, -90, -100, -101]	[122, -84, -94, 36, 23]	[-106, -26, 7, -41, 107]	[-58, 55, 3, 103, 206]	[-109, -132, -138, -121, -132]	[-163, -119, -111, -118, -123]	[-34, -29, -15, -19, -69]	[90, 111, 84, 178, 125]	[10004, 9991, 9993, 9997, 9996]	[203, 185, 187, 219, 188]
1151	36.3	[175, 52, 9, 53, 92]	[-109, -142, -85, 22, -44]	[-170, -42, 15, -13, -156]	[-45, -162, -92, -101, -100]	[125, -86, -94, 43, 19]	[-127, -26, 15, -38, 116]	[-59, 55, 4, 97, 187]	[-120, -130, -129, -121, -134]	[-163, -121, -111, -122, -115]	[-34, -22, -15, -23, -65]	[85, 116, 108, 182, 118]	[10004, 9998, 9993, 9997, 9996]	[196, 190, 183, 228, 158]
1152	38.3	[112, 15, -29, 76, 77]	[-157, -136, -82, 21, -47]	[-163, -36, -5, -15, -186]	[-21, -163, -90, -100, -101]	[122, -84, -94, 36, 23]	[-108, -26, 10, -41, 109]	[-58, 55, 3, 103, 206]	[-109, -132, -138, -121, -132]	[-163, -119, -111, -118, -123]	[-34, -29, -15, -19, -69]	[90, 111, 84, 178, 125]	[10004, 9991, 9993, 9997, 9996]	[203, 185, 187, 219, 188]
1153	36.7	[112, 5, 8, 64, 73]	[-154, -137, -79, 22, -33]	[-170, -42, 0, -13, -172]	[-22, -166, -89, -101, -101]	[125, -84, -94, 36, 17]	[-120, -26, 18, -33, 116]	[-51, 49, 3, 99, 154]	[-119, -130, -131, -117, -132]	[-163, -119, -114, -117, -114]	[-34, -29, -14, -20, -68]	[90, 111, 83, 177, 131]	[10004, 9998, 9993, 9997, 9996]	[197, 179, 185, 224, 188]
1154	39.0	[112, 15, -29, 76, 77]	[-157, -136, -82, 21, -47]	[-163, -40, 17, -11, -178]	[-42, -164, -90, -103, -97]	[122, -84, -94, 35, 24]	[-109, -26, 7, -41, 107]	[-58, 55, 3, 102, 206]	[-118, -133, -137, -121, -132]	[-163, -119, -111, -112, -123]	[-34, -29, -15, -19, -69]	[90, 111, 84, 178, 125]	[10004, 9991, 9993, 9997, 9996]	[203, 185, 187, 219, 188]
1155	42.7	[175, 52, 9, 53, 92]	[-109, -142, -85, 22, -44]	[-170, -42, 15, -13, -156]	[-45, -162, -92, -101, -100]	[125, -86, -94, 43, 19]	[-127, -26, 15, -38, 116]	[-59, 55, 4, 97, 187]	[-120, -130, -129, -121, -134]	[-163, -121, -111, -122, -115]	[-34, -28, -15, -23, -65]	[85, 116, 108, 182, 118]	[10004, 9998, 9993, 9997, 9996]	[196, 190, 183, 228, 158]
1156	40.0	[112, 15, -29, 76, 73]	[-154, -134, -82, 21, -49]	[-163, -36, -9, -15, -183]	[-21, -163, -92, -100, -103]	[122, -84, -94, 35, 23]	[-106, -26, 7, -41, 107]	[-50, 57, -3, 103, 206]	[-109, -132, -137, -116, -132]	[-161, -123, -107, -113, -111]	[-33, -29, -13, -19, -69]	[90, 111, 83, 178, 125]	[10004, 9997, 9993, 9997, 9996]	[203, 185, 187, 219, 188]
1157	40.7	[112, 5, 8, 64, 73]	[-154, -137, -79, 22, -33]	[-169, -36, 0, -13, -172]	[-22, -166, -89, -101, -101]	[125, -84, -94, 36, 17]	[-120, -26, 18, -33, 116]	[-51, 55, 3, 99, 180]	[-119, -133, -135, -121, -132]	[-163, -119, -114, -114, -114]	[-34, -29, -14, -20, -69]	[90, 111, 81, 177, 131]	[10009, 9997, 9993, 9997, 9996]	[197, 179, 185, 221, 188]
1158	41.7	[170, 46, 9, 53, 92]	[-109, -140, -85, 21, -46]	[-170, -42, 2, -13, -156]	[-45, -162, -92, -100, -101]	[122, -85, -94, 41, 19]	[-127, -26, 11, -41, 114]	[-59, 56, 4, 97, 187]	[-119, -131, -131, -121, -134]	[-163, -121, -111, -120, -115]	[-34, -22, -15, -20, -66]	[120, 114, 86, 181, 112]	[10004, 9997, 9993, 9991, 9998]	[196, 189, 183, 228, 162]
1159	38.3	[112, 15, -29, 76, 77]	[-157, -136, -82, 21, -47]	[-163, -36, -5, -15, -186]	[-21, -163, -90, -100, -101]	[122, -84, -94, 36, 23]	[-108, -26, 10, -41, 109]	[-58, 55, 3, 103, 206]	[-109, -132, -138, -121, -132]	[-163, -119, -117, -118, -123]	[-34, -29, -15, -19, -69]	[90, 111, 84, 178, 125]	[10004, 9991, 9993, 9997, 9996]	[203, 185, 187, 219, 188]
1160	41.7	[175, 52, -17, 74, 92]	[-109, -142, -82, 22, -44]	[-170, -40, 16, -13, -156]	[-36, -162, -91, -101, -100]	[125, -85, -94, 43, 19]	[-127, -26, 14, -38, 116]	[-59, 55, 4, 97, 187]	[-120, -130, -129, -121, -134]	[-163, -120, -111, -115, -119]	[-34, -28, -15, -23, -65]	[85, 116, 108, 182, 118]	[10004, 9998, 9993, 10003, 9996]	[196, 190, 183, 228, 158]
1161	38.7	[112, 12, -13, 64, 73]	[-154, -137, -80, 21, -38]	[-164, -36, -2, -13, -172]	[-22, -166, -89, -101, -101]	[124, -84, -94, 36, 17]	[-120, -26, 18, -37, 112]	[-51, 55, 3, 101, 199]	[-119, -132, -136, -121, -132]	[-163, -119, -114, -117, -117]	[-34, -26, -15, -19, -69]	[90, 111, 83, 177, 131]	[10008, 9992, 9993, 9997, 9996]	[197, 179, 187, 219, 188]
1162	38.7	[112, 15, -29, 76, 77]	[-157, -136, -82, 21, -47]	[-163, -36, -5, -15, -186]	[-21, -163, -90, -100, -101]	[122, -84, -94, 36, 23]	[-108, -26, 10, -41, 109]	[-58, 55, 3, 103, 206]	[-109, -132, -138, -121, -132]	[-163, -119, -117, -124, -123]	[-34, -29, -15, -19, -69]	[90, 111, 84, 178, 125]	[10004, 9991, 9993, 9997, 9996]	[203, 185, 187, 219, 188]
1163	35.7	[112, 5, 14, 64, 73]	[-154, -137, -79, 22, -33]	[-170, -42, 0, -13, -172]	[-22, -166, -89, -101, -101]	[125, -84, -94, 36, 11]	[-113, -26, 18, -33, 116]	[-51, 51, 3, 99, 154]	[-119, -130, -131, -117, -132]	[-163, -119, -114, -117, -114]	[-34, -29, -14, -20, -68]	[90, 111, 83, 177, 131]	[10004, 9998, 9993, 9997, 9996]	[197, 179, 185, 224, 188]
1164	41.0	[112, 15, -29, 76, 73]	[-154, -134, -82, 21, -49]	[-163, -36, -9, -15, -183]	[-21, -163, -92, -100, -103]	[122, -85, -94, 30, 23]	[-108, -26, 7, -41, 107]	[-50, 56, -3, 103, 206]	[-109, -132, -139, -117, -144]	[-163, -124, -111, -113, -111]	[-25, -28, -14, -19, -69]	[90, 110, 82, 177, 125]	[10004, 9997, 9993, 9997, 9996]	[203, 185, 187, 219, 188]
1165	45.0	[112, 15, -29, 76, 77]	[-157, -136, -82, 21, -47]	[-163, -40, 17, -11, -178]	[-34, -164, -89, -103, -98]	[122, -84, -94, 35, 23]	[-109, -26, 7, -41, 107]	[-58, 55, 3, 107, 206]	[-117, -133, -133, -120, -132]	[-163, -120, -111, -113, -123]	[-34, -28, -15, -19, -69]	[88, 112, 84, 178, 125]	[10004, 9991, 9993, 9997, 9996]	[203, 191, 187, 219, 188]
1166	39.3	[112, 15, -29, 76, 77]	[-157, -136, -82, 21, -47]	[-163, -40, 17, -11, -178]	[-34, -164, -89, -103, -98]	[122, -84, -94, 35, 23]	[-109, -26, 7, -41, 107]	[-58, 55, 3, 107, 206]	[-117, -133, -133, -120, -132]	[-163, -120, -111, -113, -123]	[-34, -28, -15, -19, -69]	[88, 112, 84, 178, 125]	[10004, 9991, 9993, 9997, 9996]	[203, 191, 187, 219, 188]
1167	43.0	[175, 52, 9, 53, 92]	[-109, -142, -85, 22, -41]	[-170, -42, 15, -13, -156]	[-51, -162, -92, -101, -100]	[125, -86, -94, 43, 19]	[-127, -26, 18, -35, 116]	[-59, 55, 4, 97, 187]	[-120, -130, -129, -118, -132]	[-163, -119, -111, -122, -115]	[-34, -22, -21, -23, -65]	[85, 117, 108, 182, 112]	[10004, 9998, 9993, 9997, 9994]	[196, 190, 183, 228, 161]
1168	38.7	[140, -9, 8, 59, 92]	[-111, -137, -79, 21, -42]	[-157, -39, 1, -12, -173]	[-42, -163, -87, -103, -99]	[123, -85, -94, 36, 23]	[-116, -26, 17, -36, 113]	[-58, 56, 3, 95, 188]	[-118, -133, -138, -121, -122]	[-162, -122, -111, -118, -122]	[-26, -22, -14, -20, -69]	[115, 112, 83, 177, 149]	[10002, 9998, 9992, 10003, 9994]	[205, 137, 173, 234, 228]
1169	40.3	[112, 5, 14, 64, 73]	[-154, -137, -79, 22, -33]	[-170, -42, 0, -13, -172]	[-22, -166, -89, -101, -101]	[125, -84, -94, 36, 11]	[-113, -26, 17, -38, 111]	[-58, 53, 3, 99, 154]	[-119, -131, -131, -117, -132]	[-163, -119, -114, -117, -120]	[-34, -28, -15, -20, -68]	[88, 112, 83, 177, 131]	[10004, 9998, 9993, 9997, 9996]	[197, 179, 185, 224, 188]
1170	41.0	[112, 5, 8, 64, 73]	[-154, -137, -79, 22, -33]	[-170, -42, 0, -13, -172]	[-22, -166, -89, -101, -101]	[125, -84, -94, 36, 11]	[-112, -26, 16, -33, 116]	[-50, 52, -1, 102, 154]	[-111, -130, -131, -117, -132]	[-163, -119, -114, -117, -114]	[-34, -29, -14, -20, -68]	[90, 111, 83, 177, 131]	[10004, 9998, 9993, 9997, 9996]	[197, 179, 185, 224, 188]
1171	37.0	[112, 5, 14, 64, 73]	[-154, -137, -79, 22, -33]	[-170, -42, 0, -13, -172]	[-22, -166, -89, -101, -101]	[125, -84, -88, 36, 11]	[-113, -26, 18, -38, 111]	[-58, 55, 4, 99, 154]	[-120, -130, -131, -117, -132]	[-163, -119, -114, -117, -120]	[-34, -28, -15, -20, -68]	[88, 112, 83, 177, 131]	[10004, 9998, 9993, 9997, 9996]	[197, 179, 185, 224, 188]
1172	38.3	[112, 12, -13, 64, 73]	[-154, -136, -80, 21, -38]	[-164, -36, -2, -13, -172]	[-22, -166, -90, -101, -101]	[124, -84, -94, 36, 17]	[-120, -26, 17, -38, 112]	[-51, 55, 3, 103, 199]	[-119, -132, -130, -121, -132]	[-163, -119, -114, -117, -117]	[-34, -26, -15, -19, -75]	[90, 111, 83, 177, 131]	[10008, 9992, 9993, 9997, 9996]	[197, 179, 187, 219, 188]
1173	38.3	[112, 5, 8, 64, 73]	[-154, -137, -79, 22, -33]	[-170, -42, 0, -13, -172]	[-22, -166, -89, -101, -101]	[125, -84, -94, 36, 11]	[-112, -26, 16, -33, 116]	[-50, 52, -1, 102, 154]	[-111, -130, -131, -117, -132]	[-163, -119, -114, -117, -114]	[-34, -29, -14, -20, -68]	[90, 111, 83, 177, 131]	[10004, 9998, 9993, 9997, 9996]	[197, 179, 185, 224, 188]
1174	39.3	[112, 5, 14, 64, 73]	[-154, -137, -79, 22, -33]	[-170, -42, 0, -13, -172]	[-22, -166, -89, -101, -101]	[125, -84, -88, 36, 11]	[-113, -26, 18, -38, 111]	[-58, 55, 4, 99, 154]	[-120, -130, -131, -117, -132]	[-163, -119, -114, -117, -120]	[-34, -28, -15, -20, -68]	[82, 112, 83, 177, 131]	[10004, 9998, 9993, 9997, 9996]	[197, 179, 185, 224, 188]
1175	42.3	[112, 40, 11, 64, 73]	[-140, -137, -80, 22, -43]	[-170, -41, 5, -13, -172]	[-22, -166, -89, -101, -101]	[125, -84, -94, 36, 11]	[-113, -26, 18, -33, 116]	[-51, 56, 4, 99, 154]	[-119, -131, -131, -120, -132]	[-169, -119, -112, -119, -114]	[-34, -29, -14, -20, -74]	[90, 111, 83, 177, 126]	[10004, 9992, 9993, 10003, 9996]	[197, 182, 185, 228, 184]
1176	39.3	[112, 15, -17, 75, 73]	[-154, -136, -81, 22, -33]	[-170, -42, 0, -13, -174]	[-21, -164, -90, -101, -103]	[125, -84, -94, 37, 11]	[-113, -26, 7, -33, 116]	[-51, 51, 3, 99, 154]	[-119, -130, -131, -117, -132]	[-163, -119, -114, -117, -114]	[-34, -29, -14, -20, -74]	[90, 111, 83, 177, 131]	[10004, 9998, 9993, 9997, 9996]	[197, 179, 185, 224, 188]
1177	41.3	[112, 5, 14, 64, 73]	[-154, -137, -79, 22, -33]	[-170, -42, 0, -13, -172]	[-22, -166, -92, -100, -101]	[125, -84, -94, 38, 11]	[-113, -26, 18, -33, 116]	[-51, 51, 3, 99, 154]	[-119, -130, -131, -117, -132]	[-163, -119, -112, -117, -120]	[-34, -29, -14, -20, -74]	[90, 111, 83, 177, 131]	[10004, 9998, 9993, 9997, 9996]	[197, 179, 185, 224, 194]
1178	40.7	[112, 15, -17, 75, 73]	[-154, -136, -81, 22, -33]	[-170, -42, 0, -13, -174]	[-21, -164, -90, -101, -103]	[125, -84, -94, 37, 11]	[-113, -26, 7, -33, 116]	[-51, 51, 3, 99, 154]	[-119, -130, -131, -117, -132]	[-163, -119, -114, -117, -114]	[-34, -29, -14, -20, -74]	[90, 111, 83, 177, 131]	[10004, 9998, 9993, 9997, 9996]	[197, 179, 185, 224, 188]
1179	37.7	[112, 5, 8, 61, 83]	[-117, -137, -79, 22, -33]	[-170, -40, 1, -13, -172]	[-22, -166, -89, -102, -101]	[125, -84, -94, 36, 20]	[-112, -26, 16, -33, 116]	[-50, 52, -1, 102, 154]	[-111, -130, -131, -117, -132]	[-163, -119, -114, -117, -114]	[-34, -29, -14, -20, -68]	[90, 111, 83, 177, 131]	[10004, 9998, 9993, 9997, 9996]	[197, 179, 185, 219, 188]
1180	39.3	[112, 40, 11, 64, 73]	[-140, -137, -80, 22, -43]	[-170, -41, 5, -13, -172]	[-22, -166, -89, -101, -101]	[125, -84, -94, 36, 11]	[-113, -26, 18, -33, 116]	[-51, 56, 4, 99, 154]	[-119, -131, -125, -120, -132]	[-169, -119, -112, -119, -115]	[-34, -29, -14, -23, -74]	[90, 111, 83, 177, 126]	[10004, 9992, 9993, 10000, 9996]	[197, 182, 185, 228, 184]
1181	37.0	[112, 5, 8, 64, 73]	[-137, -139, -83, 22, -33]	[-169, -40, 0, -13, -172]	[-22, -166, -90, -101, -101]	[125, -84, -94, 36, 17]	[-120, -26, 18, -33, 116]	[-51, 61, 3, 99, 154]	[-119, -130, -131, -117, -132]	[-163, -119, -114, -118, -116]	[-34, -29, -14, -20, -69]	[90, 111, 81, 183, 131]	[10009, 9997, 9993, 9991, 9996]	[197, 179, 185, 221, 188]
1182	35.7	[112, 5, 14, 64, 73]	[-154, -137, -79, 21, -33]	[-170, -41, 0, -13, -172]	[-22, -166, -89, -101, -101]	[125, -84, -94, 36, 11]	[-113, -26, 17, -38, 111]	[-58, 53, -3, 99, 192]	[-119, -132, -131, -121, -132]	[-163, -119, -114, -117, -120]	[-34, -28, -15, -20, -68]	[88, 112, 83, 177, 131]	[10004, 9998, 9993, 9997, 9996]	[197, 179, 185, 224, 188]
1183	40.0	[112, 5, 14, 64, 73]	[-154, -137, -79, 21, -33]	[-170, -41, 0, -13, -172]	[-22, -166, -89, -101, -101]	[125, -84, -94, 36, 11]	[-113, -26, 17, -38, 111]	[-58, 53, -3, 99, 192]	[-119, -132, -131, -121, -132]	[-163, -119, -114, -117, -120]	[-34, -28, -15, -20, -68]	[88, 112, 83, 177, 131]	[10004, 9998, 9993, 9997, 9996]	[197, 179, 185, 224, 188]
1184	39.3	[112, 15, -17, 75, 73]	[-154, -136, -81, 22, -33]	[-170, -42, 0, -13, -174]	[-21, -164, -90, -101, -103]	[125, -84, -94, 37, 11]	[-113, -26, 7, -33, 110]	[-51, 51, 3, 99, 154]	[-119, -130, -131, -117, -132]	[-163, -119, -114, -117, -114]	[-34, -29, -14, -20, -74]	[90, 111, 83, 177, 131]	[10004, 9998, 9993, 9997, 9996]	[197, 179, 185, 224, 188]
1185	42.0	[112, 5, 8, 64, 73]	[-154, -137, -79, 22, -33]	[-170, -42, 0, -13, -172]	[-22, -166, -89, -101, -101]	[125, -84, -100, 36, 11]	[-112, -26, 16, -33, 116]	[-50, 52, -1, 102, 154]	[-111, -130, -131, -117, -132]	[-163, -119, -114, -117, -114]	[-34, -29, -14, -20, -68]	[96, 111, 83, 177, 131]	[10004, 9998, 9993, 9997, 9996]	[197, 179, 185, 224, 188]
1186	41.0	[112, 12, -13, 64, 73]	[-154, -137, -80, 22, -35]	[-164, -36, -2, -13, -172]	[-22, -166, -96, -101, -101]	[124, -84, -94, 36, 17]	[-120, -26, 17, -38, 112]	[-51, 55, 3, 97, 199]	[-119, -132, -130, -121, -132]	[-163, -119, -114, -117, -117]	[-34, -26, -15, -19, -75]	[90, 111, 83, 177, 131]	[10008, 9992, 9993, 9997, 9996]	[197, 179, 187, 219, 188]
1187	37.7	[112, 5, 13, 64, 73]	[-154, -137, -79, 22, -33]	[-170, -42, 1, -13, -172]	[-22, -166, -92, -100, -101]	[125, -84, -94, 37, 11]	[-113, -26, 18, -33, 116]	[-51, 52, 2, 101, 154]	[-116, -130, -131, -118, -132]	[-163, -119, -106, -119, -119]	[-34, -29, -14, -20, -74]	[90, 111, 83, 177, 131]	[10004, 9998, 9993, 9997, 9996]	[197, 179, 185, 224, 194]
1188	42.0	[112, 5, 8, 64, 73]	[-154, -137, -79, 21, -33]	[-170, -42, 0, -13, -172]	[-22, -166, -89, -101, -101]	[125, -84, -97, 36, 11]	[-112, -26, 17, -38, 116]	[-50, 52, -1, 101, 160]	[-113, -132, -131, -119, -132]	[-163, -119, -114, -117, -114]	[-34, -29, -15, -20, -68]	[96, 111, 83, 177, 131]	[10004, 9998, 9993, 9997, 9996]	[197, 179, 185, 224, 188]
1189	37.0	[112, 12, -13, 64, 73]	[-154, -137, -80, 22, -35]	[-164, -36, -2, -13, -172]	[-22, -166, -96, -101, -101]	[124, -84, -94, 36, 17]	[-120, -26, 17, -38, 112]	[-51, 55, 3, 97, 199]	[-119, -132, -130, -121, -132]	[-163, -119, -114, -117, -117]	[-34, -26, -15, -19, -75]	[90, 111, 83, 177, 131]	[10008, 9992, 9993, 9997, 9996]	[197, 179, 187, 219, 188]
1190	38.3	[112, 5, 8, 63, 73]	[-154, -143, -79, 22, -33]	[-170, -42, 0, -13, -173]	[-22, -166, -89, -101, -101]	[125, -84, -94, 36, 11]	[-112, -26, 16, -33, 116]	[-51, 61, -1, 100, 154]	[-111, -130, -125, -117, -132]	[-163, -119, -114, -118, -116]	[-34, -29, -14, -20, -69]	[90, 111, 83, 177, 131]	[10004, 9998, 9993, 9997, 9996]	[197, 179, 185, 219, 188]
1191	41.0	[112, 5, 14, 64, 73]	[-154, -137, -79, 22, -33]	[-176, -42, 0, -13, -172]	[-22, -166, -90, -101, -101]	[125, -84, -88, 36, 11]	[-113, -26, 18, -38, 111]	[-57, 55, 1, 99, 154]	[-120, -130, -132, -117, -132]	[-163, -119, -114, -116, -117]	[-34, -28, -15, -20, -68]	[89, 112, 83, 177, 131]	[10004, 9998, 9999, 9997, 9996]	[197, 179, 185, 224, 188]
1192	40.3	[112, 5, 14, 64, 73]	[-154, -137, -79, 22, -33]	[-176, -42, 0, -13, -172]	[-22, -166, -90, -101, -101]	[125, -84, -88, 36, 11]	[-113, -26, 18, -38, 111]	[-57, 55, 1, 99, 154]	[-120, -130, -132, -117, -132]	[-163, -119, -114, -116, -117]	[-34, -28, -15, -20, -68]	[89, 112, 83, 177, 131]	[10004, 9998, 9999, 9997, 9996]	[197, 179, 185, 224, 188]
1193	36.7	[112, 5, 14, 64, 73]	[-154, -137, -79, 22, -33]	[-176, -42, 0, -13, -172]	[-22, -166, -90, -101, -101]	[125, -84, -94, 36, 11]	[-112, -26, 13, -34, 111]	[-57, 55, 1, 99, 154]	[-120, -130, -131, -117, -132]	[-163, -119, -114, -116, -117]	[-34, -28, -15, -20, -68]	[89, 112, 83, 177, 131]	[10004, 9998, 9999, 9997, 9996]	[197, 179, 185, 224, 188]
1194	40.0	[112, 5, 8, 64, 73]	[-154, -137, -79, 21, -33]	[-170, -42, -5, -13, -172]	[-22, -166, -90, -100, -101]	[125, -84, -95, 36, 11]	[-112, -26, 17, -38, 116]	[-50, 52, 0, 101, 159]	[-113, -132, -131, -119, -132]	[-163, -119, -114, -117, -114]	[-34, -29, -15, -20, -68]	[96, 111, 83, 177, 131]	[10004, 9998, 9993, 9997, 9996]	[197, 179, 185, 224, 188]
1195	37.7	[112, 15, -17, 75, 73]	[-154, -136, -81, 22, -33]	[-170, -42, 0, -13, -174]	[-21, -164, -90, -101, -103]	[125, -84, -94, 37, 11]	[-113, -26, 7, -33, 110]	[-51, 51, 3, 99, 154]	[-119, -130, -131, -117, -132]	[-163, -119, -114, -117, -120]	[-34, -29, -14, -20, -74]	[90, 111, 83, 177, 131]	[10004, 9998, 9993, 9997, 9996]	[197, 179, 185, 224, 188]
1196	41.7	[112, 5, 14, 64, 73]	[-154, -137, -79, 22, -33]	[-176, -42, 0, -13, -172]	[-22, -166, -90, -101, -101]	[125, -84, -94, 36, 11]	[-112, -26, 13, -34, 111]	[-57, 55, 1, 99, 154]	[-120, -130, -131, -117, -132]	[-163, -119, -114, -116, -117]	[-34, -28, -15, -20, -68]	[89, 112, 83, 177, 131]	[10004, 9998, 9999, 9997, 9996]	[197, 179, 185, 224, 188]
1197	36.7	[112, 5, 8, 64, 73]	[-137, -139, -83, 22, -33]	[-169, -40, 0, -13, -173]	[-22, -166, -89, -101, -101]	[125, -84, -94, 36, 17]	[-120, -26, 18, -33, 116]	[-51, 58, 0, 102, 154]	[-119, -130, -125, -117, -132]	[-163, -119, -114, -117, -116]	[-34, -29, -14, -20, -69]	[90, 111, 81, 183, 131]	[10004, 9997, 9993, 9993, 9996]	[197, 179, 185, 221, 188]
1198	42.3	[112, 5, 8, 64, 73]	[-154, -137, -79, 22, -33]	[-170, -42, 0, -13, -172]	[-22, -166, -89, -101, -101]	[125, -84, -100, 36, 11]	[-112, -26, 16, -33, 116]	[-50, 52, -1, 102, 154]	[-111, -130, -131, -117, -132]	[-163, -119, -114, -117, -114]	[-34, -28, -15, -20, -68]	[96, 111, 83, 177, 131]	[10004, 9998, 9993, 9997, 9996]	[197, 179, 185, 224, 188]
1199	42.0	[112, 5, 14, 64, 73]	[-154, -137, -79, 21, -33]	[-170, -41, 2, -13, -172]	[-22, -166, -89, -101, -101]	[125, -84, -94, 36, 11]	[-113, -26, 17, -36, 111]	[-58, 53, 3, 97, 189]	[-117, -130, -131, -121, -132]	[-163, -119, -114, -117, -119]	[-34, -27, -15, -19, -72]	[88, 112, 83, 177, 131]	[10006, 9996, 9993, 9997, 9996]	[197, 179, 185, 224, 188]
