generation	fitness	corner	c	a1	a2	b1	b2	b3	x	o1	o2	wp	ww	we
600	34.5	[115, -29, -20, 46, 103]	[-107, -151, -86, 20, 186]	[-168, -54, 28, 9, -181]	[-45, -187, -89, -112, -111]	[121, -82, -97, 23, 48]	[-106, -20, 6, -49, 137]	[-125, 53, 6, 93, 158]	[-67, -112, -121, -111, -174]	[-162, -136, -121, -134, -110]	[-62, -54, -6, -30, -58]	[74, 103, 109, 175, 0]	[10005, 10006, 10001, 9997, 10001]	[220, 124, 187, 271, 261]
601	38.0	[115, -10, -20, 46, 103]	[-107, -148, -98, 20, 186]	[-168, -40, 3, 7, -178]	[-45, -187, -87, -115, -109]	[126, -80, -96, 23, 49]	[-99, -20, 5, -52, 149]	[-131, 53, 3, 100, 150]	[-68, -112, -125, -107, -174]	[-164, -136, -119, -129, -110]	[-62, -48, -13, -29, -57]	[83, 105, 109, 175, 2]	[10005, 10006, 9998, 9997, 9999]	[220, 124, 187, 271, 261]
602	35.5	[115, -29, -20, 46, 103]	[-107, -151, -86, 20, 186]	[-168, -54, 28, 9, -181]	[-45, -187, -89, -112, -111]	[121, -82, -97, 23, 48]	[-106, -20, 6, -49, 137]	[-125, 53, 6, 93, 158]	[-67, -112, -121, -111, -174]	[-162, -136, -121, -134, -110]	[-62, -54, -6, -30, -58]	[74, 103, 109, 175, 0]	[10005, 10006, 10001, 9997, 10001]	[220, 124, 187, 271, 261]
603	38.0	[115, -29, -20, 46, 103]	[-107, -151, -86, 20, 186]	[-168, -54, 28, 9, -181]	[-45, -187, -89, -112, -111]	[121, -82, -97, 23, 48]	[-106, -20, 6, -49, 137]	[-125, 53, 6, 93, 158]	[-67, -112, -121, -111, -174]	[-162, -136, -121, -134, -110]	[-62, -54, -6, -30, -58]	[74, 103, 109, 175, 0]	[10005, 10006, 10001, 9997, 10001]	[220, 124, 187, 271, 261]
604	35.0	[115, -35, -20, 46, 103]	[-103, -146, -65, 20, 186]	[-170, -63, 28, 7, -171]	[-45, -188, -85, -112, -104]	[132, -82, -98, 20, 48]	[-97, -16, 5, -53, 144]	[-57, 52, -1, 107, 160]	[-67, -113, -126, -106, -174]	[-159, -136, -122, -131, -111]	[-60, -49, -7, -31, -60]	[83, 105, 108, 176, 0]	[10005, 10005, 9998, 9997, 9999]	[220, 124, 187, 271, 267]
605	32.5	[115, -29, -20, 46, 103]	[-107, -151, -86, 20, 186]	[-168, -54, 28, 9, -181]	[-45, -187, -89, -112, -111]	[121, -82, -97, 23, 48]	[-106, -20, 6, -49, 137]	[-119, 53, 6, 93, 158]	[-67, -112, -121, -111, -174]	[-162, -136, -121, -134, -110]	[-62, -54, -6, -30, -58]	[74, 103, 109, 175, 0]	[10005, 10006, 10001, 9997, 10001]	[220, 124, 187, 271, 261]
606	35.0	[-49, 134, 24, 29, 84]	[11, -114, -73, 40, 35]	[-107, -24, -15, -13, -84]	[23, -137, -97, -95, -84]	[114, -125, -114, 45, -113]	[-164, -15, 12, -56, 41]	[-68, 41, 5, 72, 173]	[-75, -154, -116, -114, -159]	[-159, -69, -76, -123, -125]	[45, 7, -10, -52, -51]	[186, 122, 106, 185, 158]	[10006, 10003, 9998, 9992, 9997]	[225, 218, 191, 221, 160]
607	33.0	[115, -29, -20, 46, 103]	[-107, -151, -86, 20, 186]	[-168, -54, 28, 9, -181]	[-45, -187, -89, -112, -111]	[121, -82, -97, 23, 48]	[-106, -20, 6, -49, 137]	[-119, 53, 6, 93, 158]	[-67, -112, -121, -111, -174]	[-162, -136, -121, -134, -110]	[-62, -54, -6, -30, -58]	[74, 103, 109, 175, 0]	[10005, 10006, 10001, 9997, 10001]	[220, 124, 187, 271, 261]
608	32.0	[-55, 96, -33, -43, -85]	[0, -159, -26, 8, -189]	[-85, -89, 22, -11, -151]	[-38, -172, -93, -77, -60]	[123, -109, -110, 30, -68]	[-96, -13, 7, -55, 93]	[-47, 60, 2, 77, 237]	[-64, -131, -108, -109, -160]	[-141, -73, -128, -93, -142]	[49, -44, -21, -61, -28]	[215, 119, 135, 174, 153]	[10000, 9996, 10002, 9999, 10006]	[228, 208, 200, 215, 157]
609	34.5	[115, -35, -20, 46, 103]	[-103, -146, -65, 20, 186]	[-170, -63, 28, 7, -171]	[-45, -188, -85, -112, -104]	[132, -82, -98, 20, 48]	[-97, -16, 5, -53, 144]	[-47, 58, -1, 107, 160]	[-67, -113, -126, -106, -174]	[-159, -136, -122, -131, -111]	[-60, -49, -7, -31, -60]	[83, 105, 108, 176, 0]	[10005, 10005, 9998, 9997, 9999]	[220, 124, 187, 271, 267]
610	44.5	[113, -10, -51, -9, 104]	[-102, -156, -69, 20, 192]	[-170, -63, 30, 3, -192]	[-43, -188, -84, -122, -106]	[135, -91, -99, 20, 48]	[-109, -20, 6, -52, 157]	[-119, 53, 4, 96, 158]	[-73, -111, -123, -99, -174]	[-159, -136, -120, -153, -110]	[-59, -51, -13, -34, -61]	[72, 105, 107, 178, 3]	[10005, 10005, 9999, 9998, 9997]	[226, 190, 199, 275, 267]
611	35.5	[115, -35, -20, 46, 103]	[-103, -146, -65, 20, 186]	[-170, -63, 28, 7, -171]	[-45, -188, -85, -112, -104]	[132, -82, -98, 20, 48]	[-97, -16, 5, -53, 144]	[-47, 58, -1, 107, 160]	[-67, -113, -126, -106, -174]	[-159, -136, -122, -131, -111]	[-60, -49, -7, -31, -60]	[83, 105, 108, 176, 0]	[10005, 10005, 9998, 9997, 9999]	[220, 124, 187, 271, 267]
612	38.0	[115, -35, -20, 46, 103]	[-103, -146, -65, 20, 186]	[-170, -63, 28, 7, -171]	[-45, -188, -85, -112, -104]	[132, -82, -98, 20, 48]	[-97, -16, 5, -53, 144]	[-47, 58, -1, 107, 160]	[-67, -113, -126, -106, -174]	[-159, -136, -122, -131, -111]	[-60, -49, -7, -31, -60]	[83, 105, 108, 176, 0]	[10005, 10005, 9998, 9997, 9999]	[220, 124, 187, 271, 267]
613	36.5	[115, -29, -20, 46, 103]	[-107, -151, -86, 20, 186]	[-168, -54, 28, 9, -181]	[-45, -187, -89, -112, -111]	[121, -82, -97, 23, 48]	[-106, -20, 6, -49, 137]	[-119, 53, 6, 93, 158]	[-73, -112, -121, -111, -174]	[-162, -136, -121, -134, -110]	[-62, -49, -6, -30, -58]	[74, 103, 109, 175, 0]	[10005, 10005, 10001, 9997, 10001]	[220, 124, 187, 271, 261]
614	34.0	[-49, 101, -15, 38, 84]	[-16, -141, -73, 40, 23]	[-124, -38, 0, -8, -126]	[20, -41, -65, -79, -84]	[114, -125, -114, 47, -58]	[-138, -15, 10, -29, 159]	[-68, 48, 8, 72, 172]	[-87, -143, -118, -113, -168]	[-160, -70, -94, -124, -125]	[45, 0, -10, -52, -51]	[148, 117, 107, 185, 158]	[10005, 10003, 9998, 9994, 9997]	[225, 218, 191, 241, 160]
615	40.0	[115, -35, -20, 46, 103]	[-85, -135, -73, 20, 40]	[-170, -59, -9, -11, -167]	[-1, -146, -82, -111, -104]	[134, -111, -103, 45, 48]	[-113, -24, 5, -53, 144]	[-62, 61, 6, 100, 171]	[-68, -141, -116, -96, -66]	[-169, -150, -96, -139, -111]	[-26, -15, -9, 15, -65]	[83, 105, 108, 176, 0]	[10005, 10005, 9998, 9997, 9999]	[220, 124, 187, 271, 267]
616	39.0	[113, -10, -51, -9, 104]	[-102, -156, -69, 20, 192]	[-170, -63, 30, 3, -192]	[-43, -188, -84, -122, -106]	[135, -91, -99, 20, 48]	[-109, -20, 6, -52, 157]	[-119, 53, 4, 96, 158]	[-73, -111, -123, -99, -174]	[-159, -136, -120, -153, -110]	[-59, -51, -13, -34, -61]	[72, 105, 107, 178, 3]	[10005, 10005, 9999, 9998, 9997]	[226, 190, 199, 275, 267]
617	34.0	[115, -10, -20, 46, 103]	[-107, -148, -98, 20, 186]	[-168, -40, 3, 7, -178]	[-45, -187, -87, -115, -109]	[126, -80, -96, 23, 49]	[-99, -20, 5, -52, 149]	[-131, 53, 3, 100, 150]	[-68, -112, -125, -107, -168]	[-164, -136, -119, -129, -110]	[-62, -48, -13, -29, -57]	[83, 105, 109, 175, 2]	[10005, 10006, 9998, 9997, 9999]	[220, 124, 187, 271, 255]
618	37.0	[115, -10, -20, 46, 103]	[-107, -148, -98, 20, 186]	[-168, -40, 3, 7, -178]	[-45, -187, -87, -115, -109]	[126, -80, -96, 23, 49]	[-99, -20, 5, -52, 149]	[-131, 53, 3, 100, 150]	[-68, -112, -125, -107, -168]	[-164, -136, -119, -129, -110]	[-62, -48, -13, -29, -57]	[83, 105, 109, 175, 2]	[10005, 10006, 9998, 9997, 9999]	[220, 124, 187, 271, 255]
619	40.5	[115, -29, -20, 46, 103]	[-107, -151, -86, 20, 186]	[-168, -54, 28, 9, -181]	[-46, -173, -73, -112, -111]	[121, -104, -94, 38, 4]	[-106, -20, 6, -49, 137]	[-119, 53, 6, 93, 158]	[-73, -112, -121, -111, -174]	[-162, -136, -121, -134, -110]	[-62, -49, -6, -30, -58]	[74, 103, 109, 175, 0]	[10005, 10005, 10001, 9997, 10001]	[220, 124, 187, 271, 261]
620	42.0	[113, -10, -51, -9, 104]	[-102, -156, -69, 20, 192]	[-170, -63, 30, 3, -192]	[-43, -188, -84, -122, -106]	[135, -91, -99, 20, 48]	[-109, -20, 6, -52, 157]	[-119, 53, 4, 96, 158]	[-73, -111, -123, -99, -174]	[-159, -136, -120, -153, -110]	[-59, -51, -13, -34, -61]	[72, 105, 107, 178, 3]	[10005, 10005, 9999, 9998, 9997]	[226, 190, 199, 275, 267]
621	37.0	[115, -10, -20, 46, 103]	[-107, -148, -98, 20, 186]	[-168, -40, 3, 7, -178]	[-45, -187, -87, -115, -109]	[126, -80, -96, 23, 49]	[-99, -20, 5, -52, 149]	[-131, 63, 5, 100, 150]	[-74, -114, -117, -79, -168]	[-164, -136, -83, -136, -116]	[-32, -7, -13, 10, -57]	[83, 122, 114, 175, 2]	[10005, 10001, 9998, 9998, 9999]	[220, 124, 187, 271, 255]
622	40.0	[113, -10, -51, -9, 104]	[-102, -156, -69, 20, 192]	[-170, -63, 30, 3, -192]	[-43, -188, -84, -122, -106]	[135, -91, -99, 20, 48]	[-109, -20, 6, -52, 157]	[-119, 53, 4, 96, 158]	[-73, -111, -123, -99, -174]	[-159, -136, -120, -153, -110]	[-59, -51, -13, -34, -61]	[72, 105, 107, 178, 3]	[10005, 10005, 9999, 9998, 9997]	[226, 190, 199, 275, 267]
623	41.5	[113, -10, -51, -9, 104]	[-102, -156, -69, 20, 192]	[-170, -63, 30, 3, -192]	[-43, -188, -84, -122, -106]	[135, -91, -99, 45, 48]	[-110, -20, 6, -52, 157]	[-119, 53, 5, 96, 158]	[-73, -132, -123, -99, -174]	[-159, -125, -118, -153, -110]	[-57, -49, -13, -34, -61]	[72, 105, 107, 178, 3]	[10005, 10005, 9999, 9998, 9997]	[226, 190, 199, 275, 267]
624	36.0	[209, 192, 45, 116, -96]	[59, -110, -112, 4, -137]	[-151, -34, -11, -2, -194]	[-34, -110, -74, -61, -104]	[153, -108, -83, 47, 9]	[-78, -30, 5, -32, 101]	[-56, 50, 5, 106, 131]	[-91, -113, -123, -108, -88]	[-173, -200, -107, -122, -110]	[5, -6, -37, 8, -86]	[5, 128, 120, 173, 49]	[10005, 10001, 10000, 9998, 10001]	[-31, 127, 136, 164, 277]
625	33.0	[115, -29, -20, 46, 103]	[-107, -151, -86, 20, 170]	[-168, -54, 15, 2, -88]	[-49, -144, -73, -112, -111]	[121, -104, -94, 38, 4]	[-106, -20, 6, -49, 137]	[-119, 47, 6, 93, 158]	[-73, -112, -121, -111, -174]	[-162, -136, -121, -134, -110]	[-62, -49, -6, -30, -58]	[74, 103, 109, 175, 0]	[10005, 10005, 10001, 9997, 10001]	[220, 124, 187, 271, 261]
626	34.5	[115, -29, -20, 46, 103]	[-107, -151, -86, 20, 170]	[-168, -56, 15, 2, -88]	[-49, -144, -73, -112, -111]	[121, -97, -94, 38, 4]	[-108, -20, 6, -52, 137]	[-119, 47, 5, 93, 158]	[-73, -112, -122, -105, -174]	[-162, -136, -121, -134, -110]	[-62, -49, -8, -30, -58]	[74, 104, 108, 178, 0]	[10005, 10005, 10001, 9997, 10001]	[220, 124, 187, 271, 261]
627	35.5	[115, -35, -20, 46, 103]	[-103, -146, -65, 20, 186]	[-170, -63, 28, 7, -171]	[-45, -165, -89, -102, -92]	[123, -125, -103, 35, -64]	[-97, -16, 9, -54, 144]	[-47, 58, -1, 91, 172]	[-67, -113, -122, -107, -174]	[-159, -136, -122, -131, -111]	[-60, -49, -7, -31, -60]	[83, 105, 108, 176, 0]	[10005, 10005, 9998, 9997, 9999]	[220, 124, 187, 271, 267]
628	37.0	[113, -10, -51, -9, 104]	[-102, -156, -69, 20, 192]	[-170, -58, 30, 3, -192]	[-43, -188, -84, -112, -106]	[135, -91, -105, 43, 31]	[-110, -20, 6, -52, 157]	[-119, 53, 4, 96, 158]	[-73, -111, -123, -99, -174]	[-159, -117, -114, -151, -111]	[-59, -48, -13, -34, -61]	[72, 105, 107, 176, 3]	[10005, 10005, 9999, 9998, 9997]	[226, 190, 199, 275, 267]
629	33.5	[113, -10, -51, -9, 104]	[-102, -156, -69, 20, 192]	[-170, -63, 30, 3, -192]	[-43, -188, -84, -122, -106]	[135, -91, -99, 20, 48]	[-109, -20, 6, -52, 157]	[-119, 47, 5, 96, 158]	[-73, -111, -123, -107, -174]	[-159, -136, -121, -153, -110]	[-59, -51, -13, -34, -61]	[72, 105, 107, 178, 3]	[10005, 10005, 9999, 9998, 9997]	[226, 190, 199, 275, 267]
630	34.0	[115, -35, -20, 46, 103]	[-103, -146, -65, 20, 186]	[-170, -57, 28, 7, -171]	[-45, -165, -89, -102, -92]	[123, -125, -103, 35, -64]	[-97, -16, 9, -54, 144]	[-47, 58, -1, 91, 172]	[-67, -113, -122, -107, -174]	[-159, -136, -122, -131, -111]	[-60, -49, -7, -31, -60]	[83, 105, 108, 176, 0]	[10005, 10005, 9998, 9997, 9999]	[220, 124, 187, 271, 267]
631	37.5	[-49, 101, -15, -22, 84]	[-16, -141, -73, 40, 35]	[-107, -55, 3, -13, -104]	[-49, -151, -91, -96, -107]	[120, -118, -114, 45, -113]	[-134, -19, 11, -54, 41]	[-87, 41, 5, 89, 172]	[-73, -130, -119, -108, -166]	[-159, -128, -92, -131, -123]	[45, 0, -10, -52, -51]	[148, 111, 107, 185, 158]	[10005, 10003, 9998, 9994, 9997]	[225, 218, 191, 244, 160]
632	43.5	[-49, 101, -15, -22, 84]	[-16, -141, -73, 40, 35]	[-107, -55, 3, -13, -104]	[-49, -151, -91, -96, -107]	[120, -118, -114, 45, -113]	[-134, -19, 11, -54, 41]	[-87, 41, 5, 89, 172]	[-73, -130, -119, -108, -166]	[-159, -128, -92, -131, -123]	[45, 0, -10, -52, -51]	[148, 111, 107, 185, 158]	[10005, 10003, 9998, 9994, 9997]	[225, 218, 191, 244, 160]
633	41.5	[-49, 101, -15, -22, 84]	[-16, -141, -73, 40, 35]	[-107, -55, 3, -13, -104]	[-49, -151, -91, -96, -107]	[120, -118, -114, 45, -113]	[-134, -19, 11, -54, 41]	[-87, 41, 5, 89, 172]	[-73, -130, -119, -108, -166]	[-159, -128, -92, -131, -123]	[45, 0, -10, -52, -51]	[148, 111, 107, 185, 158]	[10005, 10003, 9998, 9994, 9997]	[225, 218, 191, 244, 160]
634	33.0	[113, -10, -51, -9, 104]	[-102, -156, -69, 20, 192]	[-170, -63, 30, 3, -192]	[-43, -188, -84, -122, -106]	[135, -91, -99, 45, 54]	[-110, -20, 6, -52, 157]	[-119, 53, 5, 96, 165]	[-73, -132, -123, -100, -174]	[-159, -129, -115, -137, -110]	[-60, -33, -18, -17, -86]	[72, 105, 107, 178, 3]	[10005, 10005, 9999, 9998, 9997]	[226, 190, 199, 275, 267]
635	36.0	[115, -35, -20, 46, 103]	[-103, -146, -65, 20, 186]	[-170, -57, 28, 7, -171]	[-45, -165, -89, -102, -92]	[123, -125, -103, 29, -64]	[-97, -16, 9, -54, 144]	[-47, 58, -1, 91, 172]	[-67, -113, -122, -107, -174]	[-159, -136, -122, -131, -111]	[-60, -49, -7, -31, -60]	[83, 105, 108, 176, 0]	[10005, 10005, 9998, 9997, 9999]	[220, 124, 193, 271, 267]
636	36.5	[113, -10, -51, -9, 104]	[-102, -156, -69, 20, 181]	[-170, -63, 30, 2, -192]	[-43, -167, -80, -113, -106]	[135, -85, -99, 42, 54]	[-110, -20, 6, -52, 157]	[-119, 53, 5, 94, 163]	[-73, -128, -123, -101, -174]	[-159, -129, -115, -136, -110]	[-57, -33, -18, -27, -86]	[72, 105, 108, 178, 3]	[10005, 10005, 10001, 9997, 10000]	[226, 190, 199, 275, 267]
637	39.0	[-49, 134, 24, 29, 84]	[11, -114, -73, 40, 35]	[-107, -24, -15, -13, -84]	[23, -137, -97, -95, -84]	[114, -125, -114, 45, -113]	[-164, -15, 12, -56, 41]	[-68, 41, 5, 72, 173]	[-75, -113, -123, -109, -159]	[-159, -106, -78, -123, -125]	[60, -8, -13, -20, -68]	[187, 118, 107, 180, 96]	[10006, 10004, 10004, 9993, 9997]	[225, 218, 191, 221, 160]
638	32.0	[113, -10, -51, -9, 104]	[-102, -156, -69, 20, 192]	[-170, -43, 5, -13, -170]	[19, -179, -82, -113, -91]	[116, -91, -105, 43, 31]	[-110, -20, 6, -52, 157]	[-119, 53, 4, 96, 158]	[-73, -111, -123, -99, -174]	[-159, -117, -114, -151, -111]	[-59, -48, -13, -34, -61]	[72, 105, 107, 176, 3]	[10005, 10005, 9999, 9998, 9997]	[226, 190, 199, 275, 267]
639	36.5	[115, -16, -50, 46, 103]	[-107, -156, -94, 20, 186]	[-168, -47, 3, 7, -178]	[-45, -187, -87, -115, -109]	[126, -80, -96, 23, 49]	[-99, -20, 5, -52, 149]	[-131, 63, 5, 100, 156]	[-74, -114, -117, -79, -168]	[-164, -136, -83, -136, -116]	[-32, -7, -13, 10, -57]	[83, 122, 108, 175, 2]	[10005, 10001, 9998, 9998, 9999]	[220, 124, 187, 271, 255]
640	40.0	[-49, 134, 24, 29, 84]	[11, -114, -72, 29, 35]	[-155, -28, 23, 0, -159]	[-35, -137, -97, -95, -84]	[114, -125, -105, 45, -113]	[-124, -15, 12, -56, 41]	[-68, 41, 5, 72, 160]	[-74, -146, -118, -109, -159]	[-159, -106, -78, -123, -125]	[60, -8, -13, -20, -68]	[187, 118, 107, 180, 96]	[10006, 10004, 10004, 9993, 9997]	[225, 218, 191, 221, 160]
641	32.5	[113, -10, -51, -9, 104]	[-102, -156, -69, 20, 192]	[-170, -58, 30, 3, -192]	[-43, -188, -84, -112, -106]	[135, -91, -99, 43, 31]	[-110, -20, 6, -52, 157]	[-119, 53, 4, 96, 158]	[-73, -111, -123, -99, -174]	[-159, -117, -114, -151, -111]	[-59, -48, -13, -34, -61]	[72, 105, 107, 178, 3]	[10005, 10005, 9999, 9998, 9997]	[226, 190, 199, 275, 267]
642	33.0	[113, -10, -51, -9, 104]	[-102, -156, -69, 20, 181]	[-170, -63, 30, 2, -192]	[-43, -167, -80, -113, -106]	[135, -85, -99, 42, 54]	[-110, -20, 6, -52, 157]	[-119, 53, 5, 94, 163]	[-73, -128, -123, -101, -174]	[-159, -129, -115, -136, -110]	[-57, -33, -18, -27, -86]	[72, 105, 108, 178, 3]	[10005, 10005, 10001, 9997, 10000]	[226, 190, 199, 275, 267]
643	35.5	[113, -10, -51, -9, 104]	[-102, -156, -69, 20, 181]	[-170, -63, 30, 2, -192]	[-43, -167, -80, -113, -106]	[135, -85, -99, 42, 54]	[-110, -20, 6, -52, 157]	[-119, 53, 5, 94, 163]	[-73, -128, -123, -101, -174]	[-159, -129, -115, -136, -110]	[-57, -33, -18, -27, -86]	[72, 105, 108, 178, 3]	[10005, 10005, 10001, 9997, 10000]	[226, 190, 199, 275, 267]
644	40.5	[-49, 134, 24, 29, 84]	[11, -145, -69, 29, 35]	[-160, -39, 6, -6, -84]	[-35, -157, -93, -97, -84]	[114, -125, -105, 37, -88]	[-108, -21, 9, -56, 131]	[-57, 57, 2, 72, 160]	[-74, -141, -119, -109, -159]	[-159, -116, -105, -123, -125]	[60, -18, -13, -20, -68]	[187, 115, 108, 179, 85]	[10006, 10004, 10004, 9993, 9997]	[225, 218, 191, 221, 160]
645	36.0	[-19, -27, -18, 46, 103]	[-92, -141, -65, 20, 186]	[-170, -56, 28, 7, -171]	[-45, -139, -92, -112, -104]	[132, -82, -99, 20, 48]	[-97, -16, 9, -53, 144]	[-47, 58, -1, 107, 160]	[-67, -113, -123, -106, -174]	[-159, -136, -122, -131, -111]	[-60, -49, -7, -31, -60]	[83, 105, 108, 176, 0]	[10005, 10005, 9998, 9997, 9999]	[220, 124, 187, 271, 267]
646	37.5	[-55, 43, -45, 44, -85]	[0, -159, -26, 8, -189]	[-85, -64, 3, 7, -151]	[-38, -172, -93, -77, -60]	[123, -109, -110, 34, -68]	[-96, -13, 13, -55, 93]	[-47, 60, 0, 83, 237]	[-64, -119, -116, -109, -174]	[-141, -126, -123, -113, -135]	[49, -48, -7, -38, -60]	[215, 119, 121, 175, 153]	[10000, 10005, 10001, 9997, 10006]	[228, 208, 196, 268, 157]
647	37.5	[107, -10, -39, -10, 104]	[-102, -157, -26, 9, -146]	[-170, -43, 5, -13, -170]	[19, -179, -82, -113, -91]	[116, -102, -106, 44, 31]	[-110, -20, 10, -52, 157]	[-119, 53, 5, 90, 158]	[-73, -113, -123, -99, -174]	[-159, -109, -114, -151, -111]	[-59, -48, -13, -20, -68]	[72, 105, 107, 176, 31]	[10005, 10005, 10000, 9998, 9997]	[226, 196, 193, 224, 267]
648	42.5	[113, -10, -51, -9, 104]	[-102, -156, -69, 20, 192]	[-170, -63, 30, 3, -192]	[-43, -188, -84, -122, -106]	[135, -91, -99, 20, 48]	[-103, -20, 6, -52, 157]	[-119, 47, 5, 96, 158]	[-73, -111, -123, -107, -174]	[-159, -136, -121, -151, -116]	[-59, -51, -13, 0, -58]	[72, 109, 108, 178, 3]	[10005, 10001, 9998, 9998, 9997]	[222, 142, 195, 273, 262]
649	34.5	[113, -10, -51, -9, 104]	[-102, -156, -69, 27, 192]	[-170, -58, 15, 1, -138]	[-43, -188, -90, -98, -98]	[135, -91, -99, 43, 31]	[-110, -17, 9, -52, 157]	[-99, 48, 5, 86, 158]	[-73, -111, -123, -109, -164]	[-159, -109, -114, -151, -111]	[34, -15, -13, -34, -61]	[72, 105, 107, 178, 3]	[10005, 10005, 9999, 9998, 9997]	[226, 190, 199, 275, 267]
650	34.0	[-55, 43, -45, 44, -85]	[0, -159, -26, 8, -189]	[-85, -64, 3, 7, -151]	[-38, -172, -93, -77, -60]	[123, -109, -110, 34, -68]	[-96, -13, 13, -55, 93]	[-47, 60, 0, 83, 237]	[-64, -119, -116, -109, -174]	[-141, -126, -123, -113, -135]	[49, -48, -7, -38, -60]	[215, 119, 121, 175, 153]	[10000, 10005, 10001, 9997, 10006]	[228, 208, 196, 268, 157]
651	36.0	[-49, 134, 24, 29, 84]	[11, -114, -72, 29, 35]	[-155, -28, 18, -5, -102]	[-35, -150, -93, -96, -84]	[114, -125, -105, 40, -90]	[-112, -13, 10, -56, 41]	[-68, 41, 5, 72, 160]	[-74, -146, -119, -108, -159]	[-159, -106, -86, -123, -125]	[54, -8, -11, -20, -64]	[187, 118, 107, 180, 96]	[10006, 10004, 10004, 9993, 9997]	[225, 218, 197, 221, 160]
652	35.0	[113, -10, -51, -9, 104]	[-102, -156, -69, 20, 192]	[-170, -63, 30, 3, -192]	[-43, -188, -84, -122, -106]	[135, -91, -99, 20, 48]	[-103, -20, 6, -52, 157]	[-119, 47, 5, 96, 158]	[-73, -111, -123, -107, -174]	[-159, -136, -121, -151, -116]	[-59, -51, -13, 0, -58]	[72, 109, 108, 178, 3]	[10005, 10001, 9998, 9998, 9997]	[222, 142, 195, 273, 262]
653	35.0	[-49, 134, 24, 29, 84]	[11, -114, -72, 29, 35]	[-155, -28, 18, -5, -102]	[-35, -150, -93, -96, -84]	[114, -125, -105, 40, -90]	[-112, -13, 10, -56, 41]	[-68, 41, 5, 72, 160]	[-74, -146, -119, -108, -159]	[-159, -106, -86, -123, -125]	[54, -8, -11, -20, -64]	[187, 118, 107, 180, 96]	[10006, 10004, 10004, 9993, 9997]	[225, 218, 197, 221, 160]
654	37.5	[113, -10, -51, -9, 104]	[-102, -156, -69, 27, 192]	[-170, -58, 15, 1, -138]	[-43, -188, -90, -98, -98]	[135, -91, -99, 43, 31]	[-110, -17, 9, -52, 157]	[-99, 48, 5, 86, 158]	[-73, -113, -123, -100, -165]	[-159, -109, -114, -151, -111]	[-52, -40, -13, -34, -61]	[78, 105, 107, 178, 6]	[10005, 10005, 9999, 9998, 9997]	[226, 190, 199, 275, 267]
655	36.0	[-49, 134, 24, 29, 84]	[11, -145, -69, 29, 35]	[-160, -39, 6, -6, -84]	[-35, -157, -93, -97, -84]	[114, -125, -105, 37, -88]	[-108, -21, 9, -56, 131]	[-60, 51, 2, 72, 160]	[-74, -141, -122, -109, -159]	[-159, -116, -105, -123, -125]	[60, -18, -13, -20, -68]	[187, 118, 108, 176, 93]	[10006, 10004, 10004, 9993, 9997]	[225, 218, 185, 221, 160]
656	37.5	[-49, 134, 24, 29, 84]	[11, -145, -69, 29, 35]	[-160, -39, 6, -6, -84]	[-35, -157, -93, -97, -84]	[114, -125, -105, 37, -88]	[-108, -19, 11, -56, 131]	[-57, 63, 2, 72, 160]	[-74, -141, -119, -109, -159]	[-159, -109, -101, -136, -113]	[60, -49, -12, -4, -68]	[138, 111, 108, 180, 10]	[10006, 10004, 10004, 9993, 9997]	[225, 218, 191, 221, 160]
657	33.5	[-49, 134, 24, 29, 84]	[11, -145, -69, 29, 35]	[-160, -39, 6, -6, -84]	[-35, -157, -93, -97, -84]	[114, -125, -105, 37, -88]	[-108, -19, 11, -56, 131]	[-57, 63, 2, 72, 160]	[-74, -141, -119, -109, -159]	[-159, -109, -101, -136, -113]	[60, -49, -12, -4, -68]	[138, 111, 108, 180, 10]	[10006, 10004, 10004, 9993, 9997]	[225, 218, 191, 221, 160]
658	37.0	[113, -10, -42, -10, 104]	[-102, -157, -69, 27, 192]	[-170, -49, 6, -4, -138]	[-43, -188, -90, -108, -98]	[135, -91, -99, 43, 31]	[-110, -17, 9, -46, 157]	[-99, 48, 5, 86, 158]	[-73, -111, -123, -109, -164]	[-159, -109, -114, -151, -111]	[34, -15, -13, -34, -61]	[72, 105, 107, 178, 3]	[10005, 10005, 9999, 9998, 9997]	[226, 190, 199, 275, 267]
659	38.0	[-49, 134, 24, 29, 84]	[11, -145, -69, 29, 35]	[-160, -39, 6, -6, -84]	[-35, -157, -93, -97, -84]	[114, -125, -105, 37, -88]	[-108, -19, 11, -56, 131]	[-57, 63, 2, 72, 160]	[-74, -141, -119, -109, -159]	[-159, -109, -101, -136, -113]	[60, -49, -12, -4, -68]	[138, 111, 108, 180, 10]	[10006, 10004, 10004, 9999, 9997]	[225, 218, 191, 221, 160]
660	45.0	[107, -10, -39, -10, 104]	[-102, -157, -26, 9, -146]	[-170, -37, 30, -13, -170]	[-41, -182, -92, -113, -91]	[116, -102, -106, 38, 14]	[-110, -14, 10, -56, 157]	[-90, 51, 5, 93, 158]	[-73, -138, -120, -107, -162]	[-159, -136, -117, -151, -111]	[-59, -51, -13, -20, -59]	[72, 105, 107, 176, 26]	[10005, 10002, 9999, 9998, 9997]	[226, 196, 193, 224, 267]
661	34.5	[113, -10, -51, -9, 104]	[-102, -156, -69, 20, 192]	[-170, -63, 30, 3, -192]	[6, -180, -88, -114, -106]	[117, -97, -106, 36, -31]	[-103, -20, 7, -57, 157]	[-119, 47, 5, 96, 158]	[-73, -118, -123, -108, -162]	[-159, -125, -121, -151, -110]	[-59, -51, -13, 0, -58]	[72, 109, 108, 178, 3]	[10005, 10001, 9998, 9998, 9997]	[222, 142, 195, 273, 262]
662	41.0	[113, -10, -51, -9, 104]	[-102, -156, -69, 20, 192]	[-170, -63, 30, 3, -192]	[6, -180, -88, -114, -106]	[117, -97, -106, 36, -31]	[-103, -20, 7, -57, 157]	[-119, 47, 5, 96, 158]	[-73, -118, -123, -107, -166]	[-159, -130, -121, -151, -110]	[-59, -51, -13, 0, -58]	[72, 109, 108, 178, 3]	[10005, 10001, 9998, 9998, 9997]	[222, 142, 195, 273, 262]
663	36.5	[-49, 134, 24, 29, 84]	[-41, -120, -52, 17, -111]	[-155, -28, 18, -5, -169]	[14, -159, -91, -96, -84]	[116, -105, -109, 41, 26]	[-112, -16, 10, -56, 41]	[-78, 45, 5, 72, 160]	[-74, -114, -120, -108, -159]	[-159, -107, -114, -127, -125]	[54, -21, -13, -20, -64]	[131, 112, 107, 180, 96]	[10006, 10004, 10004, 9993, 9997]	[225, 218, 197, 221, 160]
664	35.0	[113, -10, -51, -9, 104]	[-102, -156, -69, 20, 192]	[-170, -63, 30, 3, -192]	[6, -180, -88, -114, -106]	[117, -97, -106, 36, -31]	[-103, -20, 7, -57, 157]	[-119, 47, 5, 96, 158]	[-73, -118, -123, -108, -162]	[-159, -125, -121, -151, -110]	[-59, -51, -13, 0, -58]	[72, 109, 108, 184, 3]	[10005, 10001, 9998, 9998, 9997]	[222, 142, 195, 273, 262]
665	35.0	[113, -10, -51, -9, 104]	[-102, -156, -69, 20, 192]	[-170, -63, 30, 3, -192]	[6, -180, -88, -114, -106]	[117, -97, -106, 36, -31]	[-103, -20, 7, -57, 157]	[-119, 47, 5, 96, 158]	[-73, -111, -123, -107, -166]	[-159, -130, -121, -151, -110]	[-59, -51, -13, 0, -58]	[72, 109, 108, 178, 3]	[10005, 10001, 9998, 9998, 9997]	[222, 142, 195, 273, 262]
666	37.0	[-49, 134, 24, 29, 84]	[11, -145, -69, 29, 35]	[-160, -39, 6, -6, -84]	[-35, -157, -93, -97, -84]	[114, -125, -105, 37, -88]	[-108, -19, 11, -56, 131]	[-57, 63, 2, 81, 158]	[-74, -116, -119, -109, -159]	[-159, -109, -101, -142, -111]	[60, -43, -12, -4, -68]	[138, 105, 108, 180, 10]	[10006, 10004, 10004, 9999, 9997]	[225, 218, 192, 223, 175]
667	39.0	[113, -10, -45, -9, 104]	[-102, -156, -69, 20, 192]	[-170, -63, 30, 3, -192]	[6, -180, -88, -114, -106]	[117, -97, -106, 36, -31]	[-103, -20, 7, -57, 157]	[-119, 47, 5, 96, 158]	[-73, -111, -123, -107, -166]	[-159, -130, -121, -151, -110]	[-59, -51, -13, 0, -58]	[72, 109, 108, 178, 3]	[10005, 10001, 9998, 9998, 9997]	[222, 142, 195, 273, 262]
668	40.5	[113, -10, -51, -9, 104]	[-102, -156, -69, 20, 192]	[-170, -63, 30, 3, -192]	[6, -180, -88, -114, -106]	[117, -97, -106, 42, -31]	[-103, -20, 7, -57, 157]	[-119, 47, 5, 96, 158]	[-73, -118, -123, -108, -162]	[-159, -125, -121, -151, -110]	[-59, -51, -13, 0, -58]	[72, 109, 108, 184, 3]	[10005, 10001, 9998, 9998, 9997]	[222, 142, 195, 273, 262]
669	38.5	[-49, 134, 24, 29, 84]	[11, -145, -69, 29, 35]	[-160, -39, 6, -6, -84]	[-35, -157, -93, -97, -84]	[114, -125, -105, 37, -88]	[-108, -19, 11, -56, 131]	[-57, 63, 2, 81, 158]	[-74, -116, -119, -109, -159]	[-159, -109, -101, -142, -111]	[60, -43, -12, -4, -68]	[138, 105, 108, 180, 10]	[10006, 10004, 10004, 9999, 9997]	[225, 218, 192, 223, 175]
670	32.5	[113, -10, -51, -9, 104]	[-102, -156, -69, 20, 192]	[-170, -63, 30, 3, -192]	[6, -180, -88, -114, -106]	[117, -97, -106, 42, -31]	[-103, -20, 7, -57, 157]	[-119, 47, 5, 96, 158]	[-73, -118, -123, -108, -162]	[-159, -114, -109, -146, -110]	[-59, -51, -13, 0, -61]	[72, 106, 108, 184, 3]	[10005, 10001, 9998, 9998, 9997]	[222, 142, 195, 273, 262]
671	37.0	[11, -10, -41, 39, -58]	[-71, -144, -26, 10, 19]	[-170, -59, 26, 7, -171]	[-45, -139, -92, -104, -96]	[124, -99, -99, 20, -27]	[-96, -16, 9, -53, 144]	[-47, 58, -1, 107, 214]	[-67, -117, -125, -108, -174]	[-159, -134, -123, -121, -111]	[-60, -49, -7, -37, -60]	[83, 105, 107, 176, 25]	[10005, 10005, 9998, 9997, 9999]	[220, 124, 187, 271, 267]
672	36.5	[113, -10, -42, -10, 104]	[-102, -157, -75, 27, 192]	[-170, -63, 6, -4, -138]	[-43, -182, -88, -109, -104]	[135, -91, -99, 43, -2]	[-110, -17, 8, -53, 157]	[-116, 47, 5, 92, 158]	[-73, -122, -123, -108, -163]	[-159, -130, -118, -151, -110]	[-26, -17, -13, -1, -61]	[72, 108, 108, 178, 3]	[10005, 10004, 9998, 9998, 9997]	[226, 190, 199, 275, 267]
673	36.5	[-49, 134, 24, 29, 84]	[11, -145, -69, 29, 35]	[-160, -39, 6, -6, -84]	[-35, -157, -93, -97, -90]	[114, -120, -103, 39, -58]	[-108, -21, 8, -56, 151]	[-60, 51, 2, 78, 160]	[-74, -131, -121, -108, -170]	[-159, -120, -116, -121, -133]	[49, -22, -14, -29, -62]	[76, 111, 108, 176, 93]	[10005, 10005, 10000, 9998, 9997]	[225, 218, 185, 221, 160]
674	37.5	[86, 89, -45, -9, 104]	[-102, -156, -69, 21, 67]	[-170, -63, 16, -3, -99]	[6, -180, -88, -100, -95]	[117, -97, -105, 37, -31]	[-103, -20, 7, -57, 157]	[-119, 47, 5, 96, 158]	[-73, -111, -123, -107, -166]	[-159, -130, -121, -151, -110]	[-59, -51, -13, 0, -58]	[72, 109, 108, 178, 3]	[10005, 10001, 9998, 9998, 9997]	[222, 142, 195, 273, 262]
675	39.0	[86, 89, -45, -9, 104]	[-102, -156, -69, 21, 67]	[-170, -63, 16, -3, -99]	[6, -180, -88, -100, -95]	[117, -97, -105, 37, -31]	[-103, -20, 7, -57, 157]	[-119, 47, 5, 96, 158]	[-73, -111, -123, -107, -166]	[-159, -130, -121, -151, -110]	[-59, -51, -13, 0, -58]	[72, 109, 108, 178, 3]	[10005, 10001, 9998, 9998, 9997]	[222, 142, 195, 273, 262]
676	34.0	[113, -10, -42, -10, 104]	[-102, -157, -75, 27, 192]	[-170, -63, 6, -4, -138]	[-43, -182, -88, -109, -104]	[135, -91, -99, 43, -2]	[-110, -17, 8, -53, 157]	[-116, 47, 5, 92, 158]	[-73, -122, -123, -108, -163]	[-159, -130, -118, -151, -110]	[-26, -17, -13, -1, -61]	[72, 108, 108, 178, 3]	[10005, 10004, 9998, 9998, 9997]	[226, 190, 199, 275, 267]
677	37.0	[-49, 134, 24, 29, 84]	[11, -145, -69, 29, 35]	[-160, -39, 6, -6, -78]	[-35, -157, -93, -97, -84]	[114, -125, -105, 37, -88]	[-108, -19, 11, -56, 131]	[-57, 63, 2, 72, 160]	[-74, -135, -125, -109, -159]	[-159, -110, -101, -136, -113]	[60, -42, -12, -4, -68]	[91, 108, 108, 180, 10]	[10006, 10004, 10004, 9999, 9997]	[225, 218, 191, 221, 154]
678	36.0	[113, -10, -42, -10, 104]	[-102, -157, -75, 27, 192]	[-170, -63, 6, -4, -138]	[-43, -182, -88, -109, -104]	[135, -91, -99, 43, -2]	[-110, -17, 8, -53, 157]	[-116, 47, 5, 92, 158]	[-73, -122, -123, -108, -163]	[-159, -130, -118, -151, -110]	[-26, -17, -13, -1, -61]	[72, 108, 108, 178, 3]	[10005, 10004, 9998, 9998, 9997]	[226, 190, 199, 275, 267]
679	40.0	[11, -10, -41, 45, -58]	[-71, -144, -26, 10, 19]	[-170, -59, 26, 7, -171]	[-45, -167, -91, -104, -96]	[117, -98, -102, 22, -29]	[-96, -16, 8, -55, 156]	[-78, 56, 5, 97, 169]	[-73, -125, -122, -108, -174]	[-159, -126, -106, -121, -111]	[-60, -23, -15, -9, -61]	[83, 105, 108, 181, 0]	[10005, 10005, 9998, 9998, 9999]	[224, 149, 191, 274, 264]
680	35.5	[-55, 43, -45, 44, -85]	[0, -159, -26, 8, -189]	[-85, -64, 3, 7, -151]	[-38, -172, -93, -77, -60]	[123, -109, -110, 34, -68]	[-96, -13, 11, -55, 110]	[-56, 55, 1, 89, 188]	[-72, -119, -116, -109, -174]	[-152, -121, -122, -113, -135]	[49, -27, -15, -38, -60]	[215, 125, 111, 177, 130]	[10000, 10005, 10001, 9997, 10006]	[228, 208, 196, 268, 157]
681	37.0	[86, 89, -45, -9, 104]	[-102, -156, -69, 21, 67]	[-170, -63, 16, -3, -99]	[6, -180, -88, -100, -95]	[117, -97, -105, 37, -31]	[-103, -20, 7, -57, 157]	[-119, 47, 5, 96, 158]	[-73, -111, -123, -107, -166]	[-159, -130, -121, -151, -110]	[-59, -51, -13, 0, -58]	[72, 109, 108, 178, 3]	[10005, 10001, 9998, 9998, 9997]	[222, 142, 195, 273, 262]
682	34.5	[-55, 43, -45, 44, -85]	[-6, -155, -26, 8, -189]	[-85, -64, 7, 7, -152]	[-38, -172, -93, -77, -60]	[123, -109, -110, 34, -68]	[-96, -13, 11, -55, 110]	[-62, 55, 1, 89, 188]	[-72, -119, -116, -109, -174]	[-152, -121, -122, -113, -135]	[49, -27, -15, -38, -60]	[215, 125, 111, 177, 130]	[10000, 10005, 10001, 9997, 10006]	[228, 208, 196, 268, 157]
683	35.0	[-49, 134, 24, 29, 84]	[11, -145, -69, 29, 35]	[-160, -39, 24, -6, -92]	[-35, -157, -91, -104, -84]	[114, -110, -102, 25, -88]	[-99, -19, 11, -56, 131]	[-57, 63, 2, 72, 160]	[-74, -135, -125, -103, -159]	[-159, -109, -101, -136, -113]	[60, -49, -12, -4, -68]	[138, 111, 108, 180, 10]	[10006, 10004, 10004, 9999, 9991]	[225, 218, 191, 221, 154]
684	34.5	[-49, 134, 24, 29, 84]	[11, -145, -69, 29, 35]	[-168, -58, 20, -6, -84]	[-45, -157, -93, -97, -90]	[114, -120, -103, 25, -29]	[-104, -19, 8, -56, 156]	[-60, 51, 3, 82, 160]	[-74, -128, -121, -108, -170]	[-159, -120, -116, -115, -133]	[49, -22, -14, -29, -62]	[76, 111, 108, 176, 93]	[10005, 10005, 10000, 9998, 9997]	[225, 218, 185, 221, 160]
685	32.0	[86, 89, -45, -9, 104]	[-102, -156, -69, 21, 67]	[-170, -63, 16, -3, -99]	[6, -180, -88, -100, -95]	[117, -97, -105, 37, -31]	[-103, -17, 7, -57, 157]	[-119, 47, 5, 89, 158]	[-73, -111, -123, -108, -166]	[-159, -130, -118, -142, -110]	[-59, -51, -13, 0, -58]	[72, 109, 108, 181, 12]	[10005, 10001, 9998, 9998, 9997]	[222, 142, 195, 273, 262]
686	35.0	[-49, 134, 24, 29, 84]	[11, -145, -69, 29, 35]	[-160, -39, 24, -6, -92]	[-35, -157, -91, -104, -84]	[114, -110, -102, 25, -88]	[-99, -25, 11, -56, 131]	[-57, 63, 2, 72, 160]	[-74, -135, -125, -103, -159]	[-159, -109, -101, -136, -113]	[60, -49, -12, -4, -68]	[138, 111, 108, 180, 10]	[10006, 10004, 10004, 9999, 9991]	[225, 218, 191, 221, 154]
687	34.5	[11, -10, -41, 45, -58]	[-71, -144, -26, 10, 19]	[-170, -59, 26, 7, -171]	[-45, -139, -92, -104, -96]	[124, -99, -99, 20, -27]	[-96, -17, 7, -57, 157]	[-83, 54, 5, 97, 214]	[-71, -125, -122, -108, -174]	[-159, -129, -121, -121, -111]	[-60, -55, -10, -6, -59]	[89, 105, 108, 182, 1]	[10005, 10005, 9998, 9997, 9999]	[220, 126, 187, 271, 267]
688	41.5	[-49, 134, 24, 29, 84]	[11, -145, -69, 29, 35]	[-168, -58, 20, -6, -84]	[-45, -157, -93, -97, -90]	[114, -120, -103, 25, -29]	[-104, -19, 8, -56, 156]	[-60, 51, 3, 82, 160]	[-74, -128, -121, -108, -170]	[-159, -120, -116, -115, -133]	[49, -22, -14, -29, -62]	[76, 111, 108, 176, 93]	[10005, 10005, 10000, 9998, 9997]	[225, 218, 185, 221, 160]
689	38.0	[-49, 134, 24, 29, 84]	[11, -145, -69, 29, 35]	[-168, -58, 20, -6, -84]	[-45, -157, -93, -97, -90]	[114, -120, -103, 25, -29]	[-104, -19, 8, -56, 156]	[-60, 51, 3, 82, 160]	[-74, -128, -121, -108, -170]	[-159, -120, -116, -115, -133]	[49, -22, -14, -29, -62]	[76, 111, 108, 176, 93]	[10005, 10005, 10000, 9998, 9997]	[225, 218, 185, 221, 160]
690	43.5	[83, 122, -4, 16, 104]	[-38, -156, -69, 21, 67]	[-170, -63, 16, 5, -99]	[6, -180, -88, -102, -89]	[117, -104, -105, 37, -31]	[-103, -17, 7, -56, 141]	[-87, 56, 5, 89, 158]	[-73, -111, -123, -108, -165]	[-159, -114, -118, -142, -110]	[-4, -49, -13, -1, -64]	[72, 110, 108, 180, 12]	[10005, 10001, 10004, 9999, 9995]	[222, 142, 195, 273, 262]
691	41.5	[-49, 134, 24, 29, 84]	[11, -145, -69, 29, 35]	[-160, -39, 24, -6, -92]	[-35, -158, -91, -104, -84]	[114, -110, -102, 25, -88]	[-99, -19, 10, -56, 131]	[-57, 63, 3, 74, 166]	[-74, -135, -125, -103, -159]	[-159, -111, -107, -121, -112]	[60, -49, -12, -4, -68]	[138, 111, 108, 180, 10]	[10006, 10004, 10004, 9999, 9991]	[225, 218, 191, 221, 154]
692	36.0	[86, 89, -45, -9, 104]	[-102, -156, -69, 21, 67]	[-170, -63, 16, -3, -99]	[6, -180, -88, -100, -95]	[117, -97, -105, 37, -31]	[-103, -20, 7, -57, 157]	[-119, 47, 5, 96, 158]	[-73, -111, -123, -107, -166]	[-159, -130, -121, -151, -110]	[-59, -57, -13, 0, -58]	[72, 109, 108, 178, 3]	[10005, 10001, 9998, 9998, 9997]	[222, 142, 195, 273, 262]
693	37.0	[11, -10, -41, 45, -58]	[-71, -144, -26, 10, 19]	[-170, -59, 26, 7, -171]	[-45, -139, -92, -104, -96]	[124, -99, -99, 20, -27]	[-96, -17, 7, -57, 157]	[-83, 54, 5, 97, 214]	[-71, -125, -122, -108, -174]	[-159, -133, -117, -125, -111]	[-60, -55, -10, -11, -60]	[83, 105, 108, 182, 1]	[10005, 10005, 9998, 9997, 9999]	[220, 126, 187, 271, 267]
694	36.5	[11, -10, -41, 45, -58]	[-71, -144, -26, 10, 19]	[-170, -59, 26, 7, -171]	[-45, -139, -92, -104, -96]	[124, -99, -99, 20, -27]	[-96, -17, 7, -57, 157]	[-83, 54, 5, 100, 214]	[-71, -123, -124, -108, -174]	[-159, -129, -121, -121, -111]	[-60, -41, -10, -6, -59]	[89, 105, 108, 182, 1]	[10005, 10005, 9998, 9997, 10005]	[220, 126, 187, 271, 267]
695	33.5	[11, -10, -41, 45, -58]	[-71, -147, -26, 10, 19]	[-170, -57, 25, 6, -171]	[-45, -139, -92, -104, -96]	[124, -99, -99, 20, -27]	[-96, -17, 7, -57, 157]	[-83, 54, 5, 100, 214]	[-71, -123, -124, -108, -174]	[-159, -129, -121, -121, -111]	[-60, -41, -10, -6, -59]	[89, 105, 108, 182, 1]	[10005, 10005, 9998, 9997, 10005]	[220, 126, 187, 271, 267]
696	37.5	[113, -10, -51, -9, 104]	[-102, -156, -69, 20, 192]	[-170, -61, 17, -3, -182]	[6, -181, -88, -114, -105]	[117, -97, -105, 41, -31]	[-103, -16, 7, -57, 157]	[-119, 47, 5, 87, 158]	[-73, -120, -123, -108, -159]	[-159, -130, -120, -142, -110]	[-59, -51, -13, -17, -58]	[72, 109, 108, 184, 28]	[10005, 10003, 9999, 9998, 9997]	[222, 214, 197, 263, 262]
697	33.5	[34, 68, -44, 45, -58]	[-71, -144, -26, 13, 19]	[-164, -59, 16, 0, -171]	[-45, -139, -88, -101, -96]	[117, -97, -102, 20, -27]	[-97, -19, 7, -57, 157]	[-83, 49, 5, 100, 214]	[-71, -116, -124, -108, -174]	[-159, -130, -121, -121, -111]	[-60, -52, -10, 0, -58]	[89, 105, 108, 183, 1]	[10005, 10005, 9998, 9997, 10005]	[220, 126, 187, 271, 267]
698	34.0	[11, -10, -41, 45, -58]	[-71, -144, -26, 10, 19]	[-170, -59, 26, 7, -171]	[-45, -139, -92, -104, -96]	[124, -99, -99, 20, -27]	[-96, -17, 7, -57, 157]	[-83, 54, 5, 97, 214]	[-71, -125, -122, -108, -174]	[-159, -133, -117, -125, -111]	[-60, -55, -10, -11, -60]	[83, 105, 108, 182, 1]	[10005, 10005, 9998, 9997, 9999]	[220, 126, 187, 271, 267]
699	35.0	[113, -10, -51, -9, 104]	[-102, -156, -69, 20, 192]	[-170, -61, 17, -3, -182]	[6, -181, -88, -114, -105]	[117, -97, -105, 41, -31]	[-103, -16, 7, -57, 157]	[-119, 47, 5, 87, 158]	[-73, -120, -123, -108, -159]	[-159, -130, -120, -142, -110]	[-59, -51, -13, -17, -58]	[72, 109, 108, 184, 28]	[10005, 10003, 9999, 9998, 9997]	[222, 214, 197, 263, 262]
700	38.0	[11, -10, -41, 45, -58]	[-71, -144, -26, 10, 19]	[-170, -59, 26, 7, -171]	[-45, -139, -92, -104, -96]	[124, -99, -99, 20, -27]	[-96, -17, 7, -57, 157]	[-83, 54, 5, 97, 214]	[-71, -125, -122, -108, -174]	[-159, -133, -117, -125, -111]	[-60, -55, -10, -11, -60]	[83, 105, 108, 182, 26]	[10005, 10005, 9998, 9997, 9999]	[220, 126, 187, 271, 267]
701	36.0	[11, -10, -5, 35, -58]	[-71, -144, -60, 10, 19]	[-165, -41, 26, -2, -171]	[-45, -141, -92, -109, -96]	[124, -103, -101, 14, -74]	[-96, -16, 10, -53, 144]	[-47, 54, 5, 100, 163]	[-67, -118, -122, -107, -161]	[-159, -134, -101, -128, -111]	[27, -49, -7, -37, -60]	[83, 105, 108, 180, 13]	[10005, 10005, 9998, 9997, 9999]	[220, 124, 187, 271, 267]
702	33.5	[11, -10, -41, 45, -58]	[-71, -144, -26, 10, 19]	[-170, -59, 26, 7, -171]	[-45, -139, -92, -104, -96]	[124, -99, -99, 20, -27]	[-96, -17, 7, -57, 157]	[-83, 54, 5, 97, 214]	[-71, -125, -122, -108, -174]	[-159, -133, -117, -125, -111]	[-60, -55, -10, -11, -60]	[83, 105, 108, 182, 26]	[10005, 10005, 9998, 9997, 9999]	[220, 126, 187, 271, 267]
703	41.5	[113, -10, -51, -9, 104]	[-102, -156, -69, 20, 192]	[-170, -61, 17, -3, -182]	[6, -180, -88, -113, -105]	[117, -102, -105, 38, -31]	[-103, -16, 7, -56, 157]	[-119, 55, 5, 87, 158]	[-73, -115, -123, -108, -159]	[-159, -128, -119, -142, -110]	[-49, -49, -13, -9, -58]	[82, 106, 108, 184, 28]	[10005, 10005, 9999, 9998, 9997]	[222, 214, 197, 263, 262]
704	40.0	[-6, 8, 26, 35, -50]	[11, -145, -65, 25, 33]	[-160, -39, 25, -4, -147]	[-35, -157, -91, -105, -84]	[122, -110, -102, 25, -88]	[-99, -25, 11, -56, 131]	[-57, 59, 2, 88, 160]	[-74, -135, -125, -103, -159]	[-159, -109, -101, -136, -113]	[60, -49, -12, -4, -68]	[138, 111, 83, 180, 10]	[10006, 10004, 10004, 9999, 9991]	[225, 218, 191, 221, 154]
705	36.5	[113, -10, -51, -9, 104]	[-102, -156, -69, 20, 192]	[-170, -61, 17, -3, -182]	[6, -180, -88, -113, -105]	[117, -102, -105, 38, -31]	[-103, -16, 7, -56, 157]	[-119, 55, 5, 87, 158]	[-73, -115, -123, -108, -159]	[-159, -129, -119, -131, -110]	[-49, -49, -13, -8, -58]	[82, 106, 108, 184, 28]	[10005, 10005, 9999, 9998, 9997]	[222, 214, 197, 263, 262]
706	39.0	[11, -10, -41, 45, -58]	[-71, -144, -26, 10, 19]	[-170, -59, 26, 7, -171]	[-45, -139, -92, -104, -96]	[124, -99, -99, 20, -27]	[-96, -17, 7, -57, 157]	[-83, 54, 5, 97, 214]	[-71, -125, -122, -108, -174]	[-159, -133, -117, -125, -111]	[-60, -55, -10, -11, -60]	[83, 105, 108, 182, 26]	[10005, 10005, 9998, 9997, 9993]	[220, 126, 187, 271, 267]
707	39.5	[113, -10, -51, -9, 104]	[-102, -156, -69, 20, 192]	[-170, -61, 17, -3, -182]	[6, -180, -88, -113, -105]	[117, -102, -105, 38, -31]	[-97, -16, 7, -56, 157]	[-119, 55, 5, 87, 158]	[-73, -115, -123, -108, -153]	[-159, -128, -119, -142, -110]	[-49, -49, -13, -9, -64]	[82, 106, 108, 184, 28]	[10005, 10005, 9999, 9998, 9997]	[222, 214, 197, 263, 262]
708	38.0	[113, -10, -51, -9, 104]	[-102, -156, -69, 20, 192]	[-170, -61, 17, -3, -176]	[6, -180, -88, -113, -105]	[117, -102, -105, 38, -31]	[-97, -16, 7, -56, 157]	[-119, 55, 5, 87, 158]	[-73, -115, -123, -108, -153]	[-159, -128, -119, -142, -110]	[-49, -49, -13, -9, -64]	[82, 106, 108, 184, 28]	[10005, 10005, 9999, 9998, 9997]	[222, 214, 197, 263, 262]
709	39.5	[-49, 159, 24, 29, 84]	[5, -145, -69, 29, 35]	[-167, -40, 15, -4, -130]	[-35, -157, -93, -103, -91]	[114, -125, -105, 37, -88]	[-108, -19, 11, -56, 131]	[-57, 63, 2, 72, 160]	[-74, -135, -125, -109, -159]	[-153, -110, -101, -136, -113]	[60, -42, -12, -10, -68]	[91, 108, 108, 180, 10]	[10006, 10004, 10004, 9999, 9997]	[225, 218, 191, 221, 154]
710	38.0	[77, 122, -4, 16, 104]	[-38, -156, -69, 21, 67]	[-170, -61, 17, 5, -99]	[6, -180, -88, -109, -93]	[117, -103, -105, 37, -31]	[-103, -17, 7, -57, 163]	[-87, 56, 5, 88, 158]	[-73, -111, -123, -108, -165]	[-159, -126, -118, -131, -111]	[-41, -49, -13, -1, -58]	[73, 105, 108, 183, 12]	[10005, 10005, 9999, 9998, 9995]	[222, 142, 201, 273, 263]
711	36.5	[-49, 159, 24, 29, 84]	[5, -145, -69, 29, 35]	[-167, -40, 15, -4, -130]	[-35, -157, -93, -103, -91]	[114, -125, -105, 37, -88]	[-108, -19, 11, -56, 131]	[-57, 63, 2, 72, 160]	[-74, -135, -125, -109, -159]	[-153, -110, -101, -136, -113]	[60, -42, -12, -10, -68]	[91, 108, 108, 180, 10]	[10006, 10004, 10004, 9999, 9997]	[225, 218, 191, 221, 154]
712	37.0	[-49, 159, 24, 29, 84]	[5, -145, -69, 29, 35]	[-167, -40, 15, -4, -130]	[-35, -157, -93, -103, -91]	[114, -125, -105, 37, -88]	[-108, -19, 11, -56, 131]	[-57, 63, 2, 72, 160]	[-74, -135, -125, -109, -159]	[-153, -110, -101, -136, -113]	[60, -42, -12, -10, -68]	[91, 108, 108, 180, 10]	[10006, 10004, 10004, 9999, 9997]	[225, 218, 191, 221, 154]
713	37.5	[11, -10, -41, 45, -58]	[-71, -147, -28, 10, 19]	[-170, -44, 24, 6, -171]	[-45, -151, -92, -106, -94]	[120, -104, -102, 31, -50]	[-96, -17, 7, -51, 157]	[-59, 54, 4, 94, 214]	[-66, -135, -124, -108, -173]	[-156, -129, -107, -124, -111]	[-60, -41, -10, -6, -60]	[89, 107, 108, 184, 1]	[10005, 10005, 9998, 9997, 10005]	[222, 126, 187, 271, 267]
714	37.0	[113, -10, -51, -9, 104]	[-102, -156, -69, 20, 192]	[-170, -61, 17, -3, -176]	[6, -180, -88, -113, -105]	[117, -102, -105, 38, -31]	[-97, -16, 7, -56, 157]	[-119, 55, 5, 87, 158]	[-73, -109, -123, -108, -153]	[-159, -128, -119, -142, -110]	[-49, -49, -13, -9, -64]	[82, 106, 108, 184, 28]	[10005, 10005, 9999, 9998, 9997]	[222, 214, 197, 263, 262]
715	37.0	[11, -10, -41, 45, -58]	[-71, -144, -26, 10, 19]	[-170, -57, 24, 0, -171]	[-45, -159, -91, -108, -99]	[124, -101, -100, 28, -27]	[-99, -17, 7, -57, 157]	[-83, 54, 5, 90, 214]	[-71, -121, -122, -108, -174]	[-159, -133, -115, -128, -111]	[-60, -55, -12, -11, -60]	[83, 105, 108, 182, 26]	[10005, 10005, 9998, 9997, 9993]	[220, 126, 187, 271, 267]
716	35.5	[113, -10, -51, -9, 104]	[-102, -156, -69, 20, 192]	[-170, -61, 17, -3, -176]	[6, -180, -88, -113, -105]	[117, -102, -105, 38, -31]	[-97, -16, 7, -56, 157]	[-119, 55, 5, 87, 158]	[-73, -109, -123, -108, -153]	[-159, -128, -119, -142, -110]	[-49, -49, -13, -9, -64]	[82, 106, 108, 184, 28]	[10005, 10005, 9999, 9998, 9997]	[222, 214, 197, 263, 262]
717	40.0	[11, -10, -41, 45, -58]	[-71, -147, -33, 16, 19]	[-170, -57, 17, 6, -171]	[-25, -165, -91, -107, -96]	[124, -102, -105, 23, -27]	[-96, -17, 7, -51, 157]	[-83, 54, 4, 93, 214]	[-71, -123, -124, -108, -174]	[-159, -129, -121, -121, -111]	[-60, -41, -10, -6, -59]	[89, 130, 108, 184, 1]	[10005, 10005, 9998, 9997, 10005]	[220, 126, 187, 271, 267]
718	34.5	[77, 122, -4, 16, 104]	[-38, -156, -69, 21, 67]	[-170, -61, 17, 5, -99]	[6, -180, -88, -109, -93]	[117, -103, -105, 37, -31]	[-103, -17, 7, -57, 163]	[-87, 56, 5, 88, 158]	[-73, -111, -123, -108, -165]	[-159, -126, -118, -131, -111]	[-41, -55, -13, -1, -58]	[73, 105, 108, 183, 12]	[10005, 10005, 9999, 9998, 9995]	[222, 142, 201, 273, 263]
719	31.5	[77, 122, -4, 16, 104]	[-38, -156, -69, 21, 67]	[-170, -61, 11, 5, -99]	[6, -180, -88, -109, -93]	[117, -103, -105, 37, -31]	[-103, -17, 7, -57, 163]	[-87, 56, 5, 88, 158]	[-73, -111, -123, -108, -165]	[-158, -126, -118, -125, -111]	[-41, -52, -13, -19, -60]	[73, 105, 110, 182, 12]	[10001, 10005, 9999, 9998, 9995]	[222, 142, 201, 273, 263]
720	37.0	[113, -16, -51, -9, 104]	[-102, -150, -69, 20, 192]	[-170, -61, 17, -3, -182]	[6, -180, -88, -113, -105]	[117, -102, -105, 38, -31]	[-103, -16, 7, -56, 157]	[-119, 55, 5, 87, 158]	[-72, -125, -122, -108, -159]	[-159, -130, -112, -136, -110]	[-49, -49, -12, -6, -58]	[114, 107, 108, 184, 28]	[10005, 10005, 9999, 9998, 9997]	[222, 210, 197, 263, 262]
721	37.0	[-49, 134, 18, 29, 84]	[11, -145, -75, 29, 35]	[-160, -39, 23, 19, -91]	[-45, -157, -92, -104, -84]	[115, -109, -100, 25, -86]	[-99, -17, 8, -56, 131]	[-57, 55, 5, 87, 166]	[-74, -131, -122, -108, -162]	[-159, -111, -107, -121, -111]	[60, -49, -12, -4, -61]	[138, 117, 108, 180, 10]	[10006, 10004, 10004, 9999, 9991]	[225, 218, 191, 221, 154]
722	36.5	[77, 122, -4, 16, 104]	[-38, -156, -69, 21, 67]	[-170, -61, 11, 5, -99]	[6, -180, -88, -109, -93]	[117, -103, -105, 37, -31]	[-103, -17, 7, -57, 163]	[-87, 56, 5, 88, 158]	[-73, -111, -123, -108, -165]	[-158, -126, -118, -125, -111]	[-41, -52, -13, -19, -60]	[73, 105, 110, 182, 12]	[10001, 10005, 9999, 9998, 9995]	[222, 142, 201, 273, 263]
723	37.0	[113, -16, -51, -9, 104]	[-102, -150, -69, 20, 192]	[-170, -61, 17, -3, -182]	[6, -180, -88, -113, -105]	[117, -102, -105, 38, -31]	[-103, -16, 7, -56, 157]	[-119, 55, 5, 87, 158]	[-72, -125, -122, -108, -159]	[-159, -130, -112, -136, -110]	[-49, -49, -12, -6, -58]	[114, 107, 108, 184, 28]	[10005, 10005, 9999, 9998, 9997]	[228, 210, 197, 263, 262]
724	48.5	[77, 122, -4, 16, 104]	[-38, -156, -69, 21, 67]	[-170, -61, 11, 5, -99]	[6, -180, -88, -109, -93]	[117, -103, -105, 37, -31]	[-103, -17, 7, -57, 163]	[-87, 56, 5, 88, 158]	[-73, -111, -123, -108, -165]	[-158, -126, -118, -125, -111]	[-41, -52, -13, -19, -60]	[73, 105, 110, 182, 12]	[10001, 10005, 9999, 9998, 9995]	[222, 142, 201, 273, 263]
725	40.0	[11, -10, -41, 45, -58]	[-71, -151, -40, 10, 19]	[-170, -45, 24, 0, -173]	[-45, -151, -92, -107, -94]	[117, -104, -101, 31, -50]	[-96, -17, 7, -56, 157]	[-112, 54, 4, 94, 214]	[-66, -135, -124, -108, -173]	[-157, -127, -112, -125, -111]	[-60, -42, -11, -6, -62]	[89, 107, 108, 184, 1]	[10005, 10005, 9998, 9997, 10005]	[222, 126, 187, 271, 267]
726	43.5	[113, -16, -51, -9, 104]	[-102, -150, -69, 20, 192]	[-170, -61, 17, -3, -182]	[6, -180, -88, -113, -105]	[117, -102, -105, 38, -31]	[-103, -16, 7, -56, 157]	[-119, 55, 5, 87, 158]	[-72, -125, -122, -108, -159]	[-159, -130, -112, -136, -110]	[-49, -49, -12, -6, -58]	[114, 107, 108, 184, 28]	[10005, 10005, 9999, 9998, 9997]	[228, 210, 197, 263, 262]
727	42.5	[-49, 159, 24, 29, 84]	[5, -145, -69, 23, 35]	[-160, -39, 6, -6, -78]	[-35, -157, -93, -97, -84]	[114, -122, -105, 37, -88]	[-105, -19, 8, -56, 131]	[-57, 63, 2, 86, 160]	[-74, -130, -124, -109, -159]	[-153, -114, -101, -136, -112]	[53, -43, -12, -10, -64]	[91, 105, 108, 183, 10]	[10006, 10004, 10004, 9999, 9997]	[225, 218, 191, 221, 154]
728	37.0	[113, -16, -51, -9, 104]	[-102, -150, -69, 20, 192]	[-170, -61, 17, -3, -182]	[6, -180, -88, -113, -105]	[117, -102, -105, 38, -31]	[-103, -16, 7, -56, 157]	[-119, 55, 5, 87, 158]	[-72, -125, -122, -108, -159]	[-159, -130, -112, -136, -110]	[-49, -49, -12, -6, -58]	[114, 107, 108, 184, 28]	[10005, 10005, 9999, 9992, 9997]	[228, 210, 197, 263, 262]
729	36.0	[-49, 134, 18, 29, 84]	[11, -145, -75, 23, 35]	[-160, -39, 23, 19, -91]	[-45, -157, -92, -104, -84]	[115, -109, -106, 25, -86]	[-99, -17, 8, -56, 131]	[-57, 55, 5, 87, 166]	[-74, -135, -122, -108, -162]	[-159, -107, -107, -124, -111]	[60, -49, -10, -4, -61]	[138, 108, 108, 180, 10]	[10006, 10004, 10003, 9998, 9991]	[225, 218, 191, 221, 154]
730	38.5	[-49, 134, 18, 29, 84]	[11, -145, -75, 29, 35]	[-160, -39, 23, 19, -91]	[-45, -157, -92, -104, -84]	[120, -110, -102, 25, -86]	[-99, -19, 10, -56, 131]	[-57, 58, 3, 76, 166]	[-74, -130, -122, -108, -159]	[-159, -120, -114, -121, -112]	[60, -55, -12, -4, -68]	[84, 111, 108, 180, 10]	[10006, 10004, 10000, 9999, 9991]	[231, 218, 191, 221, 154]
731	43.0	[-49, 159, 24, 29, 84]	[2, -148, -69, 28, 124]	[-167, -40, 17, -3, -130]	[-35, -157, -89, -105, -91]	[115, -124, -105, 37, -88]	[-108, -19, 8, -56, 145]	[-104, 56, 2, 83, 158]	[-74, -119, -125, -109, -159]	[-153, -110, -107, -136, -113]	[60, -42, -11, -6, -61]	[91, 108, 108, 180, 10]	[10006, 10004, 10004, 9999, 9997]	[225, 218, 191, 215, 154]
732	35.0	[-49, 134, 18, 29, 84]	[11, -145, -75, 29, 35]	[-160, -39, 23, 19, -145]	[-45, -157, -92, -104, -84]	[116, -107, -106, 25, -86]	[-99, -19, 8, -56, 131]	[-57, 56, 2, 87, 166]	[-74, -135, -124, -108, -168]	[-157, -126, -103, -128, -111]	[-25, -49, -10, -4, -61]	[112, 110, 108, 183, 10]	[10006, 10004, 10004, 9998, 9995]	[225, 140, 187, 242, 254]
733	37.5	[-49, 134, 18, 29, 84]	[11, -145, -75, 23, 35]	[-160, -39, 23, 19, -91]	[-45, -157, -92, -104, -84]	[115, -109, -106, 25, -86]	[-99, -17, 8, -56, 131]	[-57, 55, 5, 87, 166]	[-74, -135, -122, -108, -162]	[-159, -107, -107, -124, -111]	[60, -49, -10, -4, -61]	[138, 108, 108, 180, 10]	[10006, 10004, 10003, 9998, 9991]	[225, 218, 191, 221, 154]
734	38.0	[113, -16, -51, -9, 104]	[-102, -150, -69, 20, 192]	[-170, -61, 17, -3, -182]	[6, -180, -88, -113, -105]	[117, -102, -105, 38, -31]	[-103, -16, 7, -56, 157]	[-119, 55, 5, 87, 158]	[-72, -125, -122, -108, -159]	[-159, -130, -112, -136, -116]	[-49, -49, -12, -6, -58]	[114, 107, 108, 184, 28]	[10005, 10005, 9999, 9992, 9997]	[228, 210, 197, 263, 262]
735	35.5	[-49, 134, 18, 29, 84]	[11, -145, -75, 29, 35]	[-160, -39, 23, 19, -145]	[-45, -157, -92, -104, -84]	[116, -107, -106, 25, -86]	[-99, -19, 8, -56, 131]	[-57, 56, 2, 87, 166]	[-74, -135, -124, -108, -168]	[-157, -126, -103, -128, -111]	[-25, -49, -10, -4, -61]	[112, 110, 108, 183, 10]	[10006, 10004, 10004, 9998, 9995]	[225, 140, 187, 242, 254]
736	36.5	[113, -16, -51, -9, 104]	[-102, -150, -69, 14, 192]	[-170, -61, 17, -3, -182]	[6, -180, -88, -113, -105]	[117, -102, -105, 38, -31]	[-103, -16, 7, -56, 157]	[-119, 55, 5, 87, 158]	[-72, -125, -122, -108, -159]	[-159, -130, -112, -136, -116]	[-49, -49, -12, -6, -58]	[114, 107, 108, 184, 28]	[10005, 10005, 9999, 9992, 9997]	[228, 210, 197, 263, 262]
737	37.5	[-49, 134, 18, 29, 84]	[11, -145, -75, 29, 35]	[-160, -39, 23, 19, -145]	[-45, -157, -92, -104, -84]	[110, -107, -106, 25, -86]	[-99, -19, 8, -56, 131]	[-57, 56, 2, 87, 166]	[-74, -135, -124, -108, -168]	[-157, -126, -103, -128, -111]	[-25, -49, -10, -4, -61]	[112, 110, 108, 183, 10]	[10006, 10004, 10004, 9998, 9995]	[225, 140, 187, 242, 254]
738	40.5	[11, -10, -41, 45, -58]	[-71, -151, -40, 10, 19]	[-170, -45, 24, 0, -173]	[-45, -151, -92, -107, -94]	[117, -104, -101, 31, -48]	[-96, -17, 13, -55, 157]	[-95, 54, 2, 92, 214]	[-72, -132, -124, -108, -173]	[-157, -127, -112, -125, -111]	[-60, -42, -11, -6, -62]	[89, 107, 108, 184, 1]	[10005, 10005, 9998, 9997, 10005]	[222, 126, 187, 271, 267]
739	35.5	[4, 153, 23, 31, 69]	[-71, -145, -73, 27, 27]	[-166, -39, 10, 1, -131]	[-44, -141, -92, -106, -84]	[122, -124, -105, 36, -87]	[-96, -19, 9, -55, 134]	[-47, 54, 4, 90, 163]	[-67, -130, -124, -107, -161]	[-157, -131, -114, -128, -111]	[40, -47, -11, -28, -60]	[83, 105, 108, 185, 11]	[10005, 10005, 10002, 9998, 9999]	[220, 124, 187, 271, 267]
740	41.5	[-49, 134, 18, 29, 84]	[11, -145, -75, 29, 35]	[-160, -39, 23, 19, -145]	[-45, -157, -92, -104, -84]	[110, -107, -106, 25, -86]	[-99, -19, 8, -56, 131]	[-57, 56, 2, 87, 166]	[-74, -135, -124, -108, -168]	[-157, -126, -103, -128, -111]	[-25, -49, -10, -4, -61]	[112, 110, 108, 183, 10]	[10006, 10004, 10004, 9998, 9995]	[225, 140, 187, 242, 254]
741	38.5	[-49, 134, 18, 29, 84]	[11, -145, -75, 29, 35]	[-160, -39, 23, 19, -145]	[-45, -157, -92, -104, -84]	[110, -107, -106, 25, -86]	[-99, -19, 8, -56, 131]	[-57, 56, 2, 87, 166]	[-74, -135, -124, -108, -168]	[-157, -126, -103, -128, -111]	[-25, -49, -10, -4, -55]	[112, 110, 108, 183, 10]	[10006, 10004, 10004, 9998, 9995]	[225, 140, 187, 242, 254]
742	37.0	[4, 153, 23, 31, 69]	[-71, -145, -73, 27, 27]	[-166, -39, 10, 1, -131]	[-44, -141, -92, -106, -84]	[122, -124, -105, 36, -87]	[-96, -19, 9, -55, 134]	[-47, 54, 4, 90, 163]	[-67, -130, -124, -107, -161]	[-157, -131, -114, -128, -111]	[40, -47, -11, -28, -60]	[83, 105, 108, 185, 11]	[10005, 10005, 9996, 9998, 9999]	[220, 124, 187, 271, 267]
743	37.0	[-49, 134, 18, 29, 84]	[11, -145, -75, 29, 35]	[-160, -39, 21, 7, -91]	[-45, -157, -92, -104, -85]	[116, -108, -106, 25, -86]	[-102, -17, 8, -56, 131]	[-57, 55, 5, 87, 166]	[-74, -135, -122, -108, -162]	[-159, -107, -107, -124, -111]	[60, -49, -4, -4, -61]	[138, 108, 108, 180, 10]	[10006, 10004, 10003, 9998, 9991]	[225, 218, 191, 221, 154]
744	37.0	[-49, 140, 18, 29, 84]	[11, -145, -75, 29, 35]	[-160, -40, 15, -1, -91]	[-44, -157, -92, -104, -84]	[120, -122, -104, 25, -86]	[-100, -18, 10, -56, 131]	[-57, 57, 3, 70, 166]	[-74, -131, -122, -108, -159]	[-159, -120, -114, -121, -112]	[60, -55, -12, -4, -68]	[84, 111, 108, 180, 10]	[10006, 10004, 10000, 9999, 9991]	[231, 218, 191, 221, 154]
745	33.0	[11, -10, -41, 45, -58]	[-71, -151, -40, 10, 19]	[-170, -45, 24, 0, -173]	[-45, -151, -92, -107, -94]	[117, -104, -101, 31, -50]	[-96, -17, 7, -56, 157]	[-112, 54, 10, 94, 214]	[-66, -135, -124, -108, -173]	[-157, -127, -112, -125, -111]	[-60, -42, -11, -6, -62]	[89, 101, 108, 184, 1]	[10005, 10005, 9998, 9997, 10005]	[222, 126, 187, 271, 267]
746	40.0	[-49, 159, 24, 23, 84]	[5, -145, -69, 28, 35]	[-167, -40, 7, -6, -109]	[-35, -157, -89, -105, -88]	[114, -122, -105, 37, -88]	[-108, -18, 9, -56, 131]	[-57, 57, 4, 83, 160]	[-74, -135, -117, -109, -159]	[-153, -110, -101, -136, -113]	[16, -47, -12, -16, -68]	[97, 107, 108, 180, 10]	[10006, 10004, 10004, 9999, 9997]	[225, 218, 191, 221, 154]
747	36.0	[4, 106, 22, 31, 69]	[-71, -144, -73, 27, 27]	[-165, -41, 26, 8, -134]	[-45, -157, -92, -107, -84]	[124, -104, -105, 35, -88]	[-96, -19, 9, -55, 134]	[-47, 54, 10, 90, 163]	[-67, -130, -124, -107, -161]	[-157, -131, -108, -128, -111]	[40, -47, -11, -28, -60]	[83, 105, 108, 185, 11]	[10005, 10005, 10002, 9998, 10005]	[220, 124, 187, 271, 267]
748	38.5	[113, -16, -51, -9, 104]	[-102, -150, -69, 14, 192]	[-170, -61, 17, -3, -182]	[6, -173, -88, -113, -105]	[119, -117, -105, 38, -31]	[-103, -17, 8, -56, 157]	[-119, 55, 5, 82, 158]	[-72, -133, -122, -108, -159]	[-159, -130, -105, -125, -113]	[52, -55, -12, -6, -58]	[111, 108, 108, 184, 28]	[10005, 10005, 9999, 9992, 9997]	[228, 210, 197, 263, 262]
749	34.5	[4, 153, 23, 31, 69]	[-77, -145, -73, 27, 27]	[-166, -39, 10, 1, -131]	[-44, -141, -92, -106, -84]	[122, -124, -105, 36, -87]	[-96, -19, 9, -55, 144]	[-47, 54, 5, 88, 163]	[-67, -133, -122, -107, -161]	[-157, -131, -114, -128, -111]	[40, -47, -11, -28, -60]	[83, 105, 108, 185, 11]	[10005, 10005, 9996, 9998, 9999]	[220, 124, 187, 271, 267]
750	38.5	[113, -16, -51, -9, 104]	[-102, -150, -69, 14, 192]	[-170, -61, 17, -3, -182]	[6, -173, -88, -113, -105]	[119, -117, -105, 38, -31]	[-103, -17, 8, -56, 157]	[-119, 55, 5, 82, 158]	[-72, -133, -122, -108, -159]	[-159, -130, -105, -125, -113]	[52, -55, -12, -6, -58]	[111, 108, 108, 184, 28]	[10005, 10005, 9999, 9992, 9997]	[228, 210, 197, 263, 262]
751	37.0	[4, 153, 23, 31, 69]	[-71, -145, -73, 27, 27]	[-166, -47, 15, 1, -131]	[-44, -152, -92, -107, -84]	[122, -124, -105, 38, -87]	[-102, -19, 8, -55, 134]	[-47, 55, 5, 90, 163]	[-71, -133, -124, -107, -155]	[-157, -131, -113, -128, -111]	[40, -47, -11, -14, -60]	[86, 108, 108, 185, 11]	[10005, 10005, 9998, 9995, 9999]	[220, 124, 187, 271, 267]
752	39.5	[11, -10, -41, 45, -58]	[-71, -151, -40, 10, 19]	[-170, -45, 24, 0, -173]	[-45, -151, -92, -107, -94]	[117, -104, -101, 31, -50]	[-96, -17, 7, -56, 157]	[-112, 54, 10, 94, 214]	[-66, -135, -124, -108, -173]	[-157, -127, -112, -125, -111]	[-60, -42, -11, -6, -62]	[89, 101, 108, 184, 1]	[10005, 10005, 9998, 9997, 10005]	[222, 126, 187, 271, 267]
753	39.0	[-49, 159, 24, 23, 84]	[5, -145, -69, 28, 35]	[-167, -37, 7, -6, -109]	[-35, -157, -89, -105, -88]	[114, -122, -105, 37, -88]	[-108, -18, 9, -56, 131]	[-57, 57, 4, 83, 160]	[-74, -135, -117, -109, -159]	[-153, -110, -101, -136, -113]	[16, -47, -12, -16, -68]	[97, 107, 108, 180, 10]	[10006, 10004, 10004, 9999, 9997]	[225, 218, 191, 221, 154]
754	37.0	[-49, 134, 24, 29, 84]	[11, -145, -75, 29, 35]	[-160, -39, 21, 7, -91]	[-45, -157, -92, -104, -85]	[116, -108, -106, 25, -86]	[-102, -17, 8, -56, 131]	[-57, 49, 5, 87, 166]	[-74, -135, -122, -108, -162]	[-159, -107, -107, -124, -111]	[60, -49, -4, -4, -61]	[138, 108, 108, 180, 10]	[10006, 10004, 10003, 9998, 9991]	[225, 218, 191, 221, 154]
755	34.5	[4, 153, 23, 31, 69]	[-71, -145, -73, 27, 27]	[-166, -47, 15, 1, -131]	[-44, -152, -92, -107, -84]	[122, -124, -105, 38, -87]	[-102, -19, 8, -55, 134]	[-47, 49, 5, 89, 163]	[-71, -133, -124, -107, -155]	[-157, -131, -113, -128, -111]	[40, -47, -11, -14, -60]	[86, 108, 108, 185, 11]	[10005, 10005, 9998, 9995, 9999]	[220, 124, 187, 271, 267]
756	37.0	[-49, 140, 18, 29, 84]	[11, -145, -75, 29, 35]	[-160, -40, 15, -1, -91]	[-44, -157, -92, -104, -84]	[120, -122, -104, 25, -86]	[-106, -18, 10, -56, 131]	[-57, 57, 3, 70, 166]	[-74, -131, -122, -108, -159]	[-159, -120, -114, -121, -112]	[60, -55, -12, -4, -68]	[84, 111, 108, 183, 2]	[10006, 10004, 9999, 9999, 9991]	[222, 193, 188, 259, 154]
757	38.0	[4, 106, 24, 23, 69]	[-71, -144, -72, 27, 30]	[-167, -38, 18, 8, -134]	[-45, -157, -91, -107, -84]	[115, -109, -105, 33, -68]	[-96, -19, 11, -55, 134]	[-47, 54, 10, 90, 169]	[-67, -126, -124, -109, -172]	[-157, -126, -104, -128, -111]	[40, -46, -10, -9, -60]	[83, 105, 108, 183, 10]	[10005, 10004, 10002, 9998, 10003]	[220, 190, 191, 271, 267]
758	34.5	[-49, 140, 18, 29, 84]	[11, -145, -75, 29, 35]	[-160, -40, 15, -1, -91]	[-44, -157, -92, -104, -84]	[120, -122, -104, 25, -86]	[-106, -18, 10, -56, 131]	[-57, 57, 3, 70, 166]	[-74, -131, -122, -108, -159]	[-159, -120, -114, -121, -112]	[60, -55, -12, -4, -68]	[84, 111, 108, 183, 2]	[10006, 10004, 9999, 9999, 9991]	[222, 193, 188, 259, 154]
759	38.5	[4, 153, 23, 31, 69]	[-77, -145, -73, 27, 27]	[-166, -39, 10, 1, -131]	[-44, -141, -92, -106, -84]	[122, -124, -105, 36, -87]	[-96, -18, 9, -55, 144]	[-47, 54, 10, 88, 163]	[-67, -133, -124, -108, -161]	[-157, -130, -114, -128, -111]	[40, -47, -11, -28, -60]	[83, 105, 108, 185, 11]	[10005, 10005, 9996, 9998, 9999]	[220, 124, 187, 271, 267]
760	35.5	[11, -10, -41, 45, -58]	[-71, -141, -66, 27, 24]	[-170, -44, 20, 6, -171]	[-25, -162, -92, -104, -96]	[124, -96, -105, 23, -27]	[-96, -17, 9, -53, 135]	[-83, 55, 4, 93, 214]	[-71, -123, -124, -109, -174]	[-157, -112, -119, -126, -112]	[-35, -43, -11, -23, -59]	[89, 130, 108, 180, 1]	[10005, 10005, 9998, 9997, 10005]	[220, 126, 187, 271, 267]
761	38.0	[-49, 140, 18, 29, 84]	[11, -145, -75, 29, 35]	[-160, -40, 15, -1, -91]	[-44, -157, -92, -104, -84]	[120, -122, -104, 25, -86]	[-106, -18, 10, -56, 131]	[-57, 57, 3, 70, 166]	[-74, -132, -122, -108, -159]	[-159, -120, -114, -121, -112]	[60, -55, -12, -4, -68]	[78, 111, 108, 183, 2]	[10006, 10004, 9999, 9999, 9991]	[222, 193, 188, 259, 154]
762	34.0	[-49, 134, 24, 29, 84]	[11, -145, -75, 29, 35]	[-160, -39, 21, 7, -91]	[-45, -157, -92, -104, -85]	[116, -108, -106, 25, -86]	[-102, -17, 8, -56, 131]	[-57, 49, 5, 87, 166]	[-74, -135, -122, -108, -162]	[-159, -107, -107, -124, -111]	[60, -49, 2, -4, -61]	[138, 108, 108, 180, 10]	[10006, 10004, 9998, 9998, 9991]	[225, 218, 191, 221, 154]
763	40.0	[113, -16, -51, -9, 104]	[-102, -150, -69, 14, 192]	[-170, -61, 17, -3, -182]	[6, -173, -89, -106, -105]	[119, -113, -103, 28, -31]	[-105, -18, 8, -56, 157]	[-116, 57, 3, 83, 170]	[-72, -135, -122, -108, -159]	[-159, -130, -105, -125, -113]	[52, -55, -12, -6, -58]	[117, 108, 108, 184, 28]	[10005, 10005, 9993, 9992, 9997]	[228, 210, 197, 263, 262]
764	37.0	[4, 153, 23, 25, 69]	[-71, -145, -73, 27, 27]	[-166, -47, 15, 1, -131]	[-44, -152, -92, -107, -78]	[122, -124, -105, 38, -87]	[-102, -19, 8, -55, 134]	[-47, 49, 5, 89, 163]	[-71, -133, -124, -107, -155]	[-157, -131, -113, -128, -111]	[40, -47, -11, -14, -60]	[92, 108, 108, 185, 11]	[10005, 10005, 9998, 9995, 9999]	[220, 124, 187, 271, 267]
765	43.0	[-49, 134, 24, 29, 84]	[11, -145, -75, 29, 35]	[-160, -39, 21, 7, -91]	[-45, -157, -92, -104, -85]	[116, -108, -106, 25, -86]	[-102, -17, 8, -56, 131]	[-57, 49, 5, 87, 166]	[-74, -135, -122, -108, -162]	[-159, -107, -107, -124, -111]	[60, -49, 2, -4, -61]	[138, 108, 108, 180, 10]	[10006, 10004, 9998, 9998, 9991]	[225, 218, 191, 221, 154]
766	34.5	[4, 106, 22, 31, 69]	[-71, -144, -73, 27, 27]	[-165, -41, 26, 8, -134]	[-45, -157, -92, -107, -84]	[124, -104, -105, 35, -88]	[-96, -19, 9, -55, 134]	[-83, 54, 10, 90, 184]	[-69, -133, -122, -108, -161]	[-158, -118, -111, -125, -113]	[-33, -47, -10, -9, -62]	[83, 105, 108, 184, 11]	[10005, 10005, 10002, 9998, 10005]	[220, 124, 187, 271, 267]
767	35.5	[-49, 140, 18, 29, 84]	[-39, -146, -75, 29, 35]	[-161, -40, 20, 1, -98]	[-44, -145, -92, -104, -84]	[120, -119, -105, 27, -86]	[-106, -18, 10, -56, 135]	[-57, 57, 3, 70, 166]	[-74, -132, -122, -108, -159]	[-159, -120, -114, -121, -112]	[60, -55, -12, -4, -68]	[78, 111, 108, 183, 2]	[10006, 10004, 9999, 9999, 9991]	[222, 193, 188, 259, 154]
768	38.5	[-49, 134, 24, 29, 84]	[11, -145, -75, 29, 35]	[-160, -39, 21, 7, -91]	[-45, -157, -92, -104, -85]	[116, -108, -106, 25, -86]	[-102, -17, 8, -56, 131]	[-57, 49, 5, 87, 166]	[-74, -135, -122, -108, -162]	[-159, -107, -107, -124, -111]	[60, -49, 2, -4, -61]	[138, 108, 108, 180, 10]	[10006, 10004, 9998, 9998, 9991]	[225, 218, 191, 221, 154]
769	36.5	[-49, 140, 18, 29, 84]	[11, -145, -62, 28, 35]	[-166, -40, 15, -1, -91]	[-44, -145, -92, -104, -84]	[120, -122, -104, 36, -86]	[-106, -18, 4, -56, 131]	[-57, 57, 3, 74, 166]	[-74, -132, -122, -107, -161]	[-157, -123, -114, -121, -112]	[54, -47, -12, -10, -63]	[78, 111, 108, 185, 2]	[10006, 10004, 9999, 9999, 9991]	[222, 193, 188, 259, 154]
770	40.0	[-49, 140, 18, 29, 84]	[-39, -146, -75, 29, 35]	[-161, -40, 20, 1, -98]	[-44, -145, -92, -104, -84]	[120, -119, -105, 27, -86]	[-106, -18, 10, -56, 135]	[-57, 57, 3, 70, 166]	[-74, -132, -122, -108, -159]	[-159, -120, -114, -121, -112]	[60, -55, -12, -4, -68]	[78, 111, 108, 183, 2]	[10006, 10004, 9999, 9999, 9991]	[222, 193, 188, 259, 154]
771	36.5	[4, 153, 23, 25, 69]	[-71, -145, -73, 27, 27]	[-166, -47, 19, 1, -131]	[-38, -159, -92, -106, -82]	[122, -103, -105, 37, -72]	[-102, -19, 8, -55, 134]	[-47, 49, 5, 92, 191]	[-71, -125, -124, -108, -158]	[-157, -131, -113, -128, -112]	[40, -47, -11, -14, -60]	[92, 108, 108, 185, 11]	[10005, 10005, 9998, 9995, 9999]	[220, 124, 187, 271, 267]
772	39.5	[4, 106, 22, 31, 69]	[-71, -144, -73, 27, 27]	[-159, -41, 26, 8, -134]	[-45, -157, -92, -107, -84]	[124, -104, -105, 35, -88]	[-96, -19, 8, -55, 134]	[-83, 56, 10, 90, 184]	[-69, -133, -122, -108, -161]	[-157, -121, -107, -125, -113]	[52, -48, -12, -8, -62]	[83, 105, 108, 182, 15]	[10005, 10005, 10002, 9998, 10005]	[220, 124, 187, 271, 267]
773	36.0	[-49, 140, 18, 29, 84]	[11, -145, -62, 28, 35]	[-166, -40, 15, -1, -91]	[-44, -145, -92, -104, -84]	[120, -122, -104, 36, -86]	[-106, -18, 4, -56, 131]	[-57, 57, 3, 74, 166]	[-74, -132, -122, -107, -161]	[-157, -123, -114, -121, -112]	[54, -47, -12, -10, -63]	[78, 111, 108, 185, 2]	[10006, 10004, 9999, 9999, 9991]	[222, 193, 188, 259, 154]
774	38.0	[21, -16, -50, -7, -56]	[-87, -149, -40, 10, 19]	[-170, -57, 21, 2, -146]	[-45, -154, -88, -111, -100]	[126, -92, -103, 31, -50]	[-96, -17, 8, -53, 135]	[-112, 54, 9, 89, 172]	[-70, -133, -123, -108, -161]	[-157, -120, -109, -125, -111]	[-60, -47, -11, -8, -59]	[89, 101, 108, 183, 1]	[10005, 10005, 9996, 9992, 10000]	[225, 180, 197, 263, 267]
775	36.0	[11, -10, -41, 45, -58]	[-71, -148, -40, 10, 19]	[-170, -45, 21, 7, -173]	[-45, -154, -92, -104, -87]	[126, -92, -102, 31, -50]	[-96, -13, 6, -53, 135]	[-112, 54, 10, 90, 214]	[-66, -135, -124, -114, -173]	[-157, -119, -112, -126, -111]	[-60, -42, -11, -8, -59]	[89, 101, 108, 183, 1]	[10005, 10005, 9998, 9997, 10005]	[222, 126, 187, 271, 267]
776	36.5	[113, -16, -51, -9, 104]	[-102, -150, -69, 14, 192]	[-170, -61, 17, -3, -182]	[6, -173, -89, -106, -105]	[114, -113, -104, 33, -48]	[-107, -18, 8, -56, 157]	[-116, 57, 3, 83, 168]	[-72, -135, -122, -108, -159]	[-159, -130, -105, -125, -107]	[52, -55, -12, -6, -58]	[117, 108, 108, 184, 28]	[10005, 10005, 9993, 9992, 9997]	[228, 210, 197, 263, 262]
777	44.0	[4, 153, 23, 25, 69]	[-71, -145, -73, 27, 27]	[-166, -47, 19, 1, -131]	[-38, -159, -92, -106, -82]	[122, -103, -105, 37, -72]	[-102, -19, 8, -55, 134]	[-47, 49, 5, 92, 191]	[-71, -125, -124, -108, -158]	[-163, -131, -113, -128, -112]	[40, -47, -11, -14, -60]	[92, 108, 108, 185, 11]	[10005, 10005, 9998, 9995, 9999]	[220, 124, 187, 271, 267]
778	34.0	[11, -10, -41, 45, -58]	[-71, -148, -40, 10, 19]	[-170, -45, 21, 7, -173]	[-45, -154, -92, -104, -87]	[126, -92, -102, 31, -50]	[-96, -13, 6, -53, 135]	[-112, 54, 10, 90, 214]	[-66, -135, -124, -114, -173]	[-157, -119, -112, -126, -111]	[-60, -42, -11, -8, -59]	[89, 101, 108, 183, 1]	[10005, 10005, 9998, 9997, 10005]	[222, 126, 187, 271, 267]
779	37.0	[11, -10, -41, 45, -58]	[-71, -148, -40, 10, 19]	[-170, -45, 21, 7, -173]	[-45, -154, -92, -104, -87]	[126, -92, -102, 31, -50]	[-96, -13, 6, -53, 135]	[-112, 54, 10, 90, 214]	[-66, -135, -124, -114, -173]	[-157, -119, -112, -126, -111]	[-60, -42, -11, -8, -59]	[89, 101, 108, 183, 1]	[10005, 10005, 9998, 9997, 10005]	[222, 126, 187, 271, 267]
780	32.5	[11, -10, -41, 45, -58]	[-71, -148, -40, 10, 19]	[-170, -45, 21, 7, -173]	[-45, -155, -92, -106, -86]	[117, -90, -102, 31, -50]	[-96, -17, 1, -53, 135]	[-112, 54, 7, 94, 214]	[-66, -135, -124, -114, -169]	[-157, -121, -109, -126, -112]	[-28, -44, -11, -8, -59]	[89, 102, 108, 183, 15]	[10005, 10005, 9998, 9997, 10005]	[222, 126, 187, 271, 267]
781	37.0	[4, 153, 23, 25, 69]	[-71, -145, -73, 27, 27]	[-166, -47, 15, 1, -131]	[-44, -152, -92, -107, -80]	[122, -120, -106, 38, -87]	[-102, -19, 8, -55, 133]	[-55, 49, 5, 90, 163]	[-71, -133, -124, -109, -169]	[-159, -117, -108, -128, -111]	[40, -43, 1, -12, -60]	[113, 111, 108, 182, 1]	[10005, 9999, 9998, 9998, 9999]	[220, 124, 187, 271, 267]
782	33.0	[4, 153, 23, 25, 69]	[-71, -145, -73, 27, 27]	[-166, -47, 19, 1, -131]	[-38, -159, -92, -106, -82]	[122, -103, -105, 37, -72]	[-102, -19, 8, -55, 134]	[-47, 49, 5, 92, 191]	[-71, -125, -124, -108, -158]	[-163, -131, -113, -128, -112]	[40, -47, -11, -14, -60]	[92, 108, 108, 185, 11]	[10005, 10005, 9998, 9995, 9999]	[220, 124, 187, 271, 267]
783	37.5	[21, 108, 13, -7, -56]	[-83, -149, -44, 11, 19]	[-169, -52, 20, 2, -146]	[-45, -157, -88, -108, -85]	[126, -92, -103, 35, -50]	[-96, -13, 7, -55, 135]	[-112, 54, 9, 90, 186]	[-70, -134, -124, -109, -169]	[-159, -124, -112, -126, -112]	[-60, -47, -11, -8, -59]	[91, 105, 108, 184, 1]	[10005, 10005, 9998, 9986, 10000]	[225, 180, 197, 268, 267]
784	38.0	[4, 106, 20, 31, 69]	[-71, -144, -73, 27, 35]	[-159, -40, 26, 8, -134]	[-45, -157, -92, -107, -84]	[124, -104, -105, 35, -88]	[-96, -19, 8, -55, 134]	[-83, 56, 10, 90, 184]	[-69, -133, -122, -108, -161]	[-157, -121, -107, -125, -113]	[52, -48, -12, -8, -62]	[83, 111, 108, 182, 15]	[10005, 10005, 10000, 9998, 10005]	[220, 124, 187, 271, 267]
785	40.0	[21, 108, 13, -7, -56]	[-83, -149, -44, 11, 19]	[-169, -52, 20, 2, -146]	[-45, -157, -88, -108, -85]	[126, -92, -103, 35, -50]	[-96, -13, 7, -55, 135]	[-112, 54, 9, 90, 186]	[-70, -134, -124, -109, -169]	[-159, -124, -112, -126, -112]	[-60, -47, -11, -8, -59]	[91, 105, 108, 184, 1]	[10005, 10005, 9998, 9986, 10000]	[225, 180, 197, 268, 267]
786	35.5	[-49, 140, 18, 29, 84]	[-39, -146, -75, 29, 35]	[-161, -40, 20, 1, -98]	[-44, -145, -92, -104, -84]	[120, -119, -105, 27, -86]	[-106, -18, 10, -56, 135]	[-57, 57, 3, 70, 166]	[-74, -132, -122, -108, -159]	[-159, -120, -114, -121, -112]	[60, -50, -7, -4, -68]	[78, 109, 108, 183, 3]	[10006, 10004, 9998, 9998, 9991]	[222, 193, 188, 259, 154]
787	43.0	[-49, 140, 18, 29, 84]	[-39, -146, -75, 29, 35]	[-161, -40, 20, 1, -98]	[-44, -145, -92, -104, -84]	[120, -119, -105, 27, -86]	[-106, -18, 10, -56, 135]	[-57, 57, 3, 70, 166]	[-74, -132, -122, -108, -159]	[-159, -120, -114, -121, -112]	[60, -50, -7, -4, -68]	[78, 109, 108, 183, 3]	[10006, 10004, 9998, 9998, 9991]	[222, 193, 188, 259, 154]
788	35.0	[113, -16, -51, -9, 104]	[-102, -150, -69, 14, 192]	[-170, -61, 17, -3, -182]	[6, -173, -89, -106, -105]	[119, -113, -103, 22, -31]	[-105, -18, 8, -56, 157]	[-116, 57, 3, 83, 170]	[-72, -135, -122, -108, -159]	[-153, -130, -105, -125, -113]	[52, -55, -12, -6, -58]	[117, 108, 108, 181, 28]	[10005, 10005, 9993, 9992, 9997]	[228, 210, 197, 263, 262]
789	36.0	[4, 153, 23, 31, 69]	[-71, -145, -69, 27, 27]	[-166, -45, 17, 1, -131]	[-44, -152, -92, -106, -80]	[122, -120, -105, 31, -87]	[-102, -19, 8, -49, 133]	[-55, 51, 5, 92, 163]	[-71, -128, -124, -109, -169]	[-161, -118, -112, -128, -111]	[40, -43, -8, -12, -60]	[113, 111, 108, 188, 1]	[10005, 9999, 9998, 9998, 9999]	[220, 124, 187, 271, 267]
790	36.5	[17, 41, -13, -1, -58]	[-71, -148, -42, 10, 19]	[-167, -49, 20, 7, -173]	[-45, -152, -89, -104, -87]	[123, -92, -102, 34, -50]	[-102, -18, 7, -55, 135]	[-95, 51, 9, 90, 190]	[-66, -135, -124, -109, -173]	[-157, -119, -112, -126, -111]	[-60, -42, -17, -8, -59]	[89, 101, 108, 183, 1]	[10005, 10005, 9998, 9997, 10005]	[222, 126, 187, 271, 267]
791	37.5	[-49, 140, 18, 5, 84]	[-89, -146, -57, 21, 35]	[-161, -55, 19, 0, -116]	[-19, -154, -92, -104, -82]	[120, -103, -105, 33, -76]	[-106, -18, 10, -56, 135]	[-57, 57, 3, 70, 166]	[-74, -132, -122, -108, -159]	[-159, -120, -114, -121, -112]	[60, -55, -12, -4, -68]	[78, 111, 108, 183, 2]	[10006, 10004, 9999, 9999, 9991]	[222, 193, 188, 265, 182]
792	40.5	[4, 106, 24, 23, 69]	[-71, -144, -72, 27, 30]	[-167, -38, 18, 14, -134]	[-45, -157, -91, -107, -84]	[115, -109, -105, 33, -68]	[-96, -31, 11, -55, 134]	[-47, 54, 16, 90, 169]	[-67, -126, -130, -109, -166]	[-157, -126, -104, -128, -111]	[40, -52, -10, -9, -60]	[83, 105, 108, 183, 10]	[10005, 10004, 10002, 9998, 10003]	[220, 190, 191, 271, 267]
793	36.0	[-49, 140, 18, 5, 84]	[-89, -146, -57, 21, 35]	[-161, -55, 19, 0, -116]	[-19, -154, -92, -104, -82]	[120, -103, -105, 33, -76]	[-106, -18, 10, -56, 135]	[-57, 57, 3, 70, 166]	[-74, -132, -122, -108, -159]	[-159, -120, -114, -121, -112]	[60, -55, -12, -4, -68]	[78, 111, 108, 183, 2]	[10006, 10004, 9999, 9999, 9991]	[222, 193, 188, 265, 182]
794	39.0	[4, 153, 23, 31, 69]	[-71, -145, -69, 27, 27]	[-166, -45, 17, 1, -131]	[-44, -152, -92, -106, -80]	[124, -113, -105, 35, -87]	[-102, -19, 8, -49, 133]	[-55, 51, 5, 92, 171]	[-71, -131, -124, -109, -169]	[-161, -118, -109, -128, -112]	[40, -43, -8, -11, -62]	[113, 111, 108, 183, 2]	[10005, 9999, 10000, 9998, 10001]	[220, 124, 187, 271, 267]
795	38.5	[4, 153, 23, 25, 69]	[-65, -145, -73, 27, 27]	[-166, -47, 15, 2, -142]	[-43, -154, -92, -107, -80]	[122, -97, -103, 38, -87]	[-100, -13, 7, -55, 133]	[-55, 49, 5, 90, 190]	[-71, -135, -124, -109, -169]	[-165, -117, -108, -128, -111]	[40, -43, 1, -12, -60]	[113, 111, 108, 182, 1]	[10005, 9999, 9998, 9998, 9999]	[220, 124, 187, 271, 267]
796	35.0	[17, 41, -13, -1, -58]	[-71, -148, -42, 10, 19]	[-167, -49, 20, 7, -173]	[-45, -152, -89, -104, -87]	[123, -92, -102, 34, -50]	[-102, -18, 7, -55, 135]	[-95, 51, 9, 90, 190]	[-66, -135, -124, -109, -173]	[-157, -119, -112, -126, -111]	[-60, -42, -17, -8, -59]	[89, 101, 108, 183, 1]	[10005, 10005, 9998, 9997, 10005]	[222, 126, 181, 271, 267]
797	36.5	[113, -16, -49, 3, 76]	[-102, -145, -69, 14, 192]	[-167, -46, 17, 5, -182]	[6, -160, -92, -106, -91]	[119, -113, -103, 27, -40]	[-105, -19, 8, -56, 157]	[-116, 56, 7, 92, 170]	[-72, -135, -122, -108, -159]	[-153, -130, -105, -125, -113]	[52, -55, -12, -6, -58]	[117, 108, 108, 181, 28]	[10005, 10005, 9993, 9992, 9997]	[228, 210, 197, 263, 262]
798	34.5	[4, 153, 23, 25, 69]	[-71, -145, -73, 27, 27]	[-166, -53, 19, 1, -131]	[-44, -159, -92, -106, -82]	[122, -112, -105, 37, -72]	[-102, -19, 8, -55, 134]	[-47, 49, 5, 90, 190]	[-71, -127, -123, -109, -158]	[-163, -126, -111, -128, -112]	[40, -47, -5, -14, -60]	[92, 108, 108, 185, 11]	[10005, 10005, 9998, 9995, 9999]	[220, 124, 187, 271, 267]
799	38.0	[113, -16, -49, 3, 76]	[-102, -145, -69, 14, 192]	[-167, -46, 17, 5, -182]	[6, -160, -92, -106, -91]	[119, -113, -103, 27, -40]	[-105, -19, 8, -56, 157]	[-116, 56, 7, 92, 170]	[-72, -135, -122, -108, -159]	[-153, -130, -105, -125, -113]	[52, -55, -12, -6, -58]	[117, 108, 108, 181, 28]	[10005, 10005, 9993, 9992, 9997]	[228, 210, 197, 263, 262]
