generation	fitness	corner	c	a1	a2	b1	b2	b3	x	o1	o2	wp	ww	we
1000	37.3	[112, -19, -23, 76, 79]	[-113, -146, -71, 15, -28]	[-173, -36, 24, -15, -170]	[-46, -161, -78, -98, -99]	[122, -88, -97, 31, 27]	[-102, -32, 8, -35, 107]	[-58, 56, -4, 97, 152]	[-108, -124, -127, -111, -157]	[-158, -124, -120, -112, -92]	[-32, -26, -8, -4, -79]	[84, 115, 91, 179, 102]	[9998, 10004, 9967, 9983, 9996]	[226, 194, 182, 240, 196]
1001	38.3	[112, -19, -23, 76, 79]	[-113, -146, -71, 15, -52]	[-173, -43, 24, -9, -163]	[-46, -162, -85, -90, -99]	[122, -87, -97, 31, 27]	[-112, -29, 10, -35, 107]	[-62, 58, 1, 97, 152]	[-108, -124, -127, -111, -159]	[-158, -120, -120, -112, -92]	[-30, -26, -9, -4, -79]	[84, 115, 91, 179, 102]	[9998, 10004, 9967, 9983, 9996]	[226, 194, 182, 240, 196]
1002	37.3	[88, 9, -28, 36, 94]	[-115, -151, -73, 24, -61]	[-158, -41, 21, 2, -159]	[-70, -179, -88, -104, -81]	[150, -89, -103, 30, 3]	[-116, -32, 12, -40, 103]	[-73, 39, 6, 97, 172]	[-91, -144, -124, -109, -146]	[-163, -122, -109, -113, -115]	[-9, -8, -13, -18, -71]	[110, 110, 87, 180, 22]	[10005, 10001, 9999, 10007, 9993]	[218, 132, 187, 265, 263]
1003	37.7	[84, -20, -29, 42, 94]	[-123, -140, -89, 17, -124]	[-137, -50, 19, -14, -155]	[-53, -174, -83, -99, -94]	[124, -95, -92, 16, 21]	[-119, -27, 15, 7, 76]	[-72, 53, 8, 95, 180]	[-81, -131, -121, -114, -166]	[-203, -130, -103, -107, -125]	[-24, -7, -16, -24, -61]	[107, 116, 112, 175, 137]	[10010, 10003, 9999, 9998, 9995]	[170, 145, 178, 216, 179]
1004	36.0	[112, -19, -23, 76, 79]	[-113, -146, -71, 15, -28]	[-173, -36, 24, -15, -170]	[-46, -161, -78, -98, -99]	[122, -88, -97, 31, 27]	[-102, -32, 8, -35, 107]	[-58, 56, -4, 97, 152]	[-108, -124, -127, -111, -157]	[-158, -124, -120, -112, -92]	[-32, -26, -8, -4, -79]	[84, 115, 91, 179, 102]	[9998, 10004, 9967, 9983, 9996]	[226, 194, 182, 240, 196]
1005	37.0	[112, -19, -23, 76, 79]	[-113, -146, -71, 15, -28]	[-173, -36, 24, -15, -170]	[-46, -161, -78, -98, -99]	[122, -88, -97, 31, 27]	[-102, -32, 8, -35, 107]	[-58, 56, -4, 97, 152]	[-108, -124, -127, -111, -157]	[-158, -124, -120, -112, -92]	[-32, -26, -8, -4, -79]	[84, 115, 91, 179, 102]	[9998, 10004, 9967, 9983, 9996]	[226, 194, 182, 240, 196]
1006	35.3	[147, 60, 19, 73, 93]	[-111, -154, -64, 21, -32]	[-159, -39, 18, -15, -159]	[-48, -158, -77, -92, -81]	[118, -86, -99, 43, 7]	[-113, -32, 14, -38, 118]	[-94, 53, 6, 85, 142]	[-131, -135, -113, -111, -127]	[-163, -146, -124, -120, -129]	[-1, -19, -21, -27, -65]	[117, 122, 95, 177, 125]	[10003, 10003, 9958, 9989, 9997]	[190, 185, 178, 215, 170]
1007	38.7	[112, -19, -23, 76, 73]	[-140, -145, -72, 15, -23]	[-176, -41, 23, -15, -177]	[-46, -158, -76, -96, -99]	[123, -88, -97, 32, 27]	[-95, -30, 4, -29, 107]	[-58, 56, 2, 99, 150]	[-106, -124, -129, -104, -160]	[-159, -124, -113, -110, -92]	[-32, -48, -8, -4, -79]	[94, 126, 67, 179, 96]	[10004, 10004, 9992, 10000, 9996]	[226, 194, 187, 240, 196]
1008	39.3	[112, -19, -23, 76, 73]	[-140, -145, -72, 15, -23]	[-176, -41, 23, -15, -177]	[-46, -158, -76, -96, -99]	[123, -88, -97, 32, 27]	[-95, -30, 4, -29, 107]	[-58, 56, 2, 99, 150]	[-106, -124, -129, -104, -160]	[-159, -124, -113, -110, -92]	[-32, -48, -8, -4, -79]	[94, 126, 67, 179, 96]	[10004, 10004, 9992, 10000, 9996]	[226, 194, 187, 240, 196]
1009	37.3	[112, -19, -23, 76, 79]	[-113, -146, -71, 15, -52]	[-173, -43, 24, -9, -163]	[-46, -162, -85, -90, -99]	[122, -87, -97, 31, 27]	[-112, -29, 10, -35, 107]	[-62, 58, 1, 97, 152]	[-108, -124, -127, -111, -165]	[-158, -120, -120, -112, -92]	[-30, -26, -9, -4, -79]	[84, 115, 91, 179, 102]	[9992, 10004, 9967, 9983, 9996]	[226, 194, 182, 240, 196]
1010	39.0	[88, 9, -28, 36, 95]	[-114, -152, -78, 33, -48]	[-158, -41, 22, -12, -148]	[-53, -178, -87, -106, -74]	[118, -89, -104, 33, 4]	[-116, -28, 11, -58, 96]	[-66, 37, 6, 98, 169]	[-95, -141, -122, -108, -148]	[-162, -122, -110, -114, -114]	[-3, -14, -13, -18, -71]	[110, 111, 89, 180, 17]	[10005, 10000, 9997, 10015, 9996]	[212, 130, 187, 265, 255]
1011	36.7	[112, -19, -23, 76, 79]	[-113, -146, -71, 15, -52]	[-173, -43, 24, -9, -163]	[-46, -162, -85, -90, -99]	[122, -87, -97, 31, 27]	[-112, -29, 10, -35, 107]	[-62, 58, 1, 97, 152]	[-108, -124, -127, -111, -165]	[-158, -120, -120, -112, -92]	[-30, -26, -9, -4, -79]	[84, 115, 91, 179, 102]	[9992, 10004, 9967, 9983, 9996]	[226, 194, 182, 240, 196]
1012	36.3	[147, 60, 39, 74, 92]	[-111, -154, -70, 21, -66]	[-164, -30, 18, -15, -159]	[-50, -157, -76, -91, -89]	[124, -83, -99, 43, 7]	[-113, -32, 14, -38, 118]	[-73, 56, -3, 95, 142]	[-124, -135, -115, -111, -127]	[-158, -128, -122, -120, -129]	[2, -21, -16, -17, -68]	[115, 122, 124, 174, 156]	[10003, 10002, 9943, 9999, 9997]	[190, 185, 178, 215, 170]
1013	43.0	[120, -19, -23, 76, 79]	[-112, -148, -70, 15, -52]	[-173, -43, 24, -9, -163]	[-46, -162, -85, -90, -99]	[122, -87, -97, 31, 27]	[-112, -29, 10, -35, 107]	[-62, 58, 1, 97, 152]	[-108, -124, -127, -111, -165]	[-158, -120, -120, -112, -92]	[-30, -26, -9, -4, -79]	[84, 115, 91, 179, 102]	[9992, 10004, 9967, 9983, 9996]	[226, 194, 182, 240, 196]
1014	36.0	[88, 9, -28, 36, 94]	[-122, -147, -74, 23, -42]	[-169, -41, 22, -8, -158]	[-73, -176, -87, -105, -90]	[118, -89, -101, 32, 7]	[-116, -31, 8, -61, 103]	[-71, 45, 5, 98, 171]	[-95, -145, -124, -106, -152]	[-163, -118, -108, -113, -114]	[-3, -14, -13, -18, -71]	[110, 110, 87, 180, 22]	[10005, 10001, 9999, 10007, 9993]	[218, 132, 187, 265, 269]
1015	37.3	[147, 58, 39, 74, 92]	[-111, -155, -70, 27, -112]	[-167, -29, 19, -10, -159]	[-52, -157, -76, -91, -89]	[118, -86, -98, 43, 9]	[-113, -25, 12, -38, 118]	[-76, 53, 6, 89, 141]	[-96, -135, -113, -111, -128]	[-163, -142, -122, -120, -129]	[-1, -19, -21, -27, -65]	[117, 116, 124, 199, 172]	[10003, 9999, 9974, 9999, 9997]	[190, 185, 178, 215, 170]
1016	37.3	[147, 60, 39, 74, 92]	[-111, -154, -70, 21, -66]	[-164, -30, 18, -15, -159]	[-50, -157, -76, -91, -89]	[124, -83, -99, 43, 7]	[-113, -32, 14, -40, 118]	[-69, 49, -1, 91, 166]	[-116, -135, -115, -111, -127]	[-164, -128, -122, -120, -129]	[2, -21, -16, -17, -68]	[115, 122, 124, 174, 156]	[10003, 10002, 9943, 9999, 9997]	[190, 185, 178, 215, 170]
1017	37.0	[147, 60, 39, 74, 92]	[-111, -154, -70, 21, -66]	[-160, -30, 21, -15, -159]	[-48, -176, -78, -91, -89]	[120, -89, -104, 34, 7]	[-114, -31, 9, -36, 107]	[-87, 52, 6, 89, 142]	[-124, -134, -123, -109, -140]	[-161, -122, -122, -120, -129]	[2, -24, -12, -21, -67]	[115, 120, 121, 174, 172]	[10001, 10003, 9955, 9988, 9997]	[190, 185, 178, 215, 170]
1018	36.0	[88, 9, -28, 36, 94]	[-115, -151, -73, 24, -61]	[-158, -39, 18, -8, -159]	[-63, -173, -88, -104, -81]	[130, -88, -101, 36, 6]	[-114, -32, 12, -39, 103]	[-73, 39, 6, 97, 172]	[-91, -144, -124, -109, -146]	[-163, -122, -109, -113, -109]	[-9, -8, -7, -18, -71]	[110, 110, 87, 180, 22]	[10005, 10001, 9999, 10007, 9993]	[218, 132, 187, 265, 263]
1019	36.7	[88, 9, -28, 36, 95]	[-112, -145, -80, 49, -45]	[-158, -41, 22, -12, -157]	[-69, -178, -87, -105, -74]	[120, -89, -104, 33, 4]	[-116, -28, 11, -41, 103]	[-76, 53, 4, 98, 169]	[-95, -147, -122, -108, -148]	[-162, -121, -107, -113, -114]	[-3, -14, -13, -17, -71]	[116, 111, 90, 181, 17]	[10005, 10000, 9997, 10015, 9996]	[212, 130, 187, 265, 255]
1020	37.0	[88, 9, -28, 36, 94]	[-115, -151, -73, 30, -61]	[-158, -39, 18, -8, -159]	[-63, -173, -88, -104, -81]	[130, -88, -101, 36, 6]	[-114, -32, 12, -39, 103]	[-73, 39, 6, 97, 172]	[-91, -144, -124, -109, -146]	[-163, -122, -109, -113, -109]	[-9, -8, -7, -18, -71]	[110, 110, 87, 180, 22]	[10005, 10001, 9999, 10007, 9993]	[218, 132, 187, 265, 263]
1021	36.3	[147, 60, 39, 74, 92]	[-111, -154, -70, 21, -66]	[-160, -30, 21, -15, -159]	[-48, -175, -82, -98, -94]	[121, -92, -95, 34, 7]	[-114, -27, 9, -36, 107]	[-87, 52, 6, 93, 142]	[-124, -131, -123, -109, -140]	[-172, -129, -122, -120, -129]	[2, -24, -18, -21, -67]	[115, 120, 121, 174, 172]	[10001, 10003, 9955, 9988, 9997]	[190, 185, 178, 215, 170]
1022	36.3	[112, -19, -23, 76, 79]	[-113, -146, -71, 15, -52]	[-173, -43, 24, -9, -163]	[-46, -162, -85, -90, -99]	[122, -87, -97, 41, 27]	[-112, -29, 10, -35, 107]	[-62, 58, -1, 95, 146]	[-108, -126, -120, -111, -140]	[-158, -120, -122, -120, -86]	[-30, -26, -10, -4, -79]	[84, 115, 91, 179, 102]	[9992, 10004, 9967, 9983, 9996]	[226, 194, 182, 240, 196]
1023	34.0	[112, -19, -23, 76, 79]	[-113, -146, -71, 15, -52]	[-173, -43, 24, -9, -163]	[-46, -162, -85, -90, -99]	[122, -87, -97, 41, 27]	[-112, -29, 10, -35, 107]	[-62, 58, -1, 95, 146]	[-108, -126, -120, -111, -140]	[-158, -120, -122, -120, -86]	[-30, -26, -10, -4, -79]	[84, 115, 91, 179, 102]	[9992, 10004, 9967, 9983, 9996]	[226, 194, 182, 240, 196]
1024	37.7	[147, 60, 39, 74, 92]	[-111, -154, -70, 21, -66]	[-160, -30, 21, -15, -159]	[-48, -175, -82, -98, -94]	[121, -92, -95, 34, 7]	[-114, -27, 9, -36, 107]	[-87, 52, 6, 93, 142]	[-124, -131, -123, -109, -140]	[-172, -129, -122, -120, -129]	[2, -24, -18, -21, -67]	[115, 120, 121, 174, 172]	[10001, 10003, 9955, 9988, 9997]	[190, 185, 178, 215, 170]
1025	37.7	[147, 58, 39, 74, 92]	[-114, -147, -73, 25, -112]	[-168, -31, 22, -7, -159]	[-52, -157, -76, -101, -90]	[118, -86, -98, 43, 9]	[-113, -29, 10, -38, 118]	[-76, 53, 6, 89, 141]	[-96, -139, -119, -111, -128]	[-163, -135, -120, -114, -121]	[-1, -16, -21, -27, -65]	[117, 116, 102, 199, 172]	[10003, 9999, 9974, 9999, 9997]	[190, 185, 178, 215, 170]
1026	38.3	[88, 9, -28, 36, 94]	[-115, -151, -73, 24, -61]	[-158, -41, 21, 2, -159]	[-70, -179, -88, -98, -81]	[150, -89, -103, 30, 3]	[-116, -32, 12, -40, 103]	[-73, 39, 6, 86, 172]	[-91, -144, -124, -109, -152]	[-163, -122, -109, -113, -115]	[-9, -8, -13, -18, -71]	[110, 110, 87, 180, 22]	[10005, 10001, 9999, 10007, 9993]	[218, 132, 187, 265, 263]
1027	37.3	[88, 9, -28, 36, 94]	[-124, -147, -80, 24, -51]	[-159, -41, 22, -12, -153]	[-55, -174, -84, -109, -81]	[118, -89, -104, 32, 7]	[-116, -35, 10, -62, 102]	[-78, 44, 3, 98, 169]	[-99, -147, -123, -111, -146]	[-160, -122, -111, -113, -114]	[-1, -15, -14, -18, -71]	[110, 110, 79, 180, 65]	[10005, 10001, 9999, 10007, 9993]	[218, 132, 187, 259, 269]
1028	43.3	[147, 58, 39, 74, 92]	[-114, -147, -73, 25, -112]	[-168, -31, 22, -7, -159]	[-52, -157, -76, -101, -90]	[118, -86, -98, 43, 9]	[-113, -29, 10, -38, 118]	[-76, 53, 6, 89, 141]	[-96, -139, -119, -111, -128]	[-163, -135, -120, -114, -121]	[-1, -16, -21, -27, -65]	[117, 116, 102, 199, 172]	[10003, 9999, 9974, 9999, 9997]	[190, 185, 178, 215, 170]
1029	37.0	[112, 42, 27, 76, 79]	[-117, -147, -71, 17, -52]	[-164, -31, 21, -14, -160]	[-46, -162, -85, -97, -79]	[122, -87, -97, 33, 27]	[-112, -29, 10, -35, 107]	[-62, 58, -1, 95, 146]	[-108, -126, -120, -111, -140]	[-158, -120, -122, -120, -92]	[-30, -26, -10, -4, -79]	[84, 115, 91, 179, 102]	[9992, 10004, 9967, 9983, 9996]	[226, 194, 182, 240, 196]
1030	40.3	[147, 58, 39, 74, 92]	[-111, -155, -70, 27, -112]	[-167, -29, 19, -4, -159]	[-52, -157, -76, -91, -89]	[118, -86, -98, 43, 9]	[-113, -25, 12, -38, 118]	[-76, 53, 6, 89, 141]	[-96, -135, -113, -111, -128]	[-163, -142, -122, -120, -129]	[-1, -19, -21, -27, -65]	[117, 116, 124, 199, 172]	[10003, 9999, 9974, 9999, 9997]	[190, 185, 178, 215, 170]
1031	37.0	[147, 58, 39, 74, 92]	[-114, -147, -73, 25, -112]	[-168, -31, 22, -7, -159]	[-52, -157, -76, -101, -90]	[118, -86, -104, 43, 9]	[-113, -29, 10, -38, 118]	[-76, 53, 6, 89, 141]	[-96, -139, -119, -111, -128]	[-163, -135, -120, -114, -121]	[-1, -16, -21, -27, -65]	[117, 116, 102, 199, 172]	[10003, 9999, 9974, 9999, 9997]	[190, 185, 178, 215, 170]
1032	40.3	[112, 42, 27, 76, 79]	[-117, -147, -71, 17, -52]	[-160, -37, 21, -13, -160]	[-68, -172, -85, -104, -74]	[122, -87, -97, 33, 27]	[-112, -29, 10, -35, 107]	[-74, 53, -1, 95, 146]	[-108, -126, -120, -110, -140]	[-158, -120, -107, -116, -98]	[-30, -26, -12, -12, -79]	[101, 115, 91, 179, 102]	[9992, 10004, 9967, 9983, 9996]	[226, 194, 182, 240, 196]
1033	36.3	[147, 58, 39, 74, 92]	[-114, -147, -73, 25, -112]	[-168, -31, 22, -7, -159]	[-52, -157, -76, -101, -90]	[118, -86, -104, 43, 9]	[-113, -29, 10, -38, 118]	[-79, 49, 6, 89, 157]	[-97, -139, -121, -107, -133]	[-163, -135, -111, -113, -121]	[-1, -16, -21, -27, -65]	[115, 110, 84, 199, 172]	[10003, 9999, 9974, 9999, 9997]	[190, 185, 178, 215, 170]
1034	34.0	[112, 42, 27, 76, 79]	[-117, -147, -71, 17, -52]	[-164, -31, 21, -14, -160]	[-46, -162, -85, -97, -79]	[122, -87, -97, 33, 27]	[-112, -29, 10, -35, 107]	[-62, 58, -1, 95, 146]	[-103, -144, -120, -111, -140]	[-158, -120, -112, -113, -113]	[-10, -23, -10, -4, -79]	[84, 115, 90, 180, 102]	[10004, 10000, 9972, 9986, 9996]	[226, 194, 182, 240, 196]
1035	39.0	[147, 58, 39, 74, 92]	[-114, -147, -73, 25, -112]	[-174, -31, 22, -7, -159]	[-52, -157, -76, -101, -90]	[118, -86, -104, 43, 9]	[-113, -29, 10, -38, 118]	[-79, 49, 6, 89, 157]	[-97, -139, -121, -107, -133]	[-163, -135, -111, -113, -121]	[-1, -16, -21, -27, -65]	[115, 110, 84, 199, 172]	[10003, 9999, 9974, 9999, 9997]	[190, 185, 178, 215, 170]
1036	39.3	[112, 42, 27, 76, 79]	[-117, -147, -71, 17, -52]	[-160, -37, 21, -13, -160]	[-68, -172, -85, -104, -74]	[122, -87, -97, 33, 27]	[-112, -29, 10, -35, 107]	[-71, 56, -1, 95, 146]	[-108, -126, -120, -110, -140]	[-158, -120, -107, -116, -86]	[-30, -26, -12, -12, -79]	[101, 115, 91, 179, 102]	[9992, 10004, 9967, 9983, 9996]	[226, 194, 182, 240, 196]
1037	39.7	[88, 9, -28, 36, 94]	[-122, -147, -74, 23, -42]	[-173, -43, 24, -8, -158]	[-73, -176, -85, -92, -90]	[121, -87, -97, 32, 7]	[-115, -30, 8, -61, 103]	[-62, 57, 4, 98, 171]	[-95, -145, -124, -106, -159]	[-159, -119, -107, -112, -93]	[-6, -18, -9, -10, -79]	[100, 114, 97, 180, 25]	[10005, 10001, 9980, 10007, 9993]	[218, 132, 187, 265, 269]
1038	33.3	[112, 42, 27, 76, 79]	[-117, -147, -71, 17, -52]	[-160, -37, 21, -13, -160]	[-68, -172, -85, -104, -74]	[122, -87, -97, 33, 27]	[-112, -29, 10, -35, 107]	[-71, 56, -1, 95, 146]	[-108, -126, -120, -110, -140]	[-158, -120, -107, -115, -99]	[-17, -22, -12, -12, -79]	[101, 114, 81, 180, 102]	[9995, 10004, 9988, 9994, 9996]	[226, 194, 182, 240, 196]
1039	43.3	[112, 42, 27, 76, 79]	[-117, -147, -73, 21, -51]	[-160, -37, 21, -4, -160]	[-60, -172, -85, -104, -74]	[122, -87, -102, 32, 27]	[-112, -29, 10, -35, 107]	[-71, 56, -1, 95, 146]	[-108, -126, -120, -110, -140]	[-158, -120, -107, -116, -86]	[-30, -26, -12, -12, -79]	[101, 115, 91, 179, 102]	[9992, 10004, 9967, 9983, 9996]	[226, 188, 182, 240, 196]
1040	33.7	[147, 58, 39, 74, 92]	[-114, -147, -73, 25, -112]	[-174, -31, 22, -7, -159]	[-52, -157, -76, -101, -90]	[118, -86, -104, 43, 9]	[-113, -29, 10, -38, 118]	[-76, 52, 2, 92, 148]	[-106, -132, -121, -107, -133]	[-163, -135, -111, -113, -113]	[-1, -16, -20, -16, -65]	[115, 110, 82, 194, 123]	[10003, 9999, 9974, 9999, 9997]	[190, 185, 178, 215, 170]
1041	38.3	[147, 58, 39, 74, 92]	[-114, -147, -73, 25, -112]	[-174, -31, 22, -7, -159]	[-52, -157, -76, -101, -90]	[118, -86, -104, 43, 9]	[-113, -29, 10, -38, 118]	[-76, 52, 2, 92, 148]	[-106, -132, -121, -107, -133]	[-163, -135, -111, -113, -113]	[-1, -16, -20, -16, -65]	[115, 110, 82, 194, 123]	[10003, 9999, 9974, 9999, 9997]	[190, 185, 178, 215, 170]
1042	45.7	[147, 58, 39, 74, 92]	[-111, -153, -71, 25, -112]	[-174, -31, 22, -7, -159]	[-51, -174, -82, -101, -90]	[118, -86, -104, 43, 9]	[-113, -27, 9, -38, 112]	[-83, 52, 4, 92, 146]	[-116, -132, -123, -107, -133]	[-165, -135, -111, -113, -113]	[-1, -17, -18, -17, -66]	[115, 110, 102, 178, 136]	[10003, 9999, 9974, 9999, 9997]	[190, 185, 178, 215, 170]
1043	37.3	[90, 33, -28, 36, 94]	[-115, -150, -73, 24, -61]	[-159, -33, 21, 2, -159]	[-65, -173, -85, -97, -81]	[150, -89, -103, 30, 3]	[-116, -32, 12, -51, 103]	[-73, 39, 6, 90, 172]	[-94, -146, -123, -111, -152]	[-163, -122, -109, -113, -114]	[-9, -9, -13, -18, -71]	[110, 110, 82, 180, 22]	[10005, 10001, 9999, 10007, 9993]	[218, 132, 187, 265, 263]
1044	39.7	[112, 42, 27, 76, 79]	[-115, -151, -71, 17, -52]	[-164, -37, 21, -14, -160]	[-60, -177, -85, -97, -79]	[146, -88, -102, 32, 27]	[-112, -27, 10, -50, 104]	[-62, 53, 6, 93, 144]	[-103, -144, -123, -111, -140]	[-174, -127, -110, -113, -114]	[-10, -21, -13, -24, -67]	[97, 114, 102, 180, 102]	[10009, 10003, 9991, 9986, 9996]	[226, 194, 182, 240, 186]
1045	37.0	[112, -19, -23, 76, 79]	[-113, -146, -71, 15, -52]	[-173, -33, 21, -14, -163]	[-46, -162, -85, -90, -85]	[122, -87, -97, 34, 27]	[-112, -29, 10, -35, 107]	[-62, 58, -1, 95, 146]	[-108, -126, -120, -111, -140]	[-158, -120, -116, -120, -86]	[-30, -26, -10, -23, -76]	[117, 115, 95, 179, 102]	[9992, 10004, 9967, 9986, 9996]	[226, 187, 182, 235, 196]
1046	35.3	[147, 58, -20, 75, 83]	[-114, -147, -73, 21, -65]	[-168, -31, 21, -11, -159]	[-56, -162, -84, -95, -90]	[120, -87, -98, 38, 9]	[-114, -29, 10, -38, 118]	[-76, 53, 5, 95, 170]	[-96, -127, -120, -111, -128]	[-159, -121, -120, -114, -114]	[-27, -26, -18, -25, -69]	[114, 115, 91, 183, 172]	[10004, 10001, 9995, 10006, 9997]	[190, 185, 178, 215, 170]
1047	37.7	[90, 33, -28, 36, 94]	[-115, -150, -73, 24, -61]	[-159, -33, 21, 2, -159]	[-65, -173, -85, -97, -81]	[150, -89, -103, 30, 3]	[-116, -32, 12, -51, 103]	[-73, 39, 6, 90, 172]	[-94, -146, -123, -111, -152]	[-163, -122, -109, -113, -114]	[-9, -9, -13, -18, -71]	[110, 110, 82, 180, 22]	[10005, 10001, 9999, 10007, 9993]	[218, 132, 187, 265, 263]
1048	38.0	[147, 58, 39, 74, 92]	[-111, -153, -71, 25, -112]	[-174, -31, 22, -7, -159]	[-51, -174, -82, -101, -90]	[124, -87, -102, 42, 9]	[-113, -27, 10, -32, 110]	[-83, 52, 6, 93, 146]	[-116, -141, -121, -111, -133]	[-165, -131, -107, -113, -113]	[-7, -20, -16, -23, -66]	[105, 113, 102, 176, 136]	[10003, 10003, 9974, 9993, 9997]	[190, 185, 178, 222, 177]
1049	34.7	[147, 58, 39, 74, 92]	[-111, -153, -71, 25, -112]	[-174, -31, 22, -7, -159]	[-51, -175, -82, -101, -90]	[124, -87, -102, 36, 9]	[-113, -27, 10, -42, 104]	[-83, 57, 6, 93, 146]	[-116, -141, -123, -109, -133]	[-172, -130, -106, -113, -113]	[-7, -20, -16, -25, -64]	[105, 110, 101, 178, 136]	[10007, 9999, 9974, 9993, 9997]	[190, 185, 178, 222, 177]
1050	35.0	[147, 58, 39, 74, 92]	[-111, -153, -71, 25, -112]	[-174, -31, 22, -7, -159]	[-51, -175, -82, -101, -90]	[124, -87, -102, 36, 9]	[-113, -27, 10, -42, 104]	[-83, 57, 6, 93, 146]	[-116, -141, -123, -109, -133]	[-172, -130, -106, -113, -113]	[-7, -20, -16, -25, -64]	[105, 110, 101, 178, 136]	[10007, 9999, 9974, 9993, 9997]	[190, 185, 178, 222, 177]
1051	35.7	[147, 58, 45, 74, 92]	[-111, -153, -71, 25, -112]	[-174, -31, 22, -7, -159]	[-51, -174, -82, -101, -90]	[124, -87, -102, 42, 9]	[-113, -27, 10, -32, 110]	[-83, 52, 6, 93, 146]	[-116, -141, -121, -111, -133]	[-165, -131, -107, -113, -113]	[-7, -20, -16, -23, -66]	[105, 113, 102, 176, 136]	[10003, 10003, 9974, 9993, 9997]	[190, 185, 178, 222, 177]
1052	38.0	[147, 58, 39, 74, 92]	[-111, -153, -71, 25, -112]	[-174, -31, 22, -7, -159]	[-51, -175, -82, -101, -90]	[124, -87, -102, 36, 3]	[-113, -27, 10, -42, 104]	[-83, 57, 6, 93, 146]	[-116, -141, -123, -109, -133]	[-172, -130, -106, -113, -113]	[-7, -20, -16, -25, -64]	[105, 110, 101, 178, 136]	[10007, 9999, 9974, 9993, 9997]	[190, 185, 178, 222, 177]
1053	39.3	[147, 58, 39, 74, 92]	[-114, -147, -73, 25, -112]	[-174, -31, 22, -7, -159]	[-67, -163, -81, -99, -90]	[118, -87, -103, 40, 9]	[-116, -29, 10, -38, 118]	[-79, 49, 6, 94, 160]	[-97, -141, -122, -106, -159]	[-159, -123, -111, -115, -119]	[-1, -18, -15, -20, -65]	[104, 110, 84, 199, 172]	[10003, 9999, 9974, 10007, 10003]	[190, 134, 178, 215, 170]
1054	41.7	[147, 58, 39, 74, 92]	[-111, -153, -71, 25, -112]	[-174, -31, 22, -7, -159]	[-51, -175, -82, -101, -90]	[124, -87, -102, 36, 3]	[-113, -27, 10, -42, 104]	[-83, 57, 6, 93, 146]	[-116, -141, -123, -109, -133]	[-172, -130, -106, -113, -113]	[-7, -20, -16, -25, -64]	[105, 110, 101, 178, 136]	[10007, 9999, 9974, 9993, 9997]	[190, 185, 178, 222, 177]
1055	40.0	[147, 58, 39, 74, 92]	[-114, -147, -73, 25, -112]	[-174, -31, 22, -7, -159]	[-51, -167, -79, -101, -82]	[118, -86, -104, 41, 3]	[-115, -27, 10, -35, 108]	[-82, 45, 6, 92, 157]	[-104, -141, -121, -107, -133]	[-163, -135, -111, -115, -119]	[-1, -16, -15, -20, -65]	[115, 110, 84, 199, 172]	[10003, 9999, 9974, 9999, 10003]	[190, 185, 178, 215, 170]
1056	40.0	[112, -19, -23, 76, 79]	[-113, -146, -71, 15, -52]	[-173, -31, 20, -10, -163]	[-47, -163, -85, -95, -84]	[122, -87, -97, 34, 19]	[-112, -27, 10, -35, 107]	[-68, 55, 2, 95, 160]	[-108, -142, -120, -111, -140]	[-158, -120, -111, -120, -86]	[-27, -21, -13, -24, -69]	[117, 115, 99, 180, 108]	[9992, 10004, 9967, 9990, 9996]	[226, 187, 184, 218, 196]
1057	39.7	[147, 58, 39, 74, 92]	[-114, -147, -75, 25, -112]	[-174, -31, 22, -10, -157]	[-67, -163, -81, -99, -90]	[124, -87, -97, 40, 9]	[-116, -29, 10, -38, 118]	[-74, 45, 6, 94, 160]	[-97, -141, -123, -107, -154]	[-162, -123, -115, -113, -119]	[-1, -18, -18, -27, -71]	[104, 110, 79, 192, 156]	[10003, 9999, 9975, 10007, 10003]	[190, 134, 178, 237, 170]
1058	39.3	[147, 58, 39, 74, 92]	[-114, -147, -73, 25, -112]	[-174, -31, 22, -7, -159]	[-67, -163, -81, -99, -90]	[118, -87, -103, 40, 9]	[-116, -29, 10, -38, 118]	[-79, 49, 6, 94, 160]	[-97, -141, -122, -106, -159]	[-159, -123, -111, -115, -125]	[-1, -18, -15, -20, -65]	[104, 110, 84, 199, 172]	[10003, 9999, 9974, 10007, 10003]	[190, 134, 178, 215, 170]
1059	38.3	[147, 58, 39, 74, 92]	[-111, -153, -71, 25, -112]	[-174, -31, 22, -7, -159]	[-51, -175, -82, -101, -90]	[124, -87, -102, 36, 3]	[-113, -27, 10, -42, 104]	[-83, 57, 6, 93, 146]	[-116, -141, -123, -109, -133]	[-172, -124, -106, -113, -113]	[-7, -20, -16, -25, -64]	[117, 112, 101, 178, 136]	[10007, 9999, 9974, 9993, 9997]	[190, 185, 178, 222, 177]
1060	39.0	[147, 58, 39, 74, 92]	[-114, -147, -75, 25, -112]	[-174, -31, 22, -10, -157]	[-67, -163, -81, -99, -90]	[124, -87, -97, 40, 9]	[-116, -29, 10, -38, 118]	[-74, 45, 6, 94, 160]	[-97, -141, -122, -107, -154]	[-162, -123, -115, -113, -119]	[-1, -18, -18, -27, -71]	[104, 110, 79, 192, 156]	[10003, 9999, 9975, 10007, 10003]	[190, 134, 178, 237, 170]
1061	44.3	[147, 58, 39, 74, 92]	[-114, -147, -73, 25, -112]	[-174, -31, 22, -7, -159]	[-51, -167, -79, -101, -82]	[118, -86, -104, 41, 3]	[-115, -27, 10, -35, 108]	[-82, 45, 6, 92, 157]	[-104, -141, -121, -107, -133]	[-163, -135, -111, -115, -119]	[-1, -16, -15, -20, -65]	[115, 110, 84, 199, 172]	[10003, 9999, 9974, 9999, 10003]	[190, 185, 178, 215, 170]
1062	39.7	[112, -19, -23, 76, 79]	[-113, -150, -71, 22, -84]	[-168, -35, 20, -10, -162]	[-47, -175, -80, -92, -84]	[122, -87, -97, 34, 10]	[-112, -28, 11, -37, 108]	[-68, 56, -1, 95, 160]	[-108, -129, -120, -110, -140]	[-158, -120, -116, -120, -86]	[-30, -32, -10, -23, -76]	[117, 115, 95, 179, 108]	[9992, 10004, 9961, 9990, 9996]	[226, 187, 184, 218, 196]
1063	36.7	[147, 58, 39, 74, 92]	[-114, -147, -75, 25, -112]	[-174, -31, 22, -10, -157]	[-67, -163, -81, -99, -90]	[124, -87, -97, 40, 9]	[-116, -29, 10, -38, 118]	[-74, 45, 6, 94, 160]	[-97, -141, -122, -107, -154]	[-162, -123, -115, -113, -119]	[-1, -18, -18, -27, -71]	[104, 110, 79, 192, 156]	[10003, 9999, 9975, 10007, 10003]	[190, 134, 178, 237, 170]
1064	46.7	[147, 58, 39, 74, 92]	[-114, -147, -73, 25, -112]	[-174, -31, 22, -7, -159]	[-51, -167, -79, -101, -82]	[118, -86, -104, 41, 3]	[-115, -27, 10, -35, 108]	[-82, 45, 6, 92, 157]	[-104, -141, -121, -107, -133]	[-163, -135, -111, -115, -119]	[-1, -16, -15, -20, -65]	[115, 110, 84, 199, 172]	[10003, 9999, 9974, 9999, 10003]	[190, 185, 178, 215, 170]
1065	41.0	[147, 58, -20, 75, 83]	[-114, -147, -73, 21, -65]	[-168, -31, 21, -11, -159]	[-56, -162, -84, -95, -90]	[120, -87, -98, 38, 9]	[-113, -29, 16, -38, 118]	[-76, 53, 2, 95, 156]	[-98, -130, -121, -110, -129]	[-159, -121, -119, -114, -113]	[-27, -26, -18, -20, -69]	[114, 115, 91, 183, 172]	[10003, 10001, 9995, 10006, 9997]	[190, 185, 178, 213, 170]
1066	37.3	[147, 58, 39, 74, 92]	[-114, -147, -75, 25, -112]	[-174, -31, 22, -10, -157]	[-67, -163, -81, -99, -90]	[124, -87, -97, 40, 9]	[-116, -29, 10, -38, 118]	[-74, 45, 6, 94, 160]	[-97, -141, -122, -107, -154]	[-162, -123, -115, -113, -119]	[-1, -18, -18, -27, -71]	[104, 110, 79, 192, 156]	[10003, 9999, 9975, 10007, 10003]	[190, 134, 178, 237, 170]
1067	37.0	[112, -19, -23, 76, 85]	[-113, -146, -71, 15, -52]	[-173, -32, 20, -10, -163]	[-47, -165, -85, -95, -84]	[122, -87, -98, 34, 19]	[-112, -27, 10, -35, 107]	[-68, 53, 1, 95, 160]	[-108, -135, -120, -109, -139]	[-160, -126, -112, -119, -100]	[-27, -19, -13, -24, -69]	[117, 115, 99, 180, 128]	[9992, 10002, 9963, 9990, 9997]	[197, 187, 181, 218, 196]
1068	40.7	[147, 58, 45, 74, 92]	[-111, -153, -71, 25, -112]	[-174, -31, 22, -7, -159]	[-51, -174, -82, -101, -90]	[124, -87, -102, 42, 9]	[-114, -27, 10, -32, 122]	[-83, 49, 6, 93, 146]	[-116, -141, -121, -107, -133]	[-165, -131, -107, -114, -114]	[-3, -16, -16, -23, -66]	[105, 113, 102, 186, 151]	[10003, 10000, 9980, 9993, 9997]	[190, 185, 178, 217, 183]
1069	41.3	[147, 58, 39, 74, 92]	[-114, -147, -75, 25, -112]	[-174, -31, 22, -10, -157]	[-67, -163, -81, -99, -90]	[124, -87, -97, 40, 9]	[-116, -29, 10, -38, 118]	[-74, 45, 6, 94, 160]	[-97, -141, -122, -107, -154]	[-162, -123, -115, -113, -119]	[-1, -18, -24, -27, -71]	[104, 110, 79, 192, 156]	[10003, 9999, 9975, 10007, 10003]	[190, 134, 178, 237, 170]
1070	40.0	[147, 58, -23, 75, 83]	[-114, -147, -73, 15, -63]	[-168, -31, 20, -11, -159]	[-56, -158, -84, -95, -90]	[123, -87, -98, 39, 9]	[-113, -28, 16, -38, 118]	[-76, 53, 6, 95, 156]	[-105, -132, -121, -110, -129]	[-159, -121, -119, -114, -113]	[-27, -26, -18, -20, -69]	[117, 114, 96, 183, 172]	[10003, 10001, 9978, 10006, 9997]	[190, 185, 178, 213, 170]
1071	38.0	[112, -19, -23, 76, 79]	[-113, -146, -71, 15, -52]	[-173, -31, 20, -10, -163]	[-49, -157, -84, -95, -84]	[124, -87, -103, 40, 19]	[-112, -27, 10, -38, 107]	[-82, 53, 6, 94, 160]	[-106, -138, -122, -108, -148]	[-159, -121, -111, -120, -86]	[-27, -21, -13, -19, -69]	[117, 115, 99, 180, 108]	[9992, 10004, 9967, 9990, 9996]	[226, 187, 184, 218, 196]
1072	36.3	[112, -19, -23, 76, 79]	[-113, -146, -71, 15, -52]	[-173, -31, 20, -10, -163]	[-49, -157, -84, -95, -84]	[124, -87, -103, 40, 19]	[-112, -27, 10, -38, 107]	[-82, 53, 6, 94, 160]	[-106, -138, -122, -108, -148]	[-159, -121, -111, -120, -86]	[-27, -21, -13, -19, -69]	[117, 115, 99, 180, 108]	[9992, 10004, 9967, 9990, 9996]	[226, 187, 184, 218, 196]
1073	40.7	[147, 58, -23, 75, 83]	[-114, -147, -73, 15, -63]	[-168, -31, 20, -11, -159]	[-56, -158, -84, -95, -90]	[123, -87, -98, 39, 9]	[-113, -28, 16, -38, 118]	[-76, 53, 6, 95, 156]	[-105, -132, -121, -110, -129]	[-159, -121, -119, -114, -113]	[-27, -26, -18, -20, -69]	[117, 114, 96, 183, 172]	[10003, 10001, 9978, 10006, 9997]	[190, 185, 178, 213, 170]
1074	40.3	[112, -19, -23, 76, 79]	[-113, -146, -71, 15, -68]	[-173, -31, 20, -7, -161]	[-47, -163, -91, -101, -88]	[124, -86, -99, 34, 13]	[-112, -29, 10, -35, 107]	[-76, 55, 6, 94, 160]	[-108, -141, -122, -110, -149]	[-161, -120, -115, -114, -116]	[-11, -21, -13, -24, -70]	[114, 115, 99, 180, 108]	[9997, 9999, 9975, 9990, 9996]	[226, 187, 184, 218, 196]
1075	39.7	[147, 58, 39, 74, 92]	[-114, -147, -73, 25, -112]	[-174, -31, 22, -7, -159]	[-67, -163, -81, -99, -90]	[118, -87, -103, 40, 9]	[-116, -29, 10, -38, 118]	[-79, 49, 6, 94, 160]	[-95, -141, -121, -107, -159]	[-157, -127, -111, -115, -125]	[-1, -18, -15, -20, -65]	[104, 110, 82, 193, 167]	[10003, 9999, 9974, 10007, 10003]	[190, 134, 178, 215, 170]
1076	38.3	[147, 58, -23, 75, 83]	[-114, -147, -73, 15, -63]	[-168, -31, 20, -11, -159]	[-56, -158, -84, -95, -90]	[123, -87, -98, 39, 9]	[-113, -28, 16, -38, 118]	[-76, 53, 6, 95, 156]	[-105, -132, -121, -110, -129]	[-159, -121, -119, -114, -113]	[-27, -26, -18, -20, -69]	[117, 114, 96, 183, 166]	[10003, 10001, 9978, 10006, 9997]	[190, 185, 178, 213, 170]
1077	36.3	[112, -19, -23, 76, 79]	[-113, -150, -71, 15, -52]	[-168, -35, 20, -10, -163]	[-47, -169, -84, -95, -84]	[122, -87, -101, 34, 19]	[-112, -29, 10, -35, 107]	[-76, 51, 2, 91, 157]	[-102, -132, -118, -108, -140]	[-163, -127, -112, -119, -100]	[-20, -27, -10, -27, -69]	[117, 115, 97, 180, 133]	[9992, 10002, 9967, 9990, 9996]	[226, 187, 184, 218, 196]
1078	41.0	[147, 58, 39, 74, 92]	[-114, -147, -74, 25, -109]	[-170, -31, 22, -10, -157]	[-67, -163, -81, -96, -90]	[124, -87, -97, 39, 9]	[-116, -29, 14, -38, 118]	[-74, 45, 1, 94, 157]	[-97, -141, -122, -109, -147]	[-162, -123, -115, -113, -119]	[-4, -12, -18, -24, -71]	[105, 112, 88, 192, 156]	[10003, 9999, 9975, 10007, 10003]	[190, 134, 178, 237, 170]
1079	41.3	[147, 58, 39, 74, 92]	[-111, -153, -77, 25, -112]	[-174, -31, 22, -7, -159]	[-51, -175, -82, -101, -90]	[124, -87, -102, 36, 3]	[-113, -27, 10, -42, 104]	[-76, 57, 6, 93, 146]	[-114, -139, -123, -109, -133]	[-172, -132, -110, -114, -118]	[-1, -16, -16, -24, -64]	[117, 110, 101, 179, 171]	[10007, 10000, 9974, 10003, 9997]	[190, 185, 178, 222, 177]
1080	37.0	[112, -19, -23, 76, 79]	[-113, -146, -71, 15, -52]	[-173, -31, 20, -10, -163]	[-49, -157, -84, -95, -84]	[124, -87, -103, 40, 19]	[-112, -27, 10, -38, 107]	[-82, 53, 6, 94, 160]	[-106, -138, -122, -108, -148]	[-159, -121, -111, -120, -86]	[-27, -21, -13, -19, -69]	[117, 115, 99, 180, 108]	[9992, 10004, 9967, 9990, 9996]	[226, 187, 184, 218, 196]
1081	41.7	[147, 58, 45, 74, 92]	[-111, -153, -71, 25, -112]	[-174, -31, 22, -7, -159]	[-51, -174, -82, -101, -90]	[119, -87, -102, 42, 9]	[-114, -27, 10, -37, 120]	[-83, 49, 6, 93, 147]	[-116, -141, -121, -107, -139]	[-162, -127, -108, -114, -114]	[-8, -18, -14, -23, -75]	[111, 113, 98, 186, 151]	[10003, 10000, 9978, 9999, 9997]	[190, 185, 178, 213, 175]
1082	36.3	[112, -19, -23, 76, 79]	[-113, -146, -71, 15, -68]	[-173, -31, 20, -7, -161]	[-47, -169, -91, -101, -88]	[124, -86, -99, 34, 13]	[-112, -29, 10, -35, 107]	[-76, 55, 6, 94, 160]	[-108, -141, -122, -110, -149]	[-161, -120, -115, -114, -116]	[-11, -31, -13, -24, -70]	[114, 115, 99, 180, 109]	[9992, 10000, 9967, 9990, 9996]	[226, 187, 184, 218, 196]
1083	38.7	[147, 58, 39, 74, 92]	[-111, -153, -77, 25, -112]	[-174, -31, 22, -7, -159]	[-51, -175, -82, -101, -90]	[124, -87, -102, 36, 3]	[-113, -27, 10, -42, 104]	[-76, 57, 6, 93, 146]	[-114, -139, -123, -109, -133]	[-172, -132, -110, -114, -118]	[-1, -16, -16, -24, -64]	[117, 110, 101, 179, 171]	[10007, 10000, 9974, 10003, 9997]	[190, 185, 178, 222, 177]
1084	40.7	[147, 58, 39, 74, 92]	[-111, -153, -77, 25, -112]	[-174, -31, 22, -7, -159]	[-51, -175, -82, -101, -90]	[124, -87, -102, 36, 3]	[-113, -27, 10, -42, 104]	[-76, 57, 6, 93, 146]	[-114, -139, -123, -109, -133]	[-172, -132, -110, -114, -118]	[-1, -16, -16, -24, -64]	[117, 110, 101, 179, 171]	[10007, 10000, 9974, 10003, 9997]	[190, 185, 178, 222, 177]
1085	37.7	[147, 58, 39, 74, 92]	[-114, -147, -75, 25, -112]	[-174, -31, 22, -10, -157]	[-67, -163, -75, -99, -90]	[124, -87, -97, 40, 9]	[-116, -29, 10, -38, 118]	[-74, 45, 6, 94, 160]	[-97, -135, -122, -107, -154]	[-162, -123, -115, -113, -119]	[-1, -18, -24, -27, -71]	[104, 110, 79, 192, 156]	[10003, 9999, 9975, 10007, 10003]	[190, 134, 178, 237, 170]
1086	43.0	[147, 58, 39, 74, 92]	[-111, -153, -77, 25, -112]	[-174, -31, 22, -7, -159]	[-51, -175, -82, -101, -90]	[124, -87, -102, 36, 3]	[-113, -27, 10, -42, 104]	[-76, 57, 6, 93, 146]	[-114, -139, -123, -109, -133]	[-172, -132, -110, -114, -118]	[-1, -16, -16, -24, -64]	[117, 110, 101, 179, 171]	[10007, 10000, 9974, 10003, 9997]	[190, 185, 178, 222, 177]
1087	41.3	[147, 58, 39, 74, 92]	[-111, -153, -77, 25, -112]	[-174, -31, 22, -7, -159]	[-51, -175, -82, -101, -90]	[124, -87, -102, 36, 3]	[-113, -27, 10, -42, 104]	[-76, 57, 6, 93, 146]	[-114, -139, -123, -109, -133]	[-172, -132, -110, -114, -118]	[-1, -16, -16, -24, -64]	[117, 110, 101, 179, 171]	[10007, 10000, 9974, 10003, 9997]	[190, 185, 178, 222, 177]
1088	36.0	[112, -19, -23, 76, 79]	[-113, -146, -71, 15, -68]	[-173, -31, 20, -7, -161]	[-47, -169, -91, -101, -88]	[124, -87, -98, 34, 13]	[-112, -29, 10, -35, 116]	[-75, 47, 4, 94, 160]	[-105, -141, -122, -110, -148]	[-162, -121, -115, -114, -116]	[-14, -19, -18, -24, -70]	[114, 115, 99, 180, 109]	[9992, 10000, 9967, 9990, 9996]	[226, 187, 184, 218, 196]
1089	36.7	[112, 21, -8, 76, 79]	[-113, -150, -71, 22, -84]	[-168, -31, 20, -10, -162]	[-49, -173, -80, -92, -84]	[124, -87, -100, 37, 10]	[-113, -28, 10, -34, 108]	[-69, 54, -5, 94, 160]	[-120, -135, -122, -110, -139]	[-161, -120, -116, -117, -86]	[-4, -26, -15, -26, -76]	[117, 114, 95, 179, 108]	[9996, 10000, 9961, 9990, 9996]	[226, 187, 184, 218, 196]
1090	41.7	[112, -19, -23, 76, 79]	[-113, -146, -71, 15, -68]	[-173, -31, 20, -7, -161]	[-47, -169, -91, -101, -88]	[124, -86, -99, 34, 13]	[-112, -29, 10, -35, 107]	[-76, 55, 6, 100, 160]	[-108, -141, -122, -110, -149]	[-161, -120, -115, -114, -116]	[-11, -31, -13, -24, -70]	[114, 115, 99, 180, 109]	[9992, 10000, 9967, 9990, 9996]	[226, 187, 184, 218, 196]
1091	37.3	[147, 58, 39, 74, 92]	[-114, -147, -75, 25, -112]	[-174, -31, 22, -10, -157]	[-67, -163, -75, -99, -90]	[124, -87, -97, 40, 9]	[-116, -29, 10, -38, 112]	[-74, 45, 6, 94, 160]	[-97, -135, -122, -107, -154]	[-162, -123, -115, -113, -119]	[-1, -18, -24, -27, -71]	[104, 110, 79, 192, 156]	[10003, 9999, 9975, 10007, 10003]	[190, 134, 178, 237, 170]
1092	40.0	[112, -19, -23, 76, 79]	[-113, -146, -71, 15, -68]	[-173, -31, 14, -7, -161]	[-47, -169, -91, -101, -88]	[124, -86, -99, 34, 13]	[-112, -29, 10, -35, 107]	[-76, 55, 6, 100, 160]	[-108, -141, -122, -110, -149]	[-161, -120, -115, -114, -116]	[-11, -31, -13, -24, -70]	[114, 115, 99, 180, 109]	[9992, 10000, 9967, 9990, 9996]	[226, 187, 184, 218, 196]
1093	42.3	[147, -11, -6, 74, 92]	[-111, -151, -71, 25, -87]	[-173, -31, 20, -7, -160]	[-51, -174, -82, -101, -88]	[119, -86, -102, 42, 9]	[-114, -27, 10, -36, 120]	[-77, 50, 6, 97, 141]	[-116, -141, -121, -107, -139]	[-162, -127, -108, -114, -114]	[-8, -18, -14, -23, -75]	[111, 113, 98, 186, 151]	[10003, 10000, 9978, 9999, 9997]	[190, 185, 178, 213, 175]
1094	42.7	[147, 58, 39, 68, 92]	[-111, -153, -77, 25, -112]	[-174, -31, 22, -7, -159]	[-51, -175, -82, -101, -90]	[124, -87, -102, 36, 3]	[-113, -27, 10, -42, 104]	[-76, 57, 6, 93, 146]	[-114, -139, -123, -109, -133]	[-172, -132, -110, -114, -118]	[-1, -16, -16, -24, -64]	[117, 110, 101, 179, 171]	[10007, 10000, 9974, 10003, 9997]	[190, 185, 178, 222, 177]
1095	37.3	[112, -25, -23, 76, 79]	[-113, -146, -71, 15, -52]	[-173, -31, 20, -10, -163]	[-49, -157, -84, -95, -84]	[124, -87, -109, 40, 19]	[-112, -27, 10, -38, 107]	[-82, 53, 6, 94, 160]	[-106, -138, -122, -108, -148]	[-159, -121, -111, -120, -86]	[-27, -21, -13, -19, -69]	[117, 115, 105, 180, 108]	[9992, 10004, 9967, 9990, 9996]	[232, 187, 184, 218, 196]
1096	35.7	[147, 58, 11, 74, 92]	[-108, -147, -73, 23, -112]	[-174, -31, 21, -10, -157]	[-67, -168, -81, -98, -90]	[124, -87, -101, 37, 9]	[-116, -28, 10, -34, 118]	[-82, 51, 2, 94, 160]	[-97, -141, -122, -109, -155]	[-162, -123, -115, -113, -119]	[-1, -15, -18, -26, -71]	[117, 113, 93, 192, 156]	[10003, 10000, 9977, 10007, 9997]	[190, 134, 178, 237, 170]
1097	37.7	[147, 58, 11, 74, 92]	[-108, -147, -73, 23, -112]	[-174, -31, 21, -10, -157]	[-67, -168, -81, -98, -90]	[124, -87, -101, 37, 9]	[-116, -28, 10, -34, 118]	[-82, 51, 2, 94, 160]	[-97, -141, -122, -109, -155]	[-162, -123, -115, -113, -119]	[-1, -15, -18, -26, -71]	[117, 113, 93, 192, 156]	[10003, 10000, 9977, 10007, 9997]	[190, 134, 178, 237, 170]
1098	39.3	[112, 19, -21, 76, 79]	[-113, -150, -71, 20, -68]	[-169, -32, 21, -8, -162]	[-48, -174, -82, -95, -84]	[122, -86, -102, 39, 18]	[-114, -28, 10, -28, 107]	[-72, 56, 6, 93, 159]	[-116, -135, -120, -108, -140]	[-162, -127, -112, -118, -86]	[-8, -18, -11, -27, -63]	[117, 115, 97, 183, 133]	[9992, 10002, 9969, 9998, 9997]	[226, 193, 182, 217, 196]
1099	38.0	[147, 58, 11, 74, 92]	[-108, -147, -73, 23, -112]	[-174, -31, 21, -10, -157]	[-67, -168, -81, -98, -90]	[124, -87, -101, 37, 9]	[-116, -28, 10, -34, 118]	[-82, 51, 2, 94, 160]	[-97, -141, -122, -109, -155]	[-162, -123, -115, -113, -119]	[5, -15, -18, -26, -71]	[117, 113, 93, 198, 156]	[10003, 10000, 9977, 10007, 9997]	[190, 134, 178, 237, 170]
1100	38.0	[147, 58, 39, 68, 92]	[-111, -153, -77, 0, -112]	[-174, -31, 22, -7, -159]	[-51, -175, -82, -101, -90]	[124, -87, -102, 36, 3]	[-113, -27, 10, -42, 104]	[-76, 57, 6, 93, 146]	[-114, -139, -123, -109, -133]	[-172, -132, -110, -114, -118]	[-1, -16, -16, -24, -64]	[117, 110, 101, 179, 171]	[10007, 10000, 9974, 10003, 9997]	[190, 185, 178, 222, 177]
1101	39.0	[112, 19, -21, 76, 79]	[-113, -150, -71, 20, -68]	[-169, -32, 21, -8, -162]	[-48, -174, -82, -95, -84]	[122, -86, -102, 39, 18]	[-114, -28, 10, -28, 107]	[-72, 56, 6, 93, 159]	[-116, -135, -120, -108, -140]	[-162, -127, -112, -118, -86]	[-8, -18, -11, -27, -63]	[117, 115, 97, 158, 133]	[9992, 10002, 9969, 9998, 9997]	[226, 193, 182, 217, 196]
1102	42.0	[112, 19, -21, 76, 79]	[-113, -150, -71, 20, -68]	[-168, -32, 20, -10, -163]	[-48, -171, -85, -93, -90]	[122, -86, -102, 35, 18]	[-114, -28, 10, -31, 107]	[-72, 53, 6, 93, 184]	[-116, -135, -122, -110, -141]	[-162, -127, -109, -118, -86]	[-8, -18, -13, -25, -63]	[123, 115, 97, 183, 133]	[9992, 9996, 9969, 9998, 9997]	[226, 193, 182, 217, 196]
1103	40.3	[112, 19, -21, 76, 79]	[-113, -150, -71, 20, -68]	[-169, -32, 21, -8, -162]	[-48, -174, -82, -95, -84]	[122, -86, -102, 39, 18]	[-114, -28, 10, -28, 107]	[-72, 56, 6, 93, 159]	[-116, -135, -120, -108, -140]	[-162, -127, -112, -118, -86]	[-8, -18, -11, -27, -63]	[117, 115, 97, 158, 133]	[9992, 10002, 9969, 9998, 9997]	[226, 193, 182, 217, 196]
1104	38.7	[147, 52, 45, 74, 92]	[-117, -153, -75, 25, -112]	[-174, -31, 22, -7, -159]	[-58, -165, -81, -99, -90]	[124, -87, -102, 42, 9]	[-114, -29, 9, -32, 122]	[-76, 48, 6, 93, 146]	[-116, -141, -121, -107, -133]	[-163, -128, -111, -113, -116]	[3, -17, -17, -26, -72]	[113, 113, 98, 186, 151]	[10003, 10000, 9978, 9999, 9997]	[190, 160, 178, 213, 175]
1105	34.7	[147, -11, -6, 74, 92]	[-111, -151, -71, 25, -87]	[-173, -31, 20, -7, -160]	[-51, -174, -82, -76, -88]	[119, -86, -102, 42, 9]	[-114, -27, 10, -36, 120]	[-77, 44, 6, 97, 141]	[-116, -141, -121, -107, -139]	[-162, -127, -108, -114, -114]	[-8, -18, -14, -23, -75]	[111, 113, 98, 186, 151]	[10003, 10006, 9978, 9999, 9997]	[190, 185, 178, 213, 175]
1106	43.0	[112, 19, -21, 76, 79]	[-113, -150, -71, 20, -68]	[-169, -32, 21, -8, -162]	[-48, -174, -82, -95, -84]	[122, -86, -102, 39, 18]	[-114, -28, 10, -28, 107]	[-72, 56, 6, 93, 159]	[-116, -135, -120, -108, -140]	[-162, -127, -112, -118, -86]	[-8, -18, -11, -27, -63]	[117, 115, 97, 158, 133]	[9992, 10002, 9969, 9998, 9997]	[226, 193, 182, 217, 196]
1107	36.3	[112, 19, -21, 76, 79]	[-113, -150, -71, 20, -68]	[-168, -32, 20, -10, -163]	[-48, -171, -85, -93, -84]	[122, -86, -102, 35, 18]	[-114, -28, 10, -31, 107]	[-72, 53, 6, 93, 184]	[-116, -135, -122, -110, -141]	[-162, -127, -109, -118, -86]	[-8, -18, -13, -25, -63]	[121, 114, 97, 183, 133]	[9992, 9996, 9969, 9998, 9997]	[226, 193, 182, 217, 196]
1108	36.7	[147, 58, 39, 68, 92]	[-111, -153, -77, 0, -112]	[-174, -31, 22, -7, -159]	[-51, -181, -82, -101, -90]	[124, -87, -102, 36, 3]	[-113, -27, 10, -42, 104]	[-76, 57, 6, 93, 146]	[-114, -139, -123, -109, -133]	[-172, -132, -110, -114, -118]	[-1, -16, -16, -24, -64]	[117, 110, 101, 179, 171]	[10007, 10000, 9974, 10003, 9997]	[190, 185, 178, 222, 177]
1109	41.7	[112, 19, -22, 76, 79]	[-113, -150, -71, 20, -68]	[-168, -32, 20, -10, -163]	[-48, -162, -80, -93, -90]	[122, -86, -102, 39, 18]	[-114, -28, 10, -28, 107]	[-72, 54, -19, 93, 159]	[-116, -135, -120, -108, -139]	[-162, -127, -109, -118, -86]	[-8, -18, -13, -31, -63]	[123, 115, 97, 183, 133]	[9992, 10002, 9969, 9999, 9997]	[226, 170, 179, 228, 185]
1110	37.7	[112, 19, -21, 74, 89]	[-110, -147, -73, 22, -68]	[-171, -31, 21, -10, -163]	[-65, -169, -82, -95, -90]	[122, -86, -102, 35, 18]	[-114, -28, 10, -31, 107]	[-72, 53, 6, 93, 184]	[-116, -135, -122, -110, -141]	[-162, -127, -109, -118, -86]	[-8, -18, -13, -25, -63]	[121, 114, 97, 183, 133]	[9992, 9996, 9969, 9998, 9997]	[226, 193, 182, 217, 196]
1111	39.3	[147, 58, 11, 74, 92]	[-115, -148, -75, 23, -118]	[-174, -31, 21, -7, -158]	[-67, -168, -81, -93, -86]	[124, -87, -98, 37, 9]	[-116, -28, 9, -31, 118]	[-72, 50, 1, 94, 160]	[-97, -141, -120, -108, -155]	[-162, -123, -115, -113, -119]	[-1, -15, -24, -26, -71]	[117, 113, 93, 192, 156]	[10003, 10000, 9977, 10007, 9997]	[190, 140, 178, 231, 170]
1112	35.3	[112, 19, -22, 76, 79]	[-113, -150, -71, 20, -68]	[-168, -32, 20, -10, -163]	[-48, -162, -80, -93, -90]	[122, -86, -102, 39, 18]	[-114, -28, 10, -28, 107]	[-72, 54, -19, 93, 159]	[-116, -135, -120, -108, -139]	[-162, -127, -109, -118, -86]	[-8, -18, -13, -31, -63]	[123, 115, 97, 183, 133]	[9992, 10002, 9969, 9999, 9997]	[226, 170, 179, 228, 185]
1113	43.0	[147, 58, 11, 74, 79]	[-108, -147, -73, 23, -94]	[-174, -31, 21, -8, -160]	[-67, -168, -97, -98, -88]	[124, -87, -101, 37, 9]	[-116, -28, 10, -32, 112]	[-82, 51, 5, 98, 180]	[-118, -138, -122, -109, -155]	[-162, -123, -115, -113, -119]	[5, -15, -12, -26, -71]	[117, 113, 93, 198, 156]	[10003, 10000, 9977, 10007, 9997]	[190, 134, 178, 237, 170]
1114	35.0	[112, 19, -21, 76, 79]	[-113, -150, -71, 20, -68]	[-169, -32, 21, -8, -162]	[-48, -174, -82, -95, -84]	[122, -86, -102, 39, 18]	[-114, -28, 10, -28, 107]	[-72, 56, 6, 93, 159]	[-116, -135, -120, -108, -140]	[-162, -127, -112, -118, -86]	[-8, -18, -11, -27, -63]	[117, 115, 97, 158, 133]	[9992, 10002, 9969, 9998, 9997]	[226, 193, 182, 217, 196]
1115	35.0	[147, 58, 11, 74, 92]	[-108, -147, -73, 23, -112]	[-174, -31, 21, -10, -157]	[-59, -168, -81, -97, -85]	[124, -87, -102, 39, 9]	[-116, -28, 10, -32, 119]	[-76, 54, 3, 94, 160]	[-117, -141, -122, -108, -155]	[-162, -127, -113, -113, -119]	[2, -18, -16, -27, -71]	[117, 113, 80, 198, 156]	[10003, 10000, 9975, 10002, 9997]	[190, 134, 178, 237, 170]
1116	41.7	[147, 58, 39, 68, 92]	[-111, -153, -77, 0, -112]	[-174, -31, 22, -7, -159]	[-51, -181, -82, -101, -90]	[124, -87, -102, 36, 3]	[-113, -27, 10, -42, 104]	[-76, 57, 6, 93, 146]	[-98, -141, -120, -108, -133]	[-172, -132, -110, -114, -118]	[-1, -16, -16, -24, -64]	[117, 110, 101, 179, 171]	[10007, 10000, 9974, 10003, 9997]	[190, 185, 178, 222, 177]
1117	40.3	[112, -19, -23, 76, 79]	[-117, -150, -72, 23, -111]	[-173, -31, 14, -7, -161]	[-47, -169, -97, -101, -88]	[124, -86, -99, 35, 13]	[-112, -29, 10, -35, 107]	[-76, 55, 6, 100, 160]	[-77, -141, -122, -110, -149]	[-161, -120, -110, -114, -116]	[-9, -19, -14, -24, -70]	[111, 114, 98, 180, 109]	[9992, 10000, 9967, 9990, 9996]	[226, 187, 184, 218, 196]
1118	37.3	[112, 19, -21, 74, 89]	[-110, -147, -73, 22, -68]	[-171, -31, 21, -10, -163]	[-65, -169, -82, -95, -90]	[122, -86, -102, 41, 18]	[-114, -28, 10, -31, 107]	[-72, 53, 6, 93, 184]	[-116, -135, -122, -110, -141]	[-162, -127, -109, -118, -86]	[-8, -18, -13, -25, -63]	[121, 114, 97, 183, 133]	[9992, 9996, 9969, 9998, 9997]	[226, 193, 182, 217, 196]
1119	41.0	[147, 58, 11, 74, 92]	[-108, -153, -73, 29, -112]	[-174, -31, 21, -10, -157]	[-59, -168, -81, -97, -85]	[124, -87, -102, 39, 9]	[-116, -28, 10, -32, 119]	[-76, 54, 3, 94, 160]	[-117, -141, -122, -108, -155]	[-162, -127, -113, -113, -119]	[2, -18, -16, -27, -71]	[117, 113, 80, 198, 156]	[10003, 10000, 9975, 10002, 9997]	[190, 134, 178, 237, 170]
1120	40.7	[147, 52, 45, 74, 92]	[-117, -153, -75, 25, -112]	[-174, -31, 22, -7, -159]	[-58, -165, -81, -99, -90]	[124, -87, -108, 42, 9]	[-114, -29, 9, -32, 122]	[-76, 51, 6, 93, 146]	[-116, -141, -122, -110, -133]	[-163, -127, -111, -113, -116]	[3, -17, -14, -25, -71]	[118, 114, 98, 184, 151]	[10003, 10000, 9973, 9999, 9997]	[190, 160, 180, 213, 175]
1121	41.3	[112, -19, 14, 75, 79]	[-113, -146, -71, 19, -68]	[-173, -31, 22, -7, -157]	[-47, -163, -75, -101, -89]	[124, -87, -98, 34, 13]	[-112, -29, 10, -36, 112]	[-75, 47, 2, 94, 160]	[-105, -141, -122, -114, -140]	[-162, -122, -115, -114, -118]	[5, -18, -22, -25, -70]	[104, 113, 94, 182, 114]	[9992, 10000, 9967, 9990, 9996]	[226, 187, 184, 218, 221]
1122	37.7	[112, 19, -21, 74, 89]	[-110, -147, -73, 22, -68]	[-171, -31, 21, -10, -163]	[-65, -169, -82, -95, -90]	[122, -86, -102, 41, 18]	[-114, -28, 10, -31, 107]	[-72, 53, 6, 93, 184]	[-116, -135, -122, -110, -141]	[-162, -127, -109, -118, -86]	[-8, -18, -13, -25, -63]	[121, 114, 97, 183, 133]	[9992, 9996, 9969, 9998, 9997]	[226, 193, 182, 217, 196]
1123	41.7	[147, 58, 39, 68, 92]	[-111, -153, -77, 0, -112]	[-174, -31, 22, -7, -159]	[-51, -178, -78, -96, -85]	[124, -87, -102, 36, 3]	[-113, -27, 10, -40, 107]	[-81, 57, 6, 94, 146]	[-98, -141, -120, -108, -146]	[-159, -126, -109, -124, -118]	[-1, -18, -14, -22, -64]	[117, 110, 102, 179, 142]	[10007, 10004, 9974, 10003, 9997]	[190, 185, 178, 222, 177]
1124	37.7	[147, 52, 45, 74, 92]	[-117, -153, -75, 25, -112]	[-174, -31, 22, -7, -159]	[-58, -165, -81, -99, -90]	[124, -87, -108, 42, 9]	[-114, -29, 9, -32, 122]	[-76, 51, 6, 93, 146]	[-116, -141, -122, -110, -133]	[-163, -127, -111, -113, -116]	[3, -17, -14, -25, -71]	[118, 114, 98, 184, 151]	[10003, 10000, 9974, 9999, 9997]	[190, 153, 186, 213, 181]
1125	38.0	[112, -19, -21, 76, 79]	[-113, -148, -72, 15, -68]	[-173, -32, 15, -7, -158]	[-47, -163, -76, -101, -89]	[124, -87, -101, 34, 13]	[-112, -29, 10, -34, 107]	[-73, 47, 2, 94, 160]	[-105, -141, -122, -110, -140]	[-162, -122, -115, -114, -116]	[-1, -19, -18, -28, -70]	[104, 115, 99, 182, 114]	[9992, 10000, 9967, 9990, 9996]	[226, 187, 184, 218, 221]
1126	42.0	[147, 58, 39, 68, 92]	[-111, -153, -83, 0, -112]	[-174, -31, 22, -7, -159]	[-51, -181, -82, -101, -90]	[124, -87, -102, 36, 3]	[-113, -27, 10, -42, 104]	[-76, 57, 6, 93, 146]	[-114, -139, -123, -109, -133]	[-172, -132, -110, -114, -118]	[-1, -16, -16, -24, -64]	[117, 110, 101, 179, 171]	[10007, 10000, 9974, 10003, 9997]	[190, 185, 178, 222, 177]
1127	38.3	[147, 58, 39, 68, 92]	[-111, -153, -77, 0, -112]	[-174, -31, 22, -7, -159]	[-51, -178, -78, -96, -85]	[124, -87, -102, 36, 3]	[-114, -27, 10, -40, 107]	[-76, 54, 6, 94, 146]	[-105, -141, -120, -108, -146]	[-159, -126, -109, -124, -118]	[-1, -18, -14, -22, -64]	[117, 110, 102, 179, 142]	[10007, 10004, 9974, 10003, 9997]	[190, 185, 178, 222, 177]
1128	38.7	[147, 52, 45, 74, 92]	[-117, -153, -75, 25, -112]	[-174, -31, 22, -7, -159]	[-58, -165, -81, -99, -90]	[124, -87, -108, 42, 9]	[-114, -29, 9, -32, 122]	[-76, 51, 6, 93, 146]	[-116, -141, -122, -110, -133]	[-163, -127, -111, -113, -116]	[3, -17, -14, -25, -71]	[118, 114, 98, 184, 151]	[10003, 10000, 9974, 9999, 9997]	[190, 153, 186, 213, 181]
1129	39.3	[147, 58, 39, 68, 92]	[-111, -153, -77, 0, -112]	[-174, -31, 22, -7, -159]	[-51, -178, -78, -96, -85]	[124, -87, -102, 36, 3]	[-114, -27, 10, -40, 107]	[-76, 54, 6, 94, 146]	[-105, -141, -120, -108, -146]	[-159, -126, -109, -124, -118]	[-1, -18, -14, -22, -64]	[117, 110, 102, 179, 142]	[10007, 10004, 9974, 10003, 9997]	[190, 185, 178, 222, 177]
1130	38.0	[147, 58, 11, 74, 92]	[-108, -149, -73, 24, -112]	[-174, -31, 21, -9, -157]	[-49, -168, -81, -97, -87]	[124, -87, -101, 36, 12]	[-116, -29, 10, -33, 117]	[-76, 49, 4, 94, 175]	[-117, -138, -122, -108, -154]	[-162, -124, -115, -114, -119]	[0, -18, -16, -27, -71]	[117, 113, 80, 190, 116]	[10003, 10000, 9975, 9993, 9997]	[190, 134, 184, 227, 175]
1131	35.3	[147, 58, 11, 74, 92]	[-108, -149, -73, 24, -112]	[-174, -31, 21, -9, -157]	[-59, -168, -81, -97, -87]	[124, -93, -101, 38, 9]	[-116, -28, 10, -32, 117]	[-76, 53, 5, 94, 175]	[-117, -138, -122, -108, -155]	[-162, -127, -113, -113, -119]	[-1, -18, -17, -27, -71]	[117, 113, 80, 190, 115]	[10003, 10000, 9975, 10002, 9997]	[190, 134, 178, 230, 211]
1132	37.7	[147, 58, 11, 74, 92]	[-108, -149, -73, 24, -112]	[-174, -31, 21, -9, -157]	[-59, -168, -81, -97, -87]	[124, -93, -101, 38, 9]	[-116, -28, 10, -32, 117]	[-76, 53, 5, 94, 175]	[-117, -138, -122, -108, -155]	[-162, -127, -113, -113, -119]	[-1, -18, -17, -27, -71]	[117, 113, 80, 190, 115]	[10003, 10000, 9975, 10002, 9997]	[190, 134, 178, 230, 211]
1133	40.3	[112, -19, -21, 75, 79]	[-113, -148, -71, 15, -68]	[-173, -32, 19, -7, -157]	[-47, -167, -87, -100, -87]	[124, -87, -101, 36, 12]	[-112, -29, 10, -34, 113]	[-74, 49, 2, 94, 175]	[-97, -140, -122, -110, -140]	[-162, -122, -113, -114, -116]	[0, -19, -15, -28, -70]	[105, 115, 85, 186, 114]	[9997, 10000, 9972, 9990, 9996]	[226, 187, 184, 218, 221]
1134	36.7	[112, -19, 14, 75, 79]	[-113, -146, -71, 19, -68]	[-173, -31, 22, -7, -157]	[-47, -163, -75, -101, -89]	[124, -87, -98, 34, 13]	[-112, -29, 10, -36, 112]	[-75, 47, 2, 94, 160]	[-105, -141, -122, -114, -140]	[-162, -122, -115, -114, -118]	[5, -18, -22, -25, -70]	[104, 113, 94, 182, 114]	[9992, 10000, 9967, 9996, 9996]	[226, 187, 184, 218, 221]
1135	40.7	[106, -25, -23, 82, 79]	[-113, -146, -71, 15, -52]	[-173, -31, 20, -10, -163]	[-49, -157, -78, -95, -84]	[124, -87, -96, 36, 19]	[-112, -27, 10, -39, 107]	[-82, 55, 6, 94, 157]	[-114, -135, -120, -114, -148]	[-159, -125, -111, -145, -86]	[-11, -17, -14, -19, -69]	[117, 111, 102, 180, 108]	[9992, 10004, 9973, 9990, 9996]	[232, 187, 184, 218, 190]
1136	39.0	[147, 58, 11, 74, 92]	[-114, -153, -74, 28, -112]	[-174, -31, 28, -9, -157]	[-59, -176, -81, -101, -87]	[124, -87, -108, 41, 9]	[-116, -29, 10, -32, 119]	[-76, 53, 5, 94, 160]	[-117, -141, -116, -109, -144]	[-163, -127, -111, -113, -119]	[2, -18, -14, -24, -71]	[117, 113, 80, 197, 156]	[10003, 10000, 9975, 10002, 9997]	[190, 134, 178, 237, 170]
1137	38.7	[147, 58, 39, 68, 92]	[-111, -153, -83, 0, -112]	[-174, -31, 22, -7, -159]	[-51, -181, -82, -101, -90]	[124, -87, -108, 37, 3]	[-113, -28, 10, -31, 107]	[-76, 52, 5, 94, 153]	[-115, -140, -118, -109, -133]	[-172, -131, -110, -114, -118]	[-1, -18, -16, -24, -64]	[117, 113, 101, 179, 171]	[10007, 10000, 9975, 10003, 9997]	[190, 185, 178, 222, 177]
1138	38.3	[147, 58, 11, 74, 92]	[-108, -149, -73, 24, -112]	[-174, -31, 21, -9, -157]	[-59, -168, -81, -97, -87]	[124, -93, -101, 38, 9]	[-116, -28, 10, -32, 117]	[-76, 53, 5, 94, 175]	[-117, -138, -122, -108, -155]	[-162, -127, -113, -113, -119]	[-1, -18, -17, -27, -71]	[117, 113, 80, 190, 115]	[10009, 10000, 9975, 10002, 9997]	[190, 134, 178, 230, 211]
1139	37.7	[147, 58, 39, 68, 92]	[-111, -153, -83, 0, -112]	[-174, -31, 22, -7, -159]	[-51, -181, -82, -101, -90]	[124, -87, -108, 37, 3]	[-113, -28, 10, -31, 107]	[-76, 52, 5, 94, 153]	[-115, -140, -118, -109, -133]	[-172, -131, -110, -114, -118]	[-1, -18, -16, -24, -64]	[117, 113, 101, 179, 171]	[10007, 10000, 9974, 10001, 9997]	[190, 185, 178, 222, 177]
1140	36.7	[106, -25, -23, 82, 79]	[-113, -146, -71, 15, -52]	[-173, -31, 20, -10, -163]	[-49, -157, -78, -95, -84]	[124, -87, -96, 36, 19]	[-112, -27, 10, -39, 107]	[-82, 55, 6, 94, 157]	[-100, -135, -120, -114, -148]	[-159, -122, -112, -145, -86]	[-11, -17, -14, -20, -63]	[120, 113, 95, 180, 108]	[9992, 10004, 9972, 9993, 9996]	[227, 189, 182, 218, 192]
1141	36.0	[112, -19, -21, 76, 79]	[-113, -148, -72, 15, -68]	[-174, -32, 20, -7, -158]	[-47, -166, -77, -101, -89]	[124, -87, -105, 35, 13]	[-114, -28, 10, -38, 107]	[-73, 52, 5, 94, 160]	[-110, -141, -122, -110, -140]	[-162, -126, -115, -124, -116]	[-1, -18, -18, -25, -70]	[104, 115, 98, 184, 143]	[9992, 10000, 9967, 9990, 9996]	[226, 187, 184, 218, 221]
1142	39.3	[112, -3, -21, 75, 89]	[-110, -147, -72, 22, -68]	[-173, -31, 25, -7, -163]	[-65, -167, -84, -95, -90]	[122, -86, -101, 41, 18]	[-112, -28, 4, -31, 107]	[-72, 49, 5, 94, 182]	[-116, -135, -122, -110, -141]	[-162, -127, -109, -118, -86]	[-8, -18, -13, -25, -63]	[121, 114, 97, 183, 133]	[9992, 10002, 9969, 10002, 9997]	[226, 193, 181, 217, 189]
1143	39.0	[109, 15, -23, 79, 79]	[-113, -146, -72, 17, -61]	[-173, -31, 20, -10, -163]	[-49, -157, -80, -95, -84]	[124, -87, -99, 36, 16]	[-112, -27, 10, -39, 107]	[-82, 55, 6, 93, 157]	[-114, -135, -122, -114, -148]	[-159, -125, -111, -145, -86]	[-11, -18, -14, -19, -69]	[117, 111, 102, 180, 108]	[9992, 10004, 9973, 9990, 9996]	[232, 187, 184, 218, 190]
1144	40.7	[112, -19, -21, 76, 79]	[-113, -148, -72, 15, -68]	[-174, -32, 26, -7, -158]	[-47, -166, -77, -101, -89]	[124, -87, -105, 35, 13]	[-114, -28, 10, -38, 107]	[-73, 52, 5, 94, 160]	[-110, -141, -122, -110, -140]	[-162, -126, -115, -124, -116]	[-1, -18, -18, -25, -70]	[104, 115, 98, 184, 143]	[9992, 10000, 9967, 9990, 9996]	[226, 187, 184, 218, 221]
1145	39.0	[112, 19, -21, 75, 79]	[-113, -149, -71, 20, -111]	[-174, -31, 21, -7, -157]	[-48, -174, -78, -96, -88]	[124, -87, -100, 38, 16]	[-114, -28, 10, -35, 101]	[-72, 54, 5, 93, 159]	[-116, -135, -120, -114, -140]	[-162, -122, -112, -114, -92]	[0, -18, -12, -27, -63]	[117, 115, 97, 158, 131]	[9992, 10002, 9968, 9998, 9996]	[226, 193, 182, 217, 196]
1146	36.0	[112, -19, -21, 75, 79]	[-113, -148, -71, 15, -68]	[-173, -32, 19, -7, -157]	[-47, -166, -87, -101, -87]	[124, -87, -101, 36, 12]	[-112, -29, 10, -34, 113]	[-74, 49, 2, 94, 175]	[-97, -140, -122, -110, -140]	[-162, -122, -114, -114, -116]	[-9, -19, -17, -28, -70]	[105, 115, 97, 184, 114]	[9997, 10000, 9972, 9990, 9996]	[226, 187, 184, 218, 221]
1147	39.7	[147, 58, 11, 74, 92]	[-108, -149, -73, 24, -112]	[-174, -31, 21, -9, -157]	[-49, -168, -81, -97, -87]	[124, -87, -101, 36, 12]	[-116, -29, 10, -33, 117]	[-76, 49, 4, 94, 175]	[-117, -138, -122, -108, -154]	[-162, -124, -115, -114, -119]	[0, -18, -16, -27, -71]	[117, 113, 80, 190, 116]	[10003, 10000, 9975, 9993, 9997]	[190, 134, 184, 227, 175]
1148	37.7	[112, 19, -21, 76, 79]	[-113, -150, -71, 20, -111]	[-174, -31, 21, -8, -157]	[-48, -174, -81, -95, -84]	[122, -87, -101, 38, 16]	[-114, -28, 10, -28, 101]	[-72, 56, 6, 94, 160]	[-116, -135, -120, -108, -140]	[-162, -123, -115, -116, -94]	[-8, -18, -11, -27, -63]	[117, 115, 97, 158, 133]	[9992, 10008, 9969, 9998, 9997]	[226, 193, 182, 217, 196]
1149	38.7	[147, 58, 11, 74, 92]	[-108, -146, -73, 24, -112]	[-174, -31, 21, -9, -157]	[-49, -157, -81, -97, -87]	[124, -87, -96, 36, 12]	[-116, -27, 10, -34, 115]	[-77, 49, 4, 99, 160]	[-117, -138, -122, -111, -144]	[-163, -126, -115, -126, -111]	[0, -18, -16, -27, -71]	[117, 113, 87, 190, 155]	[10003, 10000, 9974, 9993, 9997]	[190, 134, 184, 227, 175]
1150	39.3	[147, 58, 11, 74, 92]	[-114, -153, -78, 18, -112]	[-174, -31, 28, -7, -157]	[-58, -157, -81, -101, -87]	[124, -87, -96, 39, 13]	[-116, -29, 10, -32, 121]	[-76, 52, 5, 100, 160]	[-116, -141, -122, -109, -144]	[-163, -128, -115, -113, -119]	[2, -18, -14, -25, -71]	[117, 113, 98, 188, 156]	[10003, 10000, 9974, 10002, 9997]	[190, 134, 178, 232, 170]
1151	38.3	[112, -19, -21, 75, 79]	[-113, -148, -71, 15, -68]	[-173, -32, 19, -7, -157]	[-47, -166, -87, -101, -87]	[124, -87, -101, 36, 12]	[-112, -29, 10, -34, 113]	[-74, 49, 2, 94, 175]	[-97, -140, -122, -110, -140]	[-162, -122, -114, -114, -116]	[-9, -19, -17, -28, -70]	[105, 115, 97, 184, 114]	[9997, 10000, 9972, 9990, 9996]	[226, 187, 184, 218, 221]
1152	35.3	[109, 15, -23, 79, 79]	[-113, -146, -72, 17, -61]	[-173, -31, 21, -7, -163]	[-49, -157, -80, -97, -84]	[124, -87, -99, 36, 16]	[-112, -27, 10, -39, 107]	[-82, 55, 6, 93, 157]	[-114, -135, -122, -114, -148]	[-159, -125, -111, -145, -86]	[-11, -18, -14, -19, -69]	[117, 111, 102, 180, 108]	[9998, 10004, 9973, 9990, 9996]	[232, 187, 184, 218, 190]
1153	38.0	[112, -19, -21, 76, 79]	[-113, -148, -72, 15, -68]	[-174, -32, 26, -7, -158]	[-47, -166, -77, -101, -89]	[124, -87, -105, 35, 13]	[-114, -28, 10, -38, 107]	[-73, 52, 5, 94, 160]	[-110, -141, -122, -110, -140]	[-162, -126, -115, -124, -116]	[-1, -18, -18, -25, -70]	[104, 115, 98, 184, 143]	[9992, 10000, 9967, 9990, 9996]	[226, 187, 184, 218, 221]
1154	36.7	[147, 58, 11, 74, 92]	[-109, -148, -72, 28, -112]	[-174, -31, 26, -7, -157]	[-59, -173, -82, -99, -87]	[124, -87, -104, 40, 9]	[-113, -28, 15, -33, 116]	[-72, 50, 4, 94, 160]	[-117, -141, -116, -110, -142]	[-164, -128, -109, -115, -119]	[-5, -18, -15, -25, -65]	[119, 114, 95, 186, 156]	[10002, 10000, 9975, 9994, 9997]	[190, 128, 178, 237, 170]
1155	39.3	[109, 15, -23, 79, 79]	[-113, -146, -72, 17, -61]	[-173, -31, 27, -7, -163]	[-49, -157, -80, -97, -84]	[124, -87, -99, 36, 16]	[-112, -27, 10, -39, 107]	[-82, 55, 6, 93, 157]	[-114, -135, -122, -114, -148]	[-159, -125, -111, -145, -86]	[-11, -18, -14, -19, -69]	[117, 111, 102, 180, 108]	[9998, 10004, 9973, 9990, 9996]	[232, 187, 184, 218, 190]
1156	40.3	[147, 58, 11, 74, 92]	[-109, -148, -72, 28, -112]	[-174, -31, 26, -7, -157]	[-59, -173, -82, -99, -87]	[124, -87, -104, 40, 9]	[-113, -28, 15, -33, 116]	[-72, 50, 4, 94, 160]	[-117, -141, -116, -110, -142]	[-164, -128, -109, -115, -119]	[-5, -18, -15, -25, -65]	[119, 114, 95, 186, 156]	[10002, 10000, 9975, 9994, 9997]	[190, 128, 178, 237, 170]
1157	39.7	[112, 19, -21, 75, 79]	[-112, -149, -73, 23, -111]	[-174, -31, 21, -7, -157]	[-48, -168, -81, -96, -88]	[124, -87, -101, 38, 9]	[-114, -28, 10, -33, 102]	[-72, 54, 5, 93, 159]	[-116, -135, -122, -114, -140]	[-162, -122, -112, -114, -92]	[0, -18, -12, -27, -63]	[117, 115, 91, 158, 131]	[9992, 10002, 9968, 9998, 9996]	[226, 193, 182, 217, 196]
1158	38.3	[109, 15, -29, 79, 79]	[-113, -146, -71, 15, -61]	[-173, -31, 24, -7, -163]	[-48, -158, -86, -101, -84]	[124, -87, -101, 36, 12]	[-112, -27, 10, -36, 107]	[-82, 55, 6, 93, 173]	[-114, -140, -122, -110, -140]	[-159, -125, -111, -145, -86]	[-11, -18, -14, -19, -69]	[117, 111, 102, 180, 108]	[9998, 10004, 9973, 9990, 9996]	[232, 187, 184, 218, 190]
1159	37.0	[147, 58, 11, 74, 92]	[-114, -153, -74, 28, -112]	[-174, -31, 28, -9, -157]	[-59, -176, -81, -101, -87]	[124, -87, -108, 47, 9]	[-114, -29, 10, -32, 119]	[-76, 53, 5, 94, 160]	[-117, -141, -116, -109, -144]	[-165, -130, -110, -113, -118]	[1, -18, -15, -24, -65]	[117, 119, 83, 194, 156]	[10003, 10000, 9975, 10002, 9997]	[190, 128, 178, 237, 170]
1160	35.7	[147, 58, 11, 74, 92]	[-108, -146, -73, 23, -108]	[-174, -31, 21, -9, -157]	[-56, -158, -81, -97, -87]	[124, -87, -98, 38, 12]	[-114, -28, 10, -34, 115]	[-77, 49, 4, 94, 164]	[-117, -138, -121, -111, -143]	[-163, -126, -115, -119, -100]	[0, -18, -16, -27, -71]	[117, 113, 96, 185, 155]	[10003, 10006, 9973, 9996, 9997]	[190, 134, 184, 218, 175]
1161	36.7	[112, -3, -21, 75, 95]	[-110, -147, -72, 21, -68]	[-174, -31, 21, -7, -157]	[-59, -172, -72, -95, -89]	[122, -87, -101, 40, 18]	[-112, -28, 10, -33, 103]	[-72, 54, 5, 94, 171]	[-116, -135, -120, -114, -140]	[-165, -122, -114, -118, -92]	[-6, -18, -14, -27, -63]	[121, 114, 97, 182, 150]	[9992, 10002, 9969, 10002, 9997]	[226, 193, 181, 217, 189]
1162	39.7	[112, 19, -21, 75, 79]	[-112, -149, -73, 23, -111]	[-174, -31, 21, -7, -157]	[-48, -168, -81, -96, -88]	[124, -87, -101, 38, 9]	[-114, -28, 10, -33, 102]	[-72, 54, 5, 93, 159]	[-116, -135, -122, -114, -140]	[-162, -122, -112, -114, -92]	[0, -18, -12, -27, -63]	[117, 115, 91, 158, 131]	[9992, 10002, 9968, 9998, 9996]	[226, 193, 182, 217, 196]
1163	39.0	[106, 25, -14, 74, 79]	[-113, -150, -71, 22, -112]	[-174, -31, 21, -8, -157]	[-55, -173, -83, -95, -86]	[123, -87, -101, 38, 16]	[-114, -28, 10, -33, 113]	[-72, 56, 5, 94, 160]	[-116, -138, -118, -108, -140]	[-162, -123, -115, -116, -96]	[-8, -18, -14, -27, -63]	[117, 114, 97, 184, 135]	[9992, 10008, 9969, 9998, 9997]	[226, 193, 182, 217, 196]
1164	40.0	[147, 58, 11, 74, 92]	[-114, -153, -78, 18, -118]	[-174, -31, 28, -7, -157]	[-58, -157, -81, -101, -87]	[124, -87, -96, 39, 13]	[-116, -29, 10, -32, 121]	[-76, 52, 5, 100, 160]	[-116, -141, -122, -109, -144]	[-163, -128, -115, -113, -119]	[2, -18, -14, -25, -71]	[117, 113, 102, 181, 135]	[10002, 10004, 9973, 10002, 9997]	[190, 134, 178, 232, 170]
1165	37.0	[106, 25, -14, 74, 79]	[-113, -150, -71, 22, -112]	[-174, -31, 21, -8, -157]	[-55, -173, -83, -95, -86]	[123, -87, -101, 38, 16]	[-114, -28, 10, -33, 113]	[-72, 56, 5, 94, 160]	[-116, -138, -118, -108, -140]	[-162, -123, -115, -116, -96]	[-8, -18, -14, -27, -63]	[117, 114, 97, 184, 135]	[9992, 10008, 9969, 9998, 9997]	[226, 193, 182, 217, 196]
1166	38.3	[147, 58, 11, 74, 92]	[-114, -153, -78, 18, -118]	[-174, -31, 28, -7, -157]	[-58, -157, -81, -101, -87]	[124, -87, -96, 39, 13]	[-116, -28, 10, -34, 108]	[-76, 52, 5, 100, 160]	[-116, -141, -122, -110, -140]	[-163, -126, -113, -118, -119]	[1, -18, -14, -24, -69]	[117, 113, 98, 180, 156]	[10003, 10000, 9974, 9996, 9997]	[190, 134, 178, 232, 170]
1167	38.3	[147, 58, 11, 74, 92]	[-114, -153, -78, 18, -118]	[-174, -31, 28, -7, -157]	[-58, -157, -81, -101, -87]	[124, -87, -96, 39, 13]	[-116, -29, 10, -32, 121]	[-76, 52, 5, 100, 160]	[-116, -141, -122, -109, -144]	[-163, -128, -115, -113, -119]	[2, -18, -14, -25, -71]	[117, 113, 102, 181, 135]	[10002, 10004, 9973, 10002, 9997]	[190, 134, 178, 232, 170]
1168	38.3	[147, 58, 11, 74, 92]	[-108, -146, -73, 23, -108]	[-174, -31, 21, -9, -157]	[-56, -158, -77, -97, -87]	[122, -87, -98, 38, 12]	[-114, -28, 10, -33, 103]	[-77, 49, 4, 94, 164]	[-117, -138, -121, -111, -143]	[-163, -126, -115, -119, -100]	[0, -18, -16, -27, -71]	[117, 113, 96, 185, 155]	[10003, 10006, 9973, 9996, 9997]	[190, 134, 184, 218, 175]
1169	43.0	[112, 46, -7, 74, 93]	[-110, -147, -74, 22, -93]	[-173, -31, 19, -7, -163]	[-59, -169, -81, -95, -87]	[124, -87, -101, 40, 18]	[-112, -28, 4, -35, 104]	[-72, 49, 5, 94, 182]	[-116, -135, -122, -110, -141]	[-162, -127, -109, -118, -86]	[-8, -18, -14, -25, -65]	[121, 114, 97, 183, 133]	[9992, 10002, 9969, 10000, 9997]	[226, 193, 179, 217, 189]
1170	37.3	[147, 58, 11, 74, 92]	[-114, -153, -74, 28, -112]	[-174, -31, 28, -9, -157]	[-59, -176, -81, -101, -87]	[124, -87, -100, 47, 9]	[-114, -29, 10, -32, 119]	[-76, 52, 5, 98, 160]	[-117, -141, -116, -109, -144]	[-165, -130, -110, -113, -118]	[1, -18, -15, -24, -65]	[117, 119, 83, 194, 156]	[10003, 10000, 9975, 10002, 9997]	[190, 128, 178, 237, 170]
1171	37.0	[112, -19, -21, 76, 79]	[-113, -148, -72, 15, -62]	[-174, -32, 26, -7, -158]	[-47, -161, -80, -99, -88]	[124, -87, -105, 36, 13]	[-114, -28, 10, -38, 107]	[-73, 52, 5, 93, 157]	[-110, -141, -122, -110, -140]	[-162, -126, -115, -124, -116]	[-1, -18, -18, -25, -70]	[104, 115, 98, 184, 143]	[9992, 10000, 9967, 9990, 9996]	[226, 187, 184, 218, 221]
1172	38.3	[147, 58, 11, 74, 92]	[-114, -153, -78, 18, -118]	[-174, -31, 28, -7, -157]	[-58, -157, -81, -101, -87]	[124, -87, -96, 39, 13]	[-116, -28, 10, -34, 108]	[-76, 52, 5, 100, 160]	[-116, -141, -122, -110, -140]	[-163, -126, -113, -118, -119]	[1, -18, -14, -24, -69]	[117, 113, 98, 180, 156]	[10003, 10000, 9974, 9996, 9997]	[190, 134, 178, 232, 170]
1173	40.0	[112, -19, -21, 76, 79]	[-113, -148, -72, 15, -62]	[-174, -32, 26, -7, -158]	[-47, -161, -80, -99, -88]	[124, -87, -105, 36, 13]	[-114, -28, 10, -38, 107]	[-73, 52, 5, 93, 157]	[-110, -141, -122, -110, -140]	[-162, -126, -115, -124, -116]	[-1, -18, -18, -25, -70]	[104, 115, 98, 184, 143]	[9992, 10000, 9967, 9990, 9996]	[226, 187, 184, 218, 221]
1174	40.3	[112, -19, -21, 76, 79]	[-113, -148, -72, 15, -62]	[-174, -32, 26, -7, -158]	[-47, -161, -80, -99, -88]	[124, -87, -105, 36, 13]	[-114, -28, 10, -38, 107]	[-73, 52, 5, 93, 157]	[-110, -141, -122, -110, -140]	[-162, -126, -115, -124, -116]	[-1, -18, -18, -25, -70]	[104, 115, 98, 184, 143]	[9992, 10000, 9967, 9990, 9996]	[226, 187, 184, 218, 221]
1175	37.3	[106, 25, -14, 74, 79]	[-113, -150, -71, 22, -112]	[-174, -31, 21, -8, -157]	[-55, -173, -83, -95, -86]	[123, -87, -101, 38, 16]	[-114, -28, 10, -33, 113]	[-72, 56, 5, 94, 160]	[-116, -138, -118, -108, -140]	[-162, -123, -115, -116, -96]	[-8, -18, -14, -27, -63]	[117, 114, 97, 184, 135]	[9992, 10008, 9969, 9998, 9997]	[226, 193, 182, 217, 196]
1176	38.7	[112, -19, -22, 75, 79]	[-113, -148, -71, 17, -68]	[-179, -32, 27, -7, -157]	[-47, -160, -81, -98, -87]	[124, -87, -99, 36, 12]	[-112, -29, 10, -37, 111]	[-74, 49, 2, 93, 157]	[-99, -135, -122, -113, -140]	[-162, -122, -114, -142, -97]	[-12, -19, -17, -26, -70]	[106, 115, 97, 184, 114]	[9997, 10000, 9972, 9990, 9996]	[226, 187, 190, 218, 221]
1177	41.7	[147, 58, 11, 74, 92]	[-114, -153, -78, 18, -118]	[-174, -31, 28, -7, -157]	[-58, -157, -81, -100, -87]	[124, -87, -96, 39, 13]	[-116, -28, 10, -34, 108]	[-76, 52, 5, 100, 160]	[-116, -141, -122, -110, -140]	[-163, -126, -113, -118, -119]	[2, -18, -14, -24, -69]	[117, 113, 102, 174, 146]	[10003, 10004, 9974, 9997, 9997]	[190, 134, 178, 232, 170]
1178	36.3	[147, 2, -8, 74, 92]	[-109, -148, -72, 27, -88]	[-174, -31, 24, -7, -157]	[-59, -170, -83, -96, -87]	[124, -87, -104, 40, 15]	[-113, -28, 10, -32, 107]	[-72, 54, 5, 94, 181]	[-122, -137, -116, -110, -140]	[-165, -124, -115, -115, -109]	[-8, -18, -14, -25, -63]	[121, 114, 97, 183, 153]	[10001, 10001, 9973, 9994, 9997]	[198, 138, 181, 237, 170]
1179	37.0	[112, -19, -22, 75, 79]	[-113, -148, -71, 17, -68]	[-179, -32, 27, -7, -157]	[-47, -160, -81, -98, -87]	[124, -87, -99, 36, 12]	[-112, -29, 10, -37, 111]	[-74, 49, 2, 93, 157]	[-99, -135, -122, -113, -140]	[-162, -122, -114, -142, -97]	[-12, -19, -17, -26, -70]	[100, 115, 97, 184, 114]	[9997, 10000, 9972, 9990, 9996]	[226, 187, 190, 218, 221]
1180	37.3	[112, 46, -7, 74, 93]	[-110, -147, -74, 22, -99]	[-173, -31, 19, -7, -163]	[-59, -169, -81, -95, -87]	[124, -87, -101, 40, 18]	[-112, -28, 4, -35, 104]	[-72, 49, 5, 94, 182]	[-116, -135, -122, -110, -141]	[-162, -127, -109, -118, -86]	[-8, -18, -14, -25, -65]	[121, 108, 97, 183, 133]	[9992, 10002, 9969, 10000, 9997]	[226, 193, 179, 217, 189]
1181	37.0	[147, 58, 11, 74, 92]	[-109, -148, -72, 28, -112]	[-174, -31, 25, -7, -157]	[-59, -173, -83, -96, -87]	[124, -87, -104, 40, 9]	[-113, -28, 12, -32, 116]	[-72, 54, 5, 94, 181]	[-117, -141, -116, -110, -140]	[-164, -127, -115, -115, -109]	[-8, -18, -14, -25, -63]	[117, 115, 97, 186, 150]	[10001, 10001, 9973, 9994, 9997]	[198, 138, 181, 237, 176]
1182	36.0	[112, -19, -21, 76, 79]	[-113, -148, -72, 15, -62]	[-174, -32, 26, -7, -158]	[-47, -161, -80, -99, -88]	[124, -87, -101, 36, 13]	[-114, -28, 6, -36, 104]	[-73, 52, 5, 93, 157]	[-116, -141, -122, -110, -140]	[-162, -126, -115, -120, -116]	[-1, -18, -18, -25, -70]	[104, 115, 98, 184, 143]	[9992, 10000, 9967, 9990, 9996]	[226, 187, 184, 218, 221]
1183	39.7	[147, 58, 11, 74, 92]	[-114, -153, -74, 28, -112]	[-174, -31, 28, -8, -157]	[-59, -163, -81, -101, -87]	[124, -87, -100, 47, 9]	[-114, -29, 10, -32, 119]	[-82, 52, 5, 100, 160]	[-117, -141, -116, -109, -144]	[-165, -130, -110, -113, -118]	[1, -18, -15, -24, -65]	[117, 119, 83, 194, 156]	[10003, 10000, 9975, 10002, 9997]	[190, 128, 178, 237, 170]
1184	40.0	[147, 58, 11, 74, 92]	[-108, -153, -78, 18, -118]	[-174, -31, 28, -7, -157]	[-55, -166, -81, -101, -87]	[123, -87, -96, 39, 13]	[-116, -28, 10, -34, 108]	[-76, 54, 5, 97, 160]	[-116, -141, -122, -109, -140]	[-162, -123, -113, -118, -119]	[1, -18, -14, -25, -69]	[117, 114, 97, 183, 135]	[10003, 10000, 9974, 9996, 9997]	[190, 134, 178, 232, 170]
1185	39.0	[147, 58, 11, 74, 92]	[-114, -153, -74, 28, -112]	[-174, -31, 28, -8, -157]	[-59, -163, -81, -101, -87]	[124, -87, -100, 47, 9]	[-114, -29, 10, -32, 119]	[-82, 52, 5, 100, 160]	[-117, -141, -116, -109, -144]	[-165, -130, -110, -113, -118]	[1, -18, -15, -24, -65]	[117, 119, 83, 194, 156]	[10003, 10000, 9975, 10002, 9997]	[190, 128, 178, 237, 170]
1186	41.0	[112, -19, -21, 76, 79]	[-113, -148, -72, 15, -62]	[-174, -32, 26, -7, -158]	[-47, -161, -80, -99, -88]	[124, -87, -101, 36, 13]	[-114, -28, 6, -36, 104]	[-73, 52, 5, 93, 157]	[-116, -141, -122, -110, -140]	[-162, -126, -115, -120, -116]	[-1, -18, -18, -25, -70]	[104, 115, 98, 184, 143]	[9992, 10000, 9967, 9990, 9996]	[226, 187, 184, 218, 221]
1187	37.3	[153, 58, 11, 74, 92]	[-114, -153, -74, 22, -112]	[-174, -31, 28, -7, -157]	[-58, -153, -81, -100, -87]	[124, -87, -100, 42, 9]	[-114, -29, 10, -32, 119]	[-82, 52, 5, 100, 160]	[-117, -141, -116, -109, -144]	[-165, -130, -110, -113, -118]	[1, -18, -15, -24, -65]	[117, 119, 83, 194, 156]	[10003, 10000, 9975, 10002, 9997]	[190, 128, 178, 237, 170]
1188	39.3	[147, 58, 11, 74, 92]	[-114, -153, -80, 28, -112]	[-174, -31, 28, -8, -157]	[-59, -163, -81, -101, -87]	[124, -87, -100, 47, 9]	[-114, -29, 10, -32, 119]	[-72, 52, 5, 100, 160]	[-117, -141, -116, -108, -140]	[-163, -127, -114, -113, -118]	[-2, -18, -15, -24, -65]	[117, 119, 83, 194, 156]	[10003, 10000, 9975, 10002, 9997]	[190, 128, 178, 237, 170]
1189	39.3	[147, 58, 11, 74, 92]	[-108, -153, -78, 18, -118]	[-174, -31, 28, -7, -157]	[-55, -166, -81, -101, -87]	[123, -87, -96, 39, 13]	[-116, -28, 10, -34, 108]	[-76, 54, 5, 97, 160]	[-116, -141, -122, -109, -140]	[-162, -123, -113, -118, -119]	[1, -18, -14, -25, -69]	[117, 114, 97, 183, 135]	[10003, 10000, 9974, 9996, 9997]	[190, 140, 178, 232, 170]
1190	40.3	[147, 58, 11, 74, 92]	[-114, -153, -80, 28, -112]	[-174, -31, 28, -8, -157]	[-59, -163, -81, -100, -87]	[124, -87, -100, 47, 9]	[-114, -29, 10, -32, 119]	[-82, 52, 5, 100, 160]	[-117, -141, -116, -109, -144]	[-165, -130, -110, -113, -118]	[1, -18, -15, -24, -65]	[117, 119, 83, 194, 156]	[10003, 10000, 9975, 10002, 9997]	[190, 128, 178, 237, 170]
1191	43.3	[112, -19, -22, 76, 79]	[-113, -148, -72, 17, -68]	[-179, -32, 27, -7, -157]	[-47, -160, -81, -98, -87]	[124, -87, -99, 36, 12]	[-112, -29, 10, -36, 109]	[-74, 49, 3, 93, 157]	[-99, -136, -122, -110, -140]	[-162, -124, -114, -142, -97]	[-12, -19, -18, -25, -70]	[100, 115, 97, 184, 114]	[9997, 10000, 9972, 9990, 9996]	[226, 187, 190, 218, 221]
1192	38.7	[147, 58, 11, 74, 92]	[-108, -153, -78, 18, -118]	[-174, -31, 28, -7, -157]	[-55, -166, -81, -101, -87]	[123, -87, -96, 39, 13]	[-116, -28, 10, -34, 108]	[-76, 54, 5, 97, 160]	[-116, -141, -122, -109, -140]	[-162, -123, -113, -118, -119]	[1, -18, -14, -25, -69]	[117, 114, 97, 183, 135]	[10003, 10000, 9974, 9996, 9997]	[190, 140, 178, 232, 170]
1193	39.0	[147, 58, 11, 74, 92]	[-114, -153, -80, 28, -112]	[-174, -31, 28, -8, -157]	[-59, -163, -81, -100, -87]	[124, -87, -100, 47, 9]	[-114, -29, 10, -32, 119]	[-82, 52, 5, 100, 160]	[-117, -141, -116, -109, -144]	[-165, -130, -110, -113, -118]	[1, -18, -15, -24, -65]	[117, 119, 77, 194, 156]	[10003, 10000, 9975, 10002, 9997]	[190, 128, 178, 237, 170]
1194	41.3	[112, -19, -21, 76, 79]	[-113, -148, -72, 15, -62]	[-174, -32, 26, -7, -158]	[-47, -161, -80, -99, -88]	[124, -87, -105, 36, 13]	[-114, -28, 10, -38, 107]	[-73, 53, 5, 99, 157]	[-110, -141, -122, -110, -140]	[-162, -126, -115, -124, -116]	[-1, -18, -18, -25, -70]	[104, 115, 98, 184, 143]	[9992, 10000, 9967, 9990, 9996]	[226, 187, 184, 218, 215]
1195	40.3	[133, -12, -22, 76, 79]	[-113, -148, -74, 17, -68]	[-178, -32, 27, -7, -157]	[-55, -158, -81, -100, -87]	[124, -87, -100, 40, 10]	[-112, -29, 10, -35, 109]	[-74, 49, 5, 98, 158]	[-99, -136, -121, -110, -140]	[-162, -124, -114, -142, -97]	[-1, -19, -18, -24, -69]	[100, 115, 97, 184, 114]	[9997, 10000, 9972, 9990, 9996]	[226, 187, 190, 218, 221]
1196	39.0	[112, -19, -21, 76, 79]	[-113, -148, -72, 15, -62]	[-174, -32, 26, -7, -158]	[-47, -161, -86, -99, -88]	[124, -87, -101, 36, 13]	[-114, -28, 6, -36, 104]	[-73, 52, 5, 93, 157]	[-116, -141, -122, -110, -140]	[-156, -126, -115, -120, -116]	[-1, -18, -18, -25, -70]	[104, 115, 98, 184, 143]	[9992, 10000, 9967, 9990, 9996]	[226, 187, 184, 218, 221]
1197	39.0	[153, 58, 11, 74, 92]	[-114, -153, -74, 22, -112]	[-174, -31, 26, -7, -157]	[-58, -156, -82, -97, -87]	[124, -87, -100, 41, 9]	[-114, -28, 12, -32, 119]	[-82, 53, 5, 100, 160]	[-117, -141, -118, -109, -142]	[-165, -130, -113, -119, -116]	[-6, -18, -14, -24, -66]	[117, 119, 91, 189, 143]	[10003, 10000, 9967, 10002, 9997]	[190, 128, 178, 237, 170]
1198	38.3	[153, 58, 11, 74, 92]	[-114, -153, -74, 22, -112]	[-174, -31, 28, -7, -157]	[-59, -153, -81, -100, -87]	[124, -87, -100, 42, 9]	[-114, -29, 10, -32, 119]	[-77, 54, 5, 100, 166]	[-123, -141, -116, -112, -144]	[-165, -130, -111, -113, -118]	[0, -18, -15, -24, -65]	[117, 119, 83, 172, 156]	[10003, 10000, 9975, 10002, 9997]	[190, 128, 178, 237, 170]
1199	42.7	[153, 58, 11, 74, 92]	[-114, -153, -75, 25, -112]	[-174, -31, 28, -8, -169]	[-58, -156, -81, -100, -87]	[124, -87, -100, 41, 10]	[-114, -29, 10, -32, 119]	[-82, 52, 5, 100, 160]	[-117, -141, -118, -110, -144]	[-165, -130, -116, -113, -118]	[1, -18, -15, -25, -67]	[117, 116, 83, 194, 156]	[10003, 10000, 9975, 9999, 9997]	[190, 140, 178, 237, 170]
