generation	fitness	corner	c	a1	a2	b1	b2	b3	x	o1	o2	wp	ww	we
800	34.5	[115, -10, -24, 45, 103]	[-124, -150, -77, 25, -15]	[-168, -43, 22, 6, -169]	[-46, -164, -81, -106, -51]	[127, -74, -97, 35, 20]	[-108, -24, 7, -53, 159]	[-106, 56, 3, 91, 157]	[-125, -109, -125, -123, -152]	[-159, -139, -121, -149, -111]	[-33, -29, -24, -20, -102]	[73, 110, 107, 198, 29]	[10005, 10003, 9999, 10000, 10004]	[220, 123, 193, 265, 267]
801	39.5	[115, -20, -29, 44, 103]	[-96, -150, -73, 24, -65]	[-137, -56, 20, -34, -120]	[-49, -187, -89, -103, -73]	[120, -89, -109, 15, 43]	[-119, -20, 12, -50, 80]	[-66, 55, 8, 100, 175]	[-85, -118, -124, -109, -146]	[-188, -103, -102, -103, -132]	[5, -17, -17, -40, -57]	[100, 116, 109, 179, 156]	[10006, 9997, 9997, 9995, 9995]	[170, 165, 177, 210, 173]
802	38.0	[115, -20, -29, 19, 103]	[-96, -150, -73, 24, -65]	[-137, -57, 16, -16, -119]	[-44, -187, -93, -103, -73]	[124, -86, -107, 17, 40]	[-119, -22, 12, -38, 80]	[-67, 53, 6, 100, 176]	[-85, -120, -124, -109, -146]	[-188, -103, -107, -108, -130]	[5, -18, -17, -34, -57]	[100, 116, 107, 179, 159]	[10006, 9997, 10001, 9995, 9995]	[170, 165, 177, 210, 173]
803	35.0	[4, 153, 23, 25, 69]	[-101, -147, -73, 27, 27]	[-166, -53, 18, 0, -173]	[-44, -164, -92, -106, -82]	[122, -112, -105, 37, -72]	[-102, -19, 8, -55, 134]	[-47, 49, 5, 90, 190]	[-71, -127, -123, -109, -158]	[-163, -126, -111, -128, -112]	[40, -47, -5, -14, -60]	[98, 108, 108, 210, 11]	[10005, 10005, 9998, 9995, 9999]	[220, 124, 187, 271, 267]
804	41.0	[112, -20, -38, 84, 82]	[-115, -151, -81, 21, -89]	[-153, -52, 25, -9, -148]	[-46, -165, -92, -107, -96]	[124, -89, -104, 17, 22]	[-149, -19, 16, -32, 129]	[-47, 52, 3, 98, 182]	[-89, -120, -119, -114, -166]	[-163, -120, -108, -118, -90]	[-34, -36, -8, -39, -63]	[84, 111, 79, 176, 140]	[10004, 10004, 9997, 10000, 9996]	[226, 194, 187, 240, 196]
805	37.0	[106, 33, -24, 32, 103]	[-114, -149, -77, 22, -14]	[-164, -43, 20, 3, -157]	[-52, -186, -81, -99, -43]	[127, -69, -77, 34, 19]	[-113, -24, 6, -48, 179]	[-111, 55, 1, 89, 159]	[-133, -108, -125, -130, -147]	[-165, -133, -121, -141, -106]	[-30, -21, -18, -21, -96]	[88, 109, 107, 174, 12]	[10005, 10000, 9999, 10000, 10004]	[218, 123, 187, 265, 267]
806	37.5	[106, 33, -24, 32, 103]	[-114, -149, -77, 22, -14]	[-164, -43, 20, 3, -157]	[-52, -186, -81, -99, -43]	[127, -69, -77, 34, 19]	[-113, -24, 6, -48, 179]	[-111, 55, 1, 89, 159]	[-133, -108, -125, -130, -147]	[-165, -133, -121, -141, -106]	[-30, -21, -18, -21, -96]	[88, 109, 107, 174, 12]	[10005, 10000, 9999, 10000, 10004]	[218, 123, 187, 265, 267]
807	40.0	[115, -10, -24, 45, 103]	[-124, -150, -77, 25, -15]	[-168, -43, 22, 6, -169]	[-46, -164, -81, -106, -51]	[127, -74, -97, 35, 20]	[-108, -24, 7, -65, 159]	[-106, 56, 3, 91, 188]	[-125, -109, -125, -109, -152]	[-159, -137, -116, -149, -111]	[-33, -29, -24, -19, -75]	[73, 110, 107, 192, 29]	[10005, 10003, 9999, 10000, 10004]	[220, 123, 193, 265, 267]
808	35.0	[115, -20, -29, 19, 103]	[-96, -150, -73, 24, -65]	[-137, -57, 16, -16, -119]	[-44, -187, -93, -103, -73]	[124, -86, -107, 17, 40]	[-119, -22, 12, -38, 80]	[-67, 53, 6, 100, 176]	[-85, -120, -124, -109, -146]	[-188, -103, -107, -108, -130]	[5, -18, -17, -34, -57]	[100, 116, 107, 179, 159]	[10006, 9997, 10001, 9995, 9995]	[173, 177, 181, 218, 173]
809	38.0	[4, 153, 23, 25, 69]	[-101, -147, -73, 27, 27]	[-166, -53, 18, 0, -173]	[-44, -164, -92, -106, -82]	[122, -112, -105, 37, -72]	[-102, -19, 8, -55, 134]	[-47, 49, 5, 90, 190]	[-71, -127, -123, -109, -158]	[-163, -126, -111, -128, -112]	[40, -47, -5, -14, -60]	[98, 108, 108, 210, 11]	[10005, 10005, 9998, 9995, 9999]	[220, 124, 187, 271, 267]
810	35.5	[112, -20, -38, 84, 82]	[-115, -151, -81, 21, -89]	[-153, -52, 25, -9, -148]	[-46, -165, -92, -107, -96]	[124, -89, -104, 17, 22]	[-149, -19, 16, -32, 129]	[-54, 52, 3, 98, 182]	[-89, -120, -119, -114, -166]	[-163, -120, -102, -106, -91]	[-34, -36, -15, -40, -60]	[99, 112, 107, 178, 149]	[10006, 9999, 9997, 9999, 9996]	[226, 188, 183, 240, 196]
811	36.0	[115, -20, -29, 19, 103]	[-98, -150, -73, 24, -42]	[-137, -57, 16, -16, -120]	[-45, -187, -93, -103, -73]	[124, -86, -107, 18, 40]	[-119, -22, 12, -38, 80]	[-67, 53, 7, 98, 236]	[-85, -145, -126, -109, -162]	[-188, -103, -106, -92, -128]	[5, -18, -17, -34, -57]	[100, 116, 109, 177, 159]	[10006, 9997, 10001, 9995, 9995]	[170, 165, 177, 210, 173]
812	37.0	[112, -20, -38, 84, 82]	[-115, -151, -81, 21, -89]	[-153, -52, 25, -9, -148]	[-46, -165, -92, -107, -96]	[124, -89, -104, 17, 22]	[-149, -19, 16, -32, 129]	[-54, 52, 3, 98, 182]	[-89, -120, -119, -114, -166]	[-163, -120, -102, -106, -91]	[-34, -36, -15, -40, -60]	[99, 112, 107, 178, 149]	[10006, 9999, 9997, 9999, 9996]	[226, 188, 183, 240, 196]
813	36.0	[115, -10, -24, 45, 103]	[-118, -150, -77, 25, -15]	[-168, -43, 22, 6, -169]	[-46, -164, -81, -106, -51]	[127, -74, -97, 35, 20]	[-108, -23, 8, -65, 159]	[-106, 56, 5, 90, 157]	[-125, -109, -125, -114, -158]	[-159, -132, -119, -137, -111]	[-33, -32, -22, -12, -62]	[73, 109, 108, 198, 29]	[10005, 10005, 9998, 9996, 10004]	[220, 124, 193, 265, 267]
814	33.5	[115, -20, -34, 63, 103]	[-96, -151, -78, 24, -65]	[-137, -54, 25, -33, -120]	[-49, -187, -90, -103, -73]	[123, -89, -109, 15, 43]	[-119, -19, 14, -49, 116]	[-66, 55, 8, 100, 175]	[-85, -118, -120, -109, -152]	[-180, -104, -107, -106, -122]	[5, -17, -17, -40, -58]	[86, 112, 86, 178, 156]	[10006, 10004, 9997, 9998, 9995]	[181, 175, 184, 210, 173]
815	39.0	[115, -10, -24, 45, 103]	[-118, -150, -77, 25, -15]	[-168, -43, 22, 6, -169]	[-46, -164, -81, -106, -51]	[127, -74, -97, 35, 20]	[-108, -23, 8, -65, 159]	[-106, 56, 5, 90, 157]	[-125, -109, -125, -114, -158]	[-159, -132, -119, -137, -111]	[-33, -32, -22, -12, -62]	[73, 109, 108, 198, 29]	[10005, 10005, 9998, 9996, 10004]	[220, 124, 193, 265, 267]
816	37.5	[115, -20, -29, 19, 103]	[-98, -150, -73, 24, -42]	[-137, -57, 16, -16, -120]	[-45, -187, -93, -103, -73]	[124, -86, -107, 18, 40]	[-119, -22, 12, -38, 80]	[-67, 53, 7, 98, 236]	[-85, -145, -126, -109, -162]	[-188, -103, -106, -92, -128]	[5, -18, -17, -34, -57]	[100, 116, 109, 177, 159]	[10006, 9997, 10001, 9995, 9995]	[170, 165, 177, 210, 173]
817	39.5	[115, -10, -24, 45, 103]	[-118, -150, -77, 25, -15]	[-168, -43, 22, 6, -169]	[-46, -164, -81, -106, -51]	[127, -74, -97, 35, 20]	[-108, -23, 8, -65, 159]	[-106, 56, 5, 90, 157]	[-125, -109, -125, -114, -158]	[-159, -132, -119, -137, -111]	[-33, -32, -22, -12, -62]	[73, 109, 108, 198, 29]	[10005, 10005, 9998, 9996, 10004]	[220, 124, 193, 265, 267]
818	38.5	[115, -20, -34, 63, 103]	[-96, -151, -78, 24, -65]	[-137, -54, 25, -33, -126]	[-49, -187, -90, -103, -73]	[123, -89, -108, 18, 43]	[-119, -19, 14, -49, 118]	[-63, 55, 6, 100, 177]	[-85, -118, -119, -111, -152]	[-180, -114, -105, -106, -101]	[5, -19, -17, -40, -58]	[86, 112, 86, 178, 156]	[10006, 10004, 9997, 9998, 9995]	[181, 175, 184, 210, 173]
819	34.0	[115, -20, -29, 19, 103]	[-96, -150, -67, 24, -65]	[-137, -57, 16, -16, -119]	[-44, -187, -93, -103, -73]	[121, -86, -107, 17, 40]	[-119, -22, 12, -49, 80]	[-77, 53, 8, 100, 175]	[-85, -120, -124, -109, -146]	[-188, -103, -107, -108, -130]	[5, -18, -11, -34, -57]	[100, 116, 107, 179, 159]	[10006, 9997, 10001, 9995, 9995]	[170, 165, 177, 210, 173]
820	39.0	[115, -10, -24, 45, 103]	[-118, -150, -77, 25, -15]	[-168, -43, 22, 6, -169]	[-46, -164, -81, -106, -51]	[127, -74, -97, 35, 20]	[-108, -23, 8, -65, 159]	[-106, 56, 5, 90, 157]	[-125, -144, -128, -114, -160]	[-182, -132, -119, -137, -111]	[-33, -31, -19, -27, -62]	[73, 109, 108, 182, 40]	[10005, 10004, 9998, 9996, 10004]	[220, 124, 193, 265, 267]
821	35.5	[112, -26, -32, 81, 82]	[-115, -151, -78, 21, -76]	[-153, -52, 24, -9, -148]	[-46, -165, -90, -104, -74]	[123, -89, -108, 18, 22]	[-140, -19, 12, -47, 116]	[-54, 52, 3, 100, 193]	[-89, -120, -120, -109, -166]	[-178, -114, -102, -106, -91]	[-12, -22, -16, -40, -60]	[99, 112, 107, 178, 149]	[10006, 9999, 9997, 9999, 9996]	[226, 188, 183, 240, 196]
822	37.5	[4, 153, 23, 37, 69]	[-71, -145, -69, 52, 27]	[-166, -45, 17, 1, -131]	[-45, -171, -92, -112, -84]	[124, -111, -105, 35, -88]	[-102, -19, 8, -49, 133]	[-61, 51, 8, 92, 163]	[-76, -136, -126, -109, -169]	[-161, -116, -102, -108, -111]	[6, -38, -13, -11, -54]	[89, 115, 102, 181, 128]	[10010, 9999, 9998, 9998, 9997]	[220, 124, 187, 271, 267]
823	41.5	[106, 33, -24, 32, 103]	[-114, -149, -77, 25, 27]	[-165, -43, 20, 3, -157]	[-52, -186, -84, -102, -43]	[126, -78, -91, 34, 19]	[-113, -19, 8, -50, 179]	[-83, 53, 4, 90, 163]	[-105, -140, -125, -130, -147]	[-171, -133, -117, -132, -106]	[-30, -21, -18, -21, -96]	[88, 109, 107, 174, 12]	[10005, 10000, 9999, 10000, 10004]	[218, 123, 187, 265, 267]
824	40.0	[115, -20, -29, 19, 103]	[-96, -150, -67, 24, -65]	[-137, -57, 16, -16, -119]	[-44, -173, -84, -105, -73]	[121, -78, -103, 17, 29]	[-116, -23, 7, -59, 100]	[-103, 54, 5, 100, 160]	[-110, -112, -126, -109, -155]	[-187, -134, -117, -109, -111]	[-14, -18, -11, -34, -57]	[82, 116, 107, 179, 159]	[10006, 9997, 10001, 9995, 9995]	[170, 165, 177, 210, 173]
825	39.5	[115, -20, -29, 19, 103]	[-98, -150, -73, 24, -42]	[-137, -57, 16, -16, -120]	[-45, -187, -93, -103, -73]	[124, -86, -107, 18, 40]	[-119, -22, 12, -38, 80]	[-67, 53, 7, 98, 236]	[-85, -145, -126, -109, -162]	[-188, -103, -106, -92, -128]	[5, -18, -17, -34, -57]	[100, 116, 109, 177, 159]	[10006, 9997, 10001, 9995, 9995]	[170, 165, 177, 210, 173]
826	38.0	[4, 153, 23, 31, 69]	[-71, -145, -69, 52, 27]	[-166, -56, 17, 1, -131]	[-45, -178, -92, -107, -84]	[124, -114, -105, 20, -1]	[-104, -19, 8, -55, 133]	[-61, 53, 8, 99, 163]	[-74, -140, -124, -109, -169]	[-165, -118, -109, -128, -111]	[25, -42, -16, -22, -83]	[89, 112, 89, 174, 30]	[10005, 9999, 9998, 9998, 9997]	[220, 124, 187, 271, 267]
827	36.0	[115, -20, -29, 19, 103]	[-96, -150, -67, 24, -65]	[-137, -57, 16, -16, -119]	[-44, -173, -84, -105, -73]	[121, -78, -103, 17, 29]	[-116, -23, 7, -59, 100]	[-103, 54, 5, 100, 160]	[-110, -112, -126, -109, -155]	[-187, -134, -117, -109, -111]	[-14, -18, -11, -34, -57]	[82, 116, 107, 179, 159]	[10006, 9997, 10001, 9995, 9995]	[170, 165, 177, 210, 173]
828	33.0	[112, -26, -32, 81, 82]	[-115, -151, -78, 21, -76]	[-153, -52, 24, -9, -148]	[-46, -165, -90, -104, -74]	[123, -89, -108, 18, 22]	[-140, -19, 12, -47, 116]	[-54, 52, 3, 100, 193]	[-89, -120, -120, -109, -166]	[-178, -114, -102, -106, -91]	[-12, -22, -16, -40, -60]	[99, 112, 107, 178, 149]	[10006, 9999, 9997, 9999, 9996]	[226, 188, 183, 240, 196]
829	37.5	[115, 24, -24, 32, 103]	[-112, -143, -77, 25, 27]	[-146, -43, 20, 3, -157]	[-49, -187, -84, -102, -43]	[126, -79, -93, 29, 19]	[-114, -22, 8, -51, 140]	[-83, 53, 4, 96, 168]	[-96, -140, -125, -130, -147]	[-171, -133, -117, -132, -106]	[-30, -21, -18, -21, -96]	[88, 109, 107, 174, 12]	[10005, 10000, 9999, 10000, 10004]	[218, 123, 187, 265, 267]
830	36.5	[4, 153, 23, 31, 69]	[-71, -145, -69, 52, 27]	[-166, -56, 17, 1, -131]	[-45, -178, -92, -107, -84]	[124, -83, -103, 20, -1]	[-113, -22, 9, -55, 114]	[-61, 54, 8, 99, 163]	[-79, -136, -126, -109, -156]	[-165, -118, -113, -118, -111]	[25, -42, -16, -22, -83]	[89, 112, 89, 174, 30]	[10005, 9999, 9998, 9998, 9997]	[220, 124, 187, 271, 267]
831	41.5	[106, 33, -24, 32, 103]	[-114, -149, -77, 25, 33]	[-138, -43, 20, 3, -157]	[-52, -186, -84, -103, -67]	[122, -82, -94, 34, 19]	[-113, -19, 12, -51, 82]	[-83, 53, 8, 97, 163]	[-92, -138, -125, -129, -147]	[-178, -110, -116, -132, -106]	[-30, -21, -18, -21, -75]	[88, 109, 107, 174, 94]	[10006, 10000, 9999, 10006, 10004]	[218, 123, 187, 229, 267]
832	38.5	[4, 153, 23, 31, 69]	[-71, -145, -69, 52, 27]	[-166, -56, 17, 1, -131]	[-45, -178, -92, -107, -84]	[124, -83, -103, 20, -1]	[-113, -22, 9, -55, 114]	[-61, 54, 8, 99, 163]	[-79, -136, -126, -109, -156]	[-165, -118, -113, -118, -111]	[25, -42, -16, -22, -83]	[89, 112, 89, 174, 30]	[10005, 9999, 9998, 9998, 9997]	[220, 124, 187, 271, 267]
833	37.5	[4, 153, 23, 31, 69]	[-71, -145, -69, 52, 27]	[-166, -56, 17, 1, -131]	[-45, -178, -92, -107, -84]	[124, -114, -105, 20, -1]	[-104, -19, 8, -55, 133]	[-61, 53, 8, 99, 163]	[-74, -140, -124, -109, -169]	[-165, -118, -109, -128, -111]	[25, -42, -16, -22, -83]	[89, 112, 89, 174, 30]	[10005, 9999, 9998, 9998, 9997]	[220, 124, 187, 271, 267]
834	33.5	[106, 33, -24, 32, 103]	[-114, -149, -77, 25, 27]	[-158, -57, 20, 0, -157]	[-52, -186, -84, -102, -58]	[126, -78, -107, 24, 38]	[-107, -20, 8, -46, 132]	[-68, 53, 8, 97, 164]	[-105, -140, -124, -127, -162]	[-171, -118, -108, -132, -106]	[-30, -21, -18, -21, -90]	[88, 109, 107, 174, 29]	[10005, 9999, 9999, 9998, 10000]	[218, 117, 187, 265, 267]
835	47.5	[115, -20, -34, 63, 103]	[-96, -151, -78, 24, -65]	[-137, -54, 25, -33, -126]	[-49, -187, -90, -103, -73]	[123, -89, -108, 18, 43]	[-119, -19, 14, -49, 118]	[-63, 55, 6, 100, 177]	[-85, -118, -119, -111, -152]	[-180, -114, -105, -106, -101]	[5, -19, -17, -40, -58]	[86, 112, 86, 178, 156]	[10006, 10004, 9997, 9998, 10001]	[181, 175, 184, 210, 173]
836	37.5	[106, 33, -24, 32, 103]	[-114, -149, -77, 25, 33]	[-138, -43, 20, 3, -157]	[-52, -186, -84, -103, -67]	[122, -82, -94, 34, 19]	[-113, -19, 12, -51, 82]	[-83, 53, 8, 97, 163]	[-92, -138, -125, -129, -147]	[-178, -110, -116, -132, -106]	[-30, -21, -18, -21, -75]	[88, 109, 107, 174, 94]	[10006, 10000, 9999, 10006, 10004]	[218, 123, 187, 229, 267]
837	39.5	[90, -25, -29, 44, 103]	[-111, -151, -73, 22, -19]	[-125, -56, 19, -3, -120]	[-45, -187, -93, -106, -74]	[120, -89, -107, 18, 38]	[-124, -20, 12, -38, 80]	[-70, 53, 4, 100, 205]	[-87, -144, -125, -103, -151]	[-179, -103, -102, -92, -128]	[4, -12, -24, -44, -57]	[101, 113, 109, 180, 119]	[10006, 9997, 10000, 9995, 9996]	[197, 169, 185, 270, 228]
838	35.5	[4, 37, 22, 31, 69]	[-95, -148, -69, 52, 27]	[-153, -56, 18, -9, -131]	[-45, -178, -92, -106, -73]	[124, -83, -103, 19, -1]	[-114, -22, 9, -47, 114]	[-61, 54, 8, 99, 163]	[-79, -136, -126, -109, -156]	[-165, -118, -113, -118, -111]	[25, -42, -16, -22, -83]	[89, 112, 89, 174, 30]	[10005, 9999, 9998, 9998, 9997]	[220, 124, 187, 271, 267]
839	41.0	[90, -25, -29, 44, 103]	[-111, -151, -73, 22, -19]	[-125, -56, 19, -9, -120]	[-45, -187, -93, -106, -74]	[120, -89, -107, 18, 38]	[-124, -20, 12, -38, 80]	[-70, 53, 4, 100, 205]	[-87, -144, -125, -103, -151]	[-179, -103, -102, -92, -128]	[4, -25, -17, -24, -57]	[101, 111, 108, 180, 149]	[10006, 9997, 10000, 9995, 9996]	[160, 169, 177, 225, 173]
840	35.0	[4, 153, -7, 39, 103]	[-92, -147, -69, 38, -5]	[-166, -56, 18, -4, -127]	[-45, -178, -92, -106, -84]	[118, -83, -103, 20, -1]	[-120, -21, 9, -50, 114]	[-61, 54, 8, 99, 163]	[-79, -136, -126, -109, -156]	[-165, -118, -104, -118, -111]	[25, -24, -16, -22, -83]	[89, 112, 108, 174, 30]	[10005, 9999, 9998, 9998, 9997]	[220, 124, 187, 271, 267]
841	36.0	[115, -20, -29, 19, 103]	[-96, -150, -67, 24, -65]	[-137, -57, 16, -16, -119]	[-44, -173, -84, -105, -73]	[121, -78, -103, 17, 29]	[-116, -23, 7, -59, 100]	[-103, 54, 5, 100, 160]	[-110, -112, -126, -109, -155]	[-187, -134, -117, -109, -111]	[-14, -18, -11, -34, -57]	[82, 116, 107, 179, 159]	[10006, 9997, 10001, 9995, 9995]	[170, 165, 177, 210, 173]
842	40.0	[106, 33, -24, 32, 103]	[-114, -149, -77, 31, 27]	[-158, -54, 20, 0, -157]	[-52, -186, -84, -102, -58]	[126, -82, -96, 31, 23]	[-109, -19, 8, -50, 132]	[-73, 53, 8, 97, 164]	[-90, -136, -125, -119, -162]	[-171, -118, -108, -121, -106]	[-30, -21, -18, -21, -90]	[89, 112, 108, 174, 29]	[10005, 9999, 9999, 9998, 9998]	[218, 117, 187, 265, 267]
843	38.5	[110, 28, -24, 32, 103]	[-113, -146, -77, 25, 27]	[-158, -57, 20, 3, -157]	[-52, -186, -84, -102, -49]	[126, -78, -107, 24, 38]	[-107, -20, 2, -46, 126]	[-68, 53, 8, 97, 164]	[-105, -140, -124, -127, -162]	[-171, -118, -108, -132, -106]	[-30, -21, -18, -21, -90]	[88, 109, 109, 174, 74]	[10005, 9999, 9999, 9998, 10000]	[218, 128, 186, 266, 267]
844	40.0	[4, 37, 22, 31, 69]	[-95, -148, -69, 52, 27]	[-153, -56, 18, -9, -131]	[-45, -178, -92, -106, -73]	[124, -83, -103, 20, -1]	[-115, -21, 9, -47, 114]	[-61, 54, 8, 99, 163]	[-79, -136, -126, -108, -156]	[-165, -118, -104, -118, -111]	[25, -29, -16, -22, -83]	[89, 112, 89, 174, 30]	[10005, 9999, 9998, 9998, 9997]	[220, 124, 187, 271, 267]
845	40.0	[90, -25, -29, 44, 103]	[-111, -151, -73, 22, -19]	[-125, -56, 19, -4, -145]	[-45, -187, -92, -103, -74]	[120, -101, -99, 29, 29]	[-120, -19, 8, -55, 80]	[-69, 53, 4, 97, 205]	[-87, -142, -125, -104, -151]	[-179, -106, -103, -108, -128]	[4, -42, -17, -24, -83]	[99, 111, 108, 180, 149]	[10005, 9998, 9999, 9996, 9996]	[160, 169, 177, 225, 173]
846	40.5	[115, -20, -34, 63, 103]	[-96, -151, -78, 24, -65]	[-137, -54, 19, -33, -126]	[-49, -187, -90, -97, -73]	[123, -89, -108, 18, 43]	[-119, -19, 14, -49, 118]	[-63, 55, 6, 100, 177]	[-85, -118, -119, -111, -152]	[-180, -114, -105, -106, -101]	[5, -19, -17, -40, -58]	[86, 112, 86, 178, 156]	[10006, 10004, 9997, 9998, 10001]	[181, 175, 184, 210, 173]
847	43.0	[112, -26, -32, 81, 82]	[-115, -145, -78, 21, -76]	[-153, -52, 24, -9, -148]	[-46, -165, -90, -104, -74]	[123, -89, -108, 18, 22]	[-140, -19, 12, -47, 116]	[-54, 52, 3, 100, 193]	[-89, -120, -120, -109, -166]	[-165, -115, -102, -106, -91]	[-4, -30, -16, -40, -60]	[90, 113, 106, 178, 149]	[10006, 9999, 9997, 9999, 9996]	[220, 188, 183, 240, 196]
848	37.0	[112, -26, -32, 81, 82]	[-115, -145, -78, 21, -76]	[-153, -52, 24, -9, -148]	[-46, -171, -90, -104, -74]	[123, -89, -108, 18, 22]	[-140, -19, 12, -47, 116]	[-54, 52, 3, 100, 193]	[-89, -120, -120, -109, -166]	[-165, -115, -102, -106, -91]	[-4, -30, -16, -40, -60]	[90, 113, 106, 178, 149]	[10006, 9999, 9997, 9999, 9996]	[220, 188, 183, 240, 196]
849	37.0	[4, 153, -7, 39, 103]	[-92, -147, -69, 38, -5]	[-166, -56, 18, -4, -127]	[-45, -178, -92, -106, -84]	[118, -83, -103, 20, -1]	[-120, -21, 9, -50, 114]	[-61, 54, 8, 99, 163]	[-79, -136, -126, -109, -156]	[-165, -118, -104, -118, -111]	[25, -24, -16, -22, -83]	[89, 112, 108, 180, 30]	[10005, 9999, 9998, 9998, 9997]	[220, 124, 187, 271, 267]
850	36.5	[115, -20, -34, 63, 103]	[-96, -151, -78, 24, -65]	[-137, -54, 19, -33, -126]	[-49, -187, -90, -97, -73]	[123, -89, -108, 18, 43]	[-119, -19, 14, -49, 118]	[-63, 55, 6, 100, 177]	[-85, -118, -119, -111, -152]	[-180, -114, -105, -106, -101]	[5, -19, -17, -40, -58]	[86, 112, 86, 178, 156]	[10006, 10004, 9997, 9998, 10001]	[181, 175, 184, 210, 173]
851	31.0	[115, -20, -34, 63, 103]	[-96, -151, -78, 24, -65]	[-137, -54, 19, -33, -126]	[-49, -187, -90, -97, -73]	[123, -89, -108, 18, 43]	[-119, -19, 14, -49, 118]	[-63, 55, 6, 100, 177]	[-85, -118, -119, -111, -152]	[-180, -114, -105, -106, -101]	[5, -19, -17, -40, -58]	[86, 112, 86, 178, 156]	[10006, 10004, 9997, 9998, 10001]	[181, 175, 184, 210, 173]
852	42.5	[4, 153, -7, 39, 103]	[-92, -147, -69, 38, -5]	[-166, -56, 18, -4, -127]	[-51, -178, -92, -106, -84]	[118, -83, -103, 20, -1]	[-120, -21, 9, -50, 114]	[-61, 54, 8, 99, 163]	[-79, -136, -126, -109, -156]	[-165, -118, -104, -118, -111]	[25, -24, -16, -22, -83]	[89, 112, 108, 180, 30]	[10005, 9999, 9998, 9998, 9997]	[220, 124, 187, 271, 267]
853	35.5	[112, -26, -32, 81, 82]	[-114, -148, -73, 21, -76]	[-153, -55, 22, -7, -138]	[-45, -183, -90, -104, -74]	[123, -89, -96, 24, 29]	[-131, -19, 12, -47, 116]	[-54, 52, 5, 100, 193]	[-89, -127, -122, -109, -166]	[-173, -112, -106, -104, -91]	[-2, -20, -19, -43, -60]	[90, 113, 106, 179, 149]	[10006, 9999, 9997, 9998, 9996]	[220, 188, 183, 240, 196]
854	41.5	[112, -26, -32, 81, 82]	[-114, -148, -73, 21, -76]	[-153, -55, 22, -7, -138]	[-45, -183, -90, -104, -74]	[123, -89, -96, 24, 29]	[-131, -19, 12, -47, 116]	[-54, 52, 5, 100, 193]	[-89, -127, -122, -109, -166]	[-173, -112, -106, -104, -91]	[-2, -20, -19, -43, -60]	[90, 113, 106, 179, 149]	[10006, 9999, 9997, 9998, 9996]	[220, 188, 183, 240, 196]
855	36.5	[115, -20, -34, 63, 103]	[-96, -151, -78, 24, -65]	[-137, -54, 19, -33, -126]	[-49, -187, -90, -97, -73]	[123, -89, -108, 18, 43]	[-119, -19, 14, -49, 118]	[-63, 55, 6, 100, 177]	[-85, -118, -119, -111, -152]	[-180, -114, -105, -106, -101]	[5, -19, -17, -40, -58]	[86, 112, 86, 178, 156]	[10006, 10004, 9997, 9998, 10001]	[181, 175, 184, 210, 173]
856	38.0	[90, -25, -29, 44, 103]	[-111, -151, -79, 36, -15]	[-125, -56, 19, -1, -126]	[-45, -187, -90, -106, -74]	[123, -89, -97, 18, 38]	[-124, -20, 12, -38, 80]	[-62, 54, 7, 98, 205]	[-87, -144, -125, -103, -151]	[-179, -103, -102, -92, -128]	[4, -25, -17, -24, -57]	[101, 111, 108, 180, 149]	[10006, 9997, 10000, 9995, 9996]	[160, 169, 177, 225, 173]
857	32.5	[106, 33, -24, 32, 103]	[-114, -143, -77, 31, 27]	[-158, -54, 20, 0, -157]	[-52, -186, -84, -102, -58]	[126, -82, -96, 31, 23]	[-109, -19, 8, -50, 126]	[-73, 53, 8, 97, 164]	[-90, -136, -125, -113, -162]	[-171, -118, -108, -121, -106]	[-30, -21, -18, -21, -90]	[89, 112, 108, 174, 29]	[10005, 9999, 9999, 9998, 9998]	[218, 117, 187, 265, 267]
858	40.0	[90, -25, -29, 44, 103]	[-111, -151, -79, 36, -15]	[-125, -56, 19, -1, -126]	[-45, -187, -90, -106, -74]	[123, -89, -97, 18, 38]	[-124, -20, 12, -38, 80]	[-62, 54, 7, 98, 205]	[-87, -144, -125, -103, -151]	[-179, -103, -102, -92, -128]	[4, -25, -17, -24, -57]	[101, 111, 108, 180, 149]	[10006, 9997, 10000, 9995, 9996]	[160, 169, 177, 225, 173]
859	41.0	[90, -25, -29, 44, 103]	[-111, -151, -79, 36, -15]	[-125, -56, 18, -1, -128]	[-45, -179, -90, -106, -74]	[123, -93, -97, 18, 38]	[-124, -20, 12, -46, 94]	[-70, 54, 7, 98, 205]	[-80, -143, -125, -103, -151]	[-179, -117, -108, -120, -122]	[4, -25, -17, -22, -57]	[99, 111, 108, 180, 149]	[10006, 9997, 10000, 9998, 9996]	[205, 169, 177, 225, 173]
860	45.5	[4, 153, -7, 39, 103]	[-92, -147, -69, 38, -5]	[-166, -56, 18, -4, -127]	[-51, -178, -92, -106, -84]	[118, -83, -103, 20, -1]	[-120, -21, 9, -50, 114]	[-61, 54, 8, 99, 163]	[-79, -136, -126, -109, -156]	[-165, -118, -104, -118, -111]	[25, -24, -16, -22, -83]	[89, 112, 108, 180, 30]	[10005, 9999, 9998, 9998, 9997]	[220, 124, 187, 271, 267]
861	38.0	[112, -26, -32, 81, 82]	[-115, -145, -78, 21, -76]	[-153, -52, 24, -9, -148]	[-46, -171, -90, -104, -74]	[123, -83, -98, 18, 22]	[-127, -19, 12, -38, 103]	[-57, 52, 6, 100, 202]	[-89, -125, -122, -105, -166]	[-165, -115, -105, -106, -91]	[-4, -30, -16, -40, -60]	[90, 113, 106, 178, 149]	[10006, 9999, 9997, 9999, 9996]	[220, 188, 183, 240, 196]
862	38.5	[112, -26, -32, 81, 82]	[-115, -145, -78, 21, -76]	[-153, -52, 24, -9, -148]	[-46, -171, -90, -104, -74]	[123, -83, -98, 18, 22]	[-127, -19, 12, -38, 103]	[-57, 52, 6, 100, 202]	[-89, -125, -122, -105, -166]	[-165, -115, -105, -106, -91]	[-4, -30, -16, -40, -60]	[90, 113, 106, 178, 149]	[10006, 9999, 9997, 9999, 9996]	[220, 188, 183, 240, 196]
863	45.0	[112, -26, -32, 81, 82]	[-115, -145, -78, 21, -76]	[-153, -52, 24, -9, -148]	[-46, -171, -90, -104, -74]	[123, -83, -98, 18, 22]	[-127, -19, 12, -41, 103]	[-54, 52, 6, 100, 202]	[-89, -125, -123, -105, -166]	[-165, -115, -102, -106, -91]	[-4, -30, -16, -40, -60]	[90, 113, 106, 178, 149]	[10006, 9999, 9997, 9999, 10002]	[220, 188, 183, 240, 196]
864	38.5	[4, 153, -7, 39, 103]	[-92, -147, -69, 38, -5]	[-166, -56, 18, -4, -127]	[-51, -178, -92, -106, -84]	[118, -83, -103, 20, -1]	[-120, -21, 9, -50, 114]	[-61, 54, 8, 99, 163]	[-79, -136, -126, -109, -156]	[-165, -118, -104, -118, -111]	[25, -24, -16, -22, -83]	[89, 112, 108, 180, 30]	[10005, 9999, 9998, 9998, 9997]	[220, 124, 187, 271, 267]
865	36.5	[106, 33, -24, 32, 103]	[-114, -149, -78, 32, 14]	[-158, -56, 20, 0, -157]	[-46, -180, -86, -106, -58]	[126, -82, -97, 19, 26]	[-109, -19, 8, -51, 103]	[-73, 53, 5, 98, 164]	[-84, -135, -125, -108, -162]	[-171, -118, -107, -121, -106]	[-30, -21, -17, -22, -90]	[89, 112, 108, 175, 29]	[10005, 9999, 9999, 9998, 9998]	[218, 117, 187, 265, 267]
866	41.5	[106, 33, -24, 32, 103]	[-114, -149, -78, 32, 14]	[-158, -56, 20, 0, -157]	[-46, -180, -86, -106, -58]	[126, -82, -97, 19, 26]	[-109, -19, 8, -51, 103]	[-67, 53, 5, 98, 164]	[-84, -135, -125, -108, -162]	[-171, -118, -107, -121, -106]	[-30, -21, -17, -22, -90]	[89, 112, 108, 175, 29]	[10005, 9999, 9999, 9998, 9998]	[218, 117, 187, 265, 267]
867	36.0	[4, 153, 23, 34, 100]	[-111, -151, -71, 32, 27]	[-159, -56, 20, 3, -137]	[-45, -185, -92, -107, -77]	[124, -91, -104, 23, -1]	[-105, -19, 8, -55, 133]	[-61, 53, 7, 99, 184]	[-74, -140, -125, -107, -169]	[-175, -112, -107, -113, -119]	[24, -42, -16, -22, -83]	[89, 112, 102, 174, 31]	[10005, 9999, 9998, 9998, 9997]	[220, 124, 187, 265, 267]
868	37.0	[90, -25, -29, 44, 103]	[-111, -151, -79, 36, -15]	[-125, -56, 18, -1, -128]	[-45, -179, -90, -106, -74]	[123, -93, -97, 18, 38]	[-124, -20, 12, -46, 94]	[-70, 54, 7, 98, 205]	[-80, -143, -125, -104, -151]	[-179, -117, -108, -120, -122]	[4, -25, -17, -22, -57]	[99, 111, 108, 180, 149]	[10006, 9997, 10000, 9998, 9996]	[205, 169, 177, 225, 173]
869	39.5	[110, 28, -24, 32, 103]	[-113, -146, -75, 23, 20]	[-153, -52, 21, -3, -157]	[-52, -185, -90, -102, -49]	[126, -81, -100, 26, 29]	[-120, -20, 8, -46, 126]	[-68, 53, 8, 97, 164]	[-105, -140, -124, -127, -162]	[-171, -118, -108, -138, -106]	[2, -27, -18, -22, -96]	[88, 109, 105, 174, 29]	[10005, 9999, 9999, 9998, 10000]	[218, 161, 185, 265, 267]
870	37.0	[90, -25, -29, 36, 103]	[-111, -145, -73, 28, -19]	[-149, -56, 19, -4, -145]	[-45, -185, -92, -106, -74]	[120, -85, -101, 21, 25]	[-117, -19, 8, -55, 80]	[-61, 54, 4, 99, 167]	[-87, -142, -126, -106, -151]	[-179, -114, -109, -113, -128]	[7, -36, -16, -22, -83]	[96, 112, 101, 174, 32]	[10005, 9999, 9998, 9996, 9996]	[160, 169, 177, 225, 173]
871	43.0	[106, 33, -24, 32, 103]	[-114, -149, -78, 32, 14]	[-158, -56, 20, 0, -157]	[-46, -180, -86, -106, -58]	[126, -82, -97, 19, 26]	[-109, -19, 8, -51, 103]	[-67, 53, 5, 98, 164]	[-84, -135, -125, -108, -162]	[-171, -118, -107, -121, -106]	[-30, -21, -17, -22, -90]	[89, 112, 108, 175, 29]	[10005, 9999, 9999, 9998, 9998]	[218, 117, 187, 265, 267]
872	34.5	[112, -26, -32, 81, 82]	[-115, -145, -78, 21, -76]	[-153, -52, 21, -2, -148]	[-46, -175, -90, -105, -74]	[123, -83, -98, 18, 22]	[-127, -19, 12, -41, 103]	[-54, 54, 6, 98, 202]	[-89, -125, -123, -105, -166]	[-165, -115, -102, -106, -91]	[-4, -30, -16, -40, -60]	[90, 113, 106, 178, 149]	[10006, 9999, 9997, 9999, 10002]	[220, 188, 183, 240, 196]
873	37.0	[90, -8, -29, 44, 103]	[-111, -151, -75, 30, 13]	[-125, -56, 19, -4, -145]	[-45, -187, -92, -105, -74]	[120, -101, -101, 26, 30]	[-119, -20, 12, -55, 80]	[-66, 53, 9, 98, 205]	[-87, -142, -125, -104, -154]	[-179, -108, -107, -117, -124]	[18, -33, -16, -24, -83]	[92, 112, 101, 175, 50]	[10005, 9998, 9998, 9997, 9997]	[160, 169, 177, 225, 173]
874	36.5	[103, -25, -30, 60, 82]	[-115, -146, -78, 21, -76]	[-153, -52, 23, -6, -143]	[-46, -171, -90, -104, -74]	[123, -83, -98, 18, 22]	[-117, -19, 9, -53, 81]	[-54, 52, 4, 99, 187]	[-87, -137, -123, -105, -166]	[-165, -115, -109, -107, -91]	[-18, -26, -16, -40, -60]	[90, 113, 107, 178, 149]	[10006, 9998, 9999, 9998, 10002]	[220, 188, 183, 240, 196]
875	39.0	[90, -25, -29, 44, 103]	[-111, -151, -77, 31, -15]	[-125, -56, 19, -1, -126]	[-45, -187, -90, -106, -74]	[123, -99, -100, 18, 38]	[-124, -20, 11, -38, 80]	[-62, 53, 9, 98, 205]	[-87, -143, -125, -104, -151]	[-179, -108, -108, -105, -128]	[4, -28, -16, -24, -66]	[101, 112, 108, 179, 74]	[10006, 9997, 10000, 9995, 9996]	[160, 169, 177, 225, 173]
876	38.5	[103, -25, -30, 60, 82]	[-115, -146, -78, 21, -76]	[-153, -52, 23, -6, -143]	[-46, -171, -90, -104, -74]	[123, -83, -98, 18, 22]	[-117, -19, 9, -53, 81]	[-54, 52, 4, 99, 187]	[-87, -137, -123, -105, -166]	[-170, -115, -109, -107, -91]	[-17, -27, -16, -40, -60]	[95, 113, 107, 178, 149]	[10006, 9998, 9999, 9998, 10002]	[220, 188, 183, 240, 196]
877	41.5	[103, -25, -30, 60, 82]	[-115, -146, -78, 21, -76]	[-153, -52, 23, -6, -143]	[-46, -171, -90, -104, -74]	[123, -83, -98, 18, 22]	[-127, -19, 12, -41, 103]	[-54, 52, 6, 100, 202]	[-89, -125, -123, -105, -166]	[-165, -114, -109, -107, -91]	[-18, -27, -16, -40, -60]	[90, 113, 101, 176, 149]	[10006, 9998, 9998, 9996, 10002]	[220, 188, 183, 240, 196]
878	33.0	[103, -25, -30, 60, 82]	[-115, -146, -78, 21, -76]	[-153, -52, 23, -6, -143]	[-46, -171, -90, -104, -68]	[123, -83, -98, 18, 22]	[-117, -19, 9, -53, 81]	[-54, 52, 4, 99, 187]	[-87, -137, -123, -105, -166]	[-170, -115, -109, -107, -91]	[-17, -27, -16, -40, -60]	[95, 113, 107, 178, 149]	[10006, 9998, 9999, 9998, 10002]	[220, 188, 183, 240, 196]
879	34.0	[112, -26, -32, 81, 82]	[-115, -145, -78, 21, -76]	[-153, -52, 21, -2, -148]	[-46, -175, -90, -105, -74]	[123, -83, -98, 18, 22]	[-127, -19, 12, -41, 103]	[-54, 54, 6, 98, 202]	[-89, -125, -123, -105, -166]	[-165, -115, -102, -106, -91]	[-4, -30, -16, -40, -60]	[90, 113, 106, 178, 149]	[10006, 9999, 9997, 9999, 10002]	[220, 188, 183, 240, 196]
880	39.0	[90, -19, -29, 44, 103]	[-111, -151, -79, 36, -15]	[-125, -56, 18, -1, -128]	[-45, -179, -90, -106, -74]	[123, -88, -97, 23, 36]	[-122, -19, 10, -51, 99]	[-60, 53, 6, 99, 205]	[-88, -129, -125, -107, -167]	[-172, -114, -102, -111, -110]	[9, -27, -18, -28, -57]	[99, 111, 108, 178, 67]	[10006, 9997, 10000, 9998, 9996]	[211, 175, 173, 233, 173]
881	35.0	[103, 15, -24, 44, 82]	[-114, -147, -78, 21, -76]	[-153, -52, 23, -6, -143]	[-46, -174, -88, -105, -67]	[123, -83, -98, 18, 26]	[-114, -19, 9, -51, 81]	[-54, 53, 4, 98, 187]	[-87, -137, -123, -107, -164]	[-165, -115, -109, -124, -103]	[-18, -26, -17, -40, -72]	[90, 113, 107, 178, 148]	[10006, 9998, 9999, 9998, 10002]	[220, 188, 183, 240, 196]
882	45.0	[103, -25, -30, 60, 82]	[-115, -146, -78, 21, -76]	[-156, -55, 23, -6, -143]	[-46, -173, -89, -104, -74]	[123, -83, -97, 18, 26]	[-116, -19, 9, -53, 81]	[-54, 52, 5, 98, 173]	[-86, -137, -123, -105, -167]	[-165, -115, -108, -123, -98]	[-18, -26, -17, -40, -72]	[90, 113, 107, 178, 148]	[10006, 9998, 9999, 9998, 10002]	[220, 188, 183, 240, 196]
883	41.0	[103, -25, -30, 60, 82]	[-115, -146, -78, 21, -76]	[-156, -55, 23, -6, -143]	[-46, -173, -89, -104, -74]	[123, -83, -97, 18, 26]	[-116, -19, 9, -53, 81]	[-54, 52, 5, 98, 173]	[-86, -137, -123, -105, -167]	[-165, -115, -108, -123, -98]	[-18, -26, -17, -40, -72]	[90, 113, 107, 178, 148]	[10006, 9998, 9999, 9998, 10002]	[220, 188, 183, 240, 196]
884	39.0	[103, -25, -30, 60, 82]	[-115, -146, -78, 21, -76]	[-156, -55, 23, -6, -143]	[-46, -173, -89, -104, -74]	[123, -83, -97, 18, 26]	[-116, -19, 9, -53, 81]	[-54, 52, 5, 98, 173]	[-86, -137, -123, -105, -167]	[-165, -115, -108, -123, -98]	[-18, -26, -17, -40, -72]	[90, 113, 107, 178, 148]	[10006, 9998, 9999, 9998, 10002]	[220, 188, 183, 240, 196]
885	37.0	[112, -26, -32, 81, 82]	[-115, -146, -78, 21, -76]	[-135, -56, 19, -2, -148]	[-46, -179, -90, -106, -74]	[123, -92, -98, 18, 22]	[-127, -19, 11, -41, 103]	[-54, 54, 6, 98, 202]	[-89, -125, -123, -105, -166]	[-165, -115, -102, -106, -91]	[-4, -30, -16, -40, -60]	[90, 113, 106, 178, 149]	[10006, 9999, 9997, 9999, 10002]	[220, 188, 189, 240, 196]
886	37.0	[103, -25, -30, 60, 82]	[-115, -146, -78, 21, -76]	[-153, -54, 20, -6, -134]	[-46, -172, -90, -104, -74]	[123, -86, -98, 18, 22]	[-127, -20, 12, -41, 103]	[-62, 52, 6, 100, 202]	[-95, -143, -124, -105, -166]	[-165, -114, -109, -107, -125]	[-18, -27, -16, -40, -60]	[90, 113, 101, 176, 149]	[10006, 9998, 9998, 9996, 10002]	[220, 188, 183, 240, 196]
887	41.0	[90, -25, -29, 44, 103]	[-113, -149, -77, 31, -15]	[-125, -56, 19, -1, -126]	[-45, -187, -84, -106, -74]	[123, -99, -94, 18, 38]	[-124, -20, 11, -38, 80]	[-62, 53, 9, 98, 205]	[-87, -143, -125, -104, -151]	[-179, -109, -109, -105, -128]	[4, -27, -16, -24, -66]	[95, 112, 104, 179, 74]	[10006, 9997, 9998, 9995, 9996]	[160, 169, 177, 225, 182]
888	37.5	[110, 28, -24, 26, 103]	[-113, -146, -75, 23, 20]	[-153, -52, 27, -3, -157]	[-52, -185, -90, -102, -49]	[125, -90, -100, 26, 29]	[-120, -20, 8, -39, 98]	[-68, 53, 8, 98, 204]	[-105, -140, -124, -127, -152]	[-176, -114, -108, -112, -106]	[2, -27, -17, -23, -81]	[88, 111, 107, 174, 29]	[10006, 9999, 9999, 9995, 9996]	[218, 161, 185, 232, 253]
889	40.5	[103, -25, -30, 60, 82]	[-115, -146, -78, 21, -76]	[-153, -54, 20, -6, -134]	[-46, -172, -90, -104, -74]	[123, -86, -98, 18, 22]	[-127, -20, 12, -41, 103]	[-62, 52, 6, 100, 202]	[-95, -143, -124, -105, -167]	[-165, -114, -108, -114, -125]	[-18, -27, -16, -40, -60]	[90, 113, 101, 176, 149]	[10006, 9998, 9998, 9996, 10002]	[220, 188, 183, 240, 196]
890	44.5	[90, -25, -29, 44, 103]	[-113, -149, -77, 31, -15]	[-125, -56, 19, -1, -126]	[-45, -187, -84, -106, -74]	[123, -99, -94, 18, 38]	[-124, -20, 11, -38, 80]	[-62, 53, 9, 98, 205]	[-87, -143, -125, -104, -151]	[-179, -109, -109, -105, -128]	[4, -27, -16, -24, -66]	[95, 112, 104, 179, 74]	[10006, 9997, 9998, 9995, 9996]	[160, 169, 177, 225, 182]
891	38.5	[103, 44, -4, 32, 70]	[-79, -146, -78, 21, -76]	[-153, -52, 23, -9, -139]	[-46, -171, -90, -104, -74]	[123, -103, -102, 20, 11]	[-117, -19, 9, -53, 81]	[-54, 52, 4, 99, 187]	[-81, -137, -123, -105, -166]	[-165, -115, -109, -107, -91]	[-18, -26, -16, -40, -60]	[90, 113, 107, 178, 149]	[10006, 9998, 9999, 9998, 10002]	[220, 188, 183, 240, 196]
892	37.0	[103, 15, -24, 44, 82]	[-114, -147, -78, 21, -76]	[-153, -52, 19, -6, -143]	[-46, -173, -88, -105, -68]	[123, -83, -98, 18, 23]	[-114, -19, 10, -49, 81]	[-54, 53, 5, 98, 187]	[-87, -137, -123, -107, -164]	[-165, -115, -109, -124, -97]	[-18, -26, -17, -40, -72]	[90, 113, 107, 178, 148]	[10006, 9998, 9999, 9998, 10002]	[220, 182, 183, 240, 196]
893	35.0	[110, 28, -24, 20, 103]	[-113, -146, -75, 23, 20]	[-153, -52, 27, -3, -157]	[-52, -185, -84, -102, -49]	[125, -90, -100, 26, 29]	[-120, -20, 8, -39, 98]	[-68, 53, 8, 104, 204]	[-105, -140, -124, -127, -152]	[-176, -114, -108, -112, -106]	[2, -27, -17, -23, -81]	[88, 111, 107, 174, 29]	[10006, 9999, 9999, 9995, 9996]	[218, 161, 185, 232, 253]
894	35.5	[110, 28, -24, 20, 103]	[-113, -146, -75, 23, 20]	[-153, -52, 27, -3, -157]	[-52, -185, -84, -102, -49]	[125, -90, -100, 26, 29]	[-120, -20, 8, -39, 98]	[-68, 53, 8, 104, 204]	[-105, -140, -124, -127, -152]	[-176, -114, -108, -112, -106]	[2, -27, -17, -23, -81]	[88, 111, 107, 174, 29]	[10006, 9999, 9999, 9995, 9996]	[218, 161, 185, 232, 253]
895	38.0	[103, 15, -24, 44, 82]	[-114, -147, -78, 21, -76]	[-153, -52, 19, -6, -143]	[-46, -173, -88, -105, -68]	[123, -83, -98, 18, 23]	[-114, -19, 10, -49, 81]	[-54, 53, 5, 98, 187]	[-87, -137, -123, -107, -164]	[-165, -115, -109, -124, -97]	[-18, -26, -17, -40, -72]	[90, 113, 107, 178, 148]	[10006, 9998, 9999, 9998, 10002]	[220, 182, 183, 240, 196]
896	44.0	[103, -25, -30, 60, 82]	[-115, -146, -78, 21, -76]	[-153, -54, 20, -6, -134]	[-46, -172, -90, -104, -74]	[123, -86, -95, 18, 22]	[-127, -20, 12, -38, 90]	[-62, 52, 7, 100, 202]	[-95, -143, -124, -105, -167]	[-165, -114, -108, -107, -125]	[-18, -27, -16, -40, -60]	[90, 113, 101, 176, 149]	[10006, 9998, 9998, 9996, 10002]	[220, 188, 183, 240, 196]
897	40.0	[103, -25, -30, 60, 82]	[-115, -146, -78, 21, -76]	[-139, -52, 21, -4, -146]	[-46, -171, -90, -105, -74]	[117, -87, -98, 18, 22]	[-127, -19, 11, -41, 103]	[-54, 54, 6, 99, 202]	[-89, -125, -123, -105, -166]	[-165, -114, -109, -106, -91]	[-18, -27, -16, -40, -60]	[90, 113, 106, 175, 52]	[10006, 9998, 9998, 9997, 10002]	[220, 188, 183, 240, 196]
898	38.5	[103, -25, -30, 60, 82]	[-115, -146, -78, 21, -76]	[-139, -52, 21, -4, -146]	[-46, -171, -90, -105, -74]	[117, -87, -98, 18, 22]	[-127, -19, 11, -41, 103]	[-54, 54, 6, 99, 202]	[-89, -125, -123, -105, -166]	[-165, -114, -109, -106, -91]	[-18, -27, -16, -40, -60]	[90, 113, 106, 175, 52]	[10006, 9998, 9998, 9997, 10002]	[220, 188, 183, 240, 196]
899	40.5	[90, -19, -29, 44, 103]	[-114, -147, -79, 22, -56]	[-151, -56, 24, -1, -128]	[-45, -178, -88, -106, -74]	[123, -84, -98, 19, 27]	[-122, -19, 10, -50, 99]	[-60, 53, 6, 99, 205]	[-88, -129, -125, -107, -164]	[-172, -114, -102, -111, -110]	[3, -27, -18, -28, -57]	[99, 111, 108, 178, 67]	[10006, 9997, 10000, 9998, 9996]	[211, 175, 173, 233, 173]
900	36.5	[99, 15, -24, 44, 82]	[-114, -147, -79, 21, -76]	[-153, -52, 18, -3, -134]	[-46, -178, -88, -105, -68]	[148, -83, -98, 23, 23]	[-114, -19, 10, -49, 90]	[-54, 53, 5, 98, 187]	[-87, -137, -123, -107, -164]	[-165, -115, -109, -124, -97]	[-18, -26, -17, -40, -72]	[90, 113, 107, 178, 148]	[10006, 9998, 9993, 9998, 10002]	[220, 182, 183, 240, 196]
901	34.5	[110, 28, -24, 20, 103]	[-113, -146, -75, 23, 20]	[-153, -52, 22, -3, -157]	[-52, -185, -84, -102, -49]	[125, -90, -100, 26, 29]	[-120, -20, 8, -39, 98]	[-68, 53, 8, 104, 204]	[-105, -140, -124, -127, -152]	[-176, -114, -83, -112, -106]	[2, -27, -17, -23, -81]	[88, 111, 107, 174, 29]	[10006, 9999, 9999, 9995, 9996]	[218, 161, 185, 232, 253]
902	43.0	[103, 15, -24, 44, 76]	[-114, -147, -78, 21, -76]	[-153, -52, 48, -5, -143]	[-46, -174, -89, -104, -68]	[120, -83, -98, 18, 26]	[-118, -19, 11, -51, 81]	[-54, 47, 4, 98, 187]	[-86, -137, -123, -105, -166]	[-165, -114, -109, -119, -101]	[-18, -26, -16, -40, -72]	[90, 113, 107, 178, 149]	[10006, 9998, 9999, 9998, 10002]	[220, 188, 183, 240, 196]
903	35.5	[99, 15, -24, 44, 82]	[-114, -147, -79, 21, -76]	[-153, -52, 18, -3, -134]	[-46, -178, -88, -105, -68]	[148, -83, -98, 23, 23]	[-114, -19, 10, -49, 90]	[-54, 53, 5, 98, 187]	[-87, -137, -123, -107, -164]	[-165, -115, -109, -124, -97]	[-18, -26, -17, -40, -72]	[90, 113, 107, 178, 148]	[10006, 9998, 9993, 9998, 10002]	[220, 182, 183, 240, 196]
904	35.0	[33, 17, -14, 36, 103]	[-113, -145, -78, 24, -19]	[-150, -53, 21, -6, -145]	[-45, -179, -92, -106, -74]	[120, -85, -99, 21, 25]	[-117, -19, 8, -51, 81]	[-56, 53, 4, 99, 167]	[-87, -142, -126, -105, -151]	[-179, -114, -109, -113, -134]	[2, -33, -16, -22, -83]	[96, 112, 107, 177, 32]	[10005, 9999, 9998, 9996, 9996]	[171, 186, 181, 234, 173]
905	37.0	[103, 3, -29, 44, 82]	[-114, -145, -76, 21, -76]	[-126, -54, 23, -6, -143]	[-46, -174, -90, -104, -70]	[121, -83, -101, 21, 26]	[-118, -20, 8, -55, 81]	[-59, 53, 5, 99, 171]	[-99, -124, -123, -107, -152]	[-168, -114, -109, -124, -103]	[-18, -26, -16, -40, -72]	[90, 113, 107, 178, 148]	[10006, 9998, 9999, 9998, 10002]	[220, 188, 183, 240, 196]
906	40.0	[103, 15, -24, 44, 76]	[-114, -147, -78, 36, -76]	[-153, -77, 21, -6, -137]	[-45, -174, -88, -105, -67]	[123, -85, -97, 18, 26]	[-114, -19, 9, -49, 87]	[-54, 53, 4, 98, 187]	[-87, -137, -123, -107, -164]	[-165, -115, -109, -124, -103]	[-18, -26, -17, -40, -72]	[90, 113, 107, 178, 148]	[10006, 9998, 9999, 9992, 10002]	[220, 188, 183, 240, 196]
907	38.5	[103, 44, -4, 32, 70]	[-79, -146, -78, 21, -76]	[-153, -52, 23, -9, -139]	[-46, -173, -90, -104, -74]	[123, -103, -98, 20, 11]	[-117, -19, 10, -49, 81]	[-54, 52, 4, 98, 187]	[-87, -137, -123, -105, -166]	[-165, -115, -109, -111, -66]	[-18, -26, -17, -40, -60]	[90, 113, 107, 178, 149]	[10006, 9998, 9999, 9998, 10002]	[220, 188, 183, 240, 196]
908	37.5	[103, 15, -24, 44, 76]	[-114, -147, -78, 21, -76]	[-153, -52, 48, -5, -143]	[-46, -182, -89, -104, -68]	[122, -87, -98, 18, 26]	[-118, -19, 11, -51, 81]	[-54, 47, 4, 98, 187]	[-86, -137, -123, -105, -166]	[-165, -114, -109, -119, -101]	[-18, -26, -16, -40, -72]	[90, 113, 107, 178, 149]	[10006, 9998, 9999, 9998, 10002]	[220, 188, 183, 240, 196]
909	40.0	[103, -25, -30, 60, 82]	[-114, -146, -78, 22, -76]	[-139, -52, 21, -6, -146]	[-45, -175, -89, -105, -74]	[119, -87, -99, 20, 23]	[-127, -19, 12, -44, 84]	[-58, 54, 6, 99, 202]	[-90, -125, -123, -105, -166]	[-165, -114, -109, -106, -91]	[-18, -27, 2, -40, -60]	[90, 113, 106, 175, 52]	[10006, 9998, 9998, 9996, 10002]	[220, 188, 183, 240, 196]
910	40.0	[103, 15, -24, 44, 76]	[-114, -147, -78, 21, -76]	[-153, -52, 48, -5, -143]	[-46, -174, -89, -104, -68]	[120, -83, -98, 18, 26]	[-118, -19, 11, -51, 81]	[-54, 47, 4, 98, 187]	[-86, -137, -123, -105, -166]	[-165, -114, -109, -119, -101]	[-18, -26, -16, -40, -72]	[90, 113, 107, 178, 149]	[10006, 9998, 9999, 9998, 10002]	[220, 188, 183, 240, 196]
911	46.5	[103, 15, -24, 44, 76]	[-114, -147, -78, 21, -76]	[-153, -52, 48, -5, -143]	[-46, -182, -89, -104, -68]	[122, -87, -98, 18, 26]	[-118, -19, 11, -51, 81]	[-54, 47, 4, 98, 187]	[-86, -137, -123, -105, -166]	[-165, -114, -109, -119, -101]	[-18, -26, -16, -40, -72]	[90, 113, 107, 178, 149]	[10006, 9998, 9999, 9998, 10002]	[220, 188, 183, 240, 196]
912	37.5	[103, -12, -20, 44, 88]	[-111, -150, -78, 21, -76]	[-153, -52, 19, -6, -143]	[-46, -173, -88, -105, -73]	[123, -94, -101, 18, 12]	[-117, -19, 10, -44, 90]	[-58, 53, 6, 104, 181]	[-87, -137, -124, -114, -160]	[-175, -115, -95, -110, -92]	[-18, -26, -17, -29, -73]	[90, 113, 107, 175, 148]	[10006, 9998, 9999, 9998, 10008]	[220, 182, 183, 240, 196]
913	44.5	[103, -12, -20, 44, 88]	[-111, -150, -78, 21, -76]	[-153, -52, 19, -6, -143]	[-46, -173, -88, -105, -73]	[123, -94, -101, 18, 12]	[-117, -19, 10, -44, 90]	[-58, 53, 6, 104, 181]	[-87, -137, -124, -114, -160]	[-175, -115, -95, -110, -92]	[-18, -26, -17, -29, -73]	[90, 113, 107, 175, 148]	[10006, 9998, 9999, 9998, 10008]	[220, 182, 183, 240, 196]
914	35.5	[110, 28, -24, 20, 103]	[-113, -146, -75, 23, 20]	[-153, -53, 22, -3, -157]	[-48, -178, -85, -102, -49]	[125, -88, -100, 26, 25]	[-114, -19, 8, -39, 98]	[-68, 53, 5, 98, 204]	[-90, -138, -123, -127, -152]	[-176, -114, -95, -111, -102]	[2, -27, -17, -37, -78]	[88, 111, 107, 174, 29]	[10006, 9999, 9999, 9995, 9996]	[218, 161, 185, 232, 253]
915	42.5	[103, -12, -20, 44, 88]	[-111, -150, -78, 21, -76]	[-153, -52, 19, -6, -143]	[-46, -173, -88, -105, -73]	[123, -94, -101, 12, 12]	[-117, -19, 10, -44, 90]	[-58, 53, 6, 104, 181]	[-87, -137, -124, -114, -160]	[-175, -115, -95, -110, -92]	[-18, -26, -17, -29, -73]	[90, 113, 107, 175, 148]	[10006, 9998, 9999, 9998, 10008]	[220, 182, 183, 240, 196]
916	43.5	[103, 15, -24, 44, 76]	[-114, -147, -78, 21, -76]	[-153, -52, 48, -5, -143]	[-46, -174, -89, -104, -68]	[120, -83, -99, 21, 26]	[-118, -19, 11, -51, 81]	[-54, 47, 4, 99, 187]	[-86, -142, -126, -105, -166]	[-165, -114, -109, -119, -118]	[-18, -26, -16, -40, -72]	[90, 113, 107, 178, 149]	[10006, 9998, 9999, 9998, 10002]	[220, 188, 183, 240, 196]
917	37.0	[103, 15, -24, 44, 76]	[-114, -147, -78, 21, -76]	[-153, -52, 48, -5, -143]	[-46, -174, -89, -104, -68]	[120, -83, -98, 18, 26]	[-118, -19, 11, -51, 81]	[-54, 47, 4, 98, 187]	[-86, -137, -123, -105, -166]	[-165, -114, -109, -119, -101]	[-18, -26, -16, -40, -72]	[90, 113, 107, 178, 149]	[10006, 9998, 9999, 9998, 10002]	[220, 188, 183, 240, 196]
918	39.0	[103, -25, -30, 60, 82]	[-115, -146, -78, 21, -76]	[-153, -54, 20, -6, -134]	[-46, -172, -90, -104, -74]	[122, -84, -98, 20, 24]	[-127, -20, 11, -46, 81]	[-58, 51, 4, 100, 181]	[-94, -122, -124, -103, -167]	[-168, -114, -108, -115, -93]	[-18, -27, -16, -40, -60]	[90, 113, 106, 176, 149]	[10006, 9998, 9998, 9996, 10002]	[220, 188, 183, 240, 196]
919	43.5	[103, -25, -30, 60, 82]	[-115, -146, -78, 21, -76]	[-153, -54, 20, -6, -134]	[-46, -172, -90, -104, -74]	[122, -84, -98, 20, 24]	[-127, -20, 11, -46, 81]	[-58, 53, 5, 100, 181]	[-94, -122, -124, -101, -167]	[-168, -114, -108, -107, -93]	[-18, -27, -16, -40, -60]	[90, 113, 105, 176, 149]	[10006, 9998, 9998, 9996, 10002]	[220, 188, 183, 240, 196]
920	40.5	[103, 15, -24, 44, 76]	[-114, -147, -78, 21, -76]	[-153, -52, 48, -5, -143]	[-46, -174, -89, -104, -68]	[120, -83, -98, 18, 26]	[-118, -19, 11, -51, 81]	[-54, 47, 4, 98, 187]	[-86, -137, -123, -105, -166]	[-165, -114, -109, -119, -101]	[-18, -26, -16, -40, -72]	[90, 113, 107, 178, 149]	[10006, 9998, 9999, 9998, 10002]	[220, 188, 183, 240, 196]
921	38.5	[103, 15, -24, 44, 76]	[-114, -147, -78, 36, -76]	[-153, -77, 21, -6, -137]	[-45, -174, -88, -105, -67]	[123, -85, -97, 18, 26]	[-114, -13, 9, -49, 87]	[-48, 51, 5, 98, 187]	[-87, -137, -123, -107, -164]	[-165, -115, -109, -124, -100]	[-18, -26, -17, -40, -72]	[90, 113, 107, 178, 148]	[10006, 9998, 9999, 9992, 10002]	[220, 188, 183, 240, 196]
922	39.0	[103, -25, -30, 60, 82]	[-114, -146, -79, 22, -76]	[-144, -52, 21, -6, -146]	[-45, -175, -89, -105, -74]	[119, -87, -99, 20, 23]	[-127, -19, 12, -44, 84]	[-58, 54, 6, 99, 202]	[-90, -125, -123, -105, -166]	[-165, -114, -109, -106, -91]	[-18, -27, 2, -40, -60]	[90, 113, 106, 175, 52]	[10006, 9998, 9992, 9996, 10002]	[220, 188, 183, 240, 196]
923	43.5	[103, 15, -24, 44, 76]	[-114, -147, -78, 21, -76]	[-153, -52, 48, -5, -143]	[-46, -174, -89, -104, -68]	[120, -83, -99, 21, 26]	[-118, -19, 11, -51, 81]	[-54, 47, 4, 99, 187]	[-86, -142, -126, -105, -166]	[-165, -114, -109, -119, -118]	[-18, -26, -16, -40, -72]	[90, 113, 107, 178, 149]	[10006, 9998, 9999, 9998, 10002]	[220, 188, 183, 240, 196]
924	38.5	[103, 15, -24, 44, 76]	[-114, -147, -78, 21, -76]	[-153, -52, 48, -5, -143]	[-46, -174, -89, -104, -68]	[120, -83, -98, 18, 26]	[-118, -19, 11, -51, 81]	[-54, 47, 4, 98, 187]	[-86, -137, -123, -105, -166]	[-165, -114, -109, -119, -101]	[-18, -26, -16, -40, -72]	[90, 113, 107, 178, 149]	[10006, 9998, 9999, 9998, 10002]	[220, 188, 183, 240, 196]
925	38.5	[99, 15, -24, 44, 82]	[-114, -147, -79, 21, -76]	[-153, -53, 19, -3, -134]	[-46, -177, -88, -105, -68]	[148, -83, -98, 23, 23]	[-114, -19, 4, -49, 90]	[-54, 47, 5, 98, 187]	[-87, -137, -123, -107, -164]	[-165, -115, -109, -124, -102]	[-15, -28, -17, -38, -73]	[90, 113, 107, 178, 148]	[10006, 9998, 9997, 9995, 9999]	[220, 182, 183, 240, 196]
926	37.0	[103, -25, -30, 60, 82]	[-114, -147, -79, 21, -76]	[-153, -54, 20, -6, -134]	[-46, -172, -90, -105, -69]	[124, -83, -98, 23, 24]	[-127, -20, 10, -46, 85]	[-58, 51, 5, 100, 181]	[-92, -124, -124, -124, -162]	[-168, -115, -92, -115, -93]	[-18, -27, -16, -38, -68]	[90, 111, 107, 176, 149]	[10006, 9998, 9995, 9996, 10002]	[214, 188, 183, 240, 196]
927	35.5	[99, 15, -24, 44, 88]	[-114, -147, -79, 21, -76]	[-153, -60, 19, -3, -148]	[-46, -178, -90, -104, -74]	[145, -83, -98, 21, 23]	[-116, -19, 11, -46, 89]	[-59, 57, 5, 99, 187]	[-87, -134, -123, -126, -156]	[-165, -115, -84, -107, -97]	[-18, -27, -17, -38, -72]	[90, 111, 107, 174, 126]	[10006, 9998, 9995, 9997, 10002]	[220, 182, 183, 240, 234]
928	37.5	[99, 15, -24, 44, 88]	[-114, -147, -79, 21, -76]	[-153, -60, 19, -3, -148]	[-46, -178, -90, -104, -74]	[145, -83, -98, 21, 23]	[-116, -19, 11, -46, 89]	[-59, 57, 5, 99, 187]	[-87, -134, -123, -126, -156]	[-165, -115, -84, -107, -97]	[-18, -27, -17, -38, -72]	[90, 111, 107, 174, 126]	[10006, 9998, 9995, 9997, 10002]	[220, 182, 183, 240, 234]
929	36.0	[103, -25, -30, 60, 82]	[-114, -147, -79, 21, -76]	[-153, -54, 20, -6, -134]	[-46, -172, -90, -105, -69]	[124, -83, -98, 23, 24]	[-127, -20, 10, -46, 85]	[-58, 51, 5, 100, 181]	[-92, -124, -124, -124, -162]	[-168, -115, -92, -115, -93]	[-18, -27, -16, -38, -68]	[90, 111, 107, 176, 149]	[10006, 9998, 9995, 9996, 10002]	[214, 188, 183, 240, 196]
930	41.0	[103, -25, -30, 60, 82]	[-114, -146, -79, 22, -76]	[-144, -52, 21, -6, -146]	[-45, -175, -89, -105, -74]	[119, -87, -99, 20, 23]	[-127, -19, 12, -44, 84]	[-58, 54, 6, 99, 197]	[-90, -125, -123, -105, -166]	[-165, -114, -109, -106, -91]	[-18, -27, 2, -40, -60]	[90, 113, 106, 175, 52]	[10006, 9998, 9992, 9996, 10002]	[220, 188, 183, 240, 196]
931	37.5	[103, -25, -30, 60, 82]	[-115, -146, -78, 21, -76]	[-153, -54, 20, -6, -134]	[-46, -172, -90, -104, -74]	[115, -86, -98, 20, 24]	[-127, -20, 11, -46, 81]	[-58, 53, 5, 101, 180]	[-94, -125, -123, -111, -167]	[-167, -114, -114, -107, -93]	[-18, -27, -16, -40, -60]	[90, 113, 106, 175, 149]	[10006, 9998, 9998, 9996, 10002]	[220, 188, 183, 240, 196]
932	39.5	[103, 15, -24, 44, 76]	[-114, -147, -78, 21, -76]	[-153, -52, 48, -5, -143]	[-46, -174, -89, -104, -68]	[120, -83, -99, 21, 26]	[-118, -19, 11, -51, 81]	[-54, 47, 4, 99, 187]	[-86, -142, -126, -105, -166]	[-165, -114, -109, -119, -118]	[-18, -26, -16, -40, -72]	[90, 113, 107, 178, 149]	[10006, 9998, 9999, 9998, 10002]	[220, 188, 183, 240, 196]
933	37.0	[99, 15, -30, 44, 82]	[-114, -147, -79, 21, -76]	[-153, -53, 19, -3, -140]	[-46, -177, -88, -105, -68]	[148, -83, -98, 23, 23]	[-114, -19, 6, -47, 90]	[-54, 50, 5, 98, 187]	[-87, -135, -123, -107, -164]	[-165, -115, -109, -124, -102]	[-17, -27, -17, -38, -73]	[90, 113, 107, 178, 148]	[10006, 9998, 9997, 9995, 9999]	[220, 182, 183, 240, 196]
934	40.5	[103, 15, -24, 44, 76]	[-114, -147, -78, 21, -76]	[-153, -52, 45, -6, -143]	[-46, -173, -89, -104, -68]	[122, -83, -98, 13, 19]	[-118, -19, 11, -48, 87]	[-54, 52, 4, 98, 187]	[-87, -136, -123, -105, -166]	[-165, -115, -108, -124, -102]	[-18, -26, -17, -38, -72]	[90, 112, 107, 178, 148]	[10006, 9998, 9999, 9998, 10002]	[220, 188, 183, 240, 196]
935	35.5	[103, -18, -20, 44, 88]	[-111, -150, -78, 21, -76]	[-152, -52, 28, -6, -143]	[-46, -175, -89, -105, -70]	[123, -94, -100, 15, 17]	[-117, -19, 10, -48, 87]	[-58, 53, 6, 99, 201]	[-90, -130, -124, -104, -160]	[-174, -115, -102, -106, -92]	[-18, -26, -17, -29, -73]	[90, 113, 107, 175, 142]	[10006, 9998, 9999, 9998, 10008]	[220, 182, 189, 240, 196]
936	41.5	[103, -25, -30, 60, 82]	[-114, -147, -79, 21, -76]	[-153, -54, 20, -6, -134]	[-46, -172, -90, -105, -69]	[124, -83, -98, 23, 24]	[-127, -20, 10, -46, 85]	[-58, 51, 5, 100, 181]	[-92, -124, -124, -124, -162]	[-168, -115, -92, -115, -93]	[-18, -27, -16, -38, -68]	[90, 105, 107, 176, 149]	[10006, 9998, 9995, 9996, 10002]	[214, 188, 183, 240, 196]
937	39.5	[103, -25, -30, 60, 82]	[-114, -146, -79, 28, -76]	[-144, -52, 21, -6, -146]	[-45, -174, -89, -104, -74]	[119, -85, -99, 20, 23]	[-127, -19, 11, -44, 84]	[-58, 54, 6, 99, 197]	[-90, -125, -123, -105, -166]	[-165, -114, -109, -106, -91]	[-18, -27, 2, -40, -60]	[90, 113, 106, 175, 52]	[10006, 9998, 9992, 9996, 10002]	[220, 188, 183, 240, 196]
938	43.0	[103, 15, -24, 44, 76]	[-114, -147, -78, 36, -76]	[-153, -77, 21, -6, -137]	[-45, -174, -88, -105, -67]	[123, -85, -97, 18, 26]	[-114, -13, 9, -49, 87]	[-48, 51, 5, 98, 187]	[-87, -137, -123, -107, -164]	[-165, -115, -109, -124, -100]	[-18, -26, -17, -40, -72]	[90, 113, 107, 178, 148]	[10006, 9998, 9999, 9992, 10002]	[220, 188, 183, 240, 196]
939	42.5	[103, -18, -20, 44, 88]	[-111, -150, -78, 21, -76]	[-152, -52, 28, -6, -143]	[-46, -175, -89, -105, -70]	[123, -94, -100, 15, 17]	[-117, -19, 10, -48, 87]	[-58, 53, 6, 99, 201]	[-90, -130, -124, -104, -160]	[-174, -115, -102, -106, -92]	[-18, -26, -17, -29, -73]	[90, 113, 107, 175, 142]	[10006, 9998, 9999, 9998, 10008]	[220, 182, 189, 240, 196]
940	39.0	[103, -25, -30, 60, 82]	[-115, -146, -78, 21, -76]	[-153, -54, 20, -6, -134]	[-46, -172, -90, -105, -74]	[121, -86, -98, 20, 24]	[-127, -20, 11, -46, 85]	[-58, 53, 5, 101, 180]	[-93, -124, -124, -111, -167]	[-167, -114, -93, -111, -93]	[-18, -27, -16, -39, -60]	[90, 112, 106, 175, 149]	[10006, 9998, 9998, 9996, 10002]	[220, 188, 183, 240, 196]
941	36.0	[103, -25, -30, 60, 82]	[-114, -147, -79, 21, -76]	[-153, -54, 20, -6, -134]	[-46, -172, -89, -104, -69]	[124, -83, -99, 13, 30]	[-122, -19, 7, -48, 88]	[-60, 59, 5, 99, 184]	[-88, -135, -124, -123, -164]	[-168, -115, -92, -124, -93]	[-18, -27, -17, -38, -68]	[90, 111, 107, 176, 149]	[10006, 9998, 9994, 9996, 10002]	[220, 188, 183, 240, 196]
942	36.5	[103, 15, -24, 44, 76]	[-114, -147, -78, 36, -76]	[-153, -77, 21, -6, -137]	[-45, -174, -88, -105, -67]	[123, -85, -97, 18, 26]	[-114, -13, 9, -49, 87]	[-48, 51, 5, 98, 187]	[-87, -137, -123, -107, -164]	[-165, -115, -109, -124, -100]	[-18, -26, -17, -40, -72]	[90, 113, 107, 178, 148]	[10006, 9998, 9999, 9992, 10002]	[220, 188, 183, 240, 196]
943	37.0	[103, 15, -24, 44, 76]	[-114, -147, -72, 21, -76]	[-153, -52, 45, -6, -143]	[-46, -173, -89, -104, -68]	[122, -83, -98, 13, 19]	[-118, -19, 11, -48, 87]	[-54, 52, 4, 98, 187]	[-87, -136, -123, -105, -166]	[-165, -115, -108, -124, -102]	[-18, -26, -17, -38, -72]	[90, 112, 107, 178, 148]	[10006, 9998, 9999, 9998, 10002]	[220, 188, 183, 240, 196]
944	41.5	[103, 15, -24, 44, 76]	[-114, -147, -78, 36, -76]	[-153, -77, 21, -6, -137]	[-45, -174, -88, -105, -67]	[123, -85, -97, 18, 26]	[-114, -13, 9, -49, 87]	[-48, 51, 5, 98, 187]	[-87, -137, -123, -107, -164]	[-165, -115, -109, -124, -100]	[-18, -26, -17, -40, -72]	[90, 113, 107, 178, 148]	[10006, 9998, 9999, 9992, 10002]	[220, 188, 183, 240, 196]
945	39.5	[103, 8, -21, 44, 88]	[-111, -150, -78, 21, -76]	[-153, -52, 28, -5, -149]	[-46, -172, -88, -105, -68]	[123, -89, -101, 17, 17]	[-116, -19, 10, -45, 86]	[-58, 54, 5, 104, 187]	[-87, -142, -124, -104, -160]	[-174, -115, -99, -121, -92]	[-18, -27, -17, -36, -69]	[90, 111, 107, 175, 148]	[10006, 9998, 9999, 9998, 10008]	[220, 182, 189, 240, 196]
946	38.5	[103, -25, -30, 60, 82]	[-115, -146, -78, 21, -76]	[-153, -54, 20, -6, -134]	[-46, -172, -90, -104, -74]	[115, -89, -98, 20, 24]	[-118, -19, 11, -46, 85]	[-58, 53, 5, 99, 183]	[-94, -125, -123, -109, -167]	[-166, -115, -113, -107, -93]	[-18, -27, -16, -40, -60]	[90, 113, 107, 176, 149]	[10006, 9998, 9998, 9996, 10002]	[220, 188, 183, 240, 196]
947	39.0	[103, 15, -24, 44, 76]	[-114, -147, -72, 21, -76]	[-153, -52, 45, -6, -143]	[-46, -173, -89, -104, -68]	[122, -77, -98, 13, 19]	[-112, -19, 11, -48, 87]	[-54, 52, 4, 98, 187]	[-87, -136, -123, -105, -166]	[-165, -115, -108, -124, -102]	[-18, -26, -17, -38, -72]	[90, 112, 107, 178, 148]	[10006, 9998, 9999, 9998, 10002]	[220, 188, 183, 240, 196]
948	35.5	[103, -25, -30, 60, 82]	[-115, -146, -78, 21, -76]	[-153, -54, 20, -6, -134]	[-46, -172, -90, -105, -74]	[121, -86, -98, 20, 24]	[-127, -20, 11, -46, 85]	[-58, 53, 5, 101, 180]	[-93, -124, -118, -111, -165]	[-167, -114, -93, -111, -93]	[-18, -27, -16, -39, -60]	[90, 112, 106, 175, 149]	[10006, 9998, 9998, 9996, 10002]	[220, 188, 183, 240, 196]
949	35.0	[103, -25, -30, 60, 82]	[-115, -146, -78, 21, -76]	[-153, -54, 20, -6, -134]	[-46, -172, -90, -104, -74]	[115, -89, -98, 20, 24]	[-118, -19, 11, -46, 85]	[-58, 53, 5, 99, 183]	[-94, -125, -123, -109, -167]	[-166, -115, -113, -107, -93]	[-18, -27, -16, -40, -60]	[90, 113, 107, 176, 149]	[10006, 9998, 9998, 9996, 10002]	[220, 188, 183, 240, 196]
950	40.5	[103, -25, -30, 60, 82]	[-115, -146, -78, 21, -76]	[-153, -54, 20, -6, -134]	[-46, -172, -90, -105, -74]	[121, -86, -98, 10, 24]	[-127, -20, 11, -46, 85]	[-58, 53, 5, 101, 180]	[-93, -124, -121, -112, -166]	[-168, -114, -93, -111, -93]	[-18, -27, -22, -39, -60]	[90, 112, 106, 175, 149]	[10006, 9998, 9998, 9996, 10002]	[220, 188, 183, 240, 196]
951	45.0	[103, 8, -21, 44, 88]	[-111, -150, -78, 21, -76]	[-153, -52, 28, -5, -149]	[-46, -172, -88, -105, -68]	[123, -89, -101, 17, 17]	[-116, -19, 10, -45, 86]	[-58, 54, 5, 104, 187]	[-87, -136, -124, -104, -160]	[-174, -115, -101, -117, -92]	[-18, -26, -17, -33, -73]	[90, 113, 107, 175, 148]	[10006, 9998, 9999, 9998, 10008]	[220, 182, 189, 240, 196]
952	35.5	[103, 0, -30, 45, 82]	[-114, -146, -79, 24, -76]	[-144, -52, 24, -6, -148]	[-45, -172, -89, -105, -74]	[119, -85, -100, 19, 17]	[-127, -16, 11, -44, 86]	[-58, 54, 6, 99, 196]	[-90, -125, -123, -105, -166]	[-165, -115, -109, -106, -91]	[-18, -26, -11, -40, -60]	[90, 112, 106, 176, 92]	[10006, 9998, 9992, 9996, 10002]	[220, 188, 183, 240, 196]
953	35.0	[103, 0, -30, 45, 82]	[-114, -146, -79, 24, -76]	[-144, -52, 24, -6, -148]	[-45, -172, -89, -105, -74]	[119, -85, -100, 19, 17]	[-127, -16, 11, -44, 86]	[-58, 54, 6, 99, 196]	[-90, -125, -123, -105, -166]	[-165, -115, -109, -106, -91]	[-18, -26, -11, -40, -60]	[90, 112, 106, 176, 92]	[10006, 9998, 9992, 9996, 10002]	[220, 188, 183, 240, 196]
954	42.5	[103, -25, -30, 60, 82]	[-115, -146, -78, 21, -76]	[-153, -54, 20, -6, -134]	[-46, -172, -90, -104, -74]	[115, -89, -98, 20, 24]	[-118, -19, 11, -46, 85]	[-58, 53, 5, 99, 183]	[-94, -125, -123, -109, -167]	[-166, -115, -113, -107, -93]	[-18, -27, -16, -40, -60]	[90, 113, 107, 176, 149]	[10006, 9998, 9998, 9996, 10002]	[220, 188, 183, 240, 196]
955	36.5	[103, 8, -21, 44, 88]	[-111, -150, -79, 24, -76]	[-152, -52, 28, -6, -149]	[-46, -172, -89, -105, -69]	[123, -92, -101, 17, 17]	[-116, -19, 11, -45, 86]	[-58, 54, 5, 104, 187]	[-87, -129, -123, -104, -160]	[-174, -115, -101, -121, -92]	[-18, -26, -17, -29, -73]	[90, 113, 107, 175, 148]	[10006, 9998, 9999, 9992, 10008]	[220, 182, 189, 240, 196]
956	49.5	[103, 15, -24, 44, 76]	[-114, -141, -78, 36, -76]	[-153, -77, 21, -6, -137]	[-45, -174, -88, -105, -67]	[123, -85, -97, 18, 26]	[-114, -13, 9, -49, 87]	[-48, 51, 5, 98, 187]	[-87, -137, -123, -107, -164]	[-165, -115, -109, -124, -100]	[-18, -26, -17, -40, -72]	[90, 113, 107, 178, 148]	[10006, 9998, 9999, 9992, 10002]	[220, 188, 183, 240, 196]
957	38.5	[103, -25, -30, 60, 82]	[-115, -146, -78, 21, -76]	[-153, -54, 20, -6, -134]	[-46, -172, -90, -104, -74]	[115, -89, -98, 20, 24]	[-118, -19, 11, -46, 85]	[-58, 53, 5, 99, 183]	[-94, -125, -123, -109, -167]	[-166, -115, -113, -107, -93]	[-18, -27, -16, -40, -60]	[90, 113, 107, 176, 149]	[10006, 9998, 9998, 9996, 10002]	[220, 188, 183, 240, 196]
958	41.5	[103, -25, -30, 60, 82]	[-115, -146, -78, 21, -76]	[-153, -54, 20, -6, -134]	[-46, -172, -90, -104, -74]	[115, -89, -98, 20, 24]	[-118, -19, 11, -46, 85]	[-58, 53, 5, 99, 183]	[-94, -124, -123, -109, -167]	[-166, -114, -106, -111, -93]	[-18, -27, -16, -40, -60]	[90, 113, 107, 176, 149]	[10006, 9998, 9998, 9996, 10002]	[220, 188, 183, 240, 196]
959	34.5	[103, -25, -30, 60, 82]	[-115, -146, -78, 21, -76]	[-153, -54, 20, -6, -134]	[-46, -172, -90, -104, -74]	[115, -89, -98, 20, 24]	[-118, -19, 11, -46, 85]	[-58, 53, 5, 99, 183]	[-94, -125, -123, -109, -167]	[-166, -115, -113, -107, -93]	[-18, -27, -16, -40, -60]	[90, 113, 107, 176, 149]	[10006, 9998, 9998, 9996, 10002]	[220, 188, 183, 240, 196]
960	37.5	[103, -10, -27, 44, 88]	[-111, -150, -78, 21, -70]	[-153, -54, 28, -6, -143]	[-46, -172, -89, -105, -68]	[115, -89, -98, 18, 19]	[-116, -19, 11, -46, 85]	[-58, 54, 5, 104, 187]	[-87, -134, -123, -104, -160]	[-174, -115, -105, -115, -92]	[-18, -26, -17, -36, -69]	[90, 111, 107, 175, 148]	[10006, 9998, 9999, 9998, 10008]	[220, 182, 189, 240, 196]
961	45.5	[103, -25, -30, 60, 82]	[-115, -146, -78, 21, -76]	[-153, -54, 20, -6, -141]	[-46, -172, -88, -105, -71]	[115, -89, -98, 20, 24]	[-118, -19, 11, -45, 85]	[-58, 54, 5, 99, 183]	[-87, -130, -123, -109, -167]	[-166, -115, -113, -107, -93]	[-18, -27, -16, -40, -60]	[90, 113, 107, 176, 149]	[10006, 9998, 9998, 9996, 10002]	[220, 188, 183, 240, 196]
962	41.0	[103, -25, -30, 60, 82]	[-115, -146, -78, 21, -76]	[-153, -54, 20, -6, -141]	[-46, -172, -88, -105, -71]	[115, -89, -98, 20, 24]	[-118, -19, 11, -45, 85]	[-58, 54, 5, 99, 183]	[-88, -127, -129, -109, -167]	[-166, -115, -113, -107, -93]	[-18, -27, -16, -40, -60]	[90, 113, 107, 176, 149]	[10006, 9998, 9998, 9996, 10002]	[220, 188, 183, 240, 196]
963	39.5	[103, -25, -30, 60, 82]	[-115, -146, -78, 21, -76]	[-153, -54, 20, -12, -141]	[-46, -172, -88, -105, -71]	[115, -89, -98, 20, 24]	[-118, -19, 11, -45, 85]	[-58, 54, 5, 99, 183]	[-87, -130, -123, -109, -167]	[-166, -115, -113, -107, -93]	[-18, -27, -16, -40, -60]	[90, 113, 107, 176, 149]	[10006, 9998, 9998, 9996, 10002]	[220, 188, 183, 240, 196]
964	39.5	[103, -25, -30, 60, 82]	[-115, -146, -78, 21, -76]	[-153, -54, 20, -6, -134]	[-46, -172, -89, -98, -74]	[115, -89, -99, 20, 26]	[-118, -19, 11, -46, 85]	[-58, 53, 5, 99, 183]	[-94, -124, -123, -109, -167]	[-166, -114, -106, -111, -93]	[-18, -27, -16, -40, -60]	[90, 113, 107, 176, 149]	[10006, 9998, 9998, 9996, 10002]	[220, 188, 183, 240, 196]
965	39.5	[103, -20, -30, 44, 88]	[-111, -150, -79, 24, -76]	[-152, -52, 28, -6, -149]	[-46, -172, -88, -105, -63]	[121, -92, -101, 17, 17]	[-116, -19, 11, -45, 86]	[-58, 54, 5, 104, 187]	[-87, -129, -124, -104, -160]	[-174, -115, -101, -120, -92]	[-18, -26, -17, -29, -73]	[90, 113, 107, 175, 148]	[10006, 9998, 9999, 9992, 10008]	[220, 182, 189, 240, 196]
966	39.0	[97, -25, -30, 60, 82]	[-113, -147, -78, 21, -76]	[-153, -52, 31, -5, -141]	[-46, -173, -88, -105, -73]	[123, -84, -100, 18, 26]	[-122, -19, 12, -45, 85]	[-58, 60, 5, 98, 187]	[-90, -132, -124, -109, -164]	[-166, -114, -109, -122, -100]	[-18, -27, -16, -38, -68]	[96, 111, 107, 176, 149]	[10006, 9998, 9995, 9996, 10002]	[214, 182, 183, 240, 196]
967	39.0	[103, -25, -30, 60, 82]	[-115, -146, -78, 21, -76]	[-153, -54, 20, -6, -134]	[-46, -172, -84, -104, -80]	[109, -86, -98, 20, 24]	[-127, -20, 10, -46, 84]	[-58, 53, 5, 100, 180]	[-94, -124, -124, -116, -167]	[-167, -114, -114, -112, -93]	[-18, -27, -16, -40, -62]	[90, 106, 106, 176, 149]	[10006, 9998, 9998, 9996, 10002]	[220, 188, 183, 240, 196]
968	36.5	[103, -25, -30, 60, 82]	[-115, -146, -78, 21, -76]	[-153, -53, 44, -6, -134]	[-46, -172, -90, -104, -74]	[109, -89, -98, 20, 24]	[-118, -19, 11, -46, 85]	[-58, 53, 5, 99, 183]	[-94, -124, -123, -109, -167]	[-166, -114, -106, -111, -93]	[-18, -27, -16, -40, -60]	[90, 113, 107, 176, 149]	[10006, 9998, 9998, 9996, 10002]	[220, 188, 183, 240, 196]
969	38.5	[103, -25, -30, 60, 82]	[-115, -146, -78, 21, -76]	[-153, -54, 20, -6, -134]	[-46, -172, -84, -104, -80]	[109, -86, -98, 20, 24]	[-127, -20, 10, -46, 84]	[-58, 53, 5, 100, 180]	[-94, -124, -124, -116, -167]	[-167, -114, -114, -112, -93]	[-18, -27, -16, -40, -62]	[90, 106, 106, 176, 149]	[10006, 9998, 9998, 9996, 10002]	[220, 188, 183, 240, 196]
970	38.0	[103, -25, -30, 60, 82]	[-115, -146, -78, 21, -76]	[-153, -54, 20, -6, -141]	[-46, -172, -88, -105, -71]	[115, -89, -98, 20, 24]	[-118, -19, 11, -45, 85]	[-58, 54, 5, 99, 183]	[-88, -127, -129, -109, -167]	[-166, -115, -113, -107, -93]	[-18, -27, -16, -40, -60]	[90, 113, 107, 176, 149]	[10006, 9998, 9998, 9996, 10002]	[220, 188, 183, 240, 196]
971	39.0	[103, -25, -30, 60, 82]	[-115, -146, -78, 21, -76]	[-153, -54, 20, -6, -141]	[-46, -172, -88, -105, -71]	[115, -89, -98, 20, 24]	[-118, -19, 11, -45, 85]	[-58, 54, 5, 99, 183]	[-88, -127, -129, -109, -167]	[-166, -115, -113, -107, -93]	[-18, -27, -16, -40, -60]	[90, 113, 107, 176, 149]	[10006, 9998, 9998, 9996, 10002]	[220, 188, 183, 240, 196]
972	37.0	[103, -25, -30, 60, 82]	[-113, -147, -78, 21, -76]	[-153, -52, 31, -5, -141]	[-46, -173, -88, -109, -73]	[123, -85, -98, 18, 26]	[-122, -19, 12, -51, 87]	[-64, 60, 5, 100, 184]	[-90, -133, -123, -109, -164]	[-165, -115, -109, -117, -92]	[-18, -27, -16, -38, -69]	[90, 113, 107, 176, 149]	[10006, 9998, 9997, 9995, 10002]	[214, 182, 183, 246, 196]
973	36.0	[97, -25, -30, 60, 82]	[-113, -147, -84, 21, -76]	[-153, -52, 31, -5, -141]	[-46, -173, -88, -105, -73]	[123, -84, -100, 18, 26]	[-122, -19, 12, -45, 85]	[-58, 60, 5, 98, 187]	[-90, -132, -123, -106, -164]	[-166, -114, -109, -119, -99]	[-18, -26, -17, -38, -68]	[90, 111, 107, 176, 149]	[10006, 9998, 9996, 9996, 10002]	[214, 182, 183, 240, 196]
974	35.5	[103, -25, -30, 60, 82]	[-115, -146, -78, 21, -76]	[-153, -54, 20, -6, -145]	[-46, -172, -88, -104, -71]	[115, -91, -101, 18, 24]	[-118, -19, 11, -45, 85]	[-58, 54, 5, 99, 183]	[-88, -127, -129, -109, -167]	[-166, -115, -113, -107, -93]	[-18, -27, -16, -40, -60]	[90, 113, 107, 176, 149]	[10006, 9998, 9998, 9996, 10002]	[220, 188, 183, 240, 196]
975	38.5	[103, -25, -30, 60, 82]	[-115, -146, -78, 21, -76]	[-153, -54, 20, -6, -134]	[-46, -172, -84, -104, -80]	[109, -86, -98, 20, 24]	[-127, -20, 10, -46, 84]	[-58, 53, 5, 100, 180]	[-94, -124, -123, -116, -167]	[-167, -114, -114, -112, -93]	[-18, -27, -16, -40, -62]	[90, 106, 106, 176, 149]	[10006, 9998, 9998, 9996, 10002]	[220, 188, 183, 240, 196]
976	37.0	[103, -25, -30, 60, 82]	[-115, -146, -78, 21, -76]	[-153, -54, 20, -6, -134]	[-46, -172, -84, -104, -80]	[109, -86, -98, 20, 24]	[-127, -20, 10, -46, 85]	[-58, 53, 5, 99, 180]	[-94, -124, -124, -116, -166]	[-167, -114, -114, -112, -97]	[-18, -27, -16, -40, -62]	[90, 106, 106, 176, 149]	[10006, 9998, 9998, 9996, 10002]	[220, 186, 183, 240, 196]
977	37.0	[103, -25, -30, 60, 82]	[-115, -146, -78, 21, -76]	[-153, -54, 20, -6, -134]	[-46, -172, -84, -104, -80]	[109, -86, -98, 20, 24]	[-127, -20, 10, -46, 85]	[-58, 53, 5, 99, 180]	[-94, -124, -124, -116, -166]	[-167, -114, -114, -112, -97]	[-18, -27, -16, -40, -62]	[90, 106, 106, 176, 149]	[10006, 9998, 9998, 9996, 10002]	[220, 186, 183, 240, 196]
978	35.0	[103, -25, -30, 60, 82]	[-115, -146, -78, 21, -76]	[-153, -53, 44, -6, -134]	[-46, -172, -90, -104, -74]	[109, -89, -98, 20, 24]	[-118, -19, 11, -46, 85]	[-58, 53, 5, 104, 184]	[-94, -124, -127, -109, -167]	[-166, -114, -106, -109, -92]	[-18, -26, -16, -39, -63]	[90, 113, 107, 176, 149]	[10006, 9998, 9996, 9996, 10002]	[220, 188, 183, 240, 196]
979	35.5	[103, -25, -30, 60, 82]	[-113, -147, -78, 21, -76]	[-153, -52, 31, -5, -141]	[-46, -173, -88, -109, -73]	[123, -85, -98, 18, 26]	[-122, -19, 12, -47, 87]	[-64, 60, 5, 98, 186]	[-90, -133, -123, -109, -164]	[-165, -115, -109, -117, -92]	[-18, -27, -16, -38, -69]	[95, 113, 107, 176, 149]	[10006, 9998, 9991, 9995, 10002]	[214, 182, 183, 246, 196]
980	40.5	[97, -25, -30, 60, 82]	[-113, -147, -78, 21, -76]	[-153, -52, 31, -5, -141]	[-46, -173, -88, -105, -73]	[123, -84, -100, 18, 26]	[-118, -19, 12, -51, 87]	[-61, 60, 5, 100, 185]	[-90, -124, -126, -109, -164]	[-166, -114, -109, -108, -98]	[-18, -29, -16, -38, -68]	[96, 111, 107, 176, 149]	[10006, 9998, 9995, 9996, 10002]	[214, 182, 183, 245, 196]
981	37.5	[97, -25, -30, 60, 82]	[-113, -147, -78, 21, -76]	[-153, -52, 31, -5, -141]	[-46, -173, -88, -105, -73]	[123, -84, -100, 18, 26]	[-118, -19, 12, -51, 87]	[-61, 60, 5, 100, 185]	[-90, -124, -126, -109, -164]	[-166, -114, -109, -108, -98]	[-18, -29, -16, -38, -68]	[96, 111, 107, 176, 149]	[10006, 9998, 9995, 9996, 10002]	[214, 182, 183, 245, 196]
982	38.0	[97, -25, -30, 60, 82]	[-115, -147, -78, 21, -76]	[-153, -54, 20, -6, -141]	[-46, -172, -84, -105, -80]	[116, -85, -98, 20, 24]	[-127, -20, 12, -46, 85]	[-58, 53, 5, 100, 180]	[-94, -124, -123, -116, -167]	[-167, -114, -114, -112, -93]	[-18, -27, -16, -40, -62]	[90, 106, 106, 176, 149]	[10006, 9998, 9998, 9996, 10002]	[220, 188, 183, 240, 196]
983	37.5	[103, -25, -30, 60, 82]	[-115, -146, -78, 21, -76]	[-153, -53, 44, -6, -134]	[-46, -172, -90, -104, -74]	[109, -89, -98, 20, 24]	[-118, -19, 11, -46, 85]	[-58, 53, 5, 103, 183]	[-94, -124, -126, -113, -167]	[-166, -114, -106, -109, -92]	[-18, -26, -16, -39, -63]	[90, 113, 107, 176, 149]	[10006, 9998, 9996, 9996, 10002]	[220, 188, 183, 240, 196]
984	38.5	[97, -25, -30, 60, 82]	[-113, -146, -78, 21, -76]	[-153, -53, 27, -5, -141]	[-46, -173, -88, -103, -73]	[123, -84, -100, 18, 24]	[-122, -19, 12, -45, 85]	[-58, 60, 5, 98, 187]	[-84, -132, -124, -109, -164]	[-166, -114, -109, -115, -94]	[-18, -27, -16, -38, -66]	[93, 111, 106, 176, 149]	[10006, 9998, 9996, 9996, 10002]	[214, 182, 183, 240, 196]
985	38.0	[103, -20, -30, 44, 88]	[-111, -150, -79, 24, -76]	[-152, -52, 28, -6, -149]	[-46, -172, -88, -105, -63]	[115, -90, -95, 17, 17]	[-116, -19, 11, -39, 85]	[-58, 54, 5, 104, 187]	[-87, -129, -130, -104, -160]	[-174, -115, -101, -120, -92]	[-18, -26, -17, -29, -73]	[90, 113, 107, 175, 148]	[10006, 9998, 9999, 9992, 10008]	[220, 182, 189, 240, 196]
986	39.5	[103, -20, -30, 44, 88]	[-111, -150, -79, 24, -76]	[-152, -52, 27, -6, -149]	[-46, -173, -88, -105, -63]	[115, -90, -96, 17, 21]	[-120, -19, 12, -45, 85]	[-58, 55, 5, 98, 187]	[-87, -129, -128, -108, -160]	[-174, -115, -109, -113, -92]	[-18, -26, -17, -29, -73]	[90, 113, 107, 175, 148]	[10006, 9998, 9999, 9992, 10008]	[220, 182, 189, 240, 196]
987	35.0	[97, -25, -30, 60, 82]	[-113, -153, -84, 21, -76]	[-153, -52, 31, -5, -141]	[-46, -179, -88, -105, -73]	[123, -84, -100, 18, 26]	[-122, -19, 12, -45, 85]	[-58, 60, 5, 98, 187]	[-90, -132, -123, -106, -164]	[-166, -114, -109, -119, -99]	[-18, -26, -17, -38, -68]	[90, 111, 107, 176, 149]	[10006, 9998, 9996, 9996, 10002]	[214, 182, 183, 240, 196]
988	36.5	[103, -25, -30, 60, 82]	[-115, -146, -78, 21, -76]	[-153, -53, 44, -6, -134]	[-46, -172, -90, -104, -74]	[109, -89, -98, 20, 24]	[-118, -20, 10, -46, 85]	[-58, 53, 5, 100, 183]	[-94, -124, -123, -113, -167]	[-166, -114, -110, -112, -92]	[-18, -27, -16, -39, -63]	[90, 111, 107, 176, 149]	[10006, 9998, 9996, 9996, 10002]	[220, 188, 183, 240, 196]
989	39.0	[103, -20, -30, 44, 88]	[-111, -150, -79, 24, -76]	[-152, -52, 28, -6, -149]	[-46, -172, -88, -105, -63]	[115, -90, -95, 17, 17]	[-116, -19, 11, -39, 85]	[-58, 54, 5, 104, 187]	[-87, -129, -130, -104, -160]	[-174, -115, -101, -120, -92]	[-18, -26, -17, -29, -73]	[90, 113, 107, 175, 148]	[10006, 9998, 9999, 9992, 10008]	[220, 182, 189, 240, 196]
990	34.5	[103, -25, -30, 60, 82]	[-115, -146, -78, 21, -76]	[-153, -53, 44, -6, -134]	[-46, -172, -90, -104, -74]	[109, -89, -98, 20, 24]	[-118, -20, 10, -46, 85]	[-58, 53, 5, 100, 183]	[-94, -124, -123, -113, -167]	[-166, -114, -110, -112, -92]	[-18, -27, -16, -39, -63]	[90, 111, 107, 176, 149]	[10006, 9998, 9996, 9996, 10002]	[220, 188, 183, 240, 196]
991	36.5	[103, -25, -30, 66, 82]	[-115, -147, -78, 21, -76]	[-153, -53, 44, -6, -140]	[-46, -172, -89, -104, -74]	[109, -89, -99, 18, 25]	[-118, -19, 12, -46, 85]	[-58, 53, 4, 104, 184]	[-94, -124, -126, -109, -167]	[-166, -114, -106, -109, -92]	[-18, -26, -16, -39, -63]	[90, 113, 107, 176, 149]	[10006, 9998, 9996, 9996, 10002]	[220, 188, 183, 240, 196]
992	36.5	[103, -25, -30, 60, 82]	[-115, -146, -78, 21, -76]	[-153, -53, 38, -6, -134]	[-46, -172, -90, -104, -74]	[109, -89, -98, 20, 24]	[-118, -19, 11, -46, 85]	[-58, 53, 5, 103, 183]	[-91, -126, -126, -111, -167]	[-166, -114, -106, -109, -92]	[-18, -26, -16, -39, -63]	[90, 113, 107, 176, 149]	[10006, 9998, 9996, 9996, 10002]	[220, 188, 183, 240, 196]
993	41.5	[103, -25, -30, 60, 82]	[-115, -146, -78, 21, -76]	[-153, -54, 20, -6, -134]	[-46, -172, -89, -98, -74]	[115, -89, -97, 19, 26]	[-116, -19, 11, -46, 85]	[-58, 54, 5, 99, 183]	[-91, -128, -123, -109, -167]	[-171, -115, -108, -107, -93]	[-18, -27, -16, -30, -65]	[90, 119, 107, 175, 149]	[10006, 10004, 9999, 9996, 10002]	[220, 188, 183, 240, 196]
994	37.5	[97, -7, -21, 44, 88]	[-111, -150, -78, 21, -76]	[-153, -52, 31, -5, -149]	[-46, -173, -88, -101, -69]	[123, -87, -98, 18, 19]	[-116, -19, 11, -45, 85]	[-64, 54, 3, 100, 192]	[-88, -133, -124, -107, -160]	[-174, -115, -102, -118, -92]	[-18, -27, -17, -36, -68]	[90, 113, 107, 175, 144]	[10006, 9998, 9999, 9993, 10002]	[220, 182, 189, 240, 202]
995	36.5	[103, -25, -30, 66, 82]	[-115, -147, -78, 21, -76]	[-153, -53, 44, -5, -134]	[-46, -172, -88, -104, -74]	[122, -86, -99, 19, 26]	[-118, -19, 11, -49, 86]	[-60, 53, 3, 100, 184]	[-94, -124, -127, -109, -167]	[-166, -114, -107, -109, -92]	[-18, -26, -16, -39, -63]	[90, 113, 107, 176, 149]	[10006, 9998, 9996, 9996, 10002]	[220, 194, 183, 240, 196]
996	36.5	[103, -20, -30, 44, 88]	[-111, -144, -79, 24, -76]	[-152, -52, 33, -6, -149]	[-46, -172, -88, -104, -63]	[115, -90, -97, 20, 22]	[-120, -19, 12, -49, 86]	[-58, 55, 5, 99, 187]	[-87, -129, -128, -108, -165]	[-174, -115, -109, -113, -92]	[-18, -26, -17, -29, -73]	[90, 113, 107, 175, 148]	[10006, 9998, 9999, 9992, 10008]	[220, 182, 189, 240, 196]
997	39.0	[103, -25, -30, 66, 82]	[-115, -147, -78, 21, -76]	[-153, -53, 44, -6, -140]	[-46, -172, -89, -104, -74]	[109, -89, -99, 18, 25]	[-118, -20, 12, -46, 85]	[-58, 53, 4, 104, 184]	[-94, -124, -126, -109, -167]	[-166, -114, -106, -109, -92]	[-18, -26, -16, -39, -63]	[90, 113, 107, 176, 149]	[10006, 9998, 9996, 9996, 10002]	[220, 188, 183, 240, 196]
998	37.0	[103, -20, -30, 44, 88]	[-111, -150, -79, 24, -76]	[-152, -52, 28, -6, -149]	[-46, -172, -88, -105, -69]	[115, -90, -95, 17, 17]	[-116, -19, 11, -39, 85]	[-58, 54, 5, 104, 187]	[-87, -129, -130, -104, -160]	[-174, -115, -101, -120, -92]	[-18, -26, -17, -29, -73]	[90, 113, 107, 175, 148]	[10006, 9998, 10005, 9992, 10008]	[220, 182, 189, 240, 196]
999	35.5	[103, -20, -30, 44, 88]	[-111, -144, -79, 24, -76]	[-152, -52, 33, -6, -149]	[-46, -172, -88, -104, -63]	[115, -90, -97, 20, 22]	[-120, -19, 12, -49, 86]	[-58, 55, 5, 99, 187]	[-87, -129, -128, -108, -165]	[-174, -115, -109, -113, -92]	[-18, -26, -17, -34, -72]	[90, 113, 107, 175, 148]	[10006, 9998, 9999, 9992, 10003]	[220, 182, 189, 240, 196]
