generation	fitness	corner	c	a1	a2	b1	b2	b3	x	o1	o2	wp	ww	we
800	36.0	[106, 33, -24, 32, 103]	[-114, -149, -77, 22, -8]	[-170, -43, 21, 3, -157]	[-52, -186, -81, -102, -43]	[127, -72, -98, 61, 15]	[-113, -23, 16, -49, 170]	[-105, 53, 0, 89, 159]	[-122, -108, -125, -123, -147]	[-159, -133, -121, -139, -111]	[-30, -18, -18, -14, -102]	[81, 112, 107, 174, 28]	[10005, 10000, 9999, 9995, 10004]	[218, 130, 187, 265, 267]
801	34.0	[115, -20, -29, 44, 103]	[-96, -150, -73, 24, -65]	[-137, -56, 20, -34, -120]	[-49, -187, -89, -103, -73]	[120, -89, -109, 15, 43]	[-119, -20, 12, -50, 80]	[-66, 55, 6, 95, 175]	[-87, -109, -124, -109, -146]	[-188, -103, -102, -106, -123]	[5, -17, -17, -15, -92]	[100, 113, 109, 179, 156]	[10006, 9997, 9997, 9995, 10001]	[170, 165, 177, 210, 173]
802	34.5	[21, 65, -12, 37, 46]	[-17, -162, -68, 20, 41]	[-102, -62, 33, -21, -148]	[-46, -175, -94, -106, -93]	[126, -84, -99, 23, 29]	[-125, -23, 13, -34, 98]	[-43, 50, -1, 102, 172]	[-89, -120, -116, -114, -170]	[-153, -131, -80, -120, -118]	[-27, -34, -8, -36, -62]	[130, 112, 108, 176, 128]	[10010, 9993, 9992, 10007, 9994]	[225, 218, 177, 206, 160]
803	41.0	[4, 106, 24, 23, 69]	[-71, -144, -72, 27, -71]	[-167, -42, 17, 14, -134]	[-65, -156, -77, -107, -84]	[126, -96, -105, 33, -68]	[-42, -29, 16, -20, 134]	[-47, 54, 16, 90, 169]	[-67, -132, -130, -104, -166]	[-157, -126, -104, -124, -125]	[40, -52, -10, -9, -60]	[113, 106, 108, 183, 10]	[10005, 10004, 10002, 9998, 10003]	[220, 190, 191, 271, 267]
804	37.5	[84, -20, -29, 42, 94]	[-96, -145, -73, 24, -65]	[-137, -56, 15, -16, -126]	[-49, -187, -89, -105, -73]	[120, -83, -107, 16, 14]	[-119, -20, 12, -49, 80]	[-66, 53, 8, 106, 175]	[-85, -118, -124, -111, -146]	[-188, -103, -102, -104, -132]	[5, -11, -17, -40, -57]	[100, 116, 108, 179, 156]	[10006, 9997, 9999, 9995, 9995]	[170, 165, 177, 210, 173]
805	40.5	[4, 106, -54, 23, 69]	[-105, -152, -77, 27, -36]	[-167, -38, 17, 14, -134]	[-67, -145, -91, -107, -84]	[115, -109, -105, 33, -68]	[-96, -31, 11, -55, 134]	[-47, 54, 16, 90, 169]	[-67, -126, -130, -109, -166]	[-157, -126, -104, -128, -111]	[40, -52, -10, -9, -60]	[83, 105, 108, 183, 10]	[10005, 10004, 10002, 9998, 10003]	[220, 190, 191, 271, 267]
806	34.5	[115, -20, -29, 44, 103]	[-96, -150, -73, 24, -65]	[-137, -56, 20, -34, -120]	[-49, -187, -89, -103, -73]	[120, -89, -109, 15, 43]	[-119, -20, 12, -50, 80]	[-66, 55, 6, 95, 175]	[-87, -109, -124, -109, -146]	[-188, -103, -102, -106, -123]	[5, -17, -17, -15, -92]	[100, 113, 109, 179, 150]	[10006, 9997, 9997, 9995, 10001]	[170, 165, 177, 210, 173]
807	34.5	[88, 141, -54, 139, 98]	[-162, -147, -84, 20, -143]	[-151, -44, 19, -14, -177]	[-52, -152, -73, -87, -88]	[127, -81, -69, 29, -18]	[-73, -25, 13, -23, 65]	[-56, 79, 11, 89, 236]	[-77, -150, -120, -86, -160]	[-162, -136, -89, -106, -124]	[-25, -14, -14, -16, -77]	[152, 136, 120, 181, 58]	[10004, 10001, 10001, 9992, 10000]	[170, 175, 177, 197, 163]
808	35.5	[175, 114, 39, 74, 92]	[-156, -122, -86, 23, -117]	[-169, -11, 6, -9, -177]	[-46, -149, -67, -88, -100]	[127, -93, -96, 46, 14]	[-114, -20, 12, -45, 80]	[-51, 54, 8, 95, 146]	[-130, -128, -114, -112, -105]	[-164, -123, -129, -115, -124]	[11, -14, -23, -3, -76]	[82, 130, 123, 174, 171]	[9999, 9996, 9998, 9997, 10003]	[201, 196, 194, 210, 168]
809	38.5	[21, 65, -12, 37, 46]	[-17, -161, -68, 20, 41]	[-102, -61, 28, -19, -142]	[-46, -178, -94, -106, -104]	[126, -91, -102, 24, 30]	[-122, -24, 13, -34, 122]	[-35, 47, -1, 97, 163]	[-83, -120, -113, -114, -162]	[-153, -131, -108, -119, -117]	[-27, -35, -8, -31, -63]	[135, 112, 73, 176, 157]	[10010, 9991, 9998, 10012, 9994]	[225, 218, 202, 200, 160]
810	38.0	[21, 65, -12, 37, 46]	[-17, -161, -68, 20, 41]	[-102, -61, 28, -19, -142]	[-46, -178, -94, -106, -104]	[126, -91, -102, 24, 30]	[-122, -24, 13, -34, 122]	[-35, 47, -1, 97, 163]	[-83, -120, -113, -114, -162]	[-153, -131, -108, -119, -117]	[-27, -35, -8, -31, -63]	[135, 112, 73, 176, 157]	[10010, 9991, 9998, 10012, 9994]	[225, 218, 202, 200, 160]
811	41.5	[18, 104, -5, 32, 59]	[-71, -144, -70, 23, -71]	[-167, -42, 17, 14, -134]	[-65, -156, -77, -107, -84]	[126, -96, -105, 33, -68]	[-42, -29, 16, -20, 134]	[-47, 54, 16, 90, 169]	[-67, -131, -130, -104, -166]	[-157, -126, -104, -124, -125]	[40, -52, -10, -9, -60]	[113, 106, 108, 183, 10]	[10005, 10004, 10002, 9998, 10003]	[220, 190, 191, 271, 267]
812	36.5	[106, 33, -24, 32, 103]	[-114, -143, -77, 22, -8]	[-170, -43, 21, 3, -157]	[-52, -186, -81, -102, -43]	[127, -72, -98, 61, 15]	[-113, -23, 16, -49, 170]	[-100, 53, 0, 89, 159]	[-122, -108, -125, -123, -147]	[-159, -133, -121, -139, -111]	[-30, -18, -18, -26, -86]	[81, 112, 107, 174, 28]	[10005, 10000, 9999, 9995, 10004]	[218, 130, 187, 265, 267]
813	38.5	[18, 104, -5, 32, 59]	[-71, -144, -70, 23, -71]	[-162, -50, 17, 14, -134]	[-65, -160, -77, -107, -84]	[126, -96, -105, 31, -68]	[-42, -29, 16, -20, 128]	[-47, 52, 10, 94, 169]	[-67, -130, -128, -104, -166]	[-157, -129, -101, -124, -125]	[40, -52, -10, -9, -60]	[113, 106, 108, 183, 10]	[10005, 10004, 10002, 9998, 10003]	[220, 190, 191, 271, 267]
814	37.0	[84, -20, -29, 42, 94]	[-96, -145, -83, 23, -103]	[-158, -17, 15, -16, -126]	[-49, -187, -86, -98, -95]	[120, -83, -101, 39, 12]	[-122, -29, 12, -41, 80]	[-51, 54, 9, 98, 175]	[-75, -121, -120, -111, -146]	[-180, -123, -98, -104, -132]	[5, -23, -15, -40, -59]	[100, 116, 108, 179, 156]	[10006, 9997, 9999, 9995, 9995]	[170, 165, 177, 210, 173]
815	36.0	[18, 104, -5, 32, 59]	[-71, -144, -70, 23, -71]	[-162, -50, 17, 14, -134]	[-65, -160, -77, -107, -84]	[126, -96, -105, 31, -68]	[-42, -29, 16, -20, 128]	[-47, 52, 10, 94, 169]	[-67, -130, -128, -104, -166]	[-157, -129, -101, -124, -125]	[40, -52, -10, -9, -60]	[113, 106, 108, 183, 10]	[10005, 10004, 10002, 9998, 10003]	[220, 190, 191, 271, 267]
816	39.5	[18, 104, 9, 24, 60]	[-71, -144, -70, 23, -71]	[-162, -50, 17, 14, -134]	[-65, -168, -77, -107, -84]	[126, -93, -105, 26, -68]	[-42, -29, 15, -22, 128]	[-47, 52, 10, 94, 169]	[-77, -127, -128, -104, -166]	[-157, -128, -97, -124, -125]	[40, -52, -10, -9, -60]	[113, 106, 106, 182, 10]	[10005, 10001, 10002, 9998, 10003]	[220, 190, 191, 271, 267]
817	37.0	[18, 104, -5, 32, 59]	[-71, -144, -70, 23, -71]	[-162, -50, 17, 14, -134]	[-65, -160, -77, -107, -84]	[126, -96, -105, 31, -68]	[-42, -29, 16, -20, 128]	[-47, 52, 10, 94, 169]	[-67, -130, -128, -104, -166]	[-157, -129, -101, -124, -125]	[40, -52, -10, -9, -60]	[113, 106, 108, 183, 10]	[10005, 10004, 10002, 9998, 10003]	[220, 190, 191, 271, 267]
818	36.5	[21, 65, -12, 37, 46]	[-17, -161, -68, 20, 41]	[-102, -61, 28, -19, -142]	[-46, -178, -94, -106, -104]	[126, -91, -102, 24, 30]	[-122, -24, 13, -34, 122]	[-35, 47, -1, 97, 163]	[-83, -120, -113, -114, -162]	[-153, -131, -108, -119, -117]	[-27, -35, -8, -31, -63]	[135, 112, 73, 176, 157]	[10010, 9991, 9998, 10012, 9994]	[225, 212, 202, 200, 160]
819	42.0	[21, 65, -12, 37, 46]	[-17, -161, -68, 20, 41]	[-102, -61, 28, -19, -142]	[-46, -178, -94, -106, -104]	[126, -91, -102, 24, 30]	[-122, -24, 13, -34, 122]	[-35, 47, -1, 97, 163]	[-83, -120, -113, -114, -162]	[-153, -131, -108, -119, -117]	[-27, -35, -8, -31, -63]	[135, 112, 73, 176, 157]	[10010, 9991, 9998, 10012, 9994]	[225, 212, 202, 200, 160]
820	37.0	[90, -20, -29, 42, 94]	[-96, -145, -83, 23, -103]	[-158, -17, 15, -16, -126]	[-49, -187, -86, -98, -95]	[120, -83, -101, 39, 12]	[-122, -29, 12, -41, 80]	[-51, 54, 9, 98, 175]	[-75, -121, -120, -111, -146]	[-180, -123, -98, -104, -132]	[5, -23, -15, -40, -59]	[100, 116, 108, 179, 156]	[10006, 9997, 9999, 9995, 9995]	[170, 165, 177, 210, 173]
821	43.5	[18, 104, 9, 24, 60]	[-71, -144, -70, 25, -71]	[-162, -50, 17, 14, -134]	[-65, -168, -77, -107, -84]	[126, -92, -105, 23, -68]	[-42, -29, 15, -22, 126]	[-47, 51, 8, 93, 169]	[-77, -127, -128, -104, -166]	[-157, -128, -94, -123, -125]	[40, -52, -10, -9, -60]	[113, 106, 106, 182, 10]	[10005, 10001, 10002, 9998, 10003]	[220, 190, 191, 271, 267]
822	37.5	[18, 104, -5, 32, 59]	[-71, -144, -70, 23, -71]	[-162, -50, 17, 14, -134]	[-65, -160, -77, -107, -84]	[126, -96, -105, 31, -68]	[-42, -29, 16, -20, 128]	[-47, 52, 10, 94, 169]	[-67, -130, -128, -110, -166]	[-157, -129, -101, -124, -125]	[40, -52, -10, -9, -60]	[113, 106, 108, 183, 10]	[10005, 10004, 10002, 9998, 10003]	[220, 190, 191, 271, 267]
823	34.5	[88, 141, -54, 139, 98]	[-162, -147, -84, 20, -143]	[-151, -44, 19, -14, -177]	[-52, -152, -73, -87, -88]	[127, -81, -69, 29, -18]	[-73, -25, 13, -23, 65]	[-56, 79, 11, 89, 236]	[-77, -150, -120, -86, -160]	[-162, -130, -95, -106, -124]	[-25, -14, -14, -16, -77]	[152, 136, 120, 181, 58]	[10004, 10001, 10001, 9992, 10000]	[170, 175, 177, 197, 169]
824	35.0	[21, 65, -12, 37, 46]	[-17, -161, -68, 20, 41]	[-102, -61, 28, -19, -142]	[-46, -178, -94, -106, -104]	[126, -91, -102, 24, 30]	[-122, -24, 13, -34, 122]	[-35, 47, -1, 97, 163]	[-83, -120, -113, -114, -162]	[-153, -131, -108, -119, -117]	[-27, -35, -8, -31, -63]	[135, 112, 73, 176, 157]	[10010, 9991, 9998, 10012, 9994]	[225, 212, 202, 200, 166]
825	42.0	[21, 65, -12, 37, 46]	[-17, -161, -68, 20, 41]	[-102, -61, 28, -19, -142]	[-46, -178, -94, -106, -104]	[126, -91, -102, 24, 30]	[-122, -24, 13, -34, 122]	[-35, 47, -1, 97, 163]	[-83, -120, -113, -114, -162]	[-153, -131, -108, -119, -117]	[-27, -35, -8, -31, -63]	[135, 112, 73, 176, 157]	[10010, 9991, 9998, 10012, 9994]	[225, 212, 202, 200, 166]
826	35.5	[18, 104, 9, 24, 60]	[-71, -144, -70, 25, -71]	[-162, -42, 17, 14, -134]	[-65, -157, -77, -107, -84]	[126, -96, -105, 30, -68]	[-42, -29, 13, -22, 126]	[-47, 51, 8, 93, 169]	[-77, -127, -128, -104, -166]	[-157, -128, -94, -123, -125]	[40, -52, -10, -9, -60]	[113, 106, 106, 182, 10]	[10005, 10001, 10002, 9998, 10003]	[220, 190, 191, 271, 267]
827	35.5	[72, 106, 24, 23, 69]	[-71, -144, -76, 22, -44]	[-167, -42, 17, 14, -149]	[-55, -172, -77, -107, -84]	[126, -86, -105, 36, -69]	[-64, -27, 13, -47, 119]	[-88, 52, 8, 93, 169]	[-69, -130, -119, -114, -151]	[-157, -129, -118, -118, -125]	[30, -52, -10, -9, -60]	[120, 110, 108, 181, 10]	[10005, 9997, 10002, 9998, 10003]	[220, 190, 191, 271, 267]
828	36.0	[21, 65, -12, 37, 46]	[-17, -161, -68, 20, 41]	[-102, -61, 28, -19, -142]	[-46, -178, -94, -106, -104]	[126, -91, -102, 24, 30]	[-122, -24, 13, -34, 122]	[-35, 47, -1, 97, 163]	[-83, -120, -113, -114, -162]	[-153, -131, -108, -119, -117]	[-27, -35, -8, -31, -63]	[135, 112, 73, 176, 157]	[10010, 9991, 9998, 10012, 9994]	[225, 212, 202, 200, 166]
829	39.5	[21, 65, -12, 37, 46]	[-17, -161, -68, 20, 41]	[-102, -61, 28, -19, -142]	[-46, -178, -94, -106, -104]	[126, -91, -102, 24, 30]	[-122, -23, 12, -41, 102]	[-35, 47, 7, 96, 163]	[-96, -127, -113, -114, -162]	[-153, -123, -115, -116, -120]	[-22, -27, -19, -29, -63]	[135, 112, 73, 176, 157]	[10010, 9991, 9998, 10012, 9994]	[225, 212, 202, 200, 160]
830	41.5	[21, 65, -12, 37, 46]	[-17, -161, -68, 20, 41]	[-102, -61, 28, -19, -142]	[-46, -178, -94, -106, -104]	[126, -91, -102, 24, 30]	[-122, -23, 12, -41, 102]	[-35, 47, 7, 96, 163]	[-96, -127, -113, -114, -162]	[-153, -123, -115, -116, -120]	[-22, -27, -19, -29, -63]	[135, 112, 73, 176, 157]	[10010, 9991, 9998, 10012, 9994]	[225, 212, 202, 200, 160]
831	36.0	[21, 65, -12, 37, 46]	[-17, -161, -68, 20, 41]	[-102, -61, 28, -19, -142]	[-46, -178, -94, -106, -104]	[126, -91, -102, 24, 30]	[-122, -23, 12, -41, 102]	[-35, 47, 7, 96, 163]	[-96, -127, -113, -114, -162]	[-153, -123, -115, -116, -120]	[-22, -27, -19, -29, -63]	[135, 112, 73, 176, 157]	[10010, 9991, 9998, 10012, 9994]	[225, 212, 202, 200, 160]
832	37.5	[88, 141, -54, 139, 98]	[-162, -147, -84, 20, -143]	[-151, -19, 18, -14, -177]	[-52, -152, -73, -95, -94]	[127, -81, -77, 29, -18]	[-73, -26, 12, -30, 65]	[-56, 79, 10, 98, 228]	[-77, -150, -120, -86, -160]	[-162, -130, -95, -106, -124]	[-25, -14, -14, -16, -77]	[152, 136, 120, 181, 58]	[10004, 10001, 10001, 9992, 10000]	[170, 175, 177, 197, 169]
833	35.0	[175, 120, 6, 73, -37]	[-156, -132, -84, 18, -132]	[-168, -32, 15, -15, -176]	[28, -154, -80, -96, -95]	[127, -87, -97, 44, 0]	[-102, -30, 11, -41, 88]	[-41, 62, 7, 89, 119]	[-93, -125, -110, -112, -104]	[-166, -122, -113, -98, -124]	[7, -18, -16, 6, -68]	[97, 117, 121, 193, 153]	[9999, 9997, 9999, 9996, 9995]	[195, 196, 194, 209, 167]
834	35.0	[90, -20, -17, 42, 94]	[-96, -145, -72, 23, -83]	[-159, -17, 15, -16, -126]	[-49, -181, -84, -104, -94]	[120, -85, -104, 31, 12]	[-122, -29, 14, -41, 80]	[-49, 52, 1, 96, 169]	[-85, -123, -122, -106, -146]	[-166, -128, -95, -113, -131]	[5, -15, -13, -28, -59]	[100, 116, 108, 180, 156]	[10006, 10002, 10001, 9998, 9995]	[170, 171, 177, 210, 173]
835	36.5	[19, 98, 7, 24, 67]	[-57, -144, -69, 20, 9]	[-125, -49, 19, 12, -146]	[-47, -175, -82, -107, -104]	[126, -94, -105, 31, -60]	[-121, -24, 14, -22, 124]	[-66, 51, 3, 97, 163]	[-82, -125, -126, -114, -160]	[-153, -131, -114, -121, -117]	[-27, -28, -10, -16, -62]	[135, 111, 106, 178, 141]	[10010, 9991, 10001, 9999, 10000]	[224, 211, 193, 212, 187]
836	44.0	[21, 65, -12, 37, 46]	[-76, -161, -68, 20, 41]	[-102, -67, 28, -19, -142]	[-46, -178, -93, -105, -97]	[126, -94, -102, 30, 30]	[-121, -29, 13, -41, 100]	[-39, 48, 1, 96, 166]	[-83, -124, -122, -112, -162]	[-156, -131, -105, -116, -122]	[32, -32, -12, -28, -63]	[135, 112, 75, 173, 157]	[10010, 9991, 9998, 10012, 9994]	[225, 212, 202, 200, 166]
837	37.5	[114, 12, -29, 42, 94]	[-164, -146, -82, 23, -65]	[-151, -44, 16, -8, -160]	[-49, -181, -85, -97, -91]	[120, -83, -105, 39, 2]	[-116, -23, 12, -45, 80]	[-47, 54, 11, 98, 175]	[-84, -116, -122, -91, -150]	[-173, -116, -96, -104, -132]	[-3, -11, -14, -40, -57]	[106, 114, 110, 179, 156]	[10006, 9998, 9999, 9995, 9995]	[170, 165, 177, 210, 167]
838	40.0	[88, 9, -28, 36, 100]	[-115, -145, -77, 22, -42]	[-158, -41, 15, -10, -157]	[-65, -182, -82, -100, -43]	[120, -75, -105, 41, 3]	[-118, -27, 14, -41, 136]	[-81, 52, 2, 96, 168]	[-104, -109, -119, -115, -146]	[-163, -122, -121, -112, -111]	[-3, -15, -16, -26, -86]	[101, 114, 107, 175, 62]	[10005, 10002, 10000, 9997, 10000]	[218, 130, 187, 265, 267]
839	42.0	[18, 104, 9, 30, 60]	[-71, -144, -70, 25, -71]	[-162, -42, 17, 14, -134]	[-65, -157, -77, -107, -84]	[126, -96, -105, 30, -68]	[-42, -29, 13, -21, 126]	[-47, 51, 8, 94, 169]	[-77, -130, -128, -104, -166]	[-157, -129, -94, -123, -125]	[40, -46, -10, -9, -60]	[113, 106, 106, 182, 10]	[10005, 10001, 10002, 9998, 10003]	[220, 190, 191, 271, 267]
840	38.5	[21, 65, -12, 31, 46]	[-76, -161, -68, 20, 41]	[-102, -67, 28, -19, -142]	[-46, -178, -93, -105, -97]	[126, -94, -102, 30, 30]	[-121, -29, 13, -41, 100]	[-39, 48, 1, 96, 166]	[-83, -124, -122, -112, -162]	[-156, -131, -105, -116, -122]	[32, -32, -12, -28, -63]	[135, 112, 75, 173, 157]	[10010, 9991, 9998, 10012, 9994]	[225, 212, 202, 200, 166]
841	40.0	[18, 104, 9, 30, 60]	[-71, -144, -70, 25, -71]	[-162, -42, 17, 14, -134]	[-65, -157, -77, -107, -84]	[126, -96, -105, 30, -68]	[-42, -29, 13, -21, 126]	[-47, 51, 8, 94, 169]	[-77, -130, -128, -104, -166]	[-157, -129, -94, -123, -125]	[40, -46, -10, -9, -60]	[113, 106, 106, 182, 10]	[10005, 10001, 10002, 9998, 10003]	[220, 190, 191, 271, 267]
842	39.5	[19, 98, 7, 24, 67]	[-57, -144, -69, 20, 9]	[-125, -49, 19, 12, -146]	[-47, -175, -82, -107, -104]	[126, -94, -105, 31, -60]	[-121, -24, 14, -22, 124]	[-66, 51, 3, 97, 163]	[-82, -125, -126, -114, -160]	[-153, -131, -114, -121, -117]	[-27, -28, -10, -16, -62]	[135, 111, 106, 178, 141]	[10010, 9991, 10001, 9999, 10000]	[224, 211, 193, 212, 187]
843	42.0	[86, 19, -32, 108, 94]	[-164, -145, -83, 21, -65]	[-150, -35, 17, -14, -160]	[-49, -181, -73, -95, -93]	[120, -83, -102, 34, -8]	[-116, -23, 13, -45, 80]	[-47, 54, 10, 98, 175]	[-82, -148, -125, -113, -150]	[-157, -119, -95, -112, -132]	[-3, -11, -14, -40, -57]	[106, 114, 110, 179, 156]	[10006, 9998, 9999, 9995, 9998]	[170, 165, 177, 210, 167]
844	42.0	[88, 130, -42, 139, 98]	[-164, -146, -83, 21, -137]	[-151, -19, 17, -14, -177]	[-52, -152, -73, -97, -91]	[127, -81, -77, 29, -7]	[-73, -24, 12, -36, 65]	[-52, 63, 10, 98, 228]	[-77, -150, -122, -88, -157]	[-162, -128, -100, -109, -131]	[-25, -14, -14, -23, -77]	[152, 136, 110, 180, 64]	[10004, 10001, 10001, 9993, 9999]	[170, 175, 177, 197, 169]
845	34.5	[50, 95, -12, 37, 46]	[-17, -161, -68, 20, 41]	[-102, -61, 28, -19, -142]	[-46, -178, -94, -106, -104]	[126, -91, -102, 24, 30]	[-122, -23, 12, -41, 102]	[-35, 47, 7, 96, 163]	[-96, -127, -113, -114, -162]	[-153, -123, -109, -116, -120]	[-22, -27, -19, -29, -63]	[135, 112, 73, 176, 157]	[10010, 9991, 9998, 10012, 9994]	[225, 212, 202, 200, 160]
846	42.5	[21, 65, -12, 31, 46]	[-76, -161, -68, 20, 41]	[-102, -67, 28, -19, -142]	[-46, -178, -93, -105, -97]	[126, -94, -102, 30, 30]	[-121, -29, 13, -41, 100]	[-39, 48, 1, 96, 166]	[-83, -124, -128, -112, -162]	[-156, -131, -105, -116, -122]	[32, -32, -12, -28, -63]	[135, 112, 75, 173, 157]	[10010, 9991, 9998, 10012, 9994]	[225, 212, 202, 200, 166]
847	37.0	[19, 98, 7, 24, 67]	[-57, -144, -69, 20, 9]	[-125, -49, 19, 12, -146]	[-47, -175, -82, -107, -104]	[126, -94, -105, 31, -60]	[-121, -24, 12, -22, 124]	[-66, 55, 3, 98, 209]	[-82, -125, -126, -114, -160]	[-157, -131, -107, -113, -117]	[-27, -17, -12, -16, -76]	[135, 126, 106, 178, 141]	[10010, 9991, 10001, 9999, 10000]	[224, 211, 193, 212, 187]
848	41.5	[86, 19, -32, 108, 94]	[-164, -145, -83, 21, -65]	[-150, -35, 17, -14, -160]	[-49, -181, -73, -95, -93]	[120, -83, -102, 34, -8]	[-116, -23, 13, -45, 80]	[-47, 54, 10, 98, 175]	[-82, -148, -125, -113, -150]	[-157, -119, -95, -112, -132]	[-3, -11, -14, -40, -57]	[106, 114, 110, 179, 156]	[10006, 9998, 9999, 9995, 9998]	[170, 165, 177, 210, 167]
849	40.0	[88, 130, -42, 139, 98]	[-164, -146, -83, 21, -137]	[-151, -19, 17, -14, -177]	[-52, -152, -73, -97, -91]	[127, -81, -77, 29, -7]	[-73, -24, 12, -36, 59]	[-52, 63, 10, 98, 228]	[-77, -150, -122, -88, -157]	[-162, -128, -100, -109, -131]	[-25, -14, -14, -23, -77]	[152, 136, 110, 180, 64]	[10004, 10001, 10001, 9993, 9999]	[170, 175, 177, 197, 169]
850	43.5	[90, -20, -17, 42, 94]	[-96, -145, -72, 23, -83]	[-138, -43, 15, -16, -120]	[-49, -181, -93, -104, -94]	[120, -85, -104, 26, 29]	[-122, -24, 14, -41, 80]	[-49, 50, 1, 96, 169]	[-85, -123, -118, -113, -146]	[-166, -128, -106, -113, -131]	[5, -21, -16, -28, -59]	[100, 122, 108, 177, 142]	[10009, 9994, 9999, 9998, 9995]	[170, 207, 198, 203, 173]
851	41.0	[88, 9, -28, 36, 100]	[-115, -145, -79, 22, -42]	[-158, -41, 15, -10, -157]	[-65, -182, -82, -100, -43]	[120, -85, -103, 41, 3]	[-118, -27, 14, -42, 136]	[-81, 46, 2, 96, 168]	[-103, -116, -123, -115, -146]	[-163, -122, -121, -113, -114]	[-3, -12, -14, -21, -71]	[110, 113, 101, 175, 62]	[10005, 10002, 9999, 10012, 9996]	[218, 130, 187, 265, 267]
852	37.0	[18, 104, 9, 30, 60]	[-71, -144, -76, 25, -71]	[-162, -40, 17, 14, -134]	[-65, -157, -77, -107, -88]	[123, -88, -105, 34, -55]	[-42, -29, 13, -21, 126]	[-47, 51, 8, 94, 169]	[-77, -130, -128, -104, -166]	[-157, -129, -94, -123, -125]	[40, -46, -10, -9, -60]	[113, 106, 106, 182, 10]	[10005, 10001, 10002, 9998, 10003]	[220, 190, 191, 271, 267]
853	36.0	[18, 104, 9, 30, 60]	[-71, -144, -76, 25, -71]	[-162, -40, 17, 14, -134]	[-65, -157, -77, -107, -88]	[123, -88, -105, 34, -55]	[-42, -29, 13, -21, 126]	[-47, 51, 8, 94, 169]	[-77, -130, -128, -104, -166]	[-157, -129, -94, -123, -125]	[40, -46, -10, -9, -60]	[113, 106, 106, 182, 10]	[10005, 10001, 10002, 9998, 10003]	[220, 190, 191, 271, 267]
854	35.5	[21, 65, -12, 37, 46]	[-17, -161, -68, 20, 41]	[-102, -61, 28, -19, -142]	[-46, -178, -94, -106, -104]	[126, -91, -102, 24, 30]	[-122, -29, 12, -41, 102]	[-35, 47, 7, 96, 165]	[-96, -127, -112, -121, -162]	[-160, -122, -115, -116, -120]	[-12, -27, -19, -29, -63]	[135, 112, 73, 176, 128]	[10016, 9991, 9998, 10012, 9994]	[225, 212, 202, 200, 160]
855	37.5	[114, 12, -29, 46, 98]	[-162, -147, -83, 23, -65]	[-151, -36, 16, -8, -160]	[-49, -181, -85, -96, -91]	[124, -83, -105, 45, 2]	[-116, -23, 12, -38, 76]	[-47, 54, 11, 92, 206]	[-84, -116, -122, -91, -150]	[-173, -116, -96, -104, -132]	[-3, -11, -14, -40, -57]	[106, 114, 110, 179, 156]	[10006, 9998, 9999, 9995, 9995]	[170, 165, 177, 210, 167]
856	41.0	[21, 65, -12, 37, 46]	[-17, -161, -68, 20, 41]	[-102, -61, 28, -19, -142]	[-46, -178, -94, -106, -104]	[126, -91, -102, 24, 30]	[-122, -29, 12, -41, 102]	[-35, 47, 7, 96, 165]	[-96, -127, -112, -121, -162]	[-160, -122, -115, -116, -120]	[-12, -27, -19, -29, -63]	[135, 112, 73, 176, 128]	[10016, 9991, 9998, 10012, 9994]	[225, 212, 202, 200, 160]
857	37.0	[114, 12, -29, 46, 98]	[-162, -147, -83, 23, -65]	[-151, -40, 19, -13, -160]	[-49, -181, -85, -96, -102]	[124, -89, -103, 45, 2]	[-116, -29, 12, -38, 76]	[-47, 54, 5, 92, 206]	[-91, -127, -122, -91, -150]	[-173, -126, -109, -114, -121]	[-3, -12, -16, -39, -58]	[106, 114, 110, 179, 156]	[10006, 9998, 9999, 9995, 9995]	[170, 165, 177, 210, 167]
858	35.0	[21, 65, -12, 37, 46]	[-17, -161, -68, 20, 41]	[-102, -61, 28, -19, -142]	[-46, -178, -94, -106, -104]	[126, -91, -102, 24, 30]	[-122, -29, 12, -41, 102]	[-46, 54, 5, 97, 182]	[-96, -127, -112, -121, -162]	[-159, -136, -110, -114, -120]	[-12, -19, -17, -37, -61]	[135, 112, 73, 179, 138]	[10016, 9992, 9999, 9996, 9994]	[225, 212, 194, 204, 164]
859	39.0	[86, 25, -17, 104, 94]	[-164, -154, -81, 20, -5]	[-150, -35, 17, -19, -160]	[-46, -178, -77, -99, -96]	[120, -83, -102, 24, -4]	[-116, -23, 13, -41, 96]	[-47, 54, 10, 96, 170]	[-85, -148, -125, -113, -150]	[-160, -121, -95, -112, -132]	[-10, -19, -16, -30, -57]	[119, 113, 88, 179, 156]	[10006, 9994, 9998, 9995, 9998]	[170, 165, 177, 210, 167]
860	40.5	[88, 9, -28, 36, 100]	[-121, -145, -79, 22, -42]	[-158, -41, 15, -5, -143]	[-65, -178, -90, -101, -87]	[114, -89, -102, 29, 7]	[-118, -28, 13, -41, 107]	[-81, 46, 2, 102, 168]	[-103, -116, -123, -115, -146]	[-163, -122, -121, -113, -114]	[-3, -12, -14, -21, -71]	[110, 113, 101, 175, 62]	[10005, 10002, 9999, 10012, 9996]	[218, 130, 187, 265, 267]
861	38.5	[18, 104, 9, 30, 60]	[-71, -144, -76, 25, -71]	[-162, -40, 17, 14, -134]	[-65, -157, -77, -107, -88]	[123, -88, -105, 34, -55]	[-42, -29, 13, -21, 126]	[-47, 51, 8, 94, 169]	[-77, -130, -128, -104, -166]	[-157, -129, -94, -123, -125]	[40, -46, -10, -9, -60]	[113, 106, 106, 182, 10]	[10005, 10001, 10002, 9998, 10003]	[220, 190, 191, 271, 267]
862	37.0	[18, 104, 9, 30, 60]	[-71, -144, -76, 25, -71]	[-162, -40, 17, 14, -134]	[-65, -181, -78, -105, -88]	[115, -87, -103, 40, -55]	[-61, -29, 14, -29, 128]	[-72, 49, 8, 94, 170]	[-90, -130, -128, -104, -166]	[-157, -125, -119, -113, -121]	[37, -20, -13, -15, -60]	[113, 106, 99, 176, 10]	[10005, 10001, 10002, 9998, 10003]	[220, 190, 191, 271, 267]
863	40.0	[88, 9, -28, 36, 100]	[-121, -145, -79, 22, -42]	[-158, -41, 15, -10, -157]	[-65, -178, -90, -101, -87]	[114, -89, -102, 29, 7]	[-118, -28, 13, -41, 107]	[-81, 46, 2, 101, 168]	[-103, -116, -123, -109, -147]	[-163, -122, -109, -114, -114]	[-3, -12, -13, -12, -71]	[110, 113, 103, 182, 17]	[10005, 10002, 10001, 10012, 9996]	[218, 130, 187, 265, 267]
864	37.5	[21, 65, -12, 37, 46]	[-17, -161, -68, 20, 41]	[-102, -61, 28, -19, -142]	[-59, -178, -94, -106, -104]	[117, -89, -102, 27, 12]	[-128, -29, 12, -41, 107]	[-67, 47, 5, 103, 182]	[-96, -127, -114, -115, -162]	[-159, -136, -110, -114, -120]	[-12, -13, -14, -34, -65]	[134, 112, 97, 179, 138]	[10016, 9992, 9999, 9996, 9994]	[225, 212, 194, 204, 164]
865	36.0	[20, 84, -11, 37, 46]	[-24, -146, -73, 23, -31]	[-124, -46, 19, 10, -142]	[-59, -178, -94, -106, -104]	[117, -89, -102, 27, -1]	[-128, -29, 13, -36, 107]	[-67, 47, 5, 103, 172]	[-96, -127, -114, -113, -162]	[-159, -136, -115, -114, -120]	[-12, -13, -13, -34, -63]	[134, 112, 97, 176, 34]	[10016, 9992, 9999, 9996, 9994]	[225, 212, 194, 204, 164]
866	37.0	[88, 9, -28, 36, 100]	[-121, -145, -79, 22, -42]	[-158, -41, 15, -10, -157]	[-65, -182, -84, -106, -43]	[114, -87, -102, 30, 9]	[-108, -28, 14, -41, 136]	[-70, 48, 3, 100, 170]	[-88, -128, -117, -115, -146]	[-163, -123, -110, -113, -118]	[-3, -20, -15, -26, -66]	[113, 113, 97, 175, 62]	[10005, 9992, 9999, 10012, 9996]	[221, 137, 189, 217, 177]
867	40.5	[88, 9, -28, 36, 94]	[-115, -151, -80, 22, -71]	[-158, -38, 17, 2, -159]	[-65, -175, -79, -103, -73]	[122, -84, -104, 41, 3]	[-116, -25, 13, -41, 136]	[-81, 54, 2, 96, 170]	[-99, -144, -124, -113, -146]	[-162, -122, -108, -113, -114]	[-3, -12, -14, -17, -71]	[110, 109, 108, 175, 62]	[10005, 10002, 9999, 10012, 9996]	[218, 130, 187, 265, 267]
868	42.5	[88, 9, -28, 36, 94]	[-115, -151, -80, 22, -71]	[-158, -38, 17, 2, -159]	[-65, -175, -79, -103, -73]	[122, -84, -104, 41, 3]	[-116, -25, 13, -41, 136]	[-81, 54, 2, 96, 170]	[-99, -144, -124, -113, -146]	[-162, -122, -108, -113, -114]	[-3, -12, -14, -17, -71]	[110, 109, 108, 175, 62]	[10005, 10002, 9999, 10012, 9996]	[218, 130, 187, 265, 267]
869	36.0	[21, 65, -12, 37, 46]	[-76, -161, -68, 20, 41]	[-102, -67, 28, -19, -142]	[-46, -178, -93, -105, -91]	[126, -94, -102, 30, 30]	[-121, -29, 13, -41, 100]	[-39, 48, 1, 96, 166]	[-83, -124, -128, -112, -162]	[-156, -131, -105, -116, -116]	[32, -32, -12, -28, -63]	[135, 112, 75, 173, 157]	[10010, 9997, 9998, 10012, 9988]	[225, 212, 202, 200, 166]
870	36.5	[20, 84, -11, 37, 46]	[-24, -146, -73, 23, -31]	[-124, -46, 19, 10, -142]	[-59, -178, -94, -106, -104]	[117, -89, -102, 27, -1]	[-128, -29, 13, -36, 107]	[-67, 47, 5, 103, 172]	[-96, -127, -114, -113, -162]	[-159, -136, -115, -114, -120]	[-12, -13, -13, -34, -63]	[134, 112, 97, 176, 34]	[10016, 9992, 9999, 9996, 9994]	[225, 212, 194, 204, 164]
871	37.5	[21, 65, -12, 40, 68]	[-119, -154, -68, 20, 41]	[-138, -44, 17, -5, -142]	[-46, -180, -93, -103, -90]	[118, -89, -103, 29, 19]	[-119, -28, 12, -41, 95]	[-44, 47, 10, 96, 165]	[-96, -119, -116, -116, -154]	[-160, -122, -115, -115, -115]	[-12, -27, -19, -29, -63]	[135, 112, 73, 176, 128]	[10016, 9991, 9998, 10012, 9994]	[225, 212, 202, 200, 160]
872	38.5	[88, 9, -28, 36, 94]	[-115, -151, -80, 22, -71]	[-158, -41, 16, 2, -159]	[-65, -176, -79, -103, -73]	[122, -84, -104, 41, 3]	[-116, -25, 13, -41, 136]	[-81, 54, 2, 96, 170]	[-99, -144, -124, -113, -146]	[-162, -122, -108, -113, -114]	[-3, -12, -14, -17, -71]	[110, 109, 108, 175, 62]	[10005, 10008, 9999, 10012, 9996]	[218, 130, 187, 265, 267]
873	35.5	[21, 65, -12, 37, 46]	[-76, -161, -68, 20, 41]	[-102, -67, 28, -19, -142]	[-46, -178, -93, -105, -91]	[126, -94, -102, 30, 30]	[-121, -29, 13, -41, 100]	[-39, 48, 1, 96, 166]	[-83, -124, -128, -112, -162]	[-156, -131, -111, -116, -116]	[32, -32, -12, -28, -63]	[135, 112, 75, 173, 157]	[10010, 9997, 9998, 10012, 9988]	[225, 212, 202, 200, 166]
874	40.0	[82, 9, -28, 36, 100]	[-121, -145, -79, 22, -42]	[-158, -41, 15, -10, -157]	[-65, -182, -82, -100, -43]	[114, -85, -103, 41, 3]	[-108, -28, 14, -42, 136]	[-77, 50, 2, 94, 166]	[-88, -128, -117, -115, -152]	[-163, -135, -110, -113, -115]	[-3, -20, -15, -26, -66]	[115, 112, 97, 178, 122]	[10005, 10002, 9999, 10012, 9990]	[219, 130, 187, 265, 267]
875	37.5	[88, 9, -28, 36, 94]	[-115, -151, -80, 22, -71]	[-158, -41, 16, 2, -159]	[-65, -176, -79, -103, -73]	[122, -84, -104, 41, 3]	[-116, -25, 13, -41, 136]	[-81, 54, 2, 96, 170]	[-99, -144, -124, -113, -146]	[-162, -122, -108, -113, -114]	[-3, -12, -14, -17, -71]	[110, 109, 108, 175, 62]	[10005, 10008, 9999, 10012, 9996]	[218, 130, 187, 265, 267]
876	36.5	[88, 9, -28, 36, 100]	[-121, -145, -79, 24, -61]	[-158, -41, 16, -2, -143]	[-65, -178, -90, -101, -87]	[114, -89, -102, 29, 7]	[-118, -28, 13, -41, 107]	[-81, 46, 2, 102, 168]	[-103, -116, -123, -115, -146]	[-163, -122, -121, -113, -114]	[-3, -12, -14, -15, -71]	[110, 113, 101, 175, 62]	[10005, 10002, 9999, 10012, 9996]	[218, 130, 187, 265, 267]
877	38.5	[88, 9, -28, 36, 94]	[-115, -151, -80, 22, -71]	[-158, -41, 16, 2, -159]	[-65, -176, -79, -103, -73]	[122, -88, -104, 41, 3]	[-117, -28, 13, -41, 136]	[-81, 54, 9, 96, 170]	[-99, -144, -124, -113, -146]	[-162, -122, -108, -113, -114]	[-11, -23, -17, -17, -71]	[110, 109, 108, 175, 56]	[10005, 10008, 9999, 10012, 9996]	[218, 130, 187, 265, 267]
878	41.0	[88, 9, -28, 36, 94]	[-115, -151, -80, 22, -71]	[-158, -41, 16, 2, -159]	[-65, -176, -79, -103, -73]	[122, -88, -104, 41, 3]	[-117, -28, 13, -41, 136]	[-81, 54, 9, 96, 170]	[-99, -144, -124, -113, -146]	[-162, -122, -108, -113, -114]	[-11, -23, -17, -17, -71]	[110, 109, 108, 175, 56]	[10005, 10008, 9999, 10012, 9996]	[218, 130, 187, 265, 267]
879	38.0	[88, 9, -28, 36, 94]	[-115, -151, -80, 22, -71]	[-158, -41, 16, 2, -159]	[-65, -176, -79, -103, -73]	[122, -84, -104, 41, 3]	[-116, -25, 13, -41, 136]	[-81, 54, 2, 96, 170]	[-99, -144, -124, -113, -146]	[-162, -122, -108, -113, -114]	[-3, -12, -14, -17, -71]	[110, 109, 108, 175, 62]	[10005, 10008, 9999, 10012, 9996]	[218, 130, 187, 265, 267]
880	36.0	[21, 65, -12, 40, 68]	[-17, -154, -68, 20, 41]	[-138, -61, 28, -19, -142]	[-46, -180, -93, -106, -104]	[126, -90, -104, 26, 30]	[-122, -29, 12, -41, 95]	[-44, 47, 10, 96, 165]	[-96, -127, -112, -121, -162]	[-160, -122, -115, -116, -120]	[-12, -27, -19, -29, -63]	[129, 112, 88, 176, 128]	[10014, 9991, 9999, 10012, 9996]	[225, 212, 202, 200, 160]
881	38.0	[88, 9, -28, 36, 100]	[-121, -145, -79, 22, -42]	[-157, -40, 15, -10, -157]	[-51, -182, -84, -106, -43]	[114, -87, -103, 31, 9]	[-108, -29, 14, -41, 136]	[-70, 48, 3, 100, 170]	[-88, -128, -117, -115, -146]	[-163, -123, -110, -113, -118]	[-3, -20, -15, -26, -66]	[113, 113, 97, 175, 62]	[10005, 9992, 10005, 10012, 9990]	[221, 137, 189, 217, 177]
882	36.0	[88, 9, -28, 36, 100]	[-121, -145, -79, 24, -61]	[-158, -41, 16, -2, -143]	[-65, -181, -85, -100, -54]	[114, -86, -102, 29, 7]	[-118, -28, 13, -41, 107]	[-81, 46, 2, 100, 168]	[-103, -116, -123, -115, -146]	[-163, -122, -121, -113, -114]	[-3, -12, -14, -15, -71]	[110, 113, 101, 175, 62]	[10005, 10002, 9999, 10012, 9996]	[218, 130, 187, 265, 267]
883	39.0	[88, 9, -28, 36, 94]	[-115, -151, -77, 20, -71]	[-158, -41, 23, -12, -152]	[-65, -176, -79, -103, -87]	[122, -87, -102, 41, 3]	[-116, -25, 13, -41, 136]	[-52, 54, 2, 96, 170]	[-99, -144, -124, -112, -150]	[-162, -122, -108, -107, -114]	[-3, -12, -14, -21, -69]	[110, 110, 75, 174, 62]	[10005, 9999, 9999, 10012, 9991]	[218, 130, 187, 265, 267]
884	36.5	[88, 9, -28, 36, 100]	[-121, -145, -79, 22, -42]	[-158, -41, 15, -10, -158]	[-65, -182, -87, -105, -43]	[114, -88, -103, 30, 9]	[-108, -28, 14, -38, 95]	[-70, 48, 3, 100, 170]	[-88, -128, -117, -115, -146]	[-163, -123, -110, -113, -118]	[-3, -20, -15, -26, -66]	[113, 113, 97, 175, 62]	[10005, 9992, 10005, 10012, 9990]	[221, 137, 189, 217, 177]
885	38.0	[88, 9, -28, 36, 94]	[-115, -151, -80, 22, -71]	[-158, -41, 16, 2, -159]	[-71, -176, -79, -103, -73]	[126, -84, -104, 41, 3]	[-116, -26, 13, -40, 103]	[-81, 54, 2, 96, 168]	[-99, -150, -124, -113, -146]	[-162, -122, -108, -116, -115]	[-3, -24, -14, -17, -71]	[110, 109, 108, 174, 75]	[10005, 10008, 9999, 10012, 9996]	[218, 130, 187, 265, 267]
886	46.5	[88, 9, -28, 36, 94]	[-115, -151, -77, 20, -71]	[-158, -41, 23, -12, -152]	[-65, -176, -79, -103, -87]	[122, -87, -102, 41, 3]	[-116, -25, 13, -41, 136]	[-52, 54, 2, 96, 170]	[-99, -144, -124, -112, -150]	[-162, -122, -108, -107, -114]	[-3, -12, -14, -21, -69]	[110, 110, 75, 174, 62]	[10005, 9999, 9999, 10012, 9991]	[218, 130, 187, 265, 267]
887	39.0	[88, 9, -28, 36, 100]	[-121, -145, -79, 22, -42]	[-158, -41, 15, -4, -157]	[-65, -179, -92, -103, -97]	[126, -88, -102, 29, 7]	[-116, -28, 13, -41, 103]	[-81, 52, 2, 101, 168]	[-103, -116, -123, -109, -147]	[-163, -122, -109, -114, -114]	[-3, -12, -13, -12, -71]	[110, 113, 103, 182, 17]	[10005, 10002, 10001, 10012, 9996]	[218, 130, 187, 265, 267]
888	39.0	[88, 9, -28, 36, 100]	[-121, -145, -79, 22, -42]	[-158, -41, 15, -10, -164]	[-65, -179, -87, -105, -43]	[114, -88, -103, 29, 9]	[-108, -28, 14, -38, 95]	[-70, 48, 3, 106, 170]	[-97, -128, -117, -115, -146]	[-163, -123, -110, -113, -116]	[-3, -20, -15, -26, -66]	[113, 113, 97, 175, 62]	[10005, 9992, 10005, 10012, 9990]	[221, 137, 189, 217, 177]
889	35.0	[88, 9, -28, 36, 106]	[-121, -145, -79, 24, -61]	[-158, -41, 16, -2, -137]	[-65, -178, -90, -101, -87]	[114, -89, -102, 29, 7]	[-118, -28, 13, -41, 107]	[-81, 46, 2, 102, 168]	[-103, -116, -123, -115, -146]	[-163, -125, -121, -113, -114]	[-3, -12, -14, -15, -71]	[112, 112, 98, 176, 105]	[10005, 10002, 9999, 10012, 9996]	[218, 130, 187, 265, 267]
890	41.0	[88, 9, -28, 36, 100]	[-121, -145, -79, 22, -42]	[-158, -41, 15, -4, -157]	[-65, -179, -92, -103, -97]	[126, -88, -102, 29, 7]	[-116, -28, 13, -41, 103]	[-81, 52, 2, 101, 168]	[-103, -116, -123, -109, -147]	[-163, -122, -109, -114, -114]	[-3, -12, -13, -12, -71]	[110, 113, 103, 182, 17]	[10005, 10002, 10001, 10012, 9996]	[218, 130, 187, 265, 267]
891	39.0	[88, 9, -28, 36, 106]	[-121, -145, -79, 24, -61]	[-158, -41, 16, -2, -137]	[-65, -178, -90, -101, -87]	[114, -89, -102, 29, 7]	[-111, -28, 13, -41, 107]	[-81, 47, 3, 101, 168]	[-103, -121, -118, -115, -146]	[-163, -123, -117, -113, -114]	[-3, -14, -15, -15, -71]	[112, 112, 98, 176, 105]	[10005, 10002, 9999, 10012, 9996]	[218, 130, 187, 265, 267]
892	33.0	[88, 9, -28, 36, 100]	[-121, -145, -79, 24, -61]	[-158, -41, 16, -2, -137]	[-65, -178, -90, -101, -87]	[114, -89, -102, 29, 1]	[-118, -28, 13, -41, 107]	[-81, 46, 2, 102, 168]	[-103, -116, -123, -115, -146]	[-163, -125, -112, -110, -114]	[-3, -12, -14, -16, -71]	[111, 110, 79, 175, 88]	[10005, 10002, 9999, 10012, 9996]	[218, 130, 187, 265, 267]
893	35.0	[88, 9, -28, 36, 106]	[-121, -145, -79, 24, -61]	[-158, -41, 16, -2, -137]	[-65, -178, -90, -101, -87]	[114, -89, -102, 29, 7]	[-111, -28, 13, -41, 107]	[-81, 47, 3, 101, 168]	[-103, -121, -118, -115, -146]	[-163, -123, -117, -113, -114]	[-3, -14, -15, -15, -71]	[112, 112, 98, 176, 105]	[10005, 10002, 9999, 10012, 9996]	[218, 130, 187, 265, 267]
894	36.0	[88, 9, -28, 36, 100]	[-121, -145, -79, 22, -42]	[-158, -41, 15, -7, -158]	[-65, -178, -88, -105, -43]	[114, -88, -103, 30, 9]	[-108, -28, 13, -38, 95]	[-70, 48, 2, 102, 170]	[-88, -128, -117, -115, -146]	[-163, -123, -118, -113, -118]	[-3, -13, -15, -15, -66]	[113, 113, 97, 175, 62]	[10005, 9992, 10005, 10012, 9990]	[221, 137, 189, 217, 177]
895	36.5	[88, 9, -28, 36, 94]	[-115, -151, -80, 22, -71]	[-158, -41, 16, 2, -159]	[-71, -176, -79, -103, -73]	[126, -84, -104, 41, 3]	[-116, -26, 13, -40, 103]	[-81, 54, 2, 96, 168]	[-99, -150, -124, -113, -146]	[-162, -122, -108, -116, -115]	[-3, -24, -14, -17, -71]	[110, 109, 108, 174, 75]	[10005, 10008, 9999, 10012, 9996]	[218, 130, 187, 265, 267]
896	34.5	[27, 50, -12, 36, 78]	[-103, -147, -76, 20, -15]	[-158, -40, 16, 0, -142]	[-62, -178, -92, -104, -73]	[122, -90, -102, 33, 7]	[-117, -28, 13, -40, 116]	[-69, 54, 3, 97, 172]	[-99, -144, -124, -110, -146]	[-162, -124, -112, -113, -114]	[-12, -13, -13, -17, -71]	[110, 112, 108, 181, 62]	[10005, 9995, 9999, 9997, 9995]	[218, 130, 187, 265, 267]
897	41.5	[88, 9, -28, 36, 100]	[-121, -145, -79, 22, -42]	[-158, -41, 15, -4, -157]	[-65, -179, -89, -105, -97]	[119, -88, -102, 29, 7]	[-116, -28, 14, -41, 103]	[-78, 52, 2, 101, 168]	[-103, -125, -121, -109, -147]	[-163, -122, -109, -114, -114]	[-3, -12, -13, -12, -71]	[110, 113, 103, 182, 17]	[10005, 10002, 10001, 10012, 9996]	[218, 130, 187, 265, 267]
898	39.0	[88, 9, -28, 36, 100]	[-121, -145, -79, 24, -61]	[-158, -41, 16, -2, -137]	[-65, -178, -90, -101, -87]	[114, -89, -102, 29, 7]	[-118, -28, 13, -41, 107]	[-81, 46, 2, 102, 168]	[-109, -116, -123, -115, -146]	[-163, -125, -121, -113, -114]	[-3, -12, -8, -15, -71]	[111, 109, 105, 176, 105]	[10005, 10002, 9999, 10012, 9996]	[218, 130, 187, 265, 267]
899	37.0	[88, 9, -28, 36, 100]	[-121, -145, -79, 22, -42]	[-158, -41, 16, -4, -143]	[-64, -179, -90, -103, -97]	[126, -90, -102, 30, 3]	[-117, -30, 13, -41, 103]	[-81, 48, 2, 99, 168]	[-103, -138, -123, -112, -147]	[-163, -123, -109, -113, -114]	[-3, -12, -14, -15, -71]	[110, 113, 107, 182, 17]	[10005, 9999, 10001, 10012, 9996]	[218, 130, 187, 265, 267]
900	41.0	[88, 9, -28, 36, 94]	[-115, -151, -80, 22, -71]	[-158, -41, 16, 2, -159]	[-71, -176, -79, -103, -73]	[126, -90, -104, 41, 3]	[-116, -26, 13, -40, 103]	[-81, 54, 2, 96, 168]	[-99, -150, -124, -88, -146]	[-162, -122, -108, -116, -115]	[-3, -24, -14, -17, -71]	[110, 109, 108, 174, 75]	[10005, 10008, 9999, 10012, 9996]	[218, 130, 187, 265, 267]
901	36.5	[88, 9, -28, 36, 100]	[-121, -145, -79, 22, -42]	[-158, -41, 15, -4, -157]	[-65, -179, -89, -105, -97]	[119, -88, -102, 29, 7]	[-116, -28, 14, -41, 103]	[-78, 52, 2, 101, 168]	[-103, -100, -121, -109, -147]	[-163, -122, -109, -114, -114]	[-3, -12, -13, -12, -71]	[110, 113, 103, 182, 17]	[10005, 10002, 10001, 10012, 9996]	[218, 130, 187, 265, 267]
902	38.0	[88, 9, -28, 36, 94]	[-115, -151, -79, 20, -71]	[-158, -41, 17, 0, -157]	[-65, -176, -79, -78, -87]	[122, -87, -102, 41, 3]	[-117, -25, 7, -41, 136]	[-52, 54, 7, 100, 169]	[-99, -144, -123, -106, -148]	[-162, -122, -108, -109, -114]	[-7, -17, -14, -16, -71]	[110, 110, 76, 175, 58]	[10005, 10008, 9999, 10012, 9991]	[218, 130, 187, 265, 267]
903	37.5	[88, 9, -28, 36, 100]	[-121, -145, -79, 22, -42]	[-158, -41, 15, -4, -157]	[-65, -179, -89, -105, -97]	[119, -88, -102, 29, 7]	[-116, -28, 10, -41, 103]	[-62, 35, 2, 101, 168]	[-102, -138, -122, -101, -148]	[-163, -122, -108, -114, -114]	[-3, -12, -13, -19, -71]	[110, 113, 98, 182, 17]	[10005, 10000, 10000, 10012, 9991]	[218, 130, 187, 265, 267]
904	47.0	[88, 9, -34, 36, 100]	[-121, -145, -79, 22, -42]	[-158, -41, 16, -3, -158]	[-65, -178, -88, -100, -43]	[114, -88, -102, 30, 9]	[-108, -28, 13, -40, 95]	[-70, 48, 3, 99, 168]	[-88, -128, -117, -115, -146]	[-163, -123, -118, -113, -118]	[-3, -13, -15, -15, -66]	[113, 113, 97, 175, 62]	[10005, 9992, 10005, 10012, 9990]	[221, 137, 164, 217, 177]
905	39.0	[88, 9, -28, 36, 100]	[-121, -145, -79, 24, -61]	[-158, -41, 21, -13, -142]	[-65, -181, -87, -104, -66]	[114, -89, -102, 29, 1]	[-115, -28, 13, -41, 107]	[-81, 46, 2, 102, 170]	[-91, -112, -122, -115, -146]	[-163, -124, -112, -112, -114]	[-3, -15, -13, -16, -71]	[111, 110, 79, 175, 63]	[10005, 10002, 9999, 10012, 9996]	[218, 130, 187, 265, 267]
906	37.5	[88, 9, -28, 36, 96]	[-116, -146, -79, 21, -53]	[-158, -41, 17, -1, -143]	[-65, -178, -81, -103, -97]	[122, -88, -102, 30, 3]	[-117, -25, 11, -41, 116]	[-78, 51, 5, 99, 168]	[-103, -138, -123, -137, -147]	[-163, -123, -109, -113, -114]	[-3, -12, -14, -15, -71]	[104, 113, 107, 182, 17]	[10005, 9999, 10001, 10012, 9996]	[218, 130, 187, 265, 267]
907	39.0	[88, 9, -28, 36, 106]	[-121, -145, -79, 24, -61]	[-158, -41, 16, -2, -137]	[-65, -178, -90, -101, -87]	[114, -89, -102, 29, 7]	[-111, -28, 13, -41, 107]	[-81, 47, 3, 101, 168]	[-103, -121, -118, -115, -146]	[-163, -123, -117, -113, -114]	[-3, -14, -15, -15, -71]	[112, 112, 73, 176, 105]	[10005, 9996, 9999, 10012, 9996]	[218, 130, 187, 265, 267]
908	37.5	[88, 3, -28, 36, 94]	[-115, -149, -77, 20, -71]	[-158, -41, 18, -6, -157]	[-65, -176, -79, -103, -87]	[122, -87, -102, 29, 3]	[-115, -27, 9, -41, 128]	[-52, 48, 3, 96, 169]	[-90, -114, -119, -103, -149]	[-162, -122, -108, -107, -114]	[-3, -12, -14, -19, -71]	[110, 110, 75, 174, 62]	[10005, 9999, 9999, 10012, 9991]	[218, 130, 187, 265, 267]
909	38.0	[88, 9, -28, 36, 100]	[-121, -145, -79, 24, -61]	[-158, -41, 21, -13, -142]	[-65, -181, -87, -104, -66]	[114, -89, -102, 29, 1]	[-115, -28, 13, -41, 107]	[-81, 46, 2, 102, 170]	[-91, -112, -122, -115, -146]	[-163, -124, -112, -112, -114]	[-3, -15, -13, -16, -71]	[111, 110, 79, 175, 63]	[10005, 10002, 9999, 10012, 9996]	[218, 130, 187, 265, 267]
910	37.0	[88, 9, -28, 36, 100]	[-121, -145, -79, 24, -61]	[-158, -41, 21, -13, -142]	[-65, -181, -87, -104, -66]	[114, -89, -102, 29, 1]	[-115, -28, 13, -41, 107]	[-81, 46, 2, 102, 170]	[-91, -112, -122, -115, -146]	[-163, -124, -112, -112, -114]	[-3, -15, -13, -16, -71]	[111, 110, 79, 175, 63]	[10005, 10002, 9999, 10012, 9996]	[218, 130, 187, 265, 267]
911	41.0	[88, 9, -22, 36, 100]	[-121, -145, -79, 24, -61]	[-158, -41, 21, -15, -148]	[-68, -177, -85, -104, -66]	[122, -89, -103, 29, 1]	[-118, -28, 13, -41, 107]	[-75, 47, 2, 102, 168]	[-103, -116, -123, -112, -146]	[-163, -125, -112, -110, -114]	[-3, -12, -14, -16, -71]	[111, 110, 79, 175, 88]	[10005, 10002, 9999, 10012, 9996]	[218, 130, 187, 265, 267]
912	41.0	[88, 9, -28, 36, 94]	[-115, -151, -80, 22, -71]	[-158, -41, 16, 2, -159]	[-70, -179, -85, -103, -73]	[125, -89, -104, 41, 3]	[-116, -26, 13, -40, 103]	[-81, 54, 2, 97, 168]	[-99, -150, -124, -109, -146]	[-162, -122, -111, -107, -115]	[-3, -16, -14, -17, -71]	[111, 110, 89, 174, 75]	[10005, 10006, 9999, 10012, 9996]	[218, 130, 187, 265, 267]
913	39.0	[88, 3, -28, 36, 94]	[-115, -149, -77, 20, -71]	[-158, -41, 18, -6, -157]	[-65, -176, -79, -103, -87]	[122, -87, -102, 29, 3]	[-115, -27, 9, -41, 128]	[-52, 48, 3, 96, 169]	[-90, -114, -119, -103, -149]	[-162, -122, -108, -107, -114]	[-3, -14, -13, -19, -71]	[110, 110, 76, 174, 62]	[10005, 9999, 9999, 10012, 9992]	[218, 130, 187, 265, 267]
914	44.0	[88, 9, -28, 36, 94]	[-115, -151, -79, 20, -71]	[-158, -41, 17, 0, -157]	[-65, -176, -79, -78, -87]	[122, -87, -102, 41, 3]	[-117, -25, 7, -41, 136]	[-52, 54, 7, 100, 168]	[-99, -144, -123, -130, -148]	[-163, -122, -108, -109, -114]	[-7, -15, -14, -16, -71]	[110, 110, 76, 175, 58]	[10005, 10008, 9999, 10012, 9991]	[218, 130, 187, 265, 267]
915	37.5	[88, 9, -28, 36, 96]	[-116, -146, -79, 27, -53]	[-158, -41, 17, -1, -143]	[-65, -178, -81, -103, -97]	[122, -88, -102, 30, 3]	[-117, -25, 11, -41, 116]	[-78, 51, 5, 99, 168]	[-103, -138, -123, -137, -147]	[-163, -123, -109, -113, -114]	[-3, -12, -14, -15, -71]	[104, 113, 107, 182, 17]	[10005, 9999, 10001, 10012, 9996]	[218, 130, 187, 265, 267]
916	39.5	[88, 9, -28, 36, 100]	[-121, -145, -79, 24, -61]	[-152, -41, 21, -13, -142]	[-65, -181, -87, -104, -66]	[114, -89, -102, 29, 1]	[-115, -28, 13, -41, 107]	[-81, 46, 2, 102, 170]	[-91, -112, -122, -115, -146]	[-163, -124, -112, -112, -114]	[-3, -15, -13, -16, -71]	[111, 110, 79, 175, 63]	[10005, 10002, 9999, 10012, 9996]	[218, 130, 187, 265, 267]
917	40.5	[88, 9, -28, 36, 94]	[-115, -151, -80, 22, -71]	[-158, -41, 16, 1, -159]	[-70, -179, -92, -89, -85]	[123, -88, -104, 35, 3]	[-116, -26, 10, -40, 117]	[-81, 54, 3, 98, 168]	[-94, -138, -119, -115, -146]	[-162, -122, -112, -109, -114]	[-3, -21, -14, -17, -71]	[111, 111, 89, 174, 75]	[10005, 9996, 9999, 10012, 9996]	[218, 130, 187, 223, 197]
918	38.0	[88, 9, -28, 36, 100]	[-121, -145, -79, 24, -61]	[-158, -41, 21, -13, -142]	[-65, -181, -87, -104, -66]	[114, -89, -102, 29, 1]	[-115, -28, 13, -41, 107]	[-81, 46, 2, 102, 170]	[-91, -112, -122, -115, -146]	[-163, -124, -112, -112, -114]	[-3, -15, -13, -16, -71]	[111, 110, 79, 175, 63]	[10005, 10002, 9999, 10012, 9996]	[218, 130, 187, 265, 267]
919	44.5	[88, 9, -28, 36, 94]	[-115, -151, -80, 22, -71]	[-158, -41, 16, 2, -159]	[-70, -179, -85, -103, -73]	[125, -89, -104, 41, 3]	[-116, -26, 13, -40, 103]	[-81, 54, 2, 97, 168]	[-99, -150, -124, -109, -146]	[-162, -122, -111, -107, -115]	[-3, -16, -14, -17, -71]	[111, 110, 89, 174, 75]	[10005, 10006, 9999, 10012, 9996]	[218, 130, 187, 265, 267]
920	37.5	[88, 9, -28, 36, 100]	[-121, -145, -79, 22, -45]	[-158, -41, 16, -4, -157]	[-66, -179, -89, -105, -97]	[119, -88, -104, 29, 7]	[-116, -34, 10, -40, 103]	[-62, 35, 2, 101, 168]	[-102, -138, -122, -101, -148]	[-163, -122, -108, -114, -114]	[-3, -12, -13, -19, -71]	[110, 113, 98, 182, 17]	[10005, 10000, 10000, 10006, 9991]	[218, 130, 187, 265, 261]
921	38.5	[88, 9, -28, 36, 94]	[-116, -147, -80, 22, -71]	[-158, -41, 15, 2, -159]	[-70, -179, -88, -105, -83]	[125, -89, -104, 41, 3]	[-116, -26, 13, -40, 103]	[-81, 54, 2, 97, 168]	[-99, -150, -124, -109, -146]	[-162, -122, -111, -107, -115]	[-3, -16, -14, -17, -71]	[111, 110, 89, 174, 75]	[10005, 10006, 9999, 10012, 9996]	[218, 130, 187, 265, 267]
922	40.5	[88, 9, -28, 36, 94]	[-116, -147, -80, 22, -71]	[-158, -41, 15, 2, -159]	[-70, -179, -88, -105, -83]	[125, -89, -104, 41, 3]	[-116, -26, 13, -40, 103]	[-81, 54, 2, 97, 168]	[-99, -150, -124, -109, -146]	[-162, -122, -111, -107, -115]	[-3, -16, -14, -17, -71]	[111, 110, 89, 174, 75]	[10005, 10006, 9999, 10012, 9996]	[218, 130, 187, 265, 267]
923	41.5	[88, 9, -28, 36, 94]	[-115, -151, -79, 20, -71]	[-158, -41, 17, 0, -157]	[-65, -176, -79, -78, -87]	[122, -87, -103, 41, 3]	[-117, -25, 7, -40, 136]	[-72, 51, 6, 98, 168]	[-99, -141, -121, -131, -147]	[-163, -122, -108, -109, -114]	[-7, -12, -14, -16, -71]	[110, 110, 76, 175, 58]	[10005, 10008, 9999, 10012, 9991]	[218, 130, 187, 265, 273]
924	45.0	[88, 9, -28, 36, 100]	[-121, -145, -79, 24, -61]	[-152, -41, 21, -13, -142]	[-65, -181, -87, -104, -66]	[114, -89, -102, 29, 1]	[-115, -28, 13, -41, 107]	[-81, 46, 2, 102, 170]	[-91, -112, -122, -115, -146]	[-163, -124, -112, -112, -114]	[-3, -15, -13, -16, -71]	[111, 110, 79, 175, 63]	[10005, 10002, 9999, 10012, 10002]	[218, 130, 187, 265, 267]
925	37.5	[88, 9, -28, 36, 94]	[-110, -147, -80, 22, -71]	[-158, -41, 15, 2, -159]	[-70, -179, -88, -105, -83]	[125, -89, -104, 41, 3]	[-116, -26, 13, -40, 103]	[-81, 54, 2, 97, 168]	[-99, -150, -124, -109, -146]	[-162, -122, -111, -107, -115]	[-3, -16, -14, -17, -71]	[111, 110, 89, 174, 75]	[10005, 10006, 9999, 10012, 9996]	[218, 130, 187, 265, 267]
926	37.0	[88, 9, -28, 36, 94]	[-115, -151, -78, 22, -71]	[-158, -41, 18, 2, -159]	[-70, -177, -79, -103, -53]	[122, -88, -103, 31, 3]	[-116, -29, 9, -40, 124]	[-61, 54, 2, 98, 168]	[-99, -136, -123, -116, -146]	[-156, -122, -108, -115, -115]	[-5, -13, -14, -16, -71]	[113, 110, 76, 174, 75]	[10005, 10002, 9999, 10012, 9991]	[218, 130, 187, 265, 267]
927	35.5	[88, 3, -28, 36, 94]	[-109, -149, -77, 20, -71]	[-158, -41, 18, -6, -157]	[-65, -176, -79, -103, -87]	[122, -87, -102, 35, 3]	[-114, -28, 11, -41, 128]	[-52, 48, 3, 96, 169]	[-90, -114, -119, -103, -149]	[-162, -122, -108, -107, -114]	[-3, -14, -13, -19, -71]	[110, 110, 76, 174, 62]	[10005, 9999, 9999, 10012, 9992]	[218, 130, 187, 265, 267]
928	39.5	[88, 9, -28, 36, 94]	[-115, -151, -78, 22, -66]	[-158, -41, 18, -1, -158]	[-67, -177, -79, -103, -53]	[122, -88, -103, 33, 3]	[-110, -29, 9, -40, 124]	[-61, 54, 2, 98, 168]	[-99, -136, -123, -116, -146]	[-156, -122, -108, -115, -115]	[-5, -13, -14, -16, -71]	[113, 110, 76, 174, 75]	[10005, 10002, 9999, 10012, 9991]	[218, 130, 187, 265, 267]
929	42.0	[88, 9, -28, 36, 94]	[-110, -147, -80, 22, -71]	[-158, -41, 15, 2, -159]	[-70, -179, -88, -105, -83]	[125, -89, -104, 41, 3]	[-116, -26, 13, -40, 103]	[-81, 54, 2, 97, 168]	[-99, -150, -124, -109, -146]	[-162, -122, -111, -107, -115]	[-3, -16, -14, -17, -71]	[111, 110, 89, 174, 75]	[10005, 10006, 9999, 10012, 9996]	[218, 130, 187, 265, 267]
930	38.0	[88, 3, -28, 36, 100]	[-121, -145, -79, 24, -61]	[-152, -41, 21, -13, -142]	[-65, -181, -87, -104, -66]	[114, -89, -102, 29, 1]	[-115, -28, 13, -41, 107]	[-81, 46, 2, 102, 170]	[-91, -112, -122, -115, -146]	[-163, -124, -112, -112, -114]	[-3, -15, -13, -16, -71]	[111, 110, 79, 175, 63]	[10005, 10002, 9999, 10012, 10002]	[218, 130, 187, 265, 267]
931	37.5	[88, 9, -28, 36, 94]	[-110, -147, -80, 22, -71]	[-158, -41, 15, 2, -159]	[-70, -179, -88, -105, -83]	[125, -89, -104, 41, 3]	[-116, -27, 9, -40, 103]	[-80, 53, 2, 97, 168]	[-99, -148, -124, -109, -146]	[-162, -122, -109, -108, -115]	[-3, -16, -14, -17, -71]	[110, 110, 81, 174, 60]	[10005, 10006, 9999, 10012, 9996]	[218, 130, 187, 265, 267]
932	41.0	[88, 9, -28, 36, 94]	[-110, -147, -80, 22, -71]	[-158, -41, 15, 2, -159]	[-70, -179, -88, -105, -83]	[125, -89, -104, 41, 3]	[-116, -26, 13, -40, 103]	[-81, 54, 2, 97, 168]	[-99, -150, -124, -109, -146]	[-162, -122, -111, -107, -121]	[-3, -16, -14, -17, -71]	[111, 110, 89, 174, 75]	[10005, 10006, 9999, 10012, 9996]	[218, 130, 187, 265, 267]
933	41.0	[88, 9, -28, 36, 94]	[-110, -147, -80, 22, -71]	[-158, -41, 15, 2, -159]	[-70, -179, -88, -105, -83]	[125, -89, -104, 41, 3]	[-116, -27, 9, -40, 103]	[-80, 53, 2, 97, 168]	[-99, -148, -124, -109, -146]	[-162, -122, -109, -108, -115]	[-3, -16, -14, -17, -71]	[110, 110, 81, 174, 60]	[10005, 10006, 9999, 10012, 9996]	[218, 130, 187, 265, 267]
934	36.5	[88, 9, -28, 36, 94]	[-110, -147, -80, 22, -71]	[-158, -41, 15, 2, -159]	[-70, -179, -88, -105, -83]	[125, -89, -104, 41, 3]	[-116, -27, 9, -40, 103]	[-80, 53, 2, 97, 168]	[-99, -148, -124, -109, -146]	[-162, -122, -109, -108, -115]	[-3, -16, -14, -17, -71]	[110, 110, 81, 174, 60]	[10005, 10006, 9999, 10012, 9996]	[218, 130, 187, 265, 267]
935	40.5	[88, 3, -28, 36, 100]	[-121, -145, -79, 24, -61]	[-155, -41, 16, -12, -144]	[-65, -181, -87, -104, -66]	[116, -89, -103, 30, 6]	[-115, -28, 13, -41, 107]	[-81, 46, 2, 102, 169]	[-91, -113, -122, -112, -146]	[-163, -124, -111, -113, -114]	[-3, -15, -13, -16, -71]	[111, 110, 79, 175, 63]	[10005, 10002, 9999, 10012, 10002]	[218, 130, 187, 265, 267]
936	35.0	[88, 3, -28, 36, 100]	[-121, -145, -79, 24, -61]	[-155, -41, 16, -12, -144]	[-65, -181, -87, -104, -66]	[116, -89, -103, 30, 6]	[-115, -28, 13, -41, 107]	[-81, 46, 2, 102, 169]	[-91, -113, -122, -112, -146]	[-163, -124, -111, -113, -114]	[-3, -15, -13, -16, -71]	[111, 110, 79, 175, 63]	[10005, 10002, 9999, 10012, 10002]	[218, 130, 187, 265, 267]
937	41.5	[88, 9, -28, 36, 100]	[-121, -150, -79, 24, -61]	[-158, -41, 21, -13, -142]	[-65, -181, -92, -104, -66]	[114, -89, -104, 30, 3]	[-115, -28, 8, -41, 107]	[-81, 46, 4, 101, 170]	[-93, -117, -119, -116, -146]	[-163, -124, -111, -113, -114]	[-3, -14, -13, -16, -71]	[111, 116, 72, 174, 75]	[10005, 10002, 9999, 10018, 9996]	[218, 130, 187, 265, 267]
938	38.0	[88, 9, -28, 36, 94]	[-115, -151, -78, 22, -66]	[-158, -41, 18, -1, -158]	[-67, -177, -79, -103, -53]	[122, -88, -103, 33, 3]	[-110, -29, 9, -40, 124]	[-61, 54, 2, 98, 168]	[-99, -136, -123, -116, -146]	[-156, -122, -108, -115, -115]	[-5, -13, -14, -16, -71]	[113, 110, 76, 174, 75]	[10005, 10002, 9999, 10012, 9991]	[218, 130, 187, 265, 267]
939	36.0	[88, 3, -28, 36, 94]	[-115, -150, -80, 20, -71]	[-158, -41, 17, -6, -157]	[-68, -177, -79, -103, -83]	[122, -87, -102, 29, 3]	[-114, -28, 11, -41, 128]	[-52, 48, 3, 96, 169]	[-94, -115, -121, -112, -146]	[-162, -123, -108, -107, -114]	[-3, -13, -13, -16, -71]	[110, 110, 78, 174, 63]	[10005, 10002, 9999, 10012, 9992]	[218, 130, 187, 265, 267]
940	36.5	[88, 9, -28, 36, 94]	[-115, -151, -78, 22, -71]	[-158, -41, 18, 2, -159]	[-70, -177, -79, -103, -53]	[122, -88, -103, 31, 3]	[-116, -29, 9, -40, 124]	[-61, 54, 2, 98, 168]	[-99, -136, -123, -116, -146]	[-156, -122, -108, -114, -115]	[-4, -13, -14, -16, -71]	[111, 110, 76, 174, 75]	[10005, 10002, 9999, 10012, 9991]	[218, 130, 187, 259, 267]
941	38.0	[88, 9, -28, 36, 94]	[-115, -151, -78, 22, -66]	[-158, -41, 18, -1, -158]	[-67, -177, -79, -103, -53]	[122, -88, -103, 33, 3]	[-110, -29, 9, -40, 124]	[-61, 54, 2, 98, 168]	[-99, -136, -123, -116, -146]	[-156, -122, -108, -115, -115]	[-5, -13, -14, -16, -71]	[113, 110, 76, 174, 75]	[10005, 10002, 9999, 10012, 9991]	[218, 130, 187, 265, 267]
942	45.0	[88, 9, -28, 36, 94]	[-115, -151, -78, 22, -71]	[-158, -41, 18, 2, -159]	[-70, -177, -79, -103, -53]	[122, -88, -103, 31, 3]	[-116, -29, 9, -40, 124]	[-61, 54, 2, 98, 168]	[-99, -136, -123, -116, -146]	[-156, -122, -108, -114, -115]	[-4, -13, -14, -16, -71]	[111, 110, 76, 174, 75]	[10005, 10002, 9999, 10012, 9991]	[218, 130, 187, 259, 267]
943	39.0	[88, 9, -28, 36, 100]	[-121, -145, -79, 24, -61]	[-158, -41, 21, -13, -142]	[-65, -181, -87, -105, -77]	[114, -89, -98, 29, 1]	[-115, -27, 13, -41, 107]	[-81, 54, 2, 98, 170]	[-95, -142, -122, -115, -146]	[-163, -124, -110, -110, -114]	[-3, -16, -13, -17, -71]	[111, 114, 86, 174, 63]	[10005, 9998, 9999, 10012, 9996]	[218, 130, 187, 265, 267]
944	37.0	[88, 9, -28, 36, 100]	[-121, -150, -79, 24, -61]	[-158, -41, 21, -12, -144]	[-65, -181, -92, -104, -66]	[115, -89, -104, 30, 5]	[-115, -28, 12, -41, 107]	[-81, 46, 3, 96, 170]	[-93, -113, -120, -113, -146]	[-163, -124, -111, -113, -114]	[-3, -14, -13, -16, -71]	[111, 116, 72, 174, 75]	[10005, 10002, 9999, 10018, 9996]	[218, 130, 187, 265, 267]
945	36.0	[88, 9, -28, 36, 94]	[-115, -151, -78, 22, -66]	[-158, -41, 17, -2, -157]	[-66, -177, -79, -104, -57]	[122, -87, -102, 31, 3]	[-110, -28, 10, -41, 128]	[-58, 48, 2, 96, 169]	[-99, -136, -123, -116, -146]	[-156, -122, -109, -115, -115]	[-5, -16, -13, -16, -71]	[113, 110, 76, 174, 75]	[10005, 10003, 9999, 10012, 9991]	[218, 130, 187, 265, 267]
946	38.5	[88, 9, -28, 36, 94]	[-110, -147, -80, 22, -71]	[-158, -41, 15, 2, -159]	[-70, -179, -88, -105, -83]	[125, -89, -104, 40, 3]	[-116, -32, 9, -40, 103]	[-73, 53, 2, 97, 168]	[-99, -144, -124, -109, -146]	[-162, -122, -109, -108, -115]	[-3, -16, -13, -18, -71]	[110, 110, 81, 174, 60]	[10005, 10006, 9999, 10010, 9993]	[218, 130, 187, 265, 263]
947	37.0	[88, 9, -28, 36, 94]	[-110, -147, -80, 22, -71]	[-158, -41, 15, 2, -159]	[-70, -179, -88, -105, -83]	[125, -89, -104, 40, 3]	[-116, -32, 9, -40, 103]	[-73, 53, 2, 97, 168]	[-99, -144, -124, -109, -146]	[-162, -122, -109, -108, -115]	[-3, -16, -13, -18, -71]	[110, 110, 81, 174, 60]	[10005, 10006, 9999, 10010, 9993]	[218, 130, 187, 265, 263]
948	33.5	[88, 9, -28, 36, 100]	[-121, -145, -79, 22, -45]	[-158, -41, 16, -11, -142]	[-66, -179, -89, -104, -81]	[125, -89, -104, 30, 7]	[-116, -27, 10, -40, 103]	[-74, 35, 8, 101, 168]	[-100, -140, -122, -107, -148]	[-162, -122, -111, -114, -114]	[-3, -13, -14, -17, -71]	[110, 113, 98, 182, 17]	[10005, 10000, 9999, 10006, 9991]	[212, 130, 187, 265, 261]
949	43.5	[88, 6, -28, 36, 100]	[-121, -147, -78, 20, -62]	[-158, -41, 18, -13, -142]	[-65, -181, -86, -103, -77]	[114, -88, -98, 29, 1]	[-115, -27, 13, -41, 107]	[-81, 54, 2, 98, 170]	[-89, -142, -122, -115, -146]	[-163, -124, -110, -110, -114]	[-3, -16, -13, -17, -71]	[111, 114, 86, 174, 63]	[10005, 9998, 9999, 10012, 9996]	[218, 130, 187, 265, 267]
950	34.0	[88, 9, -28, 36, 94]	[-115, -151, -78, 22, -66]	[-158, -41, 17, -2, -157]	[-66, -177, -79, -104, -57]	[122, -87, -102, 31, 3]	[-110, -28, 10, -41, 128]	[-58, 48, 2, 96, 169]	[-99, -136, -123, -116, -146]	[-156, -122, -109, -115, -115]	[-5, -16, -13, -16, -71]	[113, 110, 76, 174, 75]	[10005, 10003, 9999, 10012, 9991]	[218, 130, 187, 265, 267]
951	38.5	[88, 9, -28, 36, 94]	[-110, -147, -80, 22, -71]	[-158, -41, 16, 2, -159]	[-70, -179, -88, -105, -83]	[125, -88, -104, 41, 3]	[-116, -28, 9, -40, 103]	[-80, 53, 2, 98, 168]	[-101, -145, -123, -112, -146]	[-162, -122, -109, -108, -115]	[-3, -13, -14, -16, -71]	[110, 113, 76, 181, 56]	[10005, 10002, 9999, 10010, 9992]	[218, 130, 181, 265, 264]
952	36.0	[88, 9, -28, 36, 94]	[-115, -151, -78, 22, -66]	[-158, -41, 17, -2, -157]	[-66, -177, -79, -104, -57]	[122, -87, -102, 31, 3]	[-110, -28, 10, -41, 128]	[-58, 48, 2, 96, 169]	[-93, -136, -123, -116, -146]	[-156, -122, -109, -115, -115]	[-5, -16, -13, -16, -71]	[113, 110, 76, 174, 75]	[10005, 10003, 9999, 10012, 9991]	[218, 130, 187, 265, 267]
953	35.5	[88, 6, -28, 36, 100]	[-121, -147, -78, 20, -62]	[-158, -41, 17, -13, -142]	[-65, -180, -86, -103, -77]	[120, -89, -102, 29, 1]	[-115, -27, 11, -41, 107]	[-81, 54, 6, 100, 169]	[-89, -142, -122, -115, -146]	[-162, -124, -110, -110, -114]	[-3, -13, -13, -17, -71]	[111, 114, 86, 174, 63]	[10005, 9998, 9999, 10012, 9996]	[218, 130, 187, 265, 267]
954	40.5	[88, 6, -28, 36, 94]	[-115, -151, -78, 22, -66]	[-158, -41, 17, -1, -158]	[-67, -177, -79, -109, -53]	[122, -87, -103, 29, 3]	[-110, -29, 11, -40, 127]	[-58, 54, 2, 96, 169]	[-99, -136, -123, -113, -146]	[-156, -123, -108, -114, -115]	[-3, -16, -13, -16, -71]	[113, 110, 76, 174, 65]	[10005, 10002, 9999, 10012, 9992]	[218, 130, 187, 265, 267]
955	43.0	[88, 9, -28, 36, 94]	[-115, -151, -78, 22, -66]	[-158, -41, 17, -2, -157]	[-66, -177, -79, -104, -57]	[122, -87, -102, 31, 3]	[-110, -28, 10, -41, 128]	[-58, 48, 2, 96, 169]	[-93, -136, -123, -116, -146]	[-156, -122, -109, -115, -109]	[-5, -16, -13, -16, -71]	[113, 110, 76, 174, 75]	[10005, 10003, 9999, 10012, 9991]	[218, 130, 187, 265, 267]
956	40.0	[88, 9, -28, 36, 94]	[-115, -151, -78, 22, -66]	[-158, -41, 18, -1, -158]	[-67, -180, -82, -103, -53]	[122, -88, -103, 31, 4]	[-113, -27, 13, -40, 124]	[-61, 53, 2, 98, 168]	[-100, -140, -123, -116, -146]	[-156, -122, -111, -114, -115]	[-5, -13, -14, -16, -71]	[113, 110, 81, 174, 75]	[10005, 10002, 9999, 10012, 9991]	[218, 130, 187, 265, 267]
957	41.0	[88, 9, -28, 36, 94]	[-110, -147, -80, 22, -71]	[-158, -41, 16, 2, -159]	[-70, -179, -80, -105, -83]	[125, -88, -103, 37, 3]	[-116, -29, 9, -40, 103]	[-80, 53, 2, 98, 168]	[-100, -138, -124, -109, -146]	[-162, -122, -109, -108, -115]	[-3, -14, -14, -17, -71]	[110, 113, 89, 181, 56]	[10005, 10003, 10000, 10010, 9993]	[218, 130, 187, 265, 264]
958	38.0	[88, 9, -28, 36, 100]	[-121, -145, -79, 24, -45]	[-158, -41, 16, -4, -157]	[-66, -175, -87, -105, -68]	[124, -89, -104, 36, 7]	[-116, -29, 10, -40, 103]	[-76, 49, 2, 98, 168]	[-100, -140, -122, -111, -148]	[-161, -122, -109, -112, -114]	[-3, -13, -14, -17, -71]	[110, 113, 98, 182, 17]	[10005, 10000, 9999, 10007, 9991]	[212, 130, 187, 265, 261]
959	37.5	[88, 6, -28, 36, 94]	[-115, -151, -78, 22, -66]	[-158, -41, 17, -1, -158]	[-67, -177, -79, -109, -53]	[122, -87, -103, 29, 3]	[-110, -29, 11, -40, 127]	[-58, 54, 2, 96, 169]	[-99, -136, -123, -113, -146]	[-156, -123, -108, -114, -115]	[-3, -16, -13, -16, -71]	[113, 110, 76, 174, 65]	[10005, 10002, 9999, 10012, 9992]	[218, 130, 187, 265, 267]
960	35.0	[88, 9, -28, 36, 95]	[-121, -145, -79, 24, -45]	[-158, -41, 22, -4, -157]	[-69, -181, -88, -104, -82]	[120, -89, -104, 36, 7]	[-116, -28, 11, -40, 103]	[-76, 49, 5, 99, 169]	[-95, -139, -121, -107, -148]	[-162, -123, -111, -114, -114]	[-3, -14, -13, -17, -71]	[110, 110, 90, 176, 17]	[10005, 10000, 9993, 10015, 9996]	[212, 130, 187, 265, 261]
961	38.0	[88, 9, -28, 36, 94]	[-110, -147, -80, 22, -71]	[-158, -41, 15, 2, -159]	[-70, -179, -88, -110, -81]	[116, -89, -104, 30, 3]	[-116, -32, 12, -40, 103]	[-73, 39, 6, 97, 172]	[-91, -144, -124, -109, -146]	[-163, -122, -109, -113, -115]	[-3, -14, -13, -18, -71]	[110, 110, 87, 180, 22]	[10005, 10001, 9999, 10007, 9993]	[218, 132, 187, 265, 263]
962	37.0	[88, 9, -28, 36, 95]	[-121, -145, -79, 24, -45]	[-158, -41, 22, -4, -157]	[-69, -181, -88, -104, -82]	[120, -89, -104, 36, 7]	[-116, -28, 11, -40, 103]	[-76, 49, 5, 99, 169]	[-95, -139, -121, -107, -148]	[-162, -123, -111, -114, -114]	[-3, -14, -13, -17, -71]	[110, 110, 90, 176, 17]	[10005, 10000, 9993, 10015, 9996]	[212, 130, 187, 265, 261]
963	39.5	[88, 9, -28, 36, 100]	[-121, -145, -79, 22, -45]	[-158, -41, 16, -11, -142]	[-66, -179, -89, -104, -81]	[125, -89, -104, 30, 7]	[-116, -28, 10, -40, 103]	[-74, 41, 7, 100, 168]	[-92, -142, -122, -110, -147]	[-162, -122, -111, -114, -114]	[-3, -14, -14, -17, -71]	[110, 113, 97, 181, 22]	[10005, 10000, 9999, 10006, 9991]	[212, 130, 187, 265, 261]
964	40.0	[88, 9, -28, 36, 94]	[-115, -151, -78, 22, -66]	[-158, -41, 17, -2, -157]	[-66, -177, -79, -104, -57]	[122, -87, -102, 31, 3]	[-110, -28, 10, -41, 128]	[-58, 48, 2, 96, 169]	[-93, -136, -123, -116, -146]	[-156, -122, -109, -115, -109]	[-5, -16, -19, -16, -71]	[113, 110, 82, 174, 75]	[10005, 10003, 9999, 10012, 9991]	[218, 130, 187, 265, 267]
965	41.0	[88, 9, -28, 36, 100]	[-117, -149, -79, 22, -45]	[-158, -41, 17, -5, -156]	[-67, -179, -82, -104, -81]	[123, -89, -104, 31, 4]	[-114, -28, 11, -40, 103]	[-74, 46, 2, 98, 168]	[-92, -142, -122, -112, -147]	[-161, -122, -111, -114, -114]	[-3, -13, -14, -17, -71]	[110, 113, 90, 176, 22]	[10005, 10000, 10000, 10006, 9991]	[212, 130, 187, 265, 261]
966	37.5	[88, 9, -28, 36, 100]	[-117, -149, -79, 22, -45]	[-158, -41, 17, -5, -156]	[-67, -179, -82, -104, -81]	[123, -89, -104, 31, 4]	[-114, -28, 11, -40, 103]	[-74, 46, 2, 98, 168]	[-92, -142, -122, -112, -147]	[-161, -122, -111, -114, -114]	[-3, -13, -14, -17, -71]	[110, 113, 90, 176, 22]	[10005, 10000, 10000, 10006, 9991]	[212, 130, 187, 265, 261]
967	41.5	[88, 9, -28, 36, 100]	[-117, -149, -79, 22, -45]	[-158, -41, 17, -5, -156]	[-67, -179, -82, -104, -81]	[123, -89, -104, 31, 4]	[-114, -28, 11, -40, 103]	[-74, 46, 2, 98, 168]	[-92, -142, -122, -112, -147]	[-161, -122, -111, -114, -114]	[-3, -13, -14, -17, -71]	[110, 113, 90, 176, 22]	[10005, 10000, 10000, 10006, 9991]	[212, 130, 187, 265, 261]
968	42.0	[88, 6, -28, 36, 100]	[-121, -145, -79, 24, -45]	[-158, -41, 16, -4, -157]	[-66, -175, -87, -105, -68]	[118, -89, -104, 36, 7]	[-116, -29, 10, -40, 103]	[-76, 49, 2, 98, 168]	[-100, -140, -122, -111, -148]	[-161, -122, -109, -112, -114]	[-3, -13, -14, -17, -71]	[110, 113, 98, 182, 17]	[10005, 10000, 9999, 10007, 9991]	[212, 130, 187, 265, 261]
969	40.0	[88, 9, -28, 36, 94]	[-110, -147, -80, 22, -71]	[-158, -41, 15, 2, -159]	[-76, -179, -88, -110, -81]	[116, -89, -104, 30, 3]	[-116, -32, 12, -40, 103]	[-73, 39, 6, 97, 172]	[-91, -144, -124, -109, -146]	[-163, -122, -109, -113, -115]	[-3, -14, -13, -18, -71]	[110, 110, 87, 180, 22]	[10005, 10001, 9999, 10007, 9993]	[218, 132, 187, 265, 269]
970	39.0	[88, 9, -28, 36, 100]	[-121, -147, -79, 24, -45]	[-158, -41, 16, -4, -157]	[-70, -179, -88, -105, -68]	[124, -88, -104, 31, 7]	[-116, -28, 10, -40, 103]	[-75, 50, 2, 98, 168]	[-98, -142, -122, -111, -147]	[-161, -122, -109, -114, -119]	[-3, -13, -14, -17, -71]	[110, 113, 98, 181, 33]	[10005, 10001, 9999, 10006, 9991]	[217, 130, 182, 265, 261]
971	39.0	[88, 6, -28, 36, 100]	[-121, -145, -79, 24, -45]	[-158, -41, 16, -4, -157]	[-66, -175, -87, -105, -68]	[118, -89, -104, 36, 7]	[-116, -29, 10, -40, 103]	[-76, 49, 2, 98, 168]	[-100, -140, -122, -111, -148]	[-161, -122, -109, -112, -114]	[-3, -13, -14, -17, -71]	[110, 113, 98, 182, 17]	[10005, 10000, 9999, 10007, 9991]	[212, 130, 187, 265, 261]
972	40.0	[88, 9, -28, 36, 94]	[-115, -151, -79, 24, -61]	[-158, -41, 15, 2, -159]	[-70, -179, -88, -104, -81]	[125, -89, -103, 30, 3]	[-116, -32, 12, -40, 103]	[-73, 39, 6, 97, 172]	[-91, -144, -124, -109, -146]	[-163, -122, -109, -113, -115]	[-3, -14, -13, -18, -71]	[110, 110, 87, 180, 22]	[10005, 10001, 9999, 10007, 9993]	[218, 132, 187, 265, 263]
973	41.5	[88, 9, -28, 36, 94]	[-115, -151, -79, 24, -61]	[-158, -41, 21, 2, -159]	[-70, -179, -88, -104, -81]	[125, -89, -103, 30, 3]	[-116, -32, 12, -40, 103]	[-73, 39, 6, 97, 172]	[-91, -144, -124, -109, -146]	[-163, -122, -109, -113, -115]	[-3, -14, -13, -18, -71]	[110, 110, 87, 180, 22]	[10005, 10001, 9999, 10007, 9993]	[218, 132, 187, 265, 263]
974	37.5	[88, 9, -28, 36, 95]	[-121, -145, -79, 24, -45]	[-158, -41, 19, -1, -158]	[-69, -180, -87, -104, -82]	[120, -88, -104, 36, 7]	[-116, -31, 11, -40, 103]	[-76, 41, 4, 97, 169]	[-95, -139, -121, -106, -150]	[-162, -123, -111, -114, -114]	[-3, -14, -13, -18, -71]	[111, 110, 85, 176, 17]	[10005, 10001, 9994, 10010, 9996]	[212, 130, 187, 265, 261]
975	38.0	[88, 6, -28, 36, 100]	[-121, -145, -79, 24, -45]	[-158, -41, 16, -4, -157]	[-66, -175, -87, -105, -68]	[118, -89, -104, 36, 7]	[-116, -29, 10, -40, 103]	[-76, 49, 2, 98, 168]	[-100, -140, -122, -111, -148]	[-161, -122, -109, -112, -114]	[-3, -13, -14, -17, -71]	[110, 113, 98, 182, 17]	[10005, 10000, 9999, 10007, 9991]	[212, 130, 187, 265, 261]
976	36.5	[88, 9, -28, 36, 100]	[-121, -145, -79, 22, -45]	[-158, -41, 16, -11, -142]	[-66, -179, -89, -104, -81]	[119, -89, -104, 30, 7]	[-116, -28, 10, -40, 109]	[-74, 41, 7, 98, 169]	[-92, -142, -122, -110, -147]	[-162, -122, -111, -114, -114]	[-3, -14, -14, -17, -71]	[110, 111, 97, 181, 22]	[10005, 10000, 9999, 10006, 9996]	[212, 127, 187, 265, 261]
977	35.5	[88, 9, -28, 36, 100]	[-121, -145, -79, 22, -45]	[-158, -41, 16, -11, -142]	[-66, -179, -89, -104, -81]	[119, -89, -104, 30, 7]	[-116, -28, 10, -40, 109]	[-74, 41, 7, 98, 169]	[-92, -142, -122, -110, -147]	[-162, -122, -111, -114, -114]	[-3, -14, -13, -17, -71]	[110, 111, 97, 181, 22]	[10005, 10000, 9999, 10006, 9996]	[212, 127, 187, 265, 261]
978	45.5	[88, 9, -28, 36, 100]	[-117, -149, -79, 22, -45]	[-158, -41, 17, -5, -156]	[-67, -179, -82, -104, -81]	[123, -89, -104, 31, 4]	[-114, -28, 11, -40, 103]	[-74, 46, 2, 98, 168]	[-92, -142, -122, -112, -147]	[-161, -122, -111, -114, -120]	[-3, -13, -14, -17, -71]	[110, 113, 90, 176, 22]	[10005, 10000, 10000, 10006, 9991]	[212, 130, 187, 265, 261]
979	35.5	[94, 9, -28, 36, 94]	[-109, -148, -79, 23, -66]	[-158, -41, 19, -4, -157]	[-66, -177, -88, -104, -57]	[122, -89, -104, 33, 7]	[-110, -28, 9, -40, 122]	[-58, 50, 4, 96, 169]	[-93, -139, -123, -115, -148]	[-156, -122, -109, -115, -109]	[-5, -16, -19, -16, -71]	[113, 110, 82, 174, 75]	[10005, 10003, 9999, 10012, 9991]	[218, 130, 187, 265, 267]
980	36.0	[88, 9, -28, 36, 100]	[-121, -145, -79, 22, -45]	[-158, -41, 16, -11, -142]	[-66, -179, -89, -104, -81]	[119, -89, -104, 30, 7]	[-116, -28, 10, -40, 109]	[-74, 41, 7, 98, 169]	[-92, -142, -122, -110, -147]	[-162, -122, -111, -114, -114]	[-3, -14, -14, -17, -71]	[110, 111, 97, 181, 22]	[10005, 10000, 9999, 10006, 9996]	[212, 127, 187, 265, 261]
981	35.5	[88, 9, -28, 36, 100]	[-117, -149, -79, 22, -45]	[-158, -41, 17, -5, -156]	[-67, -179, -82, -104, -81]	[123, -89, -104, 31, 4]	[-114, -28, 9, -40, 103]	[-74, 48, 4, 98, 168]	[-92, -142, -122, -112, -147]	[-159, -122, -111, -115, -119]	[-3, -14, -18, -16, -71]	[113, 113, 90, 176, 22]	[10005, 10000, 10000, 10006, 9991]	[212, 130, 187, 265, 261]
982	41.0	[88, 9, -28, 36, 100]	[-117, -149, -79, 22, -45]	[-158, -41, 17, -5, -156]	[-67, -179, -82, -104, -81]	[123, -89, -104, 31, 4]	[-114, -28, 9, -40, 103]	[-74, 48, 4, 98, 168]	[-92, -142, -122, -112, -147]	[-159, -122, -111, -115, -119]	[-3, -14, -18, -16, -71]	[113, 113, 90, 176, 22]	[10005, 10000, 10000, 10006, 9991]	[212, 130, 187, 265, 261]
983	36.0	[88, 9, -28, 36, 94]	[-109, -151, -78, 22, -66]	[-158, -41, 17, -2, -157]	[-66, -177, -83, -104, -57]	[122, -87, -104, 31, 3]	[-110, -28, 9, -40, 124]	[-58, 48, 2, 96, 169]	[-93, -136, -117, -116, -146]	[-156, -122, -109, -115, -109]	[-5, -16, -19, -16, -71]	[113, 110, 82, 174, 75]	[10005, 10003, 9999, 10012, 9991]	[218, 130, 187, 265, 267]
984	44.5	[88, 9, -28, 36, 94]	[-109, -151, -78, 22, -66]	[-158, -41, 17, -2, -157]	[-66, -177, -83, -104, -57]	[122, -87, -104, 31, 3]	[-110, -28, 9, -40, 124]	[-58, 48, 2, 96, 169]	[-93, -136, -117, -116, -146]	[-156, -122, -109, -115, -109]	[-5, -16, -19, -16, -71]	[113, 110, 82, 174, 75]	[10005, 10003, 9999, 10012, 9991]	[218, 130, 187, 265, 267]
985	43.5	[94, 9, -28, 36, 94]	[-109, -148, -79, 23, -66]	[-158, -41, 19, -4, -157]	[-66, -177, -88, -104, -57]	[122, -89, -104, 33, 7]	[-110, -28, 9, -40, 122]	[-58, 50, 4, 96, 169]	[-93, -139, -123, -115, -148]	[-156, -122, -109, -115, -109]	[-5, -16, -19, -16, -71]	[113, 110, 82, 173, 69]	[10005, 10003, 9999, 10012, 9991]	[218, 130, 187, 265, 267]
986	38.5	[88, 8, -28, 36, 100]	[-121, -145, -79, 24, -45]	[-158, -41, 17, -3, -157]	[-66, -175, -85, -105, -65]	[118, -88, -104, 32, 3]	[-116, -29, 9, -40, 103]	[-76, 49, 2, 98, 168]	[-100, -140, -122, -111, -148]	[-161, -122, -109, -112, -114]	[-3, -13, -14, -17, -71]	[110, 113, 98, 182, 17]	[10005, 10000, 9999, 10007, 9991]	[212, 130, 187, 265, 261]
987	41.5	[88, 6, -28, 36, 100]	[-121, -145, -79, 30, -45]	[-158, -41, 16, -4, -157]	[-66, -175, -85, -105, -65]	[118, -88, -104, 32, 3]	[-116, -29, 9, -40, 103]	[-76, 49, 2, 98, 168]	[-100, -140, -122, -111, -148]	[-161, -122, -109, -112, -114]	[-3, -13, -14, -17, -71]	[110, 113, 98, 182, 17]	[10005, 10000, 9999, 10007, 9991]	[212, 130, 187, 265, 261]
988	40.5	[88, 9, -28, 36, 95]	[-115, -145, -80, 24, -45]	[-158, -41, 22, -12, -157]	[-69, -181, -87, -104, -82]	[120, -89, -104, 33, 7]	[-116, -28, 11, -41, 103]	[-76, 53, 4, 99, 169]	[-95, -141, -121, -107, -148]	[-162, -123, -111, -114, -114]	[-3, -14, -13, -17, -71]	[110, 111, 90, 176, 17]	[10005, 10000, 9993, 10015, 9996]	[212, 130, 187, 265, 255]
989	40.5	[94, 9, -28, 36, 94]	[-109, -148, -79, 23, -66]	[-158, -41, 19, -4, -157]	[-66, -177, -88, -104, -57]	[122, -89, -104, 33, 7]	[-110, -28, 9, -40, 122]	[-58, 50, 4, 96, 169]	[-93, -139, -123, -115, -148]	[-156, -122, -109, -115, -109]	[-5, -16, -19, -16, -71]	[113, 110, 82, 173, 69]	[10005, 10003, 9999, 10012, 9991]	[218, 130, 187, 265, 267]
990	36.0	[88, 6, -28, 36, 100]	[-121, -145, -79, 30, -45]	[-158, -41, 16, -4, -157]	[-66, -175, -85, -105, -65]	[118, -88, -104, 32, 3]	[-116, -29, 9, -40, 103]	[-76, 49, 2, 98, 168]	[-100, -140, -122, -111, -148]	[-161, -122, -109, -112, -114]	[-3, -13, -14, -17, -71]	[110, 113, 98, 182, 17]	[10005, 10000, 9999, 10007, 9991]	[212, 130, 187, 265, 261]
991	37.5	[88, 9, -28, 36, 94]	[-110, -147, -80, 24, -51]	[-158, -41, 22, -8, -158]	[-76, -180, -87, -110, -81]	[116, -89, -104, 32, 7]	[-116, -32, 11, -40, 103]	[-73, 33, 6, 98, 171]	[-92, -144, -124, -109, -146]	[-163, -118, -109, -113, -114]	[-3, -14, -13, -18, -71]	[110, 110, 87, 180, 22]	[10005, 10001, 9999, 10007, 9993]	[218, 132, 187, 265, 269]
992	37.0	[88, 9, -28, 36, 97]	[-121, -145, -79, 22, -45]	[-158, -41, 18, -2, -142]	[-66, -180, -87, -104, -82]	[119, -89, -104, 31, 7]	[-116, -31, 11, -40, 109]	[-74, 41, 7, 98, 169]	[-92, -139, -122, -107, -147]	[-162, -122, -111, -114, -114]	[-3, -14, -14, -17, -71]	[110, 110, 82, 177, 22]	[9995, 10001, 9999, 10007, 9996]	[212, 127, 187, 265, 261]
993	42.0	[88, 9, -28, 36, 100]	[-117, -149, -79, 22, -45]	[-158, -41, 17, -5, -156]	[-67, -179, -83, -104, -71]	[123, -89, -104, 31, 5]	[-114, -30, 11, -40, 103]	[-74, 47, 5, 98, 168]	[-92, -142, -122, -112, -147]	[-159, -122, -111, -115, -119]	[-3, -14, -18, -16, -71]	[113, 113, 90, 176, 22]	[10005, 10000, 10000, 10006, 9991]	[212, 130, 187, 265, 261]
994	39.0	[88, 9, -28, 36, 100]	[-110, -145, -79, 30, -45]	[-158, -41, 17, -4, -157]	[-66, -176, -84, -105, -59]	[120, -88, -104, 32, 3]	[-116, -28, 9, -40, 112]	[-76, 49, 2, 98, 168]	[-100, -140, -122, -111, -148]	[-161, -122, -109, -112, -114]	[-3, -13, -14, -17, -71]	[110, 113, 98, 182, 17]	[10005, 10000, 9999, 10007, 9991]	[212, 130, 187, 265, 261]
995	39.0	[88, 9, -28, 36, 100]	[-121, -145, -80, 22, -45]	[-158, -41, 16, -11, -142]	[-66, -179, -89, -104, -81]	[119, -89, -104, 30, 7]	[-114, -28, 10, -40, 109]	[-74, 47, 4, 98, 168]	[-92, -142, -122, -110, -147]	[-162, -122, -111, -114, -114]	[-3, -14, -13, -17, -71]	[110, 111, 97, 181, 22]	[10005, 10000, 9999, 10006, 9996]	[212, 127, 187, 265, 261]
996	39.5	[88, 9, -28, 36, 94]	[-110, -147, -80, 24, -51]	[-158, -41, 22, -8, -158]	[-76, -180, -87, -110, -81]	[116, -89, -104, 32, 7]	[-116, -32, 11, -40, 118]	[-68, 39, 6, 98, 171]	[-92, -144, -123, -109, -146]	[-163, -118, -109, -113, -114]	[-3, -14, -13, -18, -71]	[110, 110, 87, 180, 22]	[10005, 10001, 9999, 10007, 9993]	[218, 132, 187, 265, 269]
997	38.0	[88, 9, -28, 36, 97]	[-121, -145, -79, 22, -45]	[-158, -41, 18, -2, -142]	[-66, -180, -87, -104, -82]	[119, -89, -104, 31, 7]	[-116, -31, 11, -40, 109]	[-74, 41, 7, 98, 169]	[-92, -139, -122, -107, -147]	[-162, -122, -111, -114, -114]	[-3, -14, -14, -17, -71]	[110, 110, 82, 177, 22]	[9995, 10001, 9999, 10007, 9996]	[212, 127, 181, 265, 261]
998	39.5	[88, 9, -28, 36, 97]	[-121, -145, -79, 22, -45]	[-158, -41, 18, -2, -142]	[-66, -180, -87, -104, -82]	[119, -89, -104, 31, 7]	[-116, -31, 11, -40, 109]	[-74, 41, 7, 98, 169]	[-92, -139, -122, -107, -147]	[-162, -122, -111, -114, -114]	[-3, -14, -14, -17, -71]	[110, 110, 82, 177, 22]	[9995, 10001, 9999, 10007, 9996]	[212, 127, 181, 265, 261]
999	38.0	[88, 9, -28, 36, 97]	[-121, -145, -79, 22, -45]	[-158, -41, 18, -2, -148]	[-66, -180, -87, -104, -82]	[119, -89, -104, 31, 7]	[-116, -31, 11, -40, 109]	[-74, 41, 7, 98, 169]	[-92, -139, -122, -107, -147]	[-162, -122, -111, -114, -114]	[-3, -14, -14, -17, -71]	[110, 110, 82, 177, 22]	[9995, 10001, 9999, 10007, 9996]	[212, 127, 181, 265, 261]
