generation	fitness	corner	c	a1	a2	b1	b2	b3	x	o1	o2	wp	ww	we
400	27.5	[209, 193, 27, 112, -115]	[-156, -97, -116, 9, -136]	[-169, -22, 17, -4, -169]	[41, 62, 23, -62, -118]	[157, -38, -57, -19, 177]	[-159, -1, 10, 14, 146]	[-154, 13, 11, 126, 200]	[-215, 53, -142, -50, -16]	[-174, -212, -177, -94, -105]	[-14, -22, -121, 39, -49]	[-2, 147, 121, 168, -44]	[10000, 10001, 9999, 9993, 10003]	[150, 133, 136, 168, 277]
401	27.5	[114, 153, 39, 93, -213]	[133, -166, -85, 81, 4]	[-36, -34, -40, 18, -190]	[54, -32, -48, 24, -113]	[146, -106, -60, 42, 82]	[-83, -27, -13, -63, -17]	[30, 55, 12, 27, -55]	[186, -187, -99, -131, -184]	[-127, -74, -46, -185, -115]	[213, -58, 8, 131, -76]	[-207, 85, 96, 182, 19]	[10003, 10002, 10005, 10001, 9997]	[283, 221, 196, 289, 251]
402	29.0	[-40, -21, -187, 242, -184]	[4, -141, 5, -30, -229]	[-218, -186, 98, -13, -76]	[-32, 29, -123, -96, 63]	[116, -65, -109, -49, -34]	[-123, -8, 49, -31, 119]	[102, 43, 7, 36, 251]	[-200, -9, -33, -139, 30]	[-146, -114, -97, -47, -220]	[-3, 30, 8, -18, -80]	[4, 121, 166, 166, 81]	[9999, 10025, 9997, 9989, 9997]	[-66, 192, 168, 148, 149]
403	33.5	[-55, 94, -41, -41, -76]	[123, -194, -41, 57, -132]	[-81, -92, 0, -53, -79]	[-54, -11, -133, -65, -64]	[108, -142, -169, 113, -130]	[-26, -73, 6, -38, 26]	[56, 54, 5, 92, 154]	[51, -147, -125, -95, -166]	[-163, -109, -141, -92, -111]	[127, -7, -61, -118, -44]	[235, 113, 121, 181, 183]	[10000, 10002, 9998, 10003, 9997]	[225, 218, 191, 209, 160]
404	27.5	[-55, 94, -41, -41, -76]	[123, -194, -41, 57, -132]	[-81, -92, 0, -53, -79]	[-54, -11, -133, -65, -64]	[108, -142, -169, 113, -130]	[-26, -73, 6, -38, 26]	[56, 54, 5, 92, 154]	[51, -147, -125, -95, -166]	[-163, -109, -141, -92, -111]	[127, -7, -61, -118, -44]	[235, 113, 121, 181, 183]	[10000, 10002, 9998, 10003, 9997]	[225, 218, 191, 209, 160]
405	28.0	[-55, 94, -41, -41, -76]	[123, -194, -41, 57, -132]	[-81, -92, 0, -53, -79]	[-54, -11, -133, -65, -64]	[108, -142, -169, 113, -130]	[-26, -73, 27, -77, 26]	[56, 80, -3, 92, 154]	[51, -159, -126, -99, -132]	[-163, -70, -134, -86, -111]	[127, -7, -61, -118, -44]	[235, 113, 121, 181, 183]	[10000, 10002, 9998, 10003, 9997]	[225, 218, 191, 209, 160]
406	26.5	[-55, 94, -41, -41, -76]	[123, -194, -41, 57, -132]	[-81, -92, 0, -53, -79]	[-54, -11, -133, -65, -64]	[108, -142, -169, 113, -130]	[-26, -73, 27, -77, 26]	[56, 80, -3, 92, 154]	[51, -159, -126, -99, -132]	[-163, -70, -134, -86, -111]	[127, -7, -61, -118, -44]	[235, 113, 121, 181, 183]	[10000, 10002, 9998, 10003, 9997]	[225, 218, 191, 209, 160]
407	29.5	[-40, -21, -187, 209, -184]	[4, -141, 5, -30, -206]	[-181, -112, 24, -7, -164]	[-32, 29, -30, -96, 63]	[116, -47, -77, -31, -34]	[-123, -8, 49, 2, 119]	[-133, 27, 10, 75, 251]	[-200, 3, -110, -139, 30]	[-146, -131, -160, -47, -220]	[-3, -14, -15, 30, -80]	[-6, 146, 130, 166, 81]	[9999, 9997, 9999, 9989, 9997]	[-66, 176, 137, 148, 149]
408	26.5	[-55, 94, -41, -41, -76]	[123, -194, -41, 57, -132]	[-81, -92, 0, -53, -79]	[-54, -11, -133, -65, -64]	[108, -142, -169, 113, -130]	[-26, -73, 6, -38, 26]	[56, 54, 5, 92, 154]	[51, -147, -125, -95, -166]	[-163, -109, -141, -92, -111]	[127, -7, -61, -118, -44]	[235, 113, 121, 181, 183]	[10000, 10002, 9998, 10003, 9997]	[225, 218, 191, 209, 160]
409	29.0	[88, -11, -55, -2, 98]	[-162, -147, -85, 23, 95]	[-170, -39, 25, 9, -173]	[-45, -170, -98, -136, -106]	[144, -72, -110, 69, -3]	[-186, -27, 13, -82, 190]	[-125, 59, 7, 86, 228]	[-167, -58, -115, -114, -175]	[-174, -66, -91, -123, -108]	[-54, -19, 9, -108, -117]	[90, 173, 108, 184, 1]	[10006, 10003, 10000, 9987, 10000]	[233, -53, 182, 286, 251]
410	32.5	[-40, -21, -187, 209, -184]	[4, -141, 5, -30, -206]	[-181, -112, 24, -7, -164]	[-32, 29, -30, -96, 63]	[116, -47, -77, -31, -34]	[-123, -8, 49, 2, 119]	[-133, 27, 10, 75, 251]	[-200, 3, -110, -139, 30]	[-146, -131, -160, -47, -220]	[-3, -14, -15, 30, -80]	[-6, 146, 130, 166, 81]	[9999, 9997, 9999, 9989, 9997]	[-66, 176, 137, 148, 149]
411	28.0	[-40, -21, -187, 209, -184]	[4, -141, 5, -30, -206]	[-82, -97, 24, -7, -164]	[-40, -10, -64, -96, 63]	[116, -47, -82, 43, -50]	[-123, -8, 21, 2, 119]	[22, 37, 10, 85, 251]	[-199, -116, -112, -139, 30]	[-146, -131, -160, -47, -220]	[-3, -19, -22, 16, -80]	[-6, 146, 130, 166, 81]	[9999, 9997, 9999, 9989, 9997]	[-66, 176, 137, 148, 149]
412	27.5	[-55, 94, -41, -41, -76]	[123, -194, -41, 57, -132]	[-81, -92, 0, -53, -79]	[-54, -11, -133, -65, -64]	[108, -142, -169, 113, -130]	[-26, -73, 23, -48, 26]	[56, 80, 0, 92, 154]	[51, -158, -125, -97, -138]	[-163, -70, -134, -88, -111]	[127, -7, -61, -118, -44]	[235, 113, 121, 181, 183]	[10000, 10002, 9998, 10003, 9997]	[225, 218, 191, 209, 160]
413	30.5	[209, 193, 27, 11, -115]	[-156, -121, -112, 9, -136]	[-169, -22, 55, -5, -169]	[41, 62, 23, -62, -110]	[157, -38, -69, -2, 177]	[-159, -1, 10, 14, 146]	[-154, 13, 11, 126, 200]	[-215, 53, -142, -50, -16]	[-180, -212, -177, -94, -105]	[-14, -22, -121, 39, -49]	[-2, 147, 121, 168, -44]	[10000, 10001, 9999, 9993, 10003]	[150, 133, 136, 168, 277]
414	31.0	[-51, -13, -187, 209, -184]	[4, -163, -33, 26, -206]	[-82, -97, 11, -38, -140]	[-52, -10, -64, -96, 63]	[116, -47, -82, 37, -64]	[-123, -8, 21, -24, 106]	[22, 37, 10, 92, 251]	[-185, -122, -112, -139, 30]	[-146, -131, -155, -56, -207]	[-3, -19, -22, -22, -80]	[-1, 131, 122, 170, 81]	[9999, 9997, 9999, 9989, 9997]	[-66, 176, 137, 148, 149]
415	29.5	[209, 193, 27, 112, -115]	[-156, -97, -116, 9, -136]	[-169, -56, 17, -17, -133]	[-99, 34, -40, -62, -118]	[155, -74, -157, 25, 177]	[-159, -31, 29, -3, 146]	[-28, 13, 11, 126, 200]	[-215, -131, -138, -50, -16]	[-179, -118, -177, -94, -105]	[-14, -22, -121, 39, -47]	[-2, 137, 121, 168, -44]	[10000, 10001, 9999, 9993, 10003]	[150, 133, 136, 168, 277]
416	30.5	[-55, 92, -40, -41, -81]	[120, -207, -53, 32, -47]	[-155, -38, 33, -24, -41]	[-61, -123, -113, -97, -92]	[108, -133, -143, 73, -130]	[-96, -45, 25, -80, 162]	[56, 62, -1, 88, 154]	[45, -93, -129, -93, -163]	[-162, -92, -140, -110, -120]	[107, -11, -53, -96, -44]	[234, 123, 122, 179, 172]	[10000, 10002, 10004, 10003, 9997]	[225, 218, 191, 215, 160]
417	28.5	[-51, -13, -187, 209, -184]	[4, -163, -33, 26, -206]	[-82, -97, 11, -38, -140]	[-52, -10, -64, -96, 63]	[116, -47, -82, 37, -64]	[-123, -8, 21, -24, 106]	[22, 37, 10, 92, 251]	[-185, -122, -112, -139, 30]	[-146, -131, -155, -56, -207]	[-3, -19, -22, -22, -80]	[-1, 131, 122, 170, 81]	[9999, 9997, 9999, 9989, 9997]	[-66, 176, 137, 148, 149]
418	29.5	[209, 193, 27, 112, -115]	[-156, -97, -116, 9, -136]	[-169, -84, 17, -17, -133]	[-99, 8, -42, -62, -118]	[116, -85, -157, 25, 177]	[-159, -31, 29, -15, 146]	[-28, 32, 3, 104, 176]	[-79, -141, -133, -50, -16]	[-179, -103, -150, -94, -107]	[-14, -13, -108, 39, -47]	[-2, 137, 121, 168, -44]	[10000, 10001, 9999, 9993, 10003]	[150, 133, 136, 168, 283]
419	28.0	[-55, 94, -41, -41, -76]	[123, -194, -41, 57, -132]	[-81, -92, 0, -53, -79]	[-54, -11, -117, -83, -66]	[120, -131, -162, 57, -86]	[-26, -73, 28, -72, 43]	[56, 65, 9, 107, 154]	[46, -108, -125, -64, -138]	[-163, -78, -134, -88, -111]	[127, -7, -118, -6, -44]	[235, 113, 121, 181, 183]	[10000, 10002, 9998, 10003, 9997]	[225, 218, 191, 209, 160]
420	29.0	[-40, -21, -187, 209, -184]	[4, -141, 5, -30, -206]	[-82, -97, 24, -7, -164]	[-40, -10, -64, -96, 63]	[116, -47, -82, 43, -50]	[-123, -8, 21, 2, 119]	[22, 37, 10, 85, 251]	[-199, -116, -112, -139, 30]	[-146, -131, -160, -47, -220]	[-3, -19, -22, 16, -80]	[-6, 146, 130, 166, 81]	[9999, 9997, 9999, 9989, 9997]	[-66, 176, 137, 148, 149]
421	36.0	[-40, -21, -187, 209, -184]	[4, -141, 5, -30, -206]	[-82, -97, 24, -7, -164]	[-40, -10, -64, -96, 63]	[116, -47, -82, 43, -50]	[-123, -8, 21, 2, 119]	[22, 37, 10, 85, 251]	[-199, -116, -112, -139, 30]	[-146, -131, -160, -47, -220]	[-3, -19, -22, 16, -80]	[-6, 146, 130, 166, 81]	[9999, 9997, 9999, 9989, 9997]	[-66, 176, 137, 148, 149]
422	28.0	[-55, 94, -41, -41, -76]	[123, -194, -41, 57, -132]	[-81, -92, 0, -53, -79]	[-54, -11, -117, -62, -64]	[120, -126, -168, 57, -86]	[-26, -73, 28, -39, 43]	[56, 80, 11, 126, 154]	[51, -158, -125, -64, -138]	[-163, -78, -134, -88, -111]	[127, -9, -118, -6, -44]	[235, 113, 121, 181, 183]	[10000, 10002, 9998, 10003, 9997]	[225, 218, 191, 209, 160]
423	35.0	[-40, -21, -187, 209, -184]	[4, -141, 5, -30, -206]	[-82, -97, 24, -7, -164]	[-40, -10, -64, -96, 63]	[116, -47, -82, 43, -50]	[-123, -8, 21, 2, 119]	[22, 37, 10, 85, 251]	[-199, -116, -112, -139, 30]	[-146, -131, -160, -47, -220]	[-3, -19, -22, 16, -80]	[-6, 146, 130, 166, 81]	[9999, 9997, 9999, 9989, 9997]	[-66, 176, 137, 148, 149]
424	28.0	[-51, -13, -187, 209, -184]	[4, -163, -33, 26, -206]	[-82, -97, 11, -38, -140]	[-52, -10, -64, -96, 63]	[116, -47, -82, 37, -64]	[-123, -8, 21, -24, 106]	[22, 37, 10, 92, 251]	[-185, -122, -112, -139, 30]	[-146, -131, -155, -56, -207]	[-3, -19, -22, -22, -80]	[-1, 131, 122, 170, 81]	[9999, 9997, 9999, 9989, 9997]	[-66, 176, 137, 148, 149]
425	39.0	[209, 193, 27, 112, -115]	[-156, -97, -116, 9, -136]	[-170, -70, 18, -7, -133]	[-56, -93, -62, -62, -118]	[116, -85, -143, 31, 54]	[-166, -31, 29, -15, 146]	[-86, 42, 7, 104, 176]	[-163, -133, -133, -50, -16]	[-179, -103, -150, -94, -107]	[-14, -13, -108, 39, -47]	[-2, 137, 121, 168, -44]	[10000, 10001, 9999, 9993, 10003]	[150, 133, 136, 168, 283]
426	30.5	[-51, -13, -187, 209, -184]	[4, -163, -33, 26, -206]	[-82, -97, 11, -38, -140]	[-52, -10, -64, -96, 63]	[116, -47, -82, 37, -58]	[-123, -8, 21, -24, 106]	[22, 37, 10, 92, 251]	[-185, -122, -112, -139, 30]	[-146, -131, -155, -56, -207]	[-3, -19, -22, -22, -80]	[-1, 131, 122, 170, 81]	[9999, 9997, 9999, 9989, 9997]	[-66, 176, 137, 148, 149]
427	28.5	[88, -11, -55, -2, 98]	[-162, -147, -85, 17, 95]	[-170, -39, 25, 9, -173]	[-45, -170, -45, -95, -106]	[119, -80, -110, 69, -3]	[-186, -27, 13, -82, 190]	[-125, 59, 7, 86, 228]	[-173, -58, -115, -114, -175]	[-174, -66, -91, -123, -108]	[-54, -19, 11, -113, -117]	[87, 173, 107, 184, 1]	[10006, 10003, 10000, 9985, 10000]	[233, -53, 182, 297, 267]
428	28.0	[-51, -13, -187, 209, -184]	[4, -163, -33, 26, -206]	[-82, -97, 11, -38, -140]	[-52, -10, -64, -96, 63]	[116, -47, -82, 37, -58]	[-123, -8, 21, -24, 106]	[22, 37, 10, 92, 251]	[-185, -122, -112, -139, 30]	[-146, -131, -155, -56, -207]	[-3, -19, -22, -22, -80]	[-1, 131, 122, 170, 81]	[9999, 9997, 9999, 9989, 9997]	[-66, 176, 137, 148, 149]
429	34.5	[-51, -13, -187, 209, -184]	[4, -163, -33, 26, -206]	[-82, -97, 11, -38, -140]	[-52, -10, -64, -96, 63]	[116, -47, -82, 37, -58]	[-123, -8, 21, -24, 106]	[22, 37, 10, 92, 251]	[-185, -122, -112, -139, 30]	[-146, -131, -155, -56, -207]	[-3, -19, -22, -22, -80]	[-1, 131, 122, 170, 81]	[9999, 9997, 9999, 9989, 9997]	[-66, 176, 137, 148, 149]
430	30.5	[209, 193, 27, 112, -115]	[-156, -97, -116, 9, -136]	[-170, -70, 18, -7, -133]	[-56, -93, -62, -62, -118]	[116, -85, -143, 31, 54]	[-166, -31, 29, -15, 146]	[-86, 42, 7, 104, 176]	[-163, -133, -133, -50, -16]	[-179, -103, -150, -94, -107]	[-14, -13, -108, 39, -47]	[-2, 137, 121, 168, -44]	[10000, 10001, 9999, 9993, 10003]	[150, 133, 136, 168, 283]
431	36.5	[-51, -13, -187, 209, -184]	[4, -163, -33, 26, -206]	[-82, -97, 11, -38, -140]	[-52, -10, -64, -96, 63]	[116, -47, -82, 37, -58]	[-123, -2, 21, -24, 106]	[22, 37, 10, 92, 251]	[-185, -122, -112, -139, 30]	[-146, -131, -155, -56, -207]	[-3, -19, -22, -22, -80]	[-1, 131, 122, 170, 81]	[9999, 9997, 9999, 9989, 9997]	[-66, 176, 137, 148, 149]
432	28.0	[-55, 94, -41, -41, -76]	[123, -194, -41, 57, -132]	[-81, -92, 0, -53, -79]	[-54, -11, -82, -62, -64]	[120, -126, -168, 57, -86]	[-26, -73, 28, -39, 43]	[56, 80, 11, 126, 154]	[51, -158, -125, -64, -138]	[-163, -78, -134, -88, -111]	[127, -9, -118, -6, -44]	[235, 113, 121, 181, 183]	[10000, 10002, 9998, 9997, 9997]	[225, 218, 191, 209, 160]
433	30.0	[73, -12, -187, 209, -184]	[4, -163, -33, 26, -206]	[-82, -42, 13, -20, -143]	[-52, -35, -78, -96, 63]	[124, -64, -94, 56, -10]	[-123, -8, 19, -32, 118]	[22, 43, 9, 90, 234]	[-185, -122, -112, -139, 30]	[-146, -131, -155, -56, -207]	[-3, -19, -22, -22, -80]	[-1, 131, 122, 170, 81]	[9999, 9997, 9999, 9989, 9997]	[-66, 176, 137, 148, 149]
434	29.0	[209, 193, 27, 112, -115]	[-156, -97, -116, 9, -136]	[-170, -70, 18, -7, -133]	[-56, -93, -62, -62, -118]	[116, -85, -143, 31, 54]	[-166, -31, 29, -15, 146]	[-86, 42, 7, 104, 176]	[-163, -133, -133, -50, -16]	[-179, -103, -150, -94, -107]	[-14, -13, -108, 39, -47]	[-2, 137, 121, 168, -44]	[10000, 10001, 9999, 9993, 10003]	[150, 133, 136, 168, 283]
435	31.0	[-51, -13, -187, 209, -184]	[4, -163, -33, 26, -206]	[-82, -97, 11, -38, -140]	[-52, -10, -64, -96, 63]	[116, -47, -82, 37, -58]	[-123, -2, 21, -24, 106]	[22, 37, 10, 92, 251]	[-185, -122, -112, -139, 30]	[-146, -131, -155, -56, -207]	[-3, -19, -22, -22, -80]	[-1, 131, 122, 170, 81]	[9999, 9997, 9999, 9989, 9997]	[-66, 176, 137, 148, 149]
436	33.0	[-40, 70, -73, 7, -184]	[4, -141, 5, 50, -206]	[-82, -95, 30, -31, -164]	[-46, -11, -114, -89, -37]	[116, -103, -167, 48, -50]	[-123, -8, 21, 2, 119]	[50, 50, 10, 99, 157]	[-101, -127, -118, -89, 3]	[-153, -123, -160, -47, -220]	[-9, -19, -22, 16, -80]	[-6, 146, 130, 166, 81]	[9999, 9997, 9999, 9989, 9997]	[-66, 176, 137, 148, 149]
437	29.0	[-51, -13, -187, 209, -184]	[4, -163, -33, 26, -206]	[-82, -97, 11, -38, -140]	[-52, -10, -64, -96, 63]	[116, -47, -82, 37, -58]	[-123, -2, 21, -24, 106]	[22, 37, 10, 92, 251]	[-185, -122, -112, -139, 30]	[-146, -131, -155, -56, -207]	[-3, -19, -22, -22, -80]	[-1, 131, 122, 170, 81]	[9999, 9997, 9999, 9989, 9997]	[-66, 176, 137, 148, 149]
438	30.0	[73, 164, -34, 125, -128]	[-110, -114, -56, 26, -206]	[-82, -42, 17, -20, -143]	[-54, -86, -68, -89, 5]	[120, -75, -105, 33, -8]	[-123, -8, 19, -23, 128]	[-39, 43, 9, 90, 234]	[-183, -123, -118, -139, 30]	[-173, -117, -155, -56, -207]	[-3, -15, -22, -22, -80]	[-1, 131, 122, 170, 81]	[9999, 9997, 9999, 9989, 9997]	[-66, 176, 137, 148, 149]
439	30.0	[88, -11, -55, -2, 98]	[-162, -147, -85, 23, 95]	[-170, -39, 22, 2, -173]	[-45, -170, -62, -97, -104]	[119, -53, -100, 42, 17]	[-186, -27, 24, -72, 190]	[-139, 56, 8, 86, 228]	[-194, -35, -138, -102, -175]	[-168, -176, -137, -110, -108]	[-54, -19, -67, -56, -117]	[90, 173, 107, 184, -8]	[10006, 10003, 10000, 9998, 9998]	[233, -53, 176, 286, 251]
440	36.0	[73, 164, -34, 125, -128]	[-110, -114, -56, 26, -206]	[-82, -42, 17, -20, -143]	[-54, -86, -68, -89, 5]	[120, -75, -105, 33, -8]	[-123, -8, 19, -23, 128]	[-39, 43, 9, 90, 240]	[-183, -123, -118, -139, 30]	[-173, -117, -155, -56, -207]	[-3, -15, -22, -22, -80]	[-1, 131, 122, 170, 81]	[9999, 9997, 9999, 9989, 9997]	[-66, 176, 137, 148, 149]
441	34.0	[74, 164, -34, 125, -128]	[-110, -132, -59, 23, -206]	[-82, -42, 22, -20, -143]	[-54, -86, -44, -93, 5]	[120, -61, -91, 33, -8]	[-123, -23, 19, -23, 128]	[-45, 43, 9, 90, 234]	[-183, -100, -129, -139, 30]	[-173, -117, -131, -90, -146]	[-3, -15, -28, -22, -80]	[-1, 131, 122, 170, 81]	[9999, 9997, 9999, 9989, 9997]	[-66, 176, 137, 148, 149]
442	40.5	[73, 164, -34, 125, -128]	[-110, -114, -56, 26, -206]	[-82, -42, 17, -20, -143]	[-54, -86, -68, -89, 5]	[120, -75, -105, 33, -8]	[-123, -8, 19, -23, 128]	[-39, 43, 9, 90, 240]	[-183, -154, -118, -139, 30]	[-173, -117, -155, -56, -207]	[-3, -15, -22, -22, -80]	[-1, 131, 122, 170, 81]	[9999, 9997, 9999, 9989, 9997]	[-66, 176, 137, 148, 149]
443	31.5	[74, 164, -34, 125, -128]	[-110, -132, -59, 23, -206]	[-82, -42, 22, -20, -143]	[-54, -86, -44, -93, 5]	[120, -61, -91, 33, -8]	[-123, -23, 19, -23, 128]	[-45, 43, 9, 90, 234]	[-183, -100, -129, -139, 30]	[-173, -117, -131, -90, -146]	[-3, -15, -28, -22, -80]	[-1, 131, 122, 170, 81]	[9999, 9997, 9999, 9989, 9997]	[-66, 176, 137, 148, 149]
444	35.0	[73, 164, -34, 125, -128]	[-110, -114, -56, 26, -206]	[-82, -42, 17, -20, -143]	[-54, -86, -68, -89, 5]	[120, -75, -105, 33, -8]	[-123, -8, 19, -23, 128]	[-39, 43, 9, 90, 240]	[-183, -154, -118, -139, 30]	[-173, -117, -155, -56, -207]	[-3, -15, -22, -22, -80]	[-1, 131, 122, 170, 81]	[9999, 9997, 9999, 9989, 9997]	[-66, 176, 137, 148, 149]
445	32.0	[73, 164, -34, 125, -128]	[-110, -114, -56, 26, -206]	[-82, -42, 17, -20, -143]	[-54, -86, -68, -89, 5]	[120, -75, -105, 33, -8]	[-123, -8, 19, -23, 128]	[-39, 43, 9, 90, 240]	[-183, -154, -118, -139, 30]	[-173, -117, -155, -56, -207]	[-3, -15, -22, -22, -80]	[-1, 131, 122, 170, 81]	[9999, 9997, 9999, 9989, 9997]	[-66, 176, 137, 148, 149]
446	30.5	[74, 164, -51, 96, -128]	[-110, -137, -77, 23, -206]	[-82, -44, 30, -22, -143]	[-53, -68, -73, -89, -66]	[119, -63, -91, 33, -8]	[-123, -23, 20, -45, 181]	[-45, 43, 10, 86, 229]	[-142, -111, -122, -113, 8]	[-173, -119, -154, -72, -218]	[-3, -19, -26, -22, -80]	[-1, 131, 122, 170, 81]	[9999, 9997, 9999, 9989, 9997]	[-66, 176, 137, 148, 149]
447	28.0	[74, 164, -51, 96, -128]	[-110, -137, -77, 23, -206]	[-82, -44, 30, -22, -143]	[-53, -68, -73, -89, -66]	[119, -63, -91, 33, -8]	[-123, -9, 20, -44, 147]	[3, 44, 10, 86, 229]	[-132, -114, -119, -104, 30]	[-162, -117, -131, -90, -146]	[-3, -15, -28, -22, -80]	[-1, 131, 122, 170, 81]	[9999, 9997, 9999, 9989, 9997]	[-66, 176, 137, 148, 149]
448	28.5	[-55, 94, -41, -41, -76]	[123, -194, -41, 57, -132]	[-81, -92, 0, -53, -79]	[-54, -11, -117, -83, -66]	[120, -131, -162, 63, -86]	[-20, -73, 26, -72, 138]	[-53, 64, 9, 107, 154]	[46, -132, -127, -58, -132]	[-157, -78, -134, -88, -108]	[127, -7, -118, -6, -44]	[235, 113, 121, 181, 183]	[10000, 10002, 9998, 10003, 9997]	[225, 218, 185, 203, 160]
449	32.0	[73, 164, -34, 125, -128]	[-110, -114, -56, 26, -206]	[-82, -42, 17, -20, -143]	[-54, -86, -68, -89, 5]	[120, -83, -133, 33, -8]	[-109, -41, 24, -23, 128]	[-39, 43, 9, 107, 166]	[-183, -154, -118, -123, 30]	[-173, -86, -154, -56, -207]	[-3, -15, -22, -15, -58]	[-1, 131, 122, 170, 81]	[9999, 9997, 9999, 9989, 9997]	[-66, 176, 137, 148, 149]
450	30.0	[73, 164, -34, 125, -128]	[-110, -114, -56, 26, -206]	[-82, -42, 17, -20, -143]	[-54, -86, -68, -89, 5]	[120, -83, -133, 33, -8]	[-109, -41, 24, -23, 128]	[-39, 43, 9, 107, 166]	[-183, -154, -118, -123, 30]	[-173, -86, -154, -56, -207]	[-3, -15, -22, -15, -58]	[-1, 131, 122, 170, 81]	[9999, 9997, 9999, 9989, 9997]	[-66, 176, 137, 148, 149]
451	27.5	[73, -12, -187, 209, -184]	[4, -163, -33, 26, -206]	[-82, -42, 13, -20, -143]	[-52, -35, -78, -96, 63]	[124, -64, -94, 56, -10]	[-123, -8, 19, -32, 118]	[22, 43, 9, 90, 234]	[-185, -122, -112, -139, 36]	[-146, -131, -154, -83, -123]	[-3, -15, -71, 5, -80]	[-1, 131, 122, 168, -18]	[9999, 9997, 9999, 9989, 9997]	[-66, 176, 137, 148, 149]
452	32.5	[73, 164, -34, 125, -128]	[-110, -114, -56, 26, -206]	[-82, -42, 17, -20, -143]	[-54, -86, -68, -89, 5]	[120, -83, -133, 33, -8]	[-109, -41, 24, -23, 128]	[-39, 43, 9, 107, 166]	[-183, -154, -118, -123, 30]	[-173, -86, -154, -56, -207]	[-3, -15, -22, -15, -58]	[-1, 131, 122, 170, 81]	[9999, 9997, 9999, 9989, 9997]	[-66, 176, 137, 148, 149]
453	34.5	[73, 164, -34, 125, -128]	[-110, -114, -56, 26, -206]	[-82, -42, 17, -20, -143]	[-54, -86, -68, -89, 5]	[120, -83, -133, 33, -8]	[-109, -41, 24, -23, 128]	[-39, 43, 9, 107, 166]	[-183, -154, -118, -123, 30]	[-173, -86, -154, -56, -207]	[-3, -15, -22, -15, -58]	[-1, 131, 122, 170, 81]	[9999, 9997, 9999, 9989, 9997]	[-66, 176, 137, 148, 149]
454	27.5	[73, 164, -34, 125, -128]	[-110, -114, -56, 26, -206]	[-82, -42, 17, -20, -143]	[-54, -86, -68, -89, 5]	[120, -83, -133, 33, -8]	[-109, -41, 24, -23, 128]	[-39, 43, 9, 107, 166]	[-183, -154, -118, -123, 30]	[-173, -86, -154, -56, -207]	[-3, -15, -22, -15, -58]	[-1, 131, 122, 170, 81]	[9999, 9997, 9999, 9989, 9997]	[-66, 176, 137, 148, 149]
455	30.0	[73, -12, -187, 209, -184]	[4, -163, -33, 26, -206]	[-82, -42, 13, -20, -143]	[-52, -35, -78, -96, 63]	[124, -64, -94, 56, -10]	[-123, -8, 19, -32, 118]	[22, 43, 9, 90, 234]	[-185, -122, -112, -139, 36]	[-146, -131, -154, -83, -123]	[-3, -15, -71, 5, -80]	[-1, 131, 122, 168, -18]	[9999, 9997, 9999, 9989, 9997]	[-66, 176, 137, 148, 149]
456	31.5	[74, 164, -51, 96, -128]	[-110, -137, -77, 23, -206]	[-82, -44, 30, -22, -143]	[-53, -68, -73, -89, -66]	[119, -63, -91, 33, -8]	[-123, -23, 20, -45, 144]	[-45, 43, 10, 88, 235]	[-142, -111, -122, -113, -3]	[-173, -119, -154, -72, -218]	[-3, -19, -26, -22, -80]	[-1, 131, 122, 170, 81]	[9999, 9997, 9999, 9989, 9997]	[-66, 176, 137, 148, 149]
457	29.0	[88, -11, -55, -2, 98]	[-162, -147, -85, 23, 95]	[-170, -53, 13, -10, -169]	[-45, -140, -68, -102, -110]	[119, -77, -93, 42, 17]	[-186, -22, 22, -38, 187]	[-125, 53, 9, 89, 243]	[-176, -56, -127, -111, -164]	[-165, -156, -113, -110, -108]	[-54, -18, 1, -75, -117]	[90, 173, 108, 182, 1]	[10006, 10003, 10000, 9993, 10000]	[233, -53, 182, 286, 251]
458	31.5	[74, 164, -51, 96, -128]	[-110, -137, -77, 23, -206]	[-82, -44, 30, -22, -143]	[-53, -68, -73, -89, -66]	[119, -63, -91, 33, -8]	[-123, -23, 20, -45, 144]	[-45, 43, 10, 88, 241]	[-142, -111, -122, -113, -3]	[-173, -119, -154, -72, -218]	[-3, -19, -26, -22, -80]	[-1, 131, 122, 170, 81]	[9999, 9997, 9999, 9989, 9997]	[-66, 176, 137, 148, 149]
459	30.5	[88, -11, -55, 141, 98]	[-162, -147, -85, 24, -146]	[-156, -41, 16, -5, -167]	[-45, -170, -70, -96, -42]	[119, -65, -100, 42, 17]	[-128, -19, 21, -49, 190]	[5, 45, 10, 88, 240]	[-167, -100, -122, -112, -145]	[-163, -130, -138, -81, -141]	[-37, -18, -29, -10, -98]	[90, 137, 117, 168, 34]	[10004, 10002, 9999, 9993, 10000]	[6, 174, 158, 168, 174]
460	37.5	[88, -11, -55, -2, 98]	[-162, -147, -85, 23, 95]	[-170, -53, 13, -10, -169]	[-45, -140, -68, -102, -110]	[119, -77, -93, 42, 17]	[-186, -22, 22, -38, 187]	[-125, 53, 9, 89, 243]	[-176, -56, -127, -111, -164]	[-165, -156, -113, -110, -108]	[-54, -18, 1, -75, -117]	[90, 173, 108, 182, 1]	[10006, 10003, 10000, 9993, 10000]	[233, -53, 182, 286, 251]
461	34.5	[88, 129, -52, 141, 98]	[-162, -142, -82, 24, -146]	[-138, -44, 16, -5, -167]	[-49, -165, -70, -94, -44]	[119, -65, -100, 40, 17]	[-128, -19, 21, -46, 190]	[9, 44, 10, 87, 233]	[-167, -100, -123, -112, -91]	[-163, -126, -143, -91, -143]	[-37, -18, -29, -10, -98]	[90, 137, 117, 168, 34]	[10004, 10002, 9999, 9993, 10000]	[6, 174, 158, 168, 174]
462	33.0	[88, -11, -55, 141, 98]	[-162, -147, -85, 24, -146]	[-156, -41, 16, -5, -167]	[-45, -170, -70, -96, -42]	[119, -65, -100, 42, 17]	[-128, -19, 21, -49, 190]	[5, 45, 10, 88, 240]	[-167, -100, -122, -112, -145]	[-163, -130, -138, -81, -141]	[-37, -18, -29, -10, -98]	[90, 137, 117, 168, 34]	[10004, 10002, 9999, 9993, 10000]	[6, 174, 158, 168, 174]
463	31.5	[74, 164, -51, 96, -128]	[-110, -137, -77, 23, -206]	[-82, -44, 30, -22, -143]	[-53, -68, -73, -89, -66]	[119, -63, -91, 33, -8]	[-123, -23, 20, -45, 144]	[-45, 43, 10, 88, 241]	[-142, -111, -122, -113, -3]	[-173, -119, -154, -72, -218]	[-3, -19, -26, -22, -80]	[-1, 131, 122, 170, 81]	[9999, 9997, 9999, 9989, 9997]	[-66, 176, 137, 148, 149]
464	34.5	[74, 164, -45, 96, -128]	[-110, -137, -77, 23, -206]	[-82, -44, 30, -22, -143]	[-53, -68, -73, -89, -66]	[119, -63, -91, 33, -8]	[-123, -23, 20, -45, 144]	[-45, 43, 10, 88, 241]	[-142, -111, -122, -113, -3]	[-173, -119, -154, -72, -218]	[-3, -19, -26, -22, -80]	[-1, 131, 122, 170, 81]	[9999, 9997, 9999, 9989, 9997]	[-66, 176, 137, 148, 149]
465	30.0	[88, -11, -55, -2, 98]	[-162, -147, -85, 23, 95]	[-170, -39, 22, -5, -167]	[-45, -170, -70, -102, -110]	[119, -77, -104, 41, 17]	[-149, -28, 24, -48, 181]	[-91, 49, 9, 91, 240]	[-167, -60, -124, -112, -145]	[-163, -99, -117, -110, -108]	[-40, -19, -7, -53, -117]	[90, 173, 108, 184, 52]	[10006, 10003, 9998, 9993, 10000]	[233, 112, 186, 258, 224]
466	35.5	[88, 129, -52, 141, 98]	[-162, -142, -82, 24, -146]	[-138, -44, 16, -5, -167]	[-49, -165, -70, -94, -38]	[119, -65, -100, 40, 17]	[-128, -19, 21, -46, 190]	[9, 44, 10, 87, 233]	[-167, -100, -123, -112, -91]	[-163, -126, -143, -91, -143]	[-37, -18, -29, -10, -98]	[90, 137, 117, 168, 34]	[10004, 10002, 9999, 9993, 10000]	[6, 174, 158, 168, 174]
467	37.5	[88, 129, -52, 141, 98]	[-162, -138, -85, 24, -146]	[-138, -44, 21, -5, -167]	[-49, -165, -70, -94, -38]	[119, -72, -100, 40, 17]	[-128, -38, 21, -48, 190]	[-82, 46, 10, 88, 237]	[-167, -78, -123, -112, -91]	[-163, -103, -137, -102, -143]	[-36, -19, -22, -10, -98]	[90, 137, 117, 168, 43]	[10004, 10002, 9999, 9993, 10000]	[184, 173, 176, 235, 205]
468	35.5	[73, 164, -36, 92, -166]	[-134, -130, -63, 35, -206]	[-88, -41, 17, -22, -169]	[-54, -86, -70, -89, 1]	[120, -83, -149, 43, -12]	[-109, -41, 23, -23, 128]	[-45, 45, 9, 103, 166]	[-183, -154, -118, -123, 4]	[-165, -105, -144, -72, -209]	[-3, -15, -22, -8, -79]	[5, 131, 124, 169, 81]	[9999, 9997, 9999, 9989, 9997]	[-66, 176, 137, 148, 149]
469	38.0	[88, 129, -52, 141, 98]	[-162, -138, -85, 24, -146]	[-138, -44, 21, -5, -167]	[-49, -165, -70, -94, -38]	[119, -72, -100, 40, 17]	[-128, -38, 21, -48, 190]	[-82, 46, 10, 88, 237]	[-167, -78, -123, -112, -91]	[-163, -103, -137, -102, -143]	[-36, -19, -22, -10, -98]	[90, 137, 117, 168, 43]	[10004, 10002, 9999, 9993, 10000]	[184, 173, 176, 235, 205]
470	33.0	[73, 164, -36, 92, -166]	[-134, -130, -63, 35, -206]	[-88, -41, 17, -22, -169]	[-54, -86, -70, -89, 1]	[120, -83, -149, 43, -12]	[-109, -41, 23, -23, 128]	[-45, 45, 9, 103, 166]	[-183, -154, -118, -123, 4]	[-165, -105, -144, -72, -209]	[-3, -15, -22, -8, -79]	[5, 131, 124, 169, 81]	[9999, 9997, 9999, 9989, 9997]	[-66, 176, 137, 148, 149]
471	36.0	[73, 164, -36, 101, -166]	[-149, -130, -56, 38, -206]	[-138, -42, 17, -25, -143]	[-54, -86, -70, -89, 1]	[120, -83, -149, 43, -12]	[-109, -41, 23, -23, 128]	[-45, 45, 9, 103, 166]	[-183, -154, -118, -123, 4]	[-165, -105, -144, -72, -209]	[-3, -15, -22, -8, -79]	[5, 131, 124, 169, 81]	[9999, 9997, 9999, 9989, 9997]	[-66, 176, 137, 148, 149]
472	29.5	[74, 164, -45, 96, -128]	[-110, -146, -84, 23, -198]	[-82, -39, 22, -6, -143]	[-49, -85, -73, -89, -66]	[119, -57, -94, 40, -8]	[-123, -23, 21, -52, 150]	[-45, 44, 10, 88, 241]	[-142, -73, -135, -107, -77]	[-173, -163, -154, -72, -218]	[-3, -19, -66, -22, -80]	[-1, 150, 115, 172, 81]	[9999, 10002, 9999, 9989, 9997]	[-66, 176, 151, 178, 149]
473	33.0	[74, 164, -45, 96, -128]	[-110, -146, -84, 23, -198]	[-82, -39, 22, -6, -143]	[-49, -85, -73, -89, -66]	[119, -56, -95, 40, -8]	[-123, -23, 21, -71, 175]	[-45, 44, 10, 88, 241]	[-174, -139, -135, -107, -77]	[-173, -131, -145, -72, -209]	[-3, -19, -36, -21, -79]	[1, 148, 123, 170, 81]	[9999, 10000, 9999, 9987, 9997]	[-66, 176, 151, 178, 149]
474	36.0	[73, 164, -36, 92, -166]	[-134, -130, -63, 35, -206]	[-88, -41, 17, -22, -169]	[-54, -147, -70, -92, 0]	[120, -83, -149, 41, 11]	[-109, -41, 23, -46, 177]	[-45, 45, 9, 96, 225]	[-183, -154, -124, -123, 4]	[-165, -105, -144, -72, -209]	[-3, -15, -22, -8, -79]	[5, 131, 124, 169, 81]	[9999, 9997, 9999, 9989, 9997]	[-66, 176, 137, 148, 149]
475	33.0	[88, -11, -55, 141, 98]	[-162, -147, -85, 24, -140]	[-137, -40, 19, -6, -162]	[-45, -170, -73, -89, -42]	[119, -61, -104, 44, -6]	[-124, -21, 21, -59, 188]	[-14, 45, 10, 88, 240]	[-167, -118, -129, -116, -145]	[-171, -93, -150, -79, -139]	[-18, -15, -29, -11, -89]	[54, 135, 119, 169, 38]	[10004, 10002, 9999, 9993, 10000]	[6, 176, 160, 191, 167]
476	38.0	[74, 164, -45, 96, -128]	[-110, -146, -84, 23, -198]	[-82, -39, 22, -6, -143]	[-49, -85, -73, -89, -66]	[119, -56, -95, 40, -8]	[-123, -23, 21, -71, 175]	[-45, 44, 10, 88, 241]	[-168, -121, -135, -107, -77]	[-173, -131, -145, -72, -209]	[-3, -19, -36, -21, -79]	[1, 148, 123, 170, 81]	[9999, 10000, 9999, 9987, 9997]	[-66, 176, 151, 178, 149]
477	37.0	[88, -11, -55, 141, 98]	[-162, -147, -85, 24, -140]	[-156, -41, 16, -5, -167]	[-45, -170, -70, -96, -42]	[119, -65, -107, 53, 17]	[-124, -20, 21, -49, 190]	[-14, 45, 10, 88, 240]	[-167, -114, -119, -118, -145]	[-171, -93, -150, -79, -130]	[-18, -15, -41, -11, -98]	[54, 135, 119, 168, 34]	[10004, 10002, 9999, 9993, 10000]	[6, 176, 160, 191, 167]
478	35.5	[88, 129, -52, 141, 98]	[-162, -142, -82, 24, -146]	[-113, -39, 22, -5, -167]	[-49, -154, -70, -93, -38]	[119, -63, -100, 40, 9]	[-123, -21, 21, -46, 190]	[9, 44, 10, 87, 233]	[-167, -100, -123, -112, -91]	[-163, -126, -143, -91, -143]	[-37, -18, -29, -10, -98]	[90, 137, 117, 168, 34]	[10004, 10002, 9999, 9993, 10000]	[6, 174, 158, 168, 174]
479	36.5	[88, -11, -55, 141, 98]	[-162, -147, -85, 24, -140]	[-137, -40, 19, -6, -162]	[-45, -176, -73, -89, -42]	[119, -61, -104, 44, -6]	[-124, -21, 21, -59, 188]	[-14, 45, 10, 88, 240]	[-167, -118, -129, -116, -145]	[-171, -93, -150, -79, -139]	[-18, -15, -29, -11, -89]	[54, 135, 119, 169, 38]	[10006, 10002, 9994, 9988, 9997]	[145, 174, 160, 191, 167]
480	35.5	[88, -11, -55, 141, 98]	[-162, -147, -85, 24, -140]	[-137, -40, 19, -6, -162]	[-45, -176, -73, -89, -42]	[119, -61, -104, 44, -6]	[-124, -21, 21, -59, 188]	[-14, 45, 10, 88, 240]	[-167, -118, -129, -116, -145]	[-171, -93, -150, -79, -139]	[-18, -15, -29, -11, -89]	[54, 135, 119, 169, 38]	[10006, 10002, 9994, 9988, 9997]	[145, 174, 160, 191, 167]
481	38.0	[88, 129, -52, 141, 98]	[-162, -142, -82, 24, -146]	[-113, -39, 22, -5, -167]	[-49, -154, -70, -93, -38]	[119, -63, -100, 40, 9]	[-123, -21, 21, -46, 190]	[9, 44, 10, 87, 233]	[-167, -100, -123, -112, -91]	[-163, -126, -143, -91, -143]	[-37, -18, -29, -10, -98]	[90, 137, 117, 168, 34]	[10004, 10002, 9999, 9993, 10000]	[6, 174, 158, 168, 174]
482	37.5	[88, 129, -52, 141, 98]	[-162, -138, -85, 24, -146]	[-138, -44, 21, -5, -167]	[-49, -165, -70, -94, -38]	[119, -72, -100, 40, 11]	[-128, -38, 21, -48, 190]	[-82, 46, 10, 88, 237]	[-167, -78, -123, -112, -91]	[-163, -103, -137, -102, -143]	[-36, -19, -22, -10, -98]	[90, 137, 117, 168, 43]	[10004, 10002, 9999, 9993, 10000]	[184, 173, 176, 235, 205]
483	33.0	[88, -11, -55, 141, 98]	[-162, -147, -85, 24, -140]	[-137, -40, 19, -6, -162]	[-45, -171, -70, -92, -42]	[119, -64, -105, 46, -6]	[-132, -20, 21, -53, 188]	[-14, 45, 10, 88, 240]	[-167, -118, -129, -116, -145]	[-171, -93, -150, -79, -139]	[-18, -15, -29, -11, -89]	[54, 135, 119, 169, 38]	[10006, 10002, 9994, 9988, 9997]	[145, 174, 160, 191, 167]
484	32.0	[88, 129, -52, 141, 98]	[-162, -138, -85, 24, -146]	[-138, -44, 21, -5, -167]	[-49, -165, -70, -94, -38]	[119, -72, -100, 40, 11]	[-128, -38, 21, -48, 190]	[-82, 46, 10, 88, 237]	[-167, -78, -123, -112, -91]	[-163, -103, -137, -102, -143]	[-36, -19, -22, -10, -98]	[90, 137, 117, 168, 43]	[10004, 10002, 9999, 9993, 10000]	[184, 173, 176, 235, 205]
485	35.5	[88, 129, -52, 141, 98]	[-162, -138, -85, 24, -146]	[-138, -44, 21, -5, -167]	[-49, -165, -70, -94, -38]	[119, -72, -100, 40, 11]	[-128, -38, 21, -48, 190]	[-82, 46, 10, 88, 237]	[-167, -78, -123, -112, -91]	[-163, -103, -137, -102, -143]	[-36, -19, -22, -10, -98]	[90, 137, 117, 168, 43]	[10004, 10002, 9999, 9993, 10000]	[184, 173, 176, 235, 205]
486	31.0	[88, -11, -55, 141, 98]	[-162, -147, -85, 24, -140]	[-156, -41, 16, -5, -167]	[-45, -170, -70, -94, -61]	[119, -65, -106, 44, 16]	[-127, -19, 21, -49, 171]	[5, 45, 10, 88, 241]	[-86, -114, -119, -118, -145]	[-163, -86, -143, -71, -141]	[-37, -18, -25, -4, -98]	[90, 137, 117, 168, 34]	[10004, 10002, 9999, 9993, 10000]	[6, 174, 158, 168, 174]
487	35.5	[88, -11, -55, 141, 98]	[-162, -147, -85, 24, -140]	[-144, -40, 16, -6, -164]	[-45, -170, -70, -92, -42]	[119, -71, -105, 53, 17]	[-128, -20, 21, -37, 190]	[-14, 45, 10, 88, 240]	[-167, -114, -123, -127, -117]	[-171, -93, -150, -85, -130]	[-18, -15, -41, -11, -98]	[54, 135, 119, 168, 34]	[10004, 10002, 9999, 9993, 10000]	[6, 176, 160, 191, 167]
488	36.0	[88, 129, -52, 141, 98]	[-162, -142, -82, 24, -146]	[-113, -39, 22, -5, -167]	[-49, -154, -70, -93, -38]	[119, -63, -100, 40, -5]	[-123, -25, 21, -46, 190]	[9, 44, 10, 88, 233]	[-167, -111, -130, -109, -91]	[-163, -129, -143, -91, -143]	[-37, -18, -27, -10, -98]	[90, 137, 117, 170, 57]	[10004, 10002, 9999, 9993, 10000]	[6, 174, 158, 168, 174]
489	35.5	[88, 129, -52, 141, 98]	[-162, -138, -85, 24, -146]	[-138, -44, 21, -5, -167]	[-49, -165, -70, -94, -38]	[119, -72, -100, 40, 11]	[-128, -38, 21, -48, 190]	[-82, 46, 10, 88, 237]	[-173, -78, -123, -112, -91]	[-163, -103, -137, -102, -143]	[-36, -19, -22, -10, -98]	[90, 137, 117, 168, 43]	[10004, 10002, 9999, 9993, 10000]	[184, 173, 176, 235, 205]
490	36.0	[88, -11, -55, 141, 98]	[-162, -147, -85, 24, -140]	[-156, -41, 16, -5, -167]	[-45, -170, -70, -94, -61]	[119, -65, -106, 44, 16]	[-127, -19, 21, -49, 171]	[5, 45, 10, 88, 241]	[-86, -114, -119, -118, -145]	[-163, -86, -143, -71, -141]	[-37, -18, -25, -4, -98]	[90, 137, 117, 168, 34]	[10004, 10002, 9999, 9993, 10000]	[6, 174, 158, 168, 174]
491	34.5	[74, 164, -45, 96, -128]	[-110, -146, -84, 23, -198]	[-82, -39, 22, -6, -143]	[-49, -85, -73, -89, -66]	[119, -56, -95, 40, -8]	[-117, -23, 21, -71, 175]	[-45, 44, 9, 96, 239]	[-168, -121, -135, -107, -77]	[-173, -131, -145, -72, -209]	[-3, -19, -36, -21, -79]	[1, 148, 123, 170, 81]	[9999, 10000, 9999, 9987, 9997]	[-66, 176, 151, 178, 149]
492	36.5	[88, 129, -52, 141, 98]	[-162, -138, -85, 24, -146]	[-108, -41, 19, -5, -171]	[-49, -144, -70, -94, -38]	[119, -72, -100, 43, -4]	[-115, -38, 21, -48, 190]	[-82, 46, 10, 88, 237]	[-180, -115, -123, -120, -112]	[-163, -103, -137, -90, -208]	[-36, -19, -22, -8, -82]	[90, 137, 124, 168, 43]	[10004, 10002, 9999, 9993, 10000]	[184, 173, 176, 235, 205]
493	33.5	[88, -11, -55, 141, 98]	[-162, -147, -85, 24, -140]	[-156, -41, 16, -5, -167]	[-45, -170, -71, -94, -63]	[119, -59, -103, 44, 16]	[-124, -19, 14, -47, 183]	[5, 45, 10, 89, 241]	[-86, -114, -123, -114, -145]	[-166, -135, -147, -65, -141]	[-37, -19, -48, -21, -98]	[90, 137, 117, 168, 28]	[10004, 10002, 9999, 9993, 10000]	[6, 174, 158, 168, 174]
494	32.0	[88, -11, -61, 141, 98]	[-162, -147, -85, 24, -140]	[-156, -41, 16, -5, -167]	[-45, -170, -76, -94, -63]	[119, -59, -103, 44, 16]	[-124, -19, 20, -47, 183]	[5, 45, 10, 89, 241]	[-86, -114, -123, -114, -145]	[-166, -135, -147, -65, -141]	[-37, -19, -48, -21, -98]	[90, 131, 117, 168, 28]	[10004, 10002, 9999, 9993, 9994]	[6, 174, 158, 168, 174]
495	31.5	[88, -11, -55, 141, 98]	[-162, -147, -85, 24, -140]	[-156, -41, 16, -5, -167]	[-45, -170, -71, -94, -63]	[119, -59, -103, 44, 16]	[-124, -19, 14, -47, 183]	[5, 45, 10, 88, 241]	[-86, -114, -123, -114, -145]	[-166, -135, -147, -65, -141]	[-37, -19, -48, -21, -98]	[90, 137, 117, 168, 28]	[10004, 10002, 9999, 9993, 10000]	[6, 174, 158, 168, 174]
496	38.5	[88, 129, -52, 141, 98]	[-162, -142, -82, 24, -146]	[-113, -39, 22, -5, -167]	[-49, -154, -70, -93, -38]	[119, -63, -100, 43, -4]	[-123, -25, 21, -46, 190]	[9, 44, 10, 88, 234]	[-167, -115, -128, -114, -91]	[-163, -129, -140, -91, -143]	[-36, -18, -27, -10, -98]	[90, 137, 123, 170, 57]	[10004, 10002, 9999, 9993, 10000]	[6, 174, 158, 168, 174]
497	37.5	[88, -11, -55, 135, 98]	[-162, -153, -85, 23, -187]	[-156, -41, 18, -5, -167]	[-49, -165, -76, -94, -63]	[119, -65, -135, 44, 16]	[-114, -23, 20, -48, 188]	[5, 46, 10, 89, 241]	[-86, -96, -123, -114, -145]	[-166, -114, -141, -84, -141]	[-37, -19, -35, -13, -98]	[90, 137, 117, 168, 28]	[10004, 10002, 9999, 9993, 9994]	[6, 174, 158, 168, 174]
498	31.0	[-55, 152, -41, -41, -76]	[-23, -154, -41, 49, -145]	[-81, -92, 0, -53, -110]	[-54, -11, -70, -79, -60]	[120, -76, -124, 55, -86]	[-22, -69, 21, -61, 113]	[-32, 55, 9, 103, 193]	[46, -131, -125, -77, -64]	[-157, -105, -137, -97, -111]	[15, -11, -55, -6, -44]	[12, 136, 121, 181, 183]	[10000, 10002, 9998, 10003, 9997]	[225, 218, 185, 203, 154]
499	36.0	[88, -11, -55, 141, 98]	[-162, -147, -85, 24, -140]	[-156, -41, 16, -5, -173]	[-45, -170, -71, -94, -63]	[119, -53, -103, 44, 16]	[-118, -19, 14, -47, 183]	[-9, 45, 9, 93, 239]	[-131, -120, -122, -114, -145]	[-166, -124, -147, -65, -141]	[-37, -19, -48, -21, -98]	[90, 137, 117, 168, 28]	[10004, 10002, 9999, 9993, 10000]	[6, 174, 158, 168, 174]
500	34.0	[88, -11, -55, 141, 98]	[-162, -147, -85, 24, -140]	[-156, -41, 16, -5, -167]	[-45, -170, -71, -94, -63]	[119, -59, -103, 44, 16]	[-124, -19, 14, -47, 183]	[5, 45, 10, 88, 241]	[-86, -114, -123, -114, -145]	[-166, -135, -147, -65, -141]	[-37, -19, -48, -21, -98]	[90, 137, 117, 168, 28]	[10004, 10002, 9999, 9993, 10000]	[6, 174, 158, 193, 174]
501	38.5	[88, 129, -52, 141, 98]	[-111, -142, -83, 24, -140]	[-113, -39, 22, -5, -167]	[-49, -103, -70, -93, -38]	[119, -64, -100, 43, -4]	[-123, -25, 22, -47, 176]	[-34, 44, 10, 88, 234]	[-167, -115, -132, -114, -91]	[-163, -129, -144, -91, -143]	[-16, -18, -24, -10, -123]	[42, 145, 123, 170, 57]	[10002, 10002, 9999, 9987, 10000]	[6, 174, 158, 168, 174]
502	35.5	[88, -11, -55, 141, 98]	[-162, -147, -85, 24, -140]	[-156, -41, 16, -5, -173]	[-45, -170, -71, -94, -63]	[119, -53, -103, 44, 16]	[-116, -22, 16, -48, 188]	[-33, 46, 9, 93, 239]	[-151, -119, -122, -114, -145]	[-166, -115, -147, -65, -141]	[-37, -19, -48, -21, -98]	[90, 137, 117, 143, 28]	[10004, 10002, 9999, 9993, 10000]	[6, 174, 158, 168, 174]
503	34.5	[63, -11, -55, 141, 98]	[-162, -147, -85, 24, -140]	[-156, -41, 16, -5, -167]	[-45, -170, -70, -96, -42]	[119, -65, -107, 53, 17]	[-124, -20, 21, -49, 190]	[-14, 45, 10, 88, 240]	[-167, -61, -127, -120, -131]	[-171, -122, -124, -95, -130]	[-18, -15, -41, -11, -98]	[54, 135, 119, 168, 34]	[10004, 10002, 9999, 9993, 10000]	[12, 176, 160, 185, 167]
504	35.0	[88, 129, -52, 136, 98]	[-111, -142, -83, 23, -174]	[-113, -40, 22, -5, -167]	[-49, -103, -70, -93, -38]	[119, -64, -100, 43, -4]	[-123, -25, 22, -47, 176]	[-34, 44, 10, 88, 234]	[-167, -115, -132, -114, -91]	[-163, -129, -144, -91, -143]	[-16, -18, -24, -10, -123]	[42, 145, 123, 170, 57]	[10002, 10002, 9993, 9987, 10000]	[6, 174, 158, 168, 174]
505	32.5	[113, -11, -55, 141, 98]	[-162, -147, -85, 24, -140]	[-156, -41, 16, -5, -173]	[-45, -170, -71, -94, -63]	[119, -53, -103, 44, 16]	[-118, -19, 14, -47, 183]	[-9, 45, 9, 93, 239]	[-131, -120, -122, -114, -145]	[-166, -124, -147, -65, -141]	[-37, -19, -48, -21, -98]	[90, 137, 117, 168, 28]	[10004, 10002, 9999, 9993, 10000]	[6, 174, 158, 168, 174]
506	34.0	[88, -11, -61, 141, 98]	[-162, -147, -85, 24, -140]	[-156, -41, 10, -5, -167]	[-45, -170, -76, -94, -63]	[119, -59, -103, 44, 16]	[-118, -19, 20, -47, 183]	[5, 45, 10, 89, 241]	[-86, -114, -123, -114, -145]	[-166, -135, -147, -65, -141]	[-37, -19, -48, -21, -98]	[90, 131, 117, 168, 28]	[10004, 10002, 9999, 9968, 9994]	[6, 174, 158, 168, 174]
507	40.5	[63, -11, -55, 141, 98]	[-162, -147, -85, 24, -140]	[-156, -41, 16, -5, -167]	[-45, -170, -70, -96, -42]	[119, -65, -107, 53, 17]	[-124, -20, 21, -49, 190]	[-27, 45, 10, 88, 240]	[-167, -77, -130, -120, -131]	[-171, -122, -136, -93, -133]	[-17, -17, -31, -11, -98]	[54, 135, 119, 168, 34]	[10004, 10002, 9999, 9993, 10000]	[12, 176, 160, 185, 167]
508	38.5	[63, -11, -55, 141, 98]	[-162, -147, -85, 24, -140]	[-156, -41, 16, -5, -167]	[-45, -170, -70, -96, -42]	[119, -65, -107, 53, 17]	[-124, -20, 21, -49, 190]	[-27, 45, 10, 88, 240]	[-167, -77, -130, -120, -131]	[-171, -122, -136, -93, -133]	[-17, -17, -31, -11, -98]	[54, 135, 119, 168, 34]	[10004, 10002, 9999, 9993, 10000]	[12, 176, 160, 185, 167]
509	34.0	[88, 129, -52, 141, 98]	[-162, -138, -85, 24, -146]	[-108, -41, 19, -5, -171]	[-49, -144, -70, -94, -38]	[119, -72, -100, 42, -4]	[-124, -35, 21, -40, 190]	[-45, 45, 10, 88, 237]	[-149, -112, -124, -125, -116]	[-163, -103, -140, -90, -146]	[-37, -19, -27, -8, -82]	[90, 137, 122, 169, 43]	[10004, 10002, 9999, 9993, 10000]	[184, 173, 176, 235, 205]
510	37.0	[88, 129, -52, 141, 98]	[-162, -138, -85, 24, -146]	[-108, -41, 19, -5, -171]	[-49, -144, -70, -94, -38]	[119, -72, -100, 42, -4]	[-124, -35, 21, -40, 190]	[-45, 45, 10, 88, 237]	[-149, -112, -124, -125, -116]	[-163, -103, -140, -90, -146]	[-37, -19, -27, -8, -82]	[90, 137, 122, 169, 43]	[10004, 10002, 9999, 9993, 10000]	[184, 173, 176, 235, 205]
511	33.0	[63, -11, -55, 141, 98]	[-162, -147, -85, 24, -140]	[-156, -41, 16, -5, -167]	[-45, -170, -70, -96, -42]	[119, -65, -107, 53, 17]	[-124, -20, 21, -49, 190]	[-27, 45, 10, 88, 240]	[-167, -77, -130, -120, -131]	[-171, -122, -136, -93, -133]	[-17, -17, -31, -11, -98]	[54, 135, 119, 168, 34]	[10004, 10002, 9999, 9993, 10000]	[12, 176, 160, 185, 167]
512	31.0	[88, 85, -52, 141, 98]	[-156, -152, -83, 23, -140]	[-140, -40, 22, -5, -167]	[-49, -145, -70, -94, -38]	[119, -64, -100, 53, 5]	[-123, -25, 22, -48, 188]	[-34, 45, 10, 88, 234]	[-167, -115, -132, -114, -91]	[-163, -129, -144, -91, -143]	[-16, -18, -30, -10, -123]	[42, 145, 123, 170, 57]	[10002, 10002, 9999, 9987, 10000]	[6, 174, 158, 168, 174]
513	32.0	[88, -17, -55, 141, 98]	[-162, -147, -85, 24, -140]	[-156, -41, 16, -5, -173]	[-45, -170, -71, -94, -63]	[119, -53, -103, 44, 16]	[-118, -25, 14, -47, 183]	[-80, 45, 9, 93, 239]	[-151, -119, -122, -114, -145]	[-166, -115, -147, -65, -141]	[-26, -19, -41, -21, -98]	[90, 137, 117, 143, 28]	[10004, 10002, 9999, 9993, 10000]	[6, 168, 158, 168, 174]
514	32.5	[88, 85, -52, 141, 98]	[-156, -152, -83, 23, -140]	[-156, -41, 22, -5, -167]	[-49, -168, -77, -94, -38]	[119, -69, -100, 53, 5]	[-124, -34, 21, -44, 190]	[-37, 45, 10, 88, 234]	[-167, -115, -132, -122, -93]	[-157, -132, -144, -91, -143]	[-16, -18, -30, -15, -123]	[42, 145, 122, 170, 40]	[10002, 10002, 9999, 9987, 10000]	[6, 174, 158, 168, 174]
515	36.0	[63, -11, -55, 141, 98]	[-162, -147, -85, 24, -140]	[-156, -41, 16, -5, -167]	[-45, -170, -70, -96, -42]	[119, -65, -107, 53, 17]	[-124, -20, 21, -49, 190]	[-27, 45, 10, 88, 240]	[-167, -77, -130, -120, -131]	[-171, -122, -136, -93, -133]	[-17, -17, -31, -11, -98]	[54, 135, 119, 168, 34]	[10004, 10002, 9999, 9993, 10000]	[12, 176, 160, 185, 167]
516	43.0	[88, 85, -52, 141, 98]	[-156, -152, -83, 23, -140]	[-140, -40, 22, -5, -167]	[-49, -145, -70, -94, -38]	[119, -64, -100, 53, 5]	[-123, -25, 22, -48, 188]	[-34, 45, 10, 88, 234]	[-167, -115, -132, -114, -91]	[-163, -129, -144, -91, -143]	[-16, -18, -30, -10, -123]	[42, 145, 123, 170, 57]	[10002, 10002, 9999, 9987, 10000]	[6, 174, 158, 168, 174]
517	35.5	[88, 85, -52, 141, 98]	[-156, -152, -83, 23, -140]	[-156, -41, 22, -5, -167]	[-49, -168, -77, -94, -38]	[119, -69, -100, 53, 5]	[-124, -34, 21, -44, 190]	[-37, 45, 10, 88, 234]	[-167, -115, -132, -122, -93]	[-157, -132, -144, -91, -143]	[-16, -18, -30, -15, -123]	[42, 145, 122, 170, 40]	[10002, 10002, 9999, 9987, 10000]	[6, 174, 158, 168, 174]
518	34.0	[88, 85, -52, 141, 98]	[-156, -152, -83, 23, -140]	[-140, -40, 22, -5, -167]	[-49, -145, -70, -94, -38]	[119, -64, -100, 53, 5]	[-123, -25, 22, -48, 188]	[-34, 45, 10, 88, 234]	[-167, -115, -132, -114, -91]	[-163, -129, -144, -91, -143]	[-16, -18, -30, -10, -123]	[42, 145, 123, 170, 57]	[10002, 10002, 9999, 9987, 10000]	[6, 174, 158, 168, 174]
519	35.0	[113, -11, -55, 141, 98]	[-162, -147, -85, 24, -140]	[-156, -41, 16, -5, -173]	[-45, -170, -71, -94, -63]	[119, -53, -103, 44, 16]	[-118, -19, 14, -53, 183]	[-9, 45, 9, 93, 237]	[-131, -115, -124, -125, -139]	[-166, -124, -147, -65, -141]	[-37, -19, -48, -21, -98]	[90, 137, 117, 168, 28]	[10004, 10002, 9999, 9993, 10000]	[6, 174, 158, 168, 174]
520	33.5	[63, -11, -55, 141, 98]	[-162, -147, -85, 24, -140]	[-156, -41, 16, -5, -167]	[-45, -170, -70, -96, -42]	[119, -65, -107, 53, 17]	[-124, -20, 21, -49, 190]	[-27, 45, 10, 88, 240]	[-167, -77, -130, -120, -131]	[-171, -122, -136, -93, -133]	[-17, -17, -31, -11, -98]	[54, 135, 119, 168, 34]	[10004, 10002, 9999, 9993, 10000]	[12, 176, 160, 185, 167]
521	36.0	[88, 129, -54, 141, 98]	[-162, -146, -85, 24, -146]	[-108, -41, 18, -5, -171]	[-46, -156, -71, -94, -58]	[119, -60, -102, 49, 10]	[-123, -26, 17, -40, 190]	[-45, 45, 10, 88, 237]	[-149, -112, -124, -125, -116]	[-163, -103, -140, -90, -146]	[-37, -19, -27, -8, -82]	[90, 137, 122, 169, 43]	[10004, 10002, 9999, 9993, 10000]	[184, 173, 176, 235, 205]
522	41.0	[88, 85, -52, 141, 98]	[-156, -152, -83, 23, -140]	[-140, -40, 22, -5, -167]	[-49, -171, -70, -94, -38]	[119, -64, -103, 48, 5]	[-123, -25, 22, -48, 188]	[-34, 45, 10, 88, 234]	[-167, -115, -132, -114, -91]	[-163, -129, -144, -91, -143]	[-16, -18, -30, -10, -123]	[42, 145, 123, 170, 57]	[10002, 10002, 9999, 9987, 10000]	[6, 174, 158, 168, 174]
523	31.5	[88, 85, -46, 141, 98]	[-156, -152, -83, 23, -140]	[-140, -40, 22, -5, -167]	[-49, -171, -70, -94, -38]	[119, -64, -103, 48, 5]	[-123, -25, 22, -48, 188]	[-34, 45, 10, 88, 234]	[-167, -115, -132, -114, -91]	[-163, -129, -144, -91, -143]	[-16, -18, -30, -10, -123]	[42, 145, 123, 170, 57]	[10002, 10002, 9999, 9987, 10000]	[6, 174, 158, 168, 174]
524	36.0	[88, 85, -52, 141, 98]	[-156, -152, -83, 23, -140]	[-156, -41, 22, -5, -167]	[-49, -168, -77, -94, -38]	[119, -60, -102, 51, 5]	[-124, -34, 14, -46, 190]	[-42, 45, 10, 88, 234]	[-167, -115, -132, -122, -93]	[-157, -132, -144, -91, -143]	[-16, -18, -30, -15, -123]	[42, 145, 122, 170, 40]	[10002, 10002, 9999, 9987, 10000]	[6, 174, 158, 168, 174]
525	36.5	[88, -11, -55, 141, 98]	[-162, -172, -85, 24, -140]	[-156, -41, 16, -5, -173]	[-45, -176, -71, -94, -63]	[119, -59, -103, 44, 16]	[-124, -19, 14, -47, 183]	[5, 45, 9, 89, 237]	[-133, -114, -123, -114, -145]	[-166, -135, -146, -86, -143]	[-37, -19, -27, -13, -98]	[81, 140, 117, 170, 42]	[10003, 10002, 9999, 9991, 10000]	[6, 174, 158, 168, 174]
526	39.5	[88, 129, -54, 141, 98]	[-162, -146, -85, 24, -146]	[-108, -41, 18, -5, -171]	[-46, -156, -71, -94, -58]	[119, -60, -103, 47, 10]	[-123, -25, 18, -46, 183]	[-44, 44, 10, 88, 237]	[-149, -112, -124, -125, -116]	[-163, -103, -140, -90, -146]	[-37, -19, -27, -8, -82]	[90, 137, 122, 169, 43]	[10004, 10002, 9999, 9993, 10000]	[184, 173, 176, 235, 205]
527	31.5	[113, -11, -55, 141, 98]	[-162, -147, -85, 24, -140]	[-156, -41, 16, -5, -173]	[-45, -170, -71, -94, -63]	[119, -53, -103, 44, 16]	[-118, -27, 14, -49, 190]	[-9, 45, 9, 89, 237]	[-143, -113, -123, -122, -139]	[-166, -124, -147, -71, -141]	[-37, -19, -44, -21, -91]	[90, 137, 121, 168, 28]	[10004, 10002, 9999, 9993, 10000]	[6, 174, 158, 168, 174]
528	34.5	[63, -11, -55, 68, 98]	[-162, -147, -85, 24, -142]	[-156, -46, 0, -12, -167]	[-45, -170, -70, -86, -59]	[120, -65, -107, 53, 17]	[-124, -23, 21, -50, 180]	[-27, 46, 10, 88, 240]	[-103, -86, -130, -120, -131]	[-171, -122, -136, -95, -133]	[-17, -11, -40, -12, -98]	[54, 135, 119, 178, 34]	[10003, 9984, 9999, 9995, 9997]	[157, 186, 170, 185, 167]
529	38.0	[88, 129, -54, 141, 98]	[-162, -146, -85, 24, -146]	[-108, -41, 18, -5, -171]	[-46, -156, -71, -94, -58]	[119, -60, -102, 49, 10]	[-123, -26, 17, -40, 190]	[-45, 45, 10, 88, 237]	[-149, -112, -124, -125, -116]	[-163, -103, -140, -90, -146]	[-37, -19, -27, -8, -82]	[90, 137, 122, 169, 43]	[10004, 10002, 9999, 9993, 10000]	[184, 173, 176, 235, 205]
530	34.0	[88, -11, -55, 141, 98]	[-162, -147, -85, 24, -140]	[-150, -41, 13, -5, -167]	[-45, -170, -71, -94, -57]	[119, -59, -103, 44, 16]	[-124, -40, 14, -47, 183]	[5, 45, 10, 89, 241]	[-86, -115, -129, -114, -141]	[-166, -130, -147, -65, -141]	[-37, -19, -43, -20, -99]	[81, 137, 117, 170, 28]	[10006, 10002, 9999, 9991, 10000]	[6, 174, 152, 189, 174]
531	37.5	[88, 129, -54, 141, 98]	[-162, -146, -85, 24, -146]	[-108, -41, 18, -5, -171]	[-46, -156, -71, -94, -58]	[119, -60, -103, 47, 10]	[-123, -25, 18, -46, 183]	[-44, 44, 10, 88, 237]	[-149, -112, -124, -125, -116]	[-163, -103, -140, -90, -146]	[-37, -19, -27, -8, -82]	[90, 137, 122, 169, 43]	[10004, 10002, 9999, 9993, 10000]	[184, 173, 176, 235, 205]
532	35.5	[88, 129, -54, 141, 98]	[-162, -146, -85, 24, -146]	[-108, -41, 18, -5, -171]	[-46, -156, -71, -94, -58]	[119, -60, -102, 49, 10]	[-123, -26, 17, -40, 190]	[-45, 45, 10, 88, 237]	[-149, -112, -124, -125, -116]	[-163, -103, -140, -90, -140]	[-37, -19, -27, -8, -82]	[90, 137, 122, 169, 43]	[10004, 10002, 9999, 9993, 10000]	[184, 173, 176, 235, 205]
533	36.0	[88, 85, -52, 141, 98]	[-156, -152, -83, 23, -140]	[-156, -41, 22, -5, -167]	[-49, -168, -77, -94, -38]	[119, -60, -102, 51, 5]	[-124, -34, 14, -46, 190]	[-42, 45, 10, 88, 234]	[-167, -115, -132, -122, -93]	[-157, -132, -144, -91, -143]	[-16, -18, -30, -15, -123]	[42, 145, 122, 170, 40]	[10002, 10002, 9999, 9987, 10000]	[6, 174, 158, 174, 168]
534	39.5	[88, 129, -54, 141, 98]	[-162, -140, -85, 24, -146]	[-108, -41, 18, -5, -171]	[-46, -156, -71, -94, -58]	[119, -60, -103, 47, 10]	[-123, -25, 18, -46, 183]	[-44, 44, 10, 88, 237]	[-149, -112, -124, -125, -116]	[-163, -103, -140, -90, -146]	[-37, -19, -27, -8, -82]	[90, 137, 122, 169, 43]	[10004, 10002, 9999, 9993, 10000]	[184, 173, 176, 235, 205]
535	35.5	[88, 16, -52, 141, 98]	[-161, -148, -85, 24, -140]	[-140, -42, 21, -8, -167]	[-49, -170, -70, -94, -38]	[119, -65, -107, 50, 14]	[-119, -27, 22, -48, 188]	[-34, 45, 9, 88, 237]	[-145, -113, -132, -118, -131]	[-163, -124, -138, -82, -136]	[-24, -18, -30, -10, -116]	[49, 145, 121, 170, 57]	[10008, 10002, 9999, 9991, 10000]	[6, 174, 158, 168, 174]
536	35.0	[88, 85, -52, 141, 98]	[-156, -152, -83, 23, -140]	[-156, -41, 22, -5, -167]	[-49, -168, -77, -94, -38]	[119, -60, -102, 51, 5]	[-124, -34, 14, -46, 190]	[-42, 45, 10, 88, 234]	[-167, -115, -132, -122, -93]	[-157, -132, -144, -91, -143]	[-16, -18, -30, -15, -123]	[42, 145, 122, 170, 40]	[10002, 10002, 9999, 9987, 10000]	[6, 174, 158, 174, 168]
537	40.0	[88, 129, -54, 141, 98]	[-162, -140, -85, 24, -146]	[-108, -41, 18, -5, -171]	[-46, -156, -71, -94, -58]	[119, -60, -103, 47, 10]	[-123, -25, 18, -46, 183]	[-44, 44, 10, 88, 237]	[-149, -112, -124, -125, -116]	[-163, -103, -140, -90, -146]	[-37, -19, -27, -8, -82]	[90, 137, 122, 169, 43]	[10004, 10002, 9999, 9993, 10000]	[184, 173, 176, 235, 205]
538	38.5	[63, -11, -55, 137, 98]	[-162, -147, -84, 24, -141]	[-156, -46, 4, -7, -167]	[-45, -170, -70, -90, -46]	[119, -65, -107, 53, 17]	[-124, -25, 21, -50, 180]	[-29, 46, 10, 88, 240]	[-103, -94, -132, -118, -131]	[-171, -122, -136, -95, -135]	[-17, -19, -33, -12, -105]	[54, 135, 122, 171, 44]	[10003, 9984, 9999, 9987, 9997]	[157, 186, 170, 185, 167]
539	36.0	[63, -11, -55, 68, 98]	[-162, -147, -91, 24, -142]	[-156, -46, 9, -15, -167]	[-52, -159, -70, -93, -59]	[119, -69, -113, 54, 17]	[-124, -24, 21, -50, 180]	[-31, 52, 9, 90, 240]	[-103, -114, -131, -119, -93]	[-171, -122, -137, -96, -133]	[-17, -11, -40, -12, -92]	[54, 135, 119, 178, 49]	[10003, 9984, 9999, 10001, 9997]	[157, 186, 170, 185, 167]
540	36.0	[94, 85, -52, 135, 98]	[-156, -152, -83, 23, -140]	[-156, -41, 22, -5, -167]	[-49, -168, -77, -94, -38]	[119, -69, -102, 50, 5]	[-124, -34, 21, -44, 190]	[-38, 45, 10, 88, 234]	[-167, -115, -132, -122, -93]	[-157, -132, -144, -91, -143]	[-16, -18, -36, -15, -123]	[48, 145, 122, 170, 40]	[10002, 10002, 9999, 9987, 10000]	[6, 174, 158, 168, 174]
541	31.5	[113, -5, -55, 141, 98]	[-162, -148, -85, 24, -140]	[-156, -41, 16, -8, -172]	[-45, -170, -71, -94, -47]	[119, -61, -107, 48, 15]	[-118, -29, 20, -48, 184]	[-7, 45, 10, 89, 237]	[-161, -114, -124, -116, -139]	[-163, -125, -147, -66, -141]	[-29, -18, -32, -5, -109]	[66, 141, 122, 169, 28]	[10004, 10002, 9999, 9993, 10000]	[6, 174, 158, 168, 174]
542	33.5	[63, -11, -55, 137, 98]	[-162, -147, -84, 24, -141]	[-156, -46, 4, -7, -167]	[-45, -170, -70, -90, -46]	[119, -65, -107, 53, 17]	[-124, -25, 21, -50, 180]	[-29, 46, 10, 88, 240]	[-103, -94, -132, -118, -131]	[-171, -122, -136, -95, -135]	[-17, -19, -33, -12, -105]	[54, 135, 122, 171, 44]	[10003, 9984, 9999, 9987, 9997]	[157, 186, 170, 185, 167]
543	34.0	[88, 85, -52, 141, 98]	[-150, -152, -83, 23, -140]	[-156, -41, 22, -5, -167]	[-49, -168, -77, -94, -38]	[119, -60, -102, 51, 5]	[-124, -34, 14, -46, 190]	[-42, 45, 10, 88, 234]	[-167, -115, -132, -122, -93]	[-157, -132, -144, -91, -143]	[-16, -18, -30, -15, -123]	[42, 145, 122, 170, 40]	[10002, 10002, 9999, 9987, 10000]	[6, 174, 158, 174, 168]
544	36.0	[63, -17, -55, 68, 98]	[-162, -147, -88, 24, -142]	[-156, -46, 0, -15, -167]	[-50, -163, -72, -88, -59]	[119, -65, -113, 53, 17]	[-124, -25, 17, -49, 183]	[-44, 44, 10, 99, 240]	[-103, -114, -131, -121, -93]	[-171, -126, -137, -96, -133]	[-17, -11, -40, -12, -92]	[54, 135, 119, 178, 49]	[10003, 9984, 9999, 9995, 9991]	[157, 186, 170, 185, 167]
545	36.5	[63, -11, -55, 137, 98]	[-162, -147, -84, 24, -141]	[-156, -46, 4, -7, -167]	[-45, -170, -70, -90, -46]	[119, -65, -107, 53, 17]	[-124, -25, 21, -50, 180]	[-29, 46, 10, 88, 240]	[-103, -94, -132, -118, -131]	[-171, -122, -136, -95, -135]	[-17, -19, -33, -12, -105]	[54, 135, 122, 171, 44]	[10009, 9984, 9999, 9987, 9997]	[157, 186, 170, 185, 167]
546	32.0	[63, -17, -55, 68, 98]	[-162, -147, -85, 24, -142]	[-156, -46, 0, -15, -167]	[-50, -159, -71, -91, -59]	[119, -65, -113, 54, 17]	[-124, -24, 18, -49, 182]	[-44, 44, 10, 93, 240]	[-103, -114, -131, -121, -93]	[-171, -126, -139, -96, -133]	[-17, -11, -40, -12, -92]	[54, 135, 119, 178, 49]	[10003, 9984, 9999, 9995, 9991]	[157, 186, 170, 185, 167]
547	33.5	[113, -11, -55, 141, 98]	[-162, -147, -85, 24, -140]	[-156, -41, 16, -5, -173]	[-46, -170, -71, -94, -63]	[119, -58, -103, 44, 16]	[-121, -30, 16, -48, 183]	[-9, 45, 9, 89, 237]	[-132, -115, -124, -114, -143]	[-166, -125, -147, -61, -141]	[-29, -18, -32, -6, -99]	[78, 141, 122, 170, 32]	[10004, 10002, 9999, 9993, 10000]	[6, 174, 162, 220, 174]
548	31.5	[88, 129, -54, 141, 98]	[-162, -140, -85, 24, -146]	[-108, -41, 18, -5, -171]	[-46, -156, -71, -94, -58]	[119, -60, -103, 47, 10]	[-123, -25, 18, -46, 183]	[-44, 44, 10, 88, 237]	[-149, -112, -124, -125, -116]	[-163, -103, -140, -90, -146]	[-37, -19, -27, -8, -82]	[90, 137, 122, 169, 43]	[10004, 10002, 9999, 9993, 10000]	[184, 173, 176, 235, 205]
549	41.0	[88, 129, -54, 141, 98]	[-162, -140, -85, 24, -146]	[-108, -41, 18, -5, -171]	[-46, -156, -71, -94, -58]	[119, -60, -103, 47, 10]	[-123, -25, 18, -46, 183]	[-44, 44, 10, 88, 237]	[-149, -112, -124, -125, -116]	[-163, -103, -140, -90, -146]	[-37, -19, -27, -8, -82]	[90, 137, 122, 169, 43]	[10004, 10002, 9999, 9993, 10000]	[184, 173, 176, 235, 205]
550	35.0	[113, 116, -54, 141, 98]	[-162, -150, -85, 24, -140]	[-134, -41, 17, -6, -173]	[-50, -176, -70, -90, -63]	[119, -62, -102, 49, 12]	[-124, -29, 16, -41, 181]	[-24, 46, 9, 88, 237]	[-105, -99, -132, -123, -123]	[-164, -131, -136, -88, -143]	[-37, -18, -30, -19, -98]	[84, 137, 120, 171, 42]	[10004, 10002, 9999, 9989, 10000]	[6, 174, 162, 220, 174]
551	42.0	[88, 85, -52, 141, 98]	[-150, -152, -83, 23, -140]	[-156, -41, 22, -5, -167]	[-49, -168, -77, -94, -38]	[119, -62, -102, 50, 11]	[-124, -30, 19, -48, 187]	[-26, 45, 10, 88, 234]	[-167, -102, -132, -127, -119]	[-157, -130, -144, -90, -143]	[-17, -18, -30, -21, -123]	[42, 141, 122, 171, 42]	[10002, 10002, 9999, 9987, 10000]	[6, 174, 160, 175, 168]
552	34.5	[88, 129, -48, 141, 98]	[-162, -146, -85, 24, -146]	[-108, -41, 18, -5, -177]	[-46, -156, -71, -94, -58]	[119, -60, -102, 49, 10]	[-123, -26, 17, -40, 190]	[-45, 45, 10, 88, 237]	[-149, -112, -124, -125, -116]	[-163, -103, -140, -90, -140]	[-34, -18, -27, -8, -82]	[74, 137, 122, 169, 43]	[10004, 10002, 9999, 9993, 10000]	[184, 173, 176, 235, 205]
553	37.0	[63, -17, -55, 68, 98]	[-162, -147, -88, 24, -142]	[-156, -46, 0, -15, -167]	[-50, -163, -72, -88, -59]	[119, -65, -113, 53, 17]	[-124, -25, 17, -49, 183]	[-44, 44, 10, 99, 240]	[-103, -114, -131, -121, -93]	[-171, -126, -137, -96, -133]	[-17, -11, -40, -12, -92]	[54, 135, 119, 178, 49]	[10003, 9984, 9999, 9995, 9991]	[157, 186, 170, 185, 167]
554	32.5	[113, -8, -55, 141, 98]	[-162, -148, -85, 24, -140]	[-151, -41, 21, -8, -172]	[-45, -170, -71, -100, -47]	[119, -65, -107, 48, 15]	[-118, -29, 20, -48, 184]	[-7, 45, 10, 89, 237]	[-161, -114, -118, -122, -139]	[-163, -126, -147, -65, -141]	[-29, -19, -30, -9, -101]	[66, 141, 121, 169, 28]	[10004, 10002, 9999, 9993, 10000]	[6, 174, 158, 168, 174]
555	33.5	[113, 116, -54, 141, 98]	[-162, -150, -85, 24, -140]	[-134, -41, 17, -6, -173]	[-50, -176, -70, -90, -63]	[119, -62, -102, 49, 12]	[-124, -29, 16, -41, 181]	[-24, 46, 9, 88, 237]	[-105, -99, -132, -123, -123]	[-164, -131, -136, -88, -143]	[-37, -18, -30, -19, -98]	[84, 137, 120, 171, 42]	[10004, 10002, 9999, 9989, 10000]	[6, 174, 162, 220, 174]
556	41.0	[63, -17, -55, 68, 98]	[-162, -148, -84, 24, -142]	[-156, -44, 20, -5, -167]	[-50, -159, -73, -91, -59]	[119, -65, -109, 52, 17]	[-124, -30, 18, -49, 190]	[-44, 44, 10, 90, 237]	[-132, -113, -132, -120, -94]	[-171, -125, -139, -96, -133]	[-16, -13, -40, -12, -92]	[54, 135, 119, 178, 49]	[10003, 9984, 9999, 9995, 9991]	[157, 186, 170, 185, 167]
557	42.0	[63, -17, -55, 68, 98]	[-162, -147, -85, 24, -142]	[-156, -46, 0, -15, -167]	[-50, -168, -76, -91, -59]	[119, -65, -107, 53, 13]	[-124, -24, 18, -49, 182]	[-44, 44, 10, 93, 240]	[-103, -114, -131, -121, -93]	[-171, -126, -139, -96, -133]	[-17, -11, -40, -12, -92]	[54, 135, 119, 178, 49]	[10003, 9984, 9999, 9995, 9991]	[157, 186, 170, 185, 167]
558	37.5	[88, 85, -52, 141, 98]	[-150, -152, -83, 23, -140]	[-156, -41, 18, -5, -167]	[-47, -168, -71, -94, -38]	[119, -62, -107, 49, 14]	[-124, -29, 20, -48, 187]	[-9, 45, 10, 89, 234]	[-162, -114, -121, -120, -120]	[-157, -130, -147, -90, -143]	[-27, -19, -30, -21, -123]	[63, 141, 122, 171, 42]	[10002, 10002, 9999, 9993, 10000]	[6, 174, 160, 181, 174]
559	36.0	[63, -17, -55, 68, 98]	[-162, -147, -85, 24, -142]	[-156, -46, 0, -15, -167]	[-50, -168, -76, -91, -59]	[119, -65, -113, 53, 13]	[-124, -24, 18, -49, 182]	[-44, 44, 10, 93, 240]	[-103, -114, -131, -121, -93]	[-171, -126, -139, -96, -133]	[-17, -11, -40, -12, -92]	[54, 135, 119, 178, 49]	[10003, 9984, 9999, 9995, 9991]	[157, 186, 170, 185, 167]
560	39.5	[88, 85, -52, 141, 98]	[-150, -152, -83, 23, -140]	[-156, -41, 18, -5, -167]	[-47, -168, -71, -94, -38]	[119, -62, -102, 48, 14]	[-124, -29, 20, -48, 187]	[-26, 45, 9, 89, 234]	[-161, -113, -130, -120, -120]	[-157, -130, -144, -90, -143]	[-17, -18, -30, -21, -123]	[42, 141, 122, 171, 42]	[10002, 10002, 9999, 9987, 10006]	[6, 174, 160, 175, 168]
561	35.0	[113, -8, -55, 141, 98]	[-162, -148, -85, 24, -140]	[-151, -41, 21, -8, -172]	[-45, -170, -71, -100, -47]	[119, -65, -107, 48, 15]	[-118, -29, 20, -48, 184]	[-7, 45, 10, 89, 237]	[-161, -114, -118, -122, -139]	[-163, -126, -147, -65, -141]	[-29, -19, -30, -9, -101]	[66, 141, 121, 169, 28]	[10004, 10002, 9999, 9993, 10000]	[6, 174, 158, 168, 174]
562	36.5	[63, -17, -55, 68, 98]	[-162, -147, -88, 24, -142]	[-156, -46, 0, -15, -167]	[-50, -163, -72, -94, -59]	[119, -65, -113, 53, 17]	[-124, -25, 17, -49, 183]	[-44, 44, 10, 99, 240]	[-103, -114, -131, -121, -93]	[-171, -126, -137, -96, -133]	[-17, -11, -40, -12, -92]	[54, 135, 119, 178, 49]	[10003, 9984, 9999, 9995, 9991]	[157, 186, 170, 185, 167]
563	34.5	[63, -17, -55, 68, 98]	[-162, -147, -88, 24, -142]	[-156, -46, 0, -15, -167]	[-50, -163, -72, -94, -59]	[119, -65, -113, 53, 17]	[-124, -25, 17, -49, 183]	[-44, 44, 10, 99, 240]	[-103, -114, -131, -121, -93]	[-171, -126, -137, -96, -133]	[-17, -11, -40, -12, -92]	[54, 135, 119, 178, 49]	[10003, 9984, 9999, 9995, 9991]	[157, 186, 170, 185, 167]
564	33.5	[63, -17, -55, 68, 98]	[-162, -147, -88, 24, -142]	[-156, -46, 0, -15, -167]	[-50, -163, -72, -94, -59]	[119, -65, -113, 53, 17]	[-124, -25, 17, -49, 183]	[-44, 44, 10, 99, 240]	[-103, -114, -131, -121, -93]	[-171, -126, -137, -96, -133]	[-17, -11, -40, -12, -92]	[54, 135, 119, 178, 49]	[10003, 9984, 9999, 9995, 9991]	[157, 186, 170, 185, 167]
565	36.0	[63, -17, -55, 68, 98]	[-162, -148, -84, 24, -142]	[-156, -44, 19, -5, -167]	[-46, -157, -73, -91, -59]	[119, -65, -106, 52, 17]	[-123, -28, 24, -48, 189]	[-44, 44, 10, 90, 237]	[-132, -113, -132, -120, -94]	[-171, -125, -139, -96, -133]	[-16, -13, -40, -12, -92]	[54, 135, 119, 178, 49]	[10003, 9984, 9999, 9995, 9991]	[157, 186, 170, 185, 167]
566	39.5	[63, -17, -55, 68, 98]	[-162, -147, -88, 24, -142]	[-156, -46, 0, -15, -167]	[-50, -163, -72, -94, -59]	[119, -65, -113, 53, 17]	[-124, -25, 17, -49, 183]	[-44, 44, 10, 99, 240]	[-103, -114, -131, -121, -93]	[-171, -126, -137, -96, -133]	[-17, -11, -40, -12, -92]	[54, 135, 119, 178, 49]	[10003, 9984, 9999, 9995, 9991]	[157, 186, 170, 185, 167]
567	33.5	[63, -17, -55, 68, 98]	[-162, -147, -88, 24, -142]	[-156, -46, 0, -15, -167]	[-50, -163, -72, -94, -59]	[119, -65, -113, 53, 17]	[-124, -25, 17, -49, 183]	[-44, 44, 10, 99, 240]	[-103, -114, -131, -121, -93]	[-171, -126, -137, -96, -133]	[-17, -11, -40, -12, -92]	[54, 135, 119, 178, 49]	[10003, 9984, 9999, 9995, 9991]	[157, 186, 170, 185, 167]
568	32.0	[84, 83, -52, 68, 98]	[-153, -151, -84, 24, -142]	[-156, -42, 19, -5, -167]	[-50, -159, -71, -94, -59]	[119, -65, -107, 51, 17]	[-124, -30, 17, -42, 190]	[-45, 45, 10, 90, 237]	[-132, -113, -131, -120, -94]	[-171, -125, -139, -93, -135]	[-17, -16, -31, -12, -87]	[59, 137, 121, 172, 45]	[10003, 9984, 9999, 9995, 9994]	[157, 186, 170, 185, 167]
569	38.5	[84, 83, -52, 68, 98]	[-159, -150, -85, 24, -142]	[-156, -42, 6, -15, -167]	[-50, -162, -72, -94, -59]	[119, -65, -110, 53, 17]	[-124, -26, 17, -42, 190]	[-44, 45, 10, 91, 237]	[-132, -113, -131, -120, -94]	[-171, -126, -139, -94, -133]	[-17, -16, -38, -12, -87]	[59, 135, 119, 172, 45]	[10003, 9984, 9999, 9995, 9992]	[157, 186, 170, 185, 167]
570	33.0	[63, -17, -55, 68, 98]	[-162, -148, -84, 24, -142]	[-156, -44, 19, -5, -167]	[-46, -157, -73, -91, -59]	[119, -65, -106, 52, 17]	[-123, -28, 24, -48, 189]	[-44, 44, 10, 90, 237]	[-132, -113, -132, -120, -94]	[-177, -125, -139, -96, -133]	[-16, -13, -40, -12, -92]	[54, 135, 119, 178, 43]	[10003, 9984, 9999, 9995, 9991]	[157, 186, 170, 185, 167]
571	31.5	[84, 83, -52, 68, 98]	[-154, -149, -90, 24, -142]	[-156, -42, 19, -5, -167]	[-50, -168, -71, -94, -59]	[119, -65, -110, 51, 13]	[-124, -30, 17, -42, 183]	[-45, 45, 10, 90, 237]	[-132, -113, -131, -120, -93]	[-171, -125, -139, -96, -134]	[-17, -16, -39, -12, -89]	[59, 135, 121, 174, 45]	[10003, 9984, 9999, 9995, 9994]	[157, 186, 170, 185, 167]
572	33.5	[63, -17, -55, 68, 98]	[-162, -148, -84, 24, -142]	[-156, -44, 19, -5, -167]	[-46, -160, -73, -96, -53]	[119, -65, -106, 52, 17]	[-123, -29, 18, -48, 189]	[-44, 44, 10, 90, 237]	[-128, -103, -126, -120, -101]	[-166, -126, -147, -78, -133]	[-25, -13, -40, -12, -92]	[54, 135, 119, 178, 44]	[10003, 9984, 9999, 9995, 9997]	[157, 186, 170, 185, 167]
573	43.5	[63, -17, -55, 68, 98]	[-162, -148, -84, 24, -142]	[-156, -42, 14, -5, -168]	[-50, -159, -71, -93, -59]	[119, -65, -107, 51, 17]	[-124, -30, 17, -42, 190]	[-45, 45, 10, 90, 237]	[-132, -113, -131, -120, -114]	[-163, -127, -145, -90, -135]	[-17, -16, -30, -17, -87]	[63, 137, 122, 172, 45]	[10003, 9999, 9999, 9995, 9994]	[157, 183, 162, 185, 167]
574	34.0	[63, -17, -55, 68, 98]	[-162, -148, -84, 24, -142]	[-156, -44, 19, -5, -167]	[-46, -157, -73, -91, -58]	[119, -65, -106, 52, 17]	[-124, -28, 19, -48, 189]	[-27, 45, 10, 90, 237]	[-131, -103, -132, -122, -94]	[-172, -130, -139, -96, -133]	[-16, -13, -40, -19, -92]	[54, 135, 122, 171, 42]	[10003, 9984, 9999, 9988, 9995]	[157, 186, 161, 171, 167]
575	35.5	[88, 85, -52, 147, 98]	[-150, -152, -83, 23, -140]	[-156, -41, 20, -5, -167]	[-49, -168, -71, -89, -46]	[119, -62, -104, 50, 13]	[-124, -30, 19, -48, 187]	[-9, 45, 10, 88, 234]	[-166, -103, -122, -124, -119]	[-162, -129, -147, -90, -143]	[-27, -18, -30, -21, -116]	[62, 141, 122, 171, 42]	[10002, 10002, 9999, 9992, 10000]	[9, 174, 160, 172, 174]
576	40.0	[84, 83, -52, 68, 98]	[-159, -150, -85, 24, -142]	[-156, -42, 6, -15, -167]	[-50, -162, -72, -94, -59]	[119, -65, -110, 53, 17]	[-124, -26, 17, -42, 190]	[-44, 45, 10, 91, 237]	[-132, -113, -131, -120, -94]	[-171, -126, -139, -94, -133]	[-17, -16, -38, -12, -87]	[59, 135, 119, 172, 45]	[10003, 9984, 9999, 9995, 9992]	[157, 186, 170, 185, 167]
577	38.0	[84, 83, -52, 68, 98]	[-154, -149, -90, 24, -142]	[-156, -42, 19, -5, -167]	[-50, -168, -71, -88, -59]	[119, -65, -110, 51, 13]	[-124, -30, 17, -42, 183]	[-44, 44, 10, 90, 237]	[-132, -113, -131, -120, -93]	[-171, -125, -139, -96, -134]	[-17, -16, -39, -12, -89]	[59, 135, 121, 174, 45]	[10003, 9984, 9999, 9995, 9994]	[157, 186, 170, 185, 167]
578	33.5	[63, -17, -55, 68, 98]	[-162, -148, -84, 24, -142]	[-156, -42, 14, -5, -168]	[-50, -159, -71, -93, -59]	[119, -65, -107, 51, 17]	[-124, -30, 17, -42, 190]	[-45, 45, 10, 90, 237]	[-132, -113, -131, -120, -114]	[-163, -127, -145, -90, -135]	[-17, -16, -30, -17, -87]	[63, 131, 122, 172, 45]	[10003, 9999, 9999, 9995, 9994]	[157, 183, 162, 185, 167]
579	38.0	[88, 129, -54, 141, 98]	[-162, -147, -85, 18, -146]	[-108, -41, 18, -13, -177]	[-52, -156, -71, -94, -58]	[119, -65, -102, 49, 10]	[-124, -25, 18, -40, 189]	[-45, 45, 10, 89, 237]	[-149, -112, -124, -122, -116]	[-163, -109, -143, -90, -140]	[-31, -19, -27, -8, -82]	[96, 137, 122, 169, 43]	[10004, 10002, 9999, 9993, 10000]	[178, 173, 171, 191, 169]
580	36.5	[84, 83, -52, 68, 98]	[-159, -150, -85, 24, -142]	[-156, -42, 6, -15, -167]	[-50, -162, -72, -94, -59]	[119, -65, -110, 53, 17]	[-124, -26, 17, -42, 190]	[-44, 45, 10, 91, 237]	[-132, -113, -131, -120, -94]	[-171, -126, -139, -94, -133]	[-17, -16, -38, -12, -87]	[59, 135, 119, 172, 45]	[10003, 9984, 9999, 9995, 9992]	[157, 186, 170, 185, 167]
581	40.5	[88, 129, -54, 141, 98]	[-162, -147, -85, 18, -146]	[-108, -41, 18, -13, -177]	[-52, -156, -71, -94, -58]	[119, -65, -102, 49, 10]	[-124, -25, 18, -40, 189]	[-45, 45, 10, 89, 237]	[-149, -112, -124, -122, -116]	[-163, -109, -143, -90, -140]	[-31, -19, -27, -8, -82]	[96, 137, 122, 169, 43]	[10004, 10002, 9999, 9993, 10000]	[178, 173, 171, 191, 169]
582	35.5	[63, -17, -55, 68, 98]	[-162, -148, -84, 24, -142]	[-156, -44, 13, -5, -167]	[-46, -157, -72, -93, -59]	[119, -65, -107, 52, 17]	[-123, -28, 24, -47, 189]	[-44, 44, 10, 90, 237]	[-132, -105, -129, -121, -98]	[-170, -127, -139, -96, -133]	[-16, -14, -39, -16, -92]	[54, 137, 119, 178, 43]	[10003, 9984, 9999, 9995, 9991]	[157, 186, 170, 185, 167]
583	40.0	[63, -17, -55, 68, 98]	[-162, -147, -88, 24, -142]	[-156, -46, 0, -15, -167]	[-50, -163, -72, -94, -59]	[119, -65, -113, 53, 17]	[-124, -25, 17, -49, 183]	[-44, 44, 10, 99, 240]	[-103, -114, -131, -121, -93]	[-171, -126, -137, -96, -133]	[-17, -11, -46, -12, -92]	[54, 135, 119, 178, 49]	[10003, 9984, 9999, 9995, 9991]	[157, 186, 170, 185, 167]
584	39.0	[63, -17, -55, 68, 98]	[-162, -148, -84, 24, -142]	[-156, -44, 19, -5, -167]	[-46, -157, -73, -93, -59]	[119, -59, -107, 52, 15]	[-123, -28, 24, -47, 189]	[-44, 44, 10, 90, 237]	[-132, -113, -129, -121, -100]	[-170, -127, -139, -96, -133]	[-16, -14, -40, -16, -92]	[54, 137, 119, 177, 42]	[10003, 9984, 9999, 9995, 9991]	[157, 186, 169, 185, 167]
585	32.5	[63, -17, -55, 68, 98]	[-162, -148, -84, 24, -142]	[-150, -44, 19, -5, -167]	[-46, -157, -73, -92, -59]	[119, -65, -107, 46, 17]	[-123, -28, 22, -47, 189]	[-41, 45, 10, 90, 237]	[-131, -107, -132, -123, -96]	[-172, -130, -139, -94, -133]	[-16, -13, -40, -19, -92]	[54, 136, 121, 171, 42]	[10003, 9984, 9999, 9992, 9995]	[157, 186, 161, 171, 167]
586	31.0	[63, -17, -55, 68, 98]	[-162, -148, -84, 24, -142]	[-156, -44, 19, -5, -167]	[-46, -157, -73, -93, -59]	[119, -59, -107, 52, 15]	[-123, -28, 24, -47, 189]	[-44, 44, 10, 90, 237]	[-132, -113, -129, -121, -100]	[-170, -127, -139, -96, -133]	[-16, -14, -40, -16, -92]	[54, 137, 119, 177, 42]	[10003, 9984, 9999, 9995, 9991]	[157, 186, 169, 185, 167]
587	34.0	[84, 83, -52, 68, 98]	[-159, -150, -85, 24, -142]	[-156, -42, 6, -15, -167]	[-50, -162, -72, -94, -59]	[119, -65, -110, 53, 17]	[-124, -26, 17, -36, 190]	[-44, 45, 10, 91, 237]	[-132, -113, -131, -120, -94]	[-171, -126, -139, -94, -133]	[-17, -16, -38, -12, -87]	[59, 135, 119, 172, 45]	[10003, 9984, 9999, 9995, 9992]	[157, 186, 170, 185, 167]
588	31.0	[63, -17, -55, 68, 98]	[-162, -148, -84, 24, -142]	[-156, -44, 19, -5, -167]	[-46, -157, -73, -93, -59]	[119, -59, -107, 52, 15]	[-123, -28, 24, -47, 189]	[-44, 44, 10, 90, 237]	[-132, -105, -130, -123, -98]	[-170, -127, -139, -96, -133]	[-16, -14, -40, -18, -92]	[54, 137, 119, 177, 42]	[10003, 9984, 9999, 9992, 9992]	[157, 186, 169, 185, 167]
589	34.5	[88, 135, -54, 141, 98]	[-162, -147, -85, 18, -146]	[-108, -41, 18, -13, -177]	[-52, -156, -71, -94, -58]	[119, -65, -102, 49, 10]	[-124, -25, 18, -40, 189]	[-45, 45, 10, 89, 237]	[-149, -112, -124, -122, -116]	[-163, -109, -143, -90, -140]	[-31, -19, -27, -8, -82]	[96, 137, 122, 169, 43]	[10004, 10002, 9999, 9993, 10000]	[178, 173, 171, 191, 169]
590	35.5	[63, -17, -55, 68, 98]	[-162, -148, -84, 24, -142]	[-156, -42, 14, -5, -168]	[-50, -159, -72, -93, -59]	[119, -59, -106, 51, 17]	[-124, -30, 19, -42, 190]	[-45, 45, 10, 90, 237]	[-132, -113, -131, -124, -114]	[-163, -127, -145, -90, -135]	[-16, -13, -30, -21, -87]	[63, 131, 122, 172, 45]	[10003, 9999, 9999, 9995, 9994]	[157, 183, 162, 185, 167]
591	35.0	[84, 83, -52, 68, 98]	[-159, -150, -85, 24, -142]	[-156, -42, 6, -15, -167]	[-50, -162, -72, -94, -59]	[119, -65, -110, 53, 17]	[-124, -26, 17, -36, 190]	[-44, 45, 10, 91, 237]	[-132, -113, -131, -120, -94]	[-171, -126, -139, -94, -133]	[-17, -16, -38, -12, -87]	[59, 135, 119, 172, 45]	[10003, 9984, 9999, 9995, 9992]	[157, 186, 170, 185, 167]
592	31.0	[88, 85, -52, 147, 98]	[-150, -152, -83, 23, -140]	[-156, -41, 20, -5, -167]	[-49, -168, -75, -88, -43]	[119, -62, -104, 56, 13]	[-124, -30, 19, -48, 187]	[-9, 45, 10, 88, 234]	[-166, -103, -122, -124, -119]	[-162, -135, -141, -90, -143]	[-27, -18, -30, -21, -119]	[50, 141, 122, 171, 42]	[10002, 10002, 9999, 9992, 10000]	[9, 174, 160, 172, 174]
593	33.0	[88, 135, -54, 141, 98]	[-162, -147, -85, 20, -146]	[-151, -44, 19, -13, -171]	[-52, -157, -73, -94, -58]	[119, -60, -107, 49, 10]	[-124, -28, 21, -40, 189]	[-45, 45, 10, 89, 237]	[-140, -109, -118, -122, -116]	[-163, -109, -147, -91, -133]	[-31, -19, -27, -8, -82]	[96, 137, 122, 169, 43]	[10004, 10002, 9999, 9993, 10000]	[178, 173, 171, 191, 163]
594	36.5	[63, -17, -55, 68, 98]	[-162, -148, -84, 24, -142]	[-156, -44, 19, -5, -167]	[-46, -157, -73, -91, -59]	[119, -65, -106, 52, 17]	[-123, -28, 21, -46, 189]	[-44, 44, 10, 88, 237]	[-131, -113, -131, -121, -99]	[-165, -126, -136, -90, -133]	[-16, -13, -28, -9, -83]	[53, 138, 119, 178, 38]	[10002, 9996, 9999, 9994, 9998]	[157, 183, 165, 185, 167]
595	33.0	[88, 85, -52, 147, 98]	[-150, -152, -83, 23, -140]	[-156, -41, 20, -5, -167]	[-49, -168, -75, -88, -43]	[119, -62, -104, 56, 13]	[-124, -30, 19, -48, 187]	[-9, 45, 10, 88, 234]	[-166, -103, -122, -124, -119]	[-162, -135, -141, -90, -143]	[-27, -18, -30, -21, -119]	[50, 141, 122, 171, 42]	[10002, 10002, 9999, 9992, 10000]	[9, 174, 160, 172, 174]
596	33.5	[63, -17, -55, 68, 98]	[-162, -148, -84, 24, -142]	[-156, -42, 14, -5, -168]	[-50, -159, -72, -93, -59]	[119, -59, -106, 51, 17]	[-124, -30, 19, -42, 190]	[-45, 45, 10, 90, 237]	[-132, -113, -131, -124, -114]	[-163, -127, -145, -90, -135]	[-16, -13, -30, -21, -87]	[63, 131, 122, 172, 45]	[10003, 9999, 9999, 9995, 9994]	[157, 183, 162, 185, 167]
597	36.0	[63, -17, -55, 68, 98]	[-162, -148, -84, 24, -142]	[-156, -44, 19, -5, -167]	[-46, -157, -73, -91, -59]	[119, -65, -106, 52, 17]	[-123, -28, 20, -41, 189]	[-44, 44, 10, 88, 237]	[-131, -113, -131, -121, -99]	[-165, -126, -137, -95, -127]	[-16, -13, -29, -9, -92]	[59, 136, 119, 178, 38]	[10003, 9992, 9999, 9995, 9997]	[157, 183, 168, 185, 167]
598	36.0	[63, -17, -55, 68, 98]	[-162, -148, -84, 24, -142]	[-156, -44, 15, -5, -167]	[-46, -162, -72, -93, -59]	[119, -59, -107, 52, 15]	[-123, -28, 23, -45, 189]	[-44, 45, 10, 90, 237]	[-132, -113, -129, -121, -100]	[-167, -127, -139, -96, -133]	[-16, -14, -30, -19, -91]	[56, 135, 119, 177, 42]	[10003, 9984, 9999, 9995, 9991]	[157, 186, 169, 185, 167]
599	37.0	[88, 135, -54, 135, 98]	[-162, -147, -84, 20, -146]	[-151, -44, 19, -8, -171]	[-52, -157, -73, -94, -58]	[119, -60, -107, 49, 10]	[-124, -28, 20, -40, 189]	[-45, 45, 10, 89, 237]	[-140, -112, -131, -124, -116]	[-163, -119, -146, -91, -133]	[-31, -15, -27, -8, -82]	[96, 137, 122, 172, 43]	[10004, 10002, 9999, 9994, 10000]	[170, 175, 171, 197, 163]
