generation	fitness	corner	c	a1	a2	b1	b2	b3	x	o1	o2	wp	ww	we
0	3.0	[-203, 205, -55, -30, 96]	[291, -257, -180, 224, 167]	[-278, 69, 71, 41, -209]	[121, 64, -259, -60, -15]	[-92, 173, 245, -164, -95]	[-104, -74, -23, 80, -136]	[-273, 255, -28, -104, -288]	[-133, -205, -148, -136, 201]	[91, 227, -215, -208, -260]	[7, -58, -192, 292, 193]	[179, -215, -105, 162, 37]	[10000, 10000, 10000, 10000, 10000]	[40, -182, -115, -152, -64]
1	4.0	[128, -27, -48, -40, -262]	[136, -227, 117, 65, 1]	[12, -277, 30, -45, -200]	[-223, 158, -298, -233, -173]	[246, -147, 4, 155, -203]	[7, 6, -89, -104, 142]	[78, 287, 31, 138, -253]	[15, -255, -118, -114, -184]	[16, 219, -133, -71, -156]	[252, -52, -127, -262, -111]	[-211, 81, -102, 68, 127]	[10000, 10000, 10000, 10000, 10000]	[283, 221, 196, 289, 245]
2	2.0	[128, -27, -48, -40, -262]	[136, -227, 117, 65, 1]	[12, -277, 30, -45, -200]	[-223, 158, -298, -233, -173]	[246, -147, 4, 155, -186]	[-255, -55, -40, -135, 143]	[78, -13, 61, 222, 117]	[15, -255, -108, -37, -184]	[16, 219, -133, 73, -156]	[179, -126, -87, -261, -111]	[-211, 81, -290, 84, 127]	[10000, 10000, 10000, 10000, 10000]	[283, 221, 196, 289, 245]
3	4.0	[-38, 120, 131, -194, 279]	[-99, 185, -274, -191, 252]	[0, -161, 1, -88, 297]	[-80, 177, -165, -22, -250]	[208, -117, -171, 119, -64]	[234, 184, 241, -229, -35]	[39, -146, 35, -256, 64]	[120, 45, -150, 89, 137]	[-89, 75, 124, -87, 271]	[12, -153, 69, -229, -197]	[-220, 244, 277, 291, -219]	[10000, 10000, 10000, 10000, 10000]	[257, 150, 91, -137, -117]
4	3.0	[-38, 120, 131, -194, 279]	[-99, 185, -274, -191, 252]	[0, -161, 1, -88, 297]	[-80, 177, -165, -22, -250]	[208, -117, -171, 119, -64]	[234, 184, 241, -229, -35]	[39, -146, 35, -256, 64]	[120, 45, -150, 89, 137]	[-89, 75, 124, -87, 271]	[12, -153, 69, -229, -197]	[-220, 244, 277, 291, -219]	[10000, 10000, 10000, 10000, 10000]	[257, 150, 91, -137, -117]
5	4.0	[128, -27, -48, -40, -262]	[136, -227, 117, 65, 1]	[12, -277, 30, -45, -200]	[-223, 158, -298, -233, -173]	[246, -147, 4, 155, -186]	[-255, -55, -40, -135, 143]	[78, -13, 61, 222, 117]	[15, -255, -108, -37, -184]	[16, 219, -133, 73, -156]	[179, -126, -87, -261, -111]	[-211, 81, -290, 84, 127]	[10000, 10000, 10000, 10000, 10000]	[283, 221, 196, 289, 245]
6	4.0	[128, -27, -48, -40, -262]	[136, -227, 117, 65, 1]	[12, -277, 30, -45, -200]	[-223, 158, -298, -233, -173]	[246, -147, 4, 155, -203]	[7, 6, -89, -104, 142]	[78, 287, 31, 138, -253]	[15, -255, -118, -114, -184]	[16, 219, -133, -71, -156]	[252, -52, -127, -262, -111]	[-211, 81, -102, 68, 127]	[10000, 10000, 10000, 10000, 10000]	[283, 221, 196, 289, 245]
7	5.0	[128, -27, -48, -40, -262]	[136, -227, 117, 65, 1]	[12, -277, 30, -45, -200]	[-223, 158, -298, -233, -173]	[246, -147, 4, 155, -203]	[7, 6, -89, -104, 142]	[78, 287, 31, 138, -253]	[15, -255, -118, -114, -184]	[16, 219, -133, -71, -156]	[252, -52, -127, -262, -111]	[-211, 81, -102, 68, 127]	[10000, 10000, 10000, 10000, 10000]	[283, 221, 196, 289, 245]
8	2.0	[45, 168, -115, -9, -22]	[57, -275, -224, 23, -209]	[69, 111, -290, -1, -102]	[-46, 17, -86, -195, 122]	[-115, -201, -189, -122, 15]	[-198, -54, 189, 66, 22]	[-77, 143, 219, -12, -140]	[-58, 109, -41, -54, 274]	[-91, 68, -75, 118, -245]	[127, -161, 139, 229, 159]	[110, 16, -249, 116, -133]	[10000, 10000, 10000, 10000, 10000]	[167, 27, -235, 286, 260]
9	3.5	[128, -27, -48, -40, -262]	[136, -227, 117, 65, 1]	[12, -277, 30, -45, -200]	[-223, 158, -298, -233, -173]	[246, -147, 4, 155, -203]	[7, 6, -89, -104, 142]	[78, 287, 31, 138, -253]	[15, -255, -118, -114, -184]	[16, 219, -133, -71, -156]	[252, -52, -127, -262, -111]	[-211, 81, -102, 68, 127]	[10000, 10006, 10000, 10000, 10000]	[283, 221, 196, 289, 245]
10	5.0	[74, 113, 14, -40, -262]	[136, -235, 117, 65, 1]	[12, -17, -173, 123, -200]	[-223, 158, -261, -203, 35]	[246, -147, -128, -41, -186]	[-255, -55, -40, -135, 143]	[78, -13, 61, 222, 117]	[15, -255, -108, -37, -184]	[16, 219, -133, 73, -156]	[179, -126, -87, -261, -111]	[-211, 81, 151, 84, 127]	[10000, 10000, 10000, 10000, 10000]	[258, 164, 119, 289, 245]
11	8.0	[74, 113, 14, -40, -262]	[136, -235, 117, 65, 1]	[12, -17, -173, 123, -200]	[-223, 158, -261, -203, 35]	[246, -147, -128, -41, -186]	[-255, -55, -40, -135, 143]	[78, -13, 61, 222, 117]	[15, -255, -108, -37, -184]	[16, 219, -133, 73, -156]	[179, -126, -87, -261, -111]	[-211, 81, 151, 84, 127]	[10000, 10000, 10000, 10000, 10000]	[258, 164, 119, 289, 245]
12	6.5	[187, 119, 159, -163, 279]	[-217, 99, -258, -17, 20]	[163, -151, -202, -94, -264]	[145, 186, -220, 8, -142]	[69, 42, 65, 113, -79]	[25, 170, -23, -188, 11]	[168, -159, -53, 9, 272]	[-50, 64, -145, 54, -268]	[80, 206, 112, -87, -236]	[-32, -244, -82, -233, -37]	[-171, 130, 47, 219, -171]	[10000, 10000, 10000, 10000, 10000]	[-251, 97, -10, 102, 63]
13	5.0	[74, 113, 14, -40, -262]	[136, -235, 117, 65, 1]	[12, -17, -173, 123, -200]	[-223, 158, -261, -203, 35]	[246, -147, -128, -41, -186]	[-255, -55, -40, -135, 143]	[78, -13, 61, 222, 117]	[15, -255, -108, -37, -184]	[16, 219, -133, 73, -156]	[179, -126, -87, -261, -111]	[-211, 81, 151, 84, 127]	[10000, 10000, 10000, 10000, 10000]	[258, 164, 119, 289, 245]
14	7.0	[128, -27, -48, -40, -262]	[136, -227, 117, 65, 1]	[12, -277, 30, -45, -200]	[-223, 158, -298, -233, -173]	[246, -147, 4, 155, -203]	[7, 6, -89, -104, 142]	[78, 287, 31, 138, -253]	[15, -255, -118, -114, -184]	[16, 219, -133, -71, -208]	[252, -52, -93, -241, -78]	[-211, 81, 73, 189, 44]	[10000, 10003, 10000, 10000, 10000]	[283, 221, 196, 289, 245]
15	4.0	[74, 113, 14, -40, -262]	[136, -235, 117, 59, 1]	[12, -17, -173, 123, -200]	[-223, 158, -261, -203, 35]	[246, -147, -128, -41, -186]	[-255, -55, -40, -135, 143]	[78, -13, 61, 222, 117]	[15, -255, -108, -37, -184]	[16, 219, -133, 73, -156]	[179, -126, -87, -261, -111]	[-211, 81, 151, 84, 127]	[10000, 10000, 10000, 10000, 10000]	[258, 164, 119, 289, 245]
16	7.5	[128, -27, -48, -40, -262]	[136, -227, 117, 65, 1]	[12, -277, 30, -45, -200]	[-223, 158, -298, -233, -173]	[246, -147, 4, 155, -203]	[7, 6, -89, -104, 142]	[78, 287, 31, 138, -253]	[15, -255, -118, -114, -184]	[8, 217, -75, -71, -208]	[227, -52, -93, -241, -78]	[-211, 81, 73, 189, 44]	[10000, 10003, 10000, 10000, 10000]	[283, 221, 196, 289, 245]
17	10.5	[128, -27, -77, -15, -262]	[136, -263, -131, 45, -158]	[52, 79, 30, -45, -200]	[-145, 82, -212, -220, 121]	[246, -158, -1, -41, -203]	[7, 6, 113, -56, 142]	[61, 287, 31, 138, -253]	[15, -255, -112, -114, -184]	[16, 219, -133, -71, -208]	[252, -52, -93, -241, -78]	[-211, 81, 73, 189, 44]	[10000, 10003, 10000, 10000, 10000]	[283, 221, 196, 289, 245]
18	8.0	[74, 113, 14, -40, -262]	[136, -235, 117, 59, 1]	[12, -17, -173, -15, -124]	[-124, 166, -234, -203, 35]	[246, -127, -139, -4, -186]	[38, -35, -44, -135, 143]	[-33, -78, 39, 222, 117]	[15, -255, -110, -37, -184]	[16, 224, -28, 3, -44]	[179, -126, -57, -203, -111]	[-211, 126, 161, 84, 127]	[10000, 10000, 10000, 10000, 10000]	[258, 164, 119, 289, 245]
19	8.5	[74, 113, 14, -40, -262]	[136, -235, 117, 59, 1]	[12, -17, -173, -15, -124]	[-124, 166, -234, -203, 35]	[246, -127, -139, -4, -186]	[38, -35, -44, -135, 143]	[-33, -78, 39, 222, 117]	[15, -255, -110, -37, -184]	[16, 224, -28, 3, -44]	[179, -126, -57, -203, -111]	[-211, 126, 161, 84, 127]	[10000, 10000, 10000, 10000, 10000]	[258, 164, 119, 289, 245]
20	13.5	[128, -27, -77, -15, -262]	[136, -263, -131, 45, -158]	[52, 79, 30, -45, -200]	[-145, 82, -212, -220, 121]	[246, -158, -1, -41, -203]	[7, 6, 113, -56, 142]	[61, 287, 31, 138, -253]	[15, -255, -112, -114, -184]	[16, 219, -133, -71, -208]	[252, -52, -93, -241, -78]	[-211, 81, 73, 189, 44]	[10000, 10003, 10000, 10000, 10000]	[283, 221, 196, 289, 245]
21	10.5	[74, 113, 14, -160, 57]	[136, -235, 117, 59, 1]	[12, -17, -173, 123, -200]	[-223, 158, -261, -203, 35]	[246, -147, -128, -41, -186]	[-255, -55, -40, -135, 143]	[78, -13, 61, 222, 117]	[15, -255, -108, -37, -184]	[16, 219, -133, 73, -156]	[179, -126, -87, -261, -111]	[-211, 81, 151, 84, 127]	[10000, 10000, 10000, 10000, 10000]	[258, 164, 119, 289, 245]
22	10.5	[128, -27, -77, -15, -262]	[136, -263, -131, 45, -158]	[52, 79, 30, -45, -200]	[-145, 82, -212, -220, 121]	[246, -158, -1, -41, -203]	[7, 6, 113, -56, 142]	[61, 287, 31, 138, -253]	[15, -255, -112, -114, -184]	[16, 219, -133, -71, -208]	[252, -52, -93, -241, -78]	[-211, 81, 73, 189, 44]	[10000, 10003, 10000, 10000, 10000]	[283, 221, 196, 289, 245]
23	10.0	[128, -27, -77, -15, -262]	[140, -209, -82, -157, -108]	[52, 79, 30, -189, -200]	[-91, -222, -221, -66, 1]	[246, -158, 29, -20, -203]	[-20, 43, 113, -56, 142]	[61, 254, -117, 86, -253]	[15, -255, -112, -114, -184]	[16, 219, -133, -71, -208]	[252, -52, -93, -241, -78]	[-211, 81, 73, 189, 44]	[10000, 10003, 10000, 10000, 10000]	[283, 221, 196, 289, 245]
24	9.0	[128, -27, -48, -40, -262]	[136, -227, 117, 65, 1]	[12, -277, 30, -45, -200]	[-223, 158, -298, -233, -167]	[246, -147, 4, 155, -203]	[7, 6, -89, -104, 142]	[78, 287, 31, 138, -253]	[15, -255, -118, -114, -184]	[8, 217, -75, -71, -208]	[227, -52, -93, -241, -78]	[-211, 81, 73, 189, 44]	[10000, 10003, 10000, 10000, 10000]	[283, 221, 196, 289, 245]
25	12.0	[128, -27, -77, -15, -262]	[136, -263, -131, 45, -158]	[52, 79, 30, -45, -200]	[-145, 82, -212, -220, 121]	[246, -158, -1, -41, -203]	[7, 6, 113, -56, 142]	[61, 287, 31, 138, -253]	[15, -255, -112, -114, -184]	[16, 219, -133, -71, -208]	[252, -52, -93, -241, -78]	[-211, 81, 73, 189, 44]	[10000, 10003, 10000, 10000, 10000]	[283, 221, 196, 289, 245]
26	11.0	[128, -27, -77, -15, -262]	[136, -263, -131, 45, -158]	[52, 79, 30, -45, -200]	[-145, 82, -212, -220, 121]	[246, -158, -1, -41, -203]	[7, 6, 113, -56, 142]	[61, 287, 31, 138, -253]	[15, -255, -112, -114, -184]	[16, 219, -133, -71, -208]	[252, -52, -93, -241, -78]	[-211, 81, 73, 189, 44]	[10000, 10003, 10000, 10000, 10000]	[283, 221, 196, 289, 245]
27	12.0	[93, 20, 1, -40, -262]	[136, -234, 112, 64, 1]	[12, -98, -8, -19, -162]	[-102, -108, -231, -135, 5]	[246, -132, -86, -4, -186]	[5, -7, -23, -135, 143]	[55, 234, 34, 215, -126]	[15, -255, -110, -108, -184]	[44, 88, -117, -82, -97]	[99, -64, -80, -212, -111]	[-211, 81, 76, 176, 42]	[10000, 10002, 10000, 10000, 10000]	[258, 106, 123, 228, 245]
28	19.5	[128, -27, -48, -40, -262]	[136, -227, 117, 65, 1]	[12, -277, 30, -45, -200]	[-223, 158, -298, -233, -173]	[246, -136, -106, 155, -203]	[5, -11, -31, -135, 143]	[54, 117, 37, 174, -268]	[15, -252, -134, -101, -184]	[85, 85, -127, -110, -139]	[221, -120, -68, -213, -78]	[-211, 81, 110, 186, 14]	[10000, 10003, 10000, 10000, 10000]	[283, 221, 196, 289, 245]
29	10.5	[128, -27, -48, -40, -262]	[136, -227, 117, 65, 1]	[12, -277, 30, -45, -200]	[-223, 158, -298, -233, -173]	[246, -136, -106, 155, -203]	[5, -11, -31, -135, 143]	[54, 117, 37, 174, -268]	[15, -252, -134, -101, -184]	[85, 85, -127, -110, -139]	[221, -120, -68, -213, -78]	[-211, 81, 110, 186, 14]	[10000, 10003, 10000, 10000, 10000]	[283, 221, 196, 289, 245]
30	13.5	[128, -27, -48, -40, -262]	[136, -227, 117, 65, 1]	[12, -61, 30, -45, -200]	[-223, 158, -298, -224, -173]	[246, -136, -106, 155, -203]	[5, -11, -31, -135, 143]	[54, 117, 37, 174, -268]	[15, -252, -134, -101, -184]	[85, 85, -127, -110, -139]	[221, -120, -68, -213, -78]	[-211, 81, 110, 186, 14]	[10000, 10003, 10000, 10000, 10000]	[283, 221, 196, 289, 245]
31	12.0	[128, -27, -48, -40, -262]	[136, -227, 117, 65, 1]	[12, -61, 30, -45, -200]	[-223, 158, -298, -224, -173]	[246, -136, -106, 155, -203]	[5, -11, -31, -135, 143]	[54, 117, 37, 174, -268]	[15, -252, -134, -101, -184]	[85, 85, -127, -110, -139]	[221, -120, -68, -213, -78]	[-211, 81, 110, 186, 14]	[10000, 10003, 10000, 10000, 10000]	[283, 221, 196, 289, 245]
32	12.0	[128, -27, -48, -40, -262]	[136, -227, 117, 65, 1]	[12, -277, 30, -45, -200]	[-223, 158, -295, -233, -173]	[91, -125, -109, 86, -203]	[-35, -17, -31, -135, 143]	[54, 63, 34, 156, -253]	[15, -221, -158, -98, -184]	[17, 182, -129, -96, -139]	[242, -101, -112, -213, -78]	[-211, 81, 110, 186, 14]	[10000, 10003, 10000, 10000, 10000]	[283, 221, 196, 289, 245]
33	12.0	[128, -27, -48, -40, -262]	[136, -227, 117, 65, 1]	[12, -277, 30, -45, -200]	[-223, 158, -298, -233, -173]	[87, -111, -107, 102, -203]	[5, -222, -31, -135, 143]	[54, 94, 35, 173, -267]	[15, -252, -134, -94, -184]	[85, 85, -130, -110, -139]	[221, -120, -101, -238, -78]	[-211, 81, 76, 186, 14]	[10000, 10003, 10000, 10000, 10000]	[283, 221, 196, 289, 245]
34	13.5	[128, -27, -77, -15, -262]	[140, -209, -82, -157, -108]	[52, -5, -125, -22, -200]	[-119, 130, -230, -102, 1]	[246, -158, 29, -20, -203]	[-20, 6, 54, -86, 143]	[0, 214, -82, 191, -78]	[6, -227, -112, -114, -184]	[184, 33, -125, -71, -208]	[96, -56, 121, -241, -78]	[-211, 81, 73, 189, 44]	[10000, 10003, 10000, 10000, 10000]	[283, 221, 196, 289, 245]
35	11.5	[128, -27, -77, -15, -262]	[140, -209, -82, -157, -108]	[52, -5, -125, -22, -200]	[-119, 130, -230, -102, 1]	[246, -158, 29, -20, -203]	[-20, 6, 54, -86, 143]	[0, 214, -82, 191, -78]	[6, -227, -112, -114, -184]	[184, 33, -125, -71, -208]	[96, -56, 121, -241, -78]	[-211, 81, 73, 189, 44]	[10000, 10003, 10000, 10000, 10000]	[283, 221, 196, 289, 245]
36	14.0	[128, -27, -77, -15, -262]	[140, -209, -82, -157, -108]	[52, -5, -125, -22, -200]	[-119, 130, -230, -102, 1]	[246, -94, 7, -13, -203]	[-20, 6, 54, -106, 141]	[0, 208, -117, 99, 83]	[7, -251, -111, -100, -184]	[184, 51, -128, -71, -208]	[196, -55, -74, -259, -78]	[-211, 81, 73, 103, 47]	[10000, 10003, 10000, 10000, 10000]	[274, 169, 196, 289, 245]
37	15.0	[128, -27, -71, -15, -262]	[140, -209, -82, -157, -108]	[52, -5, -120, -51, -200]	[-119, 130, -242, -120, -131]	[246, -158, 29, -20, -203]	[-20, 6, 54, -86, 143]	[0, 208, -107, 117, -213]	[-25, -232, -115, -114, -184]	[82, 33, -125, -71, -208]	[132, -52, 48, -222, -78]	[-211, 81, 73, 178, 44]	[10000, 10003, 10000, 10000, 10000]	[274, 169, 196, 289, 245]
38	12.5	[128, -27, -48, -40, -262]	[136, -227, 117, 65, 1]	[12, -277, 30, -39, -200]	[-223, 158, -298, -233, -173]	[87, -111, -107, 102, -203]	[5, -222, -31, -135, 143]	[54, 94, 35, 173, -267]	[15, -252, -134, -94, -184]	[85, 85, -130, -110, -139]	[221, -120, -101, -238, -78]	[-211, 81, 76, 186, 14]	[10000, 10003, 10000, 10000, 10000]	[283, 221, 196, 289, 245]
39	14.0	[128, -27, -77, -15, -262]	[140, -209, -82, -157, -108]	[52, -5, -125, -22, -200]	[-119, 130, -230, -102, 1]	[246, -94, 7, -13, -203]	[-20, 6, 54, -106, 141]	[0, 208, -117, 99, 83]	[7, -251, -111, -94, -184]	[184, 51, -128, -71, -208]	[196, -55, -74, -259, -78]	[-211, 81, 73, 103, 47]	[10000, 10003, 10000, 10000, 10000]	[274, 169, 196, 289, 245]
40	15.0	[128, -27, -48, -40, -262]	[136, -227, 117, 65, 1]	[12, -277, 30, -39, -200]	[-223, 158, -298, -233, -173]	[87, -111, -107, 102, -203]	[5, -222, -31, -135, 143]	[54, 94, 35, 173, -267]	[15, -252, -134, -94, -184]	[85, 85, -130, -110, -139]	[221, -120, -101, -238, -78]	[-211, 81, 76, 186, 14]	[10000, 10003, 10000, 10000, 10000]	[283, 221, 196, 289, 245]
41	13.5	[128, -27, -71, -15, -262]	[140, -209, -82, -157, -108]	[52, -5, -120, -51, -200]	[-119, 130, -242, -120, -131]	[246, -158, 29, -20, -203]	[-20, 6, 54, -86, 143]	[0, 208, -107, 117, -213]	[-25, -232, -115, -114, -184]	[82, 33, -125, -71, -208]	[202, -52, 22, -230, -78]	[-211, 81, 73, 178, 44]	[10000, 10003, 10000, 10000, 10000]	[274, 169, 196, 289, 245]
42	15.0	[128, -27, -71, -15, -262]	[140, -209, -82, -157, -108]	[52, -5, -120, -51, -200]	[-119, 130, -242, -120, -131]	[246, -158, 29, -20, -203]	[-20, 6, 54, -86, 143]	[0, 208, -107, 117, -213]	[-25, -232, -115, -114, -184]	[82, 33, -125, -71, -208]	[132, -52, 48, -222, -78]	[-211, 81, 73, 178, 44]	[10000, 10003, 10000, 10000, 10000]	[274, 169, 196, 289, 245]
43	13.0	[128, -27, -77, -15, -262]	[140, -209, -82, -157, -108]	[52, -5, -125, -22, -200]	[-119, 130, -230, -102, 1]	[246, -158, 29, -20, -203]	[-20, 6, 54, -86, 143]	[0, 219, 30, 167, -106]	[6, -227, -112, -114, -184]	[184, 33, -131, -71, -208]	[96, -56, 121, -241, -78]	[-211, 81, 73, 189, 44]	[10000, 10003, 10000, 10000, 10000]	[283, 221, 196, 289, 245]
44	13.5	[128, -27, -71, -15, -262]	[140, -209, -82, -157, -108]	[52, -5, -120, -51, -200]	[-119, 130, -242, -120, -131]	[246, -158, 29, -20, -203]	[-20, 6, 54, -86, 143]	[0, 208, -107, 117, -213]	[-25, -226, -115, -114, -184]	[82, 33, -125, -71, -208]	[202, -52, 22, -230, -78]	[-211, 81, 73, 178, 44]	[10000, 10003, 10000, 10000, 10000]	[274, 169, 196, 289, 245]
45	14.5	[128, -27, -48, -40, -262]	[136, -227, 117, 65, 1]	[12, -121, 30, -42, -200]	[-223, 158, -298, -225, -173]	[87, -131, -107, 103, -203]	[5, -188, -31, -135, 143]	[54, 115, 35, 173, -267]	[15, -252, -134, -94, -184]	[85, 85, -130, -110, -139]	[221, -120, -101, -227, -78]	[-211, 81, 107, 186, 14]	[10000, 10003, 10000, 10000, 10004]	[283, 221, 196, 289, 245]
46	13.5	[128, -27, -71, -15, -262]	[140, -209, -82, -151, -108]	[52, -5, -120, -51, -200]	[-119, 130, -242, -120, -131]	[246, -158, 29, -20, -203]	[-20, 6, 54, -86, 143]	[0, 208, -107, 117, -213]	[-25, -238, -115, -114, -184]	[82, 33, -125, -71, -208]	[132, -52, 48, -222, -78]	[-211, 81, 73, 178, 44]	[10000, 10003, 10000, 10000, 10000]	[274, 169, 196, 289, 245]
47	13.0	[128, -33, -77, -15, -262]	[140, -203, -82, -157, -108]	[52, -5, -125, -22, -200]	[-119, 130, -230, -102, 1]	[246, -94, 7, -13, -203]	[-20, 6, 54, -106, 141]	[0, 208, -117, 99, 83]	[7, -251, -111, -94, -184]	[184, 51, -128, -71, -208]	[196, -55, -74, -259, -78]	[-211, 81, 73, 103, 47]	[10000, 10003, 10000, 10000, 10000]	[274, 169, 196, 289, 245]
48	17.0	[128, -33, -77, -15, -262]	[140, -203, -82, -57, -99]	[52, -5, -125, -25, -200]	[-119, 157, -274, -228, 1]	[115, -99, -22, 22, -203]	[-20, 6, -11, -106, 141]	[45, 204, -73, 119, 83]	[7, -236, -111, -94, -184]	[184, 51, -128, -71, -208]	[196, -55, -74, -259, -78]	[-211, 81, 73, 103, 47]	[10000, 10003, 10000, 10000, 10000]	[274, 169, 196, 289, 245]
49	19.5	[128, -27, -48, -40, -262]	[136, -227, 17, -50, -39]	[12, -121, -21, -50, -200]	[-223, 138, -255, -225, -173]	[87, -131, -8, 29, -203]	[-11, -101, -31, -135, 143]	[10, 132, 11, 173, -267]	[-22, -226, -123, -104, -184]	[85, 40, -130, -88, -139]	[210, -55, -21, -228, -78]	[-211, 81, 107, 185, 25]	[10000, 10003, 10000, 10000, 10001]	[275, 181, 196, 289, 245]
50	15.0	[128, -27, -48, -40, -262]	[136, -227, 17, -50, -39]	[12, -121, -21, -50, -200]	[-223, 138, -255, -225, -173]	[87, -131, -8, 29, -203]	[-11, -101, -31, -135, 143]	[10, 132, 11, 173, -267]	[-22, -226, -123, -104, -184]	[85, 40, -130, -88, -139]	[210, -55, -21, -228, -78]	[-211, 81, 107, 185, 25]	[10000, 10003, 10000, 10000, 10001]	[275, 181, 196, 289, 245]
51	15.0	[128, -27, -48, -40, -262]	[136, -227, 17, -50, -39]	[12, -121, -21, -50, -200]	[-223, 138, -255, -225, -173]	[87, -131, -8, 29, -203]	[-11, -101, -31, -135, 143]	[10, 132, 11, 173, -267]	[-22, -226, -123, -104, -184]	[85, 40, -130, -88, -139]	[210, -55, -21, -228, -78]	[-211, 81, 107, 185, 25]	[10000, 10003, 10000, 10000, 10001]	[275, 181, 196, 289, 245]
52	13.0	[128, -27, -48, -40, -262]	[136, -227, 17, -50, -39]	[12, -121, -21, -50, -200]	[-223, 138, -255, -225, -173]	[87, -93, 7, 29, -203]	[2, -40, -31, -135, 143]	[10, 132, 11, 173, -267]	[-22, -226, -123, -98, -184]	[85, 40, -130, -88, -139]	[210, -55, -21, -228, -78]	[-211, 81, 107, 185, 25]	[10000, 10003, 10000, 10000, 10001]	[275, 181, 196, 289, 245]
53	17.0	[128, -33, -77, -15, -262]	[140, -203, -82, -57, -99]	[52, -5, -125, -25, -200]	[-119, 157, -274, -228, 1]	[115, -99, -22, 22, -203]	[-20, 6, -11, -100, 141]	[45, 175, -15, 119, 83]	[7, -236, -122, -101, -184]	[130, 64, -128, -71, -208]	[196, -70, -77, -221, -78]	[-211, 81, 73, 103, 47]	[10000, 10003, 10000, 10000, 10000]	[274, 169, 196, 289, 245]
54	14.0	[128, -33, -77, -15, -262]	[140, -203, -82, -57, -99]	[52, -5, -125, -25, -200]	[-119, 157, -274, -228, 1]	[115, -99, -22, 22, -203]	[-20, 6, -11, -100, 141]	[45, 175, -15, 119, 83]	[7, -236, -122, -101, -184]	[130, 64, -128, -71, -208]	[196, -70, -77, -221, -78]	[-211, 81, 73, 103, 47]	[10000, 10003, 10000, 10000, 10000]	[274, 169, 196, 289, 245]
55	17.0	[128, -33, -77, -15, -262]	[140, -203, -82, -57, -99]	[52, -5, -125, -25, -200]	[-119, 157, -274, -228, 1]	[115, -99, -22, 22, -203]	[-20, 6, -11, -100, 141]	[45, 175, -15, 119, 83]	[7, -236, -122, -101, -184]	[130, 64, -128, -71, -208]	[196, -70, -77, -221, -78]	[-211, 81, 73, 103, 47]	[10000, 10003, 10000, 10000, 10000]	[274, 169, 196, 289, 245]
56	16.0	[128, -27, -48, -40, -262]	[136, -227, 17, -50, -39]	[12, -121, -21, -50, -200]	[-223, 138, -255, -225, -173]	[87, -131, -8, 29, -203]	[-11, -101, -31, -135, 143]	[10, 132, 11, 173, -267]	[-22, -226, -123, -104, -184]	[85, 40, -130, -88, -139]	[210, -55, -21, -228, -78]	[-211, 81, 107, 185, 25]	[9994, 10003, 10000, 10000, 10001]	[275, 181, 196, 289, 245]
57	14.0	[128, -27, -77, -15, -262]	[140, -209, -82, -157, -108]	[52, -5, -125, -22, -200]	[-124, 130, -230, -102, 1]	[246, -158, 16, -20, -203]	[-20, 6, 88, -65, 143]	[0, 214, -82, 158, -114]	[6, -227, -112, -114, -184]	[184, 33, -125, -65, -208]	[102, -56, 6, -241, -78]	[-211, 81, 73, 189, 44]	[10000, 10003, 10000, 10000, 10000]	[283, 221, 196, 289, 245]
58	20.5	[128, -27, -48, -40, -262]	[136, -227, 17, -50, -39]	[12, -121, -21, -50, -200]	[-223, 138, -261, -225, -173]	[87, -93, 7, 29, -203]	[3, -15, -35, -134, 143]	[10, 126, 21, 174, -267]	[-22, -234, -124, -100, -184]	[85, 42, -130, -88, -139]	[214, -76, -21, -228, -78]	[-211, 81, 90, 181, 25]	[10000, 10003, 10000, 10000, 10002]	[275, 181, 196, 289, 245]
59	17.0	[128, -33, -77, -15, -262]	[140, -203, -82, -57, -99]	[52, -5, -125, -25, -200]	[-119, 157, -274, -228, 1]	[115, -99, -22, 22, -203]	[-20, 6, -11, -106, 147]	[45, 204, -73, 119, 83]	[7, -236, -111, -94, -184]	[184, 51, -128, -71, -208]	[196, -55, -74, -259, -78]	[-211, 81, 73, 103, 47]	[10000, 10003, 10000, 10000, 10000]	[274, 169, 196, 289, 245]
60	16.5	[128, -33, -77, -15, -262]	[140, -203, -82, -57, -99]	[52, -5, -125, -25, -200]	[-119, 157, -274, -228, 1]	[115, -99, -22, 22, -203]	[-20, 6, -11, -100, 141]	[45, 175, -15, 119, 83]	[7, -236, -122, -101, -184]	[130, 64, -128, -71, -208]	[196, -70, -77, -221, -78]	[-211, 81, 73, 103, 47]	[10000, 10003, 10000, 10000, 10000]	[274, 169, 196, 289, 245]
61	14.5	[128, -33, -77, -15, -262]	[140, -203, -82, -57, -99]	[52, -5, -125, -25, -200]	[-119, 157, -274, -228, 1]	[244, -99, -22, 22, -203]	[-20, 6, -11, -106, 147]	[45, 204, -73, 119, 83]	[7, -236, -111, -94, -184]	[184, 51, -128, -71, -208]	[196, -55, -74, -259, -78]	[-211, 81, 73, 103, 47]	[10000, 10003, 10000, 10000, 10000]	[274, 169, 196, 289, 245]
62	15.0	[128, -33, -77, -15, -262]	[140, -203, -82, -57, -99]	[52, -5, -125, -25, -200]	[-119, 157, -274, -228, 1]	[115, -99, -22, 22, -203]	[-20, 6, -11, -100, 141]	[45, 175, -15, 119, 83]	[7, -236, -122, -101, -184]	[130, 64, -128, -71, -208]	[196, -70, -77, -221, -78]	[-211, 81, 73, 103, 47]	[10000, 10003, 10000, 10000, 10000]	[274, 169, 196, 289, 245]
63	17.0	[128, -27, -48, -40, -262]	[136, -227, 17, -50, -39]	[12, -121, -21, -50, -200]	[-223, 138, -255, -225, -173]	[87, -131, -8, 29, -203]	[-11, -101, -31, -135, 143]	[10, 132, 11, 173, -267]	[-22, -232, -123, -104, -184]	[85, 40, -130, -88, -139]	[210, -55, -21, -228, -78]	[-211, 81, 107, 185, 25]	[9994, 10003, 10000, 10000, 10001]	[275, 181, 196, 289, 245]
64	18.0	[128, -27, -48, -40, -262]	[136, -227, 17, -50, -39]	[12, -121, -21, -50, -200]	[-223, 138, -255, -225, -173]	[87, -131, -8, 29, -203]	[-11, -101, -31, -135, 143]	[10, 132, 11, 173, -267]	[-22, -232, -123, -104, -184]	[85, 40, -130, -88, -139]	[210, -55, -21, -228, -78]	[-211, 81, 107, 185, 25]	[9994, 10003, 10000, 10000, 10001]	[275, 181, 196, 289, 245]
65	15.0	[128, -27, -48, -40, -262]	[136, -227, 17, -50, -39]	[12, -121, -21, -50, -200]	[-223, 138, -255, -225, -173]	[87, -131, -8, 29, -203]	[-11, -101, -31, -135, 143]	[10, 132, 11, 173, -267]	[-22, -232, -123, -104, -184]	[85, 40, -130, -88, -139]	[210, -55, -21, -228, -78]	[-211, 81, 107, 185, 25]	[9994, 10003, 10000, 10000, 10001]	[275, 181, 196, 289, 245]
66	15.5	[128, -27, -48, -40, -262]	[136, -227, 17, -50, -39]	[12, -121, -21, -50, -200]	[-223, 138, -255, -225, -173]	[87, -131, -8, 29, -203]	[-11, -101, -31, -135, 143]	[10, 132, 11, 173, -267]	[-22, -232, -123, -104, -190]	[85, 40, -130, -88, -139]	[210, -55, -21, -228, -78]	[-211, 81, 107, 185, 25]	[9994, 10003, 10000, 10000, 10001]	[275, 181, 196, 289, 245]
67	13.0	[122, -30, -62, -40, -262]	[137, -220, 117, 65, 1]	[12, -163, -72, -42, -200]	[-223, 133, -287, -161, -173]	[91, -101, -91, 85, -203]	[-35, -17, -36, -108, 143]	[13, 68, -44, 105, -58]	[15, -221, -158, -97, -184]	[17, 56, -128, -96, -139]	[242, -62, -93, -236, -78]	[-211, 81, 110, 180, 14]	[10000, 10003, 10000, 9994, 10000]	[283, 221, 196, 289, 245]
68	13.5	[128, -33, -77, -21, -262]	[140, -203, -82, -58, -103]	[52, -5, -125, -24, -200]	[-119, 154, -248, -228, 1]	[115, -134, -22, 22, -203]	[-20, 6, -11, -106, 147]	[45, 204, -73, 119, -82]	[7, -234, -111, -94, -184]	[184, 51, -125, -67, -208]	[122, -55, -74, -259, -78]	[-211, 81, 73, 103, 47]	[10000, 10003, 10000, 10000, 10000]	[274, 169, 196, 289, 245]
69	17.5	[128, -29, -67, -15, -262]	[136, -203, -82, -57, -99]	[35, -7, -125, -25, -200]	[-148, 149, -254, -227, 1]	[244, -126, -12, 24, -203]	[-20, 6, -16, -113, 144]	[20, 132, -73, 119, 83]	[-18, -236, -119, -99, -184]	[184, 46, -129, -73, -148]	[203, -55, -52, -259, -78]	[-211, 81, 73, 103, 47]	[10000, 10003, 10000, 10000, 10000]	[274, 169, 196, 289, 245]
70	14.5	[128, -27, -48, -40, -262]	[136, -227, 17, -50, -39]	[12, -121, -21, -50, -200]	[-223, 138, -255, -225, -173]	[113, -118, -8, 29, -203]	[-11, -101, -12, -135, 143]	[10, 146, -12, 138, -41]	[-11, -245, -123, -108, -184]	[85, 72, -122, -85, -184]	[210, -53, 3, -231, -78]	[-211, 81, 75, 185, 39]	[9994, 10003, 10005, 10000, 10001]	[275, 181, 196, 289, 245]
71	16.0	[128, -29, -67, -15, -262]	[136, -203, -82, -57, -99]	[35, -7, -125, -25, -200]	[-148, 149, -254, -227, 1]	[244, -126, -12, 24, -203]	[-20, 6, -16, -113, 144]	[20, 132, -73, 119, 83]	[-18, -236, -119, -99, -184]	[184, 46, -129, -73, -148]	[203, -55, -52, -259, -78]	[-211, 81, 73, 103, 47]	[10000, 10003, 10000, 10000, 10000]	[274, 169, 196, 289, 245]
72	17.0	[128, -27, -48, -40, -262]	[136, -227, 17, -50, -39]	[12, -121, -21, -50, -200]	[-223, 138, -261, -225, -173]	[87, -93, 7, 29, -203]	[3, -15, -35, -134, 143]	[10, 126, 21, 174, -267]	[-22, -234, -124, -100, -184]	[85, 42, -130, -94, -139]	[214, -76, -21, -228, -78]	[-211, 81, 90, 181, 25]	[10000, 10003, 10000, 10000, 10002]	[275, 181, 196, 289, 245]
73	14.0	[128, -27, -48, -40, -262]	[136, -227, 117, 65, 1]	[12, -121, 30, -42, -200]	[-223, 158, -298, -225, -173]	[87, -131, -107, 103, -203]	[5, -57, -40, -135, 143]	[55, 80, 36, 181, -234]	[15, -252, -134, -94, -184]	[85, 85, -130, -110, -139]	[221, -120, -101, -227, -78]	[-211, 81, 107, 186, 20]	[10000, 10003, 10000, 10000, 10004]	[277, 221, 196, 289, 245]
74	16.5	[128, -27, -48, -40, -262]	[136, -227, 117, 65, 1]	[12, -121, 30, -42, -200]	[-223, 158, -298, -225, -173]	[87, -131, -63, 80, -203]	[-6, -111, -26, -128, 143]	[54, 115, 32, 128, -258]	[15, -252, -127, -99, -184]	[118, 73, -128, -97, -139]	[197, -120, -101, -227, -78]	[-211, 81, 82, 157, 40]	[10000, 10002, 10000, 10000, 10004]	[277, 221, 196, 289, 245]
75	15.0	[128, -27, -48, -40, -262]	[136, -227, 17, -50, -39]	[12, -121, -21, -50, -200]	[-223, 138, -261, -225, -173]	[87, -93, 7, 29, -203]	[3, -15, -35, -134, 143]	[10, 126, 21, 174, -267]	[-22, -234, -124, -100, -184]	[85, 42, -130, -94, -139]	[214, -76, -21, -228, -78]	[-211, 81, 90, 181, 25]	[10000, 10003, 10000, 10000, 10008]	[275, 181, 196, 289, 245]
76	15.0	[128, -33, -77, -15, -262]	[140, -206, -62, -57, -99]	[31, -16, -125, -25, -200]	[-119, 157, -268, -225, -81]	[115, -99, -22, 25, -203]	[-20, 6, -11, -100, 142]	[45, 175, 17, 168, 83]	[7, -250, -132, -104, -184]	[130, 56, -131, -77, -168]	[218, -88, 7, -228, -78]	[-211, 81, 73, 103, 47]	[10000, 10003, 10000, 10000, 10000]	[274, 169, 196, 289, 245]
77	18.5	[128, -27, -48, -40, -262]	[136, -227, 17, -50, -39]	[12, -121, -21, -50, -200]	[-223, 138, -255, -225, -173]	[113, -118, -8, 29, -203]	[-11, -101, -12, -135, 143]	[10, 146, -12, 138, -41]	[-11, -245, -123, -108, -184]	[85, 72, -122, -85, -184]	[210, -53, 3, -231, -78]	[-211, 81, 75, 185, 39]	[9994, 10003, 10005, 10000, 10001]	[275, 181, 196, 289, 245]
78	18.0	[128, -33, -77, -15, -262]	[140, -203, -82, -57, -99]	[52, -5, -125, -25, -200]	[-121, 138, -232, -186, 1]	[115, -105, -22, 2, -203]	[-20, -4, -5, -99, 144]	[45, 203, -68, 119, 83]	[7, -236, -111, -94, -184]	[184, 51, -128, -71, -208]	[196, -55, -74, -259, -78]	[-211, 81, 73, 103, 47]	[10000, 10003, 10000, 10000, 10000]	[274, 169, 196, 289, 245]
79	14.0	[128, -27, -49, -40, -262]	[139, -227, 53, -53, -43]	[12, -121, -21, -48, -200]	[-223, 144, -255, -225, -173]	[87, -136, -7, 12, -203]	[-11, -101, 45, -135, 143]	[10, 177, 16, 174, -148]	[-22, -232, -123, -104, -190]	[85, 40, -130, -88, -139]	[210, -55, -21, -228, -78]	[-211, 81, 107, 185, 25]	[9994, 10003, 10000, 10000, 10001]	[275, 181, 196, 289, 245]
80	18.5	[128, -27, -49, -40, -262]	[139, -227, 53, -53, -43]	[12, -121, -21, -48, -200]	[-223, 144, -255, -225, -173]	[87, -136, -7, 12, -203]	[-11, -101, 45, -135, 143]	[10, 177, 16, 174, -148]	[-22, -232, -123, -104, -190]	[85, 40, -130, -88, -139]	[210, -55, -21, -228, -78]	[-211, 81, 107, 185, 25]	[9994, 10003, 10000, 10000, 10001]	[275, 181, 196, 289, 245]
81	16.0	[122, -30, -62, -40, -262]	[137, -220, 117, 65, 1]	[12, -140, -6, -42, -200]	[-223, 133, -293, -162, -173]	[110, -108, -81, 70, -203]	[-35, -63, -20, -101, 143]	[13, 91, -51, 120, -105]	[13, -221, -158, -97, -184]	[84, 51, -128, -73, -153]	[242, -64, 12, -236, -78]	[-211, 81, 96, 180, 14]	[10000, 10003, 10000, 9994, 10000]	[283, 221, 196, 289, 245]
82	15.5	[128, -27, -48, -40, -262]	[136, -218, -54, -50, -39]	[45, -99, -104, -50, -200]	[-150, 138, -245, -204, -39]	[113, -115, -17, 29, -203]	[-11, -107, -12, -135, 144]	[10, 146, -20, 138, -41]	[-11, -245, -123, -108, -184]	[85, 72, -122, -85, -184]	[210, -53, 3, -231, -78]	[-211, 81, 75, 185, 39]	[9994, 10003, 10005, 10000, 10001]	[275, 181, 196, 289, 245]
83	16.5	[128, -27, -48, -40, -262]	[136, -227, 17, -50, -39]	[12, -121, -21, -50, -200]	[-223, 138, -261, -225, -173]	[87, -93, 7, 29, -203]	[-35, -15, -35, -134, 143]	[10, 126, 21, 174, -267]	[-22, -234, -124, -100, -184]	[85, 42, -130, -94, -139]	[214, -76, -21, -228, -78]	[-211, 81, 90, 181, 25]	[10000, 10003, 10000, 10000, 10008]	[275, 181, 196, 289, 245]
84	15.5	[122, -30, -62, -40, -256]	[137, -204, -32, -45, -84]	[12, -140, -6, -42, -200]	[-223, 133, -293, -162, -173]	[110, -131, -81, 70, -203]	[-35, -63, -18, -100, 143]	[13, 91, -51, 150, -118]	[-7, -226, -140, -103, -184]	[84, 52, -128, -73, -149]	[242, -64, 12, -230, -78]	[-211, 81, 96, 173, 14]	[10000, 10003, 10001, 9998, 10000]	[283, 221, 196, 289, 245]
85	18.0	[122, -30, -62, -40, -262]	[137, -220, 117, 65, 1]	[12, -140, -6, -42, -200]	[-223, 133, -293, -162, -173]	[110, -108, -81, 70, -203]	[-35, -63, -20, -101, 143]	[13, 91, -51, 120, -105]	[-10, -225, -158, -97, -184]	[84, 52, -128, -73, -149]	[242, -64, 12, -236, -78]	[-211, 81, 96, 180, 14]	[10000, 10003, 10000, 9994, 10000]	[283, 221, 196, 289, 245]
86	16.0	[122, -30, -62, -40, -262]	[137, -220, -33, 43, -1]	[12, -140, -6, -46, -200]	[-165, 134, -293, -162, -173]	[110, -113, -70, 50, -203]	[-35, -67, -18, -101, 143]	[13, 91, -51, 134, -51]	[-10, -225, -153, -104, -184]	[85, 52, -124, -78, -155]	[213, -60, 12, -236, -78]	[-211, 81, 91, 180, 14]	[10000, 10003, 10000, 9994, 10000]	[283, 221, 196, 289, 245]
87	16.5	[128, -27, -49, -40, -262]	[139, -227, 53, -53, -43]	[12, -121, -21, -48, -200]	[-223, 144, -255, -225, -173]	[87, -136, -7, 12, -203]	[-11, -101, 45, -135, 143]	[10, 177, 16, 168, -148]	[-22, -232, -123, -104, -190]	[85, 40, -130, -88, -139]	[210, -55, -21, -228, -78]	[-211, 81, 107, 185, 25]	[9994, 10003, 10000, 10000, 10001]	[275, 181, 196, 289, 245]
88	16.0	[122, -30, -48, -40, -268]	[137, -204, -32, -45, -41]	[12, -140, -6, -42, -200]	[-223, 133, -293, -162, -173]	[110, -131, -81, 70, -203]	[-35, -63, -18, -100, 143]	[13, 91, -51, 150, -118]	[-7, -226, -140, -103, -184]	[84, 52, -128, -73, -149]	[242, -64, 12, -230, -78]	[-211, 81, 96, 173, 14]	[10000, 10003, 10001, 9998, 10000]	[283, 221, 196, 289, 245]
89	15.0	[122, -28, -56, -40, -262]	[136, -223, -19, -28, -1]	[12, -140, -21, -45, -200]	[-165, 135, -290, -170, -173]	[110, -125, -70, 50, -203]	[-35, -67, -18, -101, 143]	[13, 117, -27, 134, -51]	[-16, -232, -137, -102, -184]	[85, 44, -126, -94, -155]	[213, -60, 12, -236, -78]	[-211, 81, 91, 180, 14]	[10000, 10003, 10000, 9994, 10000]	[283, 221, 196, 289, 245]
90	17.5	[122, -30, -62, -40, -262]	[137, -220, -33, 43, -1]	[12, -140, -6, -46, -200]	[-165, 134, -293, -162, -173]	[110, -113, -70, 50, -203]	[-35, -67, -18, -101, 143]	[13, 91, -51, 134, -51]	[-10, -225, -153, -104, -184]	[85, 52, -124, -78, -155]	[213, -60, 12, -236, -78]	[-211, 81, 91, 180, 14]	[10000, 10003, 10000, 9994, 10000]	[283, 221, 196, 289, 245]
91	15.5	[128, -27, -49, -40, -262]	[139, -227, 53, -53, -43]	[12, -121, -21, -48, -200]	[-223, 144, -255, -225, -173]	[87, -136, -7, 12, -203]	[-11, -101, 45, -135, 143]	[10, 177, 16, 168, -148]	[-22, -232, -123, -104, -190]	[85, 40, -130, -88, -139]	[210, -55, -21, -228, -78]	[-211, 81, 107, 185, 25]	[9994, 10003, 10000, 10000, 10001]	[275, 181, 196, 289, 245]
92	15.0	[122, -30, -62, -40, -262]	[137, -220, -33, 43, -1]	[12, -140, -6, -46, -200]	[-165, 134, -293, -162, -173]	[110, -113, -70, 50, -203]	[-35, -67, -18, -101, 143]	[13, 91, -51, 134, -51]	[-10, -225, -153, -104, -184]	[85, 52, -124, -78, -149]	[213, -60, 12, -236, -78]	[-211, 81, 91, 180, 14]	[10000, 10003, 10000, 9994, 10000]	[283, 221, 196, 289, 245]
93	17.0	[122, -28, -56, -40, -262]	[136, -223, -19, -28, -1]	[12, -140, -21, -45, -200]	[-165, 135, -290, -170, -173]	[110, -125, -70, 50, -203]	[-35, -67, -18, -101, 143]	[13, 117, -27, 134, -51]	[-16, -232, -137, -102, -184]	[85, 44, -126, -94, -155]	[213, -60, 12, -236, -78]	[-211, 81, 91, 180, 14]	[10000, 10003, 10000, 9994, 10000]	[283, 221, 196, 289, 245]
94	14.5	[122, -30, -62, -40, -262]	[137, -220, 117, 65, 1]	[12, -140, -6, -42, -200]	[-223, 133, -293, -162, -173]	[110, -108, -81, 70, -203]	[-35, -63, -20, -101, 143]	[13, 91, -51, 120, -105]	[-10, -225, -158, -97, -184]	[84, 52, -128, -73, -149]	[242, -64, 12, -236, -78]	[-211, 81, 96, 180, 14]	[10000, 10003, 10000, 9994, 10000]	[283, 221, 196, 289, 245]
95	18.0	[128, -27, -48, -40, -268]	[138, -211, -47, -50, -39]	[25, -121, -21, -50, -200]	[-223, 138, -287, -211, -157]	[113, -118, -8, 29, -203]	[-11, -74, -12, -135, 143]	[10, 146, -12, 145, -33]	[-8, -250, -133, -107, -184]	[90, 72, -122, -85, -184]	[210, -53, 3, -231, -78]	[-211, 81, 75, 185, 39]	[9994, 10009, 10005, 10000, 10001]	[275, 181, 196, 289, 245]
96	17.0	[122, -30, -48, -40, -262]	[137, -220, -62, -6, -97]	[15, -120, -6, -43, -200]	[-168, 148, -284, -223, -142]	[114, -116, -62, 26, -203]	[-35, -67, -18, -101, 143]	[13, 91, -51, 134, -51]	[-10, -225, -153, -104, -184]	[85, 52, -124, -78, -155]	[213, -60, 12, -236, -78]	[-211, 81, 91, 180, 14]	[10000, 10003, 10000, 9994, 10000]	[283, 221, 196, 289, 245]
97	16.5	[128, -27, -48, -33, -262]	[136, -224, 96, 35, -33]	[12, -106, -81, -50, -194]	[-201, 138, -260, -226, -6]	[100, -127, -55, 25, -203]	[-20, -101, -19, -122, 143]	[17, 127, 11, 173, -263]	[7, -224, -158, -102, -184]	[34, 41, -128, -86, -151]	[207, -55, -24, -232, -78]	[-211, 81, 107, 182, 25]	[9994, 10003, 10006, 10000, 10001]	[275, 181, 196, 289, 245]
98	18.5	[122, -30, -48, -40, -262]	[137, -220, -62, -6, -97]	[15, -120, -6, -43, -200]	[-168, 148, -284, -223, -142]	[114, -116, -62, 26, -203]	[-35, -67, -18, -101, 143]	[13, 91, -51, 134, -51]	[-10, -225, -153, -104, -184]	[85, 52, -124, -78, -155]	[213, -60, 12, -236, -78]	[-211, 81, 91, 180, 14]	[10000, 10003, 10000, 9994, 10000]	[283, 221, 196, 289, 245]
99	19.5	[122, -28, -56, -40, -262]	[136, -220, -26, -29, -1]	[12, -140, -21, -50, -200]	[-165, 135, -288, -176, -173]	[110, -125, -70, 50, -203]	[-35, -67, -18, -101, 143]	[13, 117, -27, 134, -51]	[-16, -232, -137, -102, -184]	[85, 44, -126, -94, -155]	[213, -60, 12, -236, -78]	[-211, 81, 91, 180, 14]	[10000, 10003, 10000, 9994, 10000]	[283, 221, 196, 289, 245]
100	17.5	[122, -30, -62, -40, -237]	[137, -220, -33, 43, -1]	[12, -140, -6, -46, -200]	[-165, 134, -293, -162, -173]	[110, -113, -70, 50, -203]	[-35, -67, -18, -101, 143]	[13, 91, -51, 134, -51]	[-10, -225, -153, -104, -184]	[85, 52, -124, -78, -149]	[213, -60, 12, -236, -78]	[-211, 81, 91, 180, 14]	[10000, 10003, 10000, 9994, 10000]	[283, 221, 196, 289, 245]
101	15.0	[127, -33, -73, -31, -262]	[138, -206, -41, -24, -50]	[29, -120, -9, -43, -200]	[-173, 145, -282, -225, -81]	[114, -127, -30, 25, -228]	[-20, -45, -12, -100, 142]	[40, 108, 17, 168, 83]	[7, -227, -139, -103, -184]	[96, 54, -131, -77, -165]	[218, -88, 11, -234, -78]	[-211, 81, 73, 103, 18]	[10000, 10003, 10000, 10000, 10000]	[274, 169, 196, 289, 245]
102	20.0	[128, -27, -49, -40, -262]	[139, -227, 53, -53, -43]	[6, -121, -21, -48, -200]	[-223, 144, -255, -225, -173]	[87, -136, -7, 18, -203]	[-11, -101, 45, -135, 143]	[10, 177, 16, 168, -148]	[-22, -232, -123, -104, -190]	[85, 40, -130, -88, -139]	[210, -55, -21, -228, -78]	[-211, 81, 107, 185, 25]	[9994, 10028, 10000, 10000, 10001]	[275, 181, 196, 289, 245]
103	17.5	[122, -28, -56, -40, -262]	[136, -220, -26, -29, -1]	[12, -140, -21, -50, -200]	[-165, 135, -288, -176, -173]	[110, -125, -70, 75, -203]	[-35, -67, -18, -101, 143]	[13, 117, -27, 134, -51]	[-16, -232, -137, -102, -184]	[85, 52, -126, -94, -155]	[219, -60, 12, -236, -78]	[-211, 81, 91, 180, 14]	[10000, 10003, 10000, 9994, 10000]	[283, 221, 196, 289, 245]
104	17.5	[128, -27, -49, -40, -262]	[139, -227, 53, -53, -43]	[6, -121, -21, -48, -200]	[-223, 144, -255, -225, -173]	[87, -136, -7, 18, -203]	[-11, -101, 45, -135, 143]	[10, 177, 16, 168, -148]	[-22, -232, -123, -104, -190]	[85, 40, -130, -88, -139]	[210, -58, -21, -233, -78]	[-211, 81, 107, 185, 25]	[9994, 10028, 10000, 10000, 10001]	[275, 181, 196, 289, 245]
105	19.0	[127, -33, -73, -27, -262]	[138, -206, -41, 38, -55]	[29, -120, -9, -70, -200]	[-129, 143, -268, -225, -81]	[114, -123, -61, 61, -203]	[-33, -34, -28, -101, 142]	[43, 109, 17, 177, -244]	[-8, -235, -133, -109, -184]	[97, 54, -131, -87, -163]	[218, -111, -45, -236, -78]	[-211, 87, 73, 137, 19]	[10000, 10003, 9994, 10000, 10000]	[275, 171, 196, 289, 245]
106	22.5	[122, -30, -62, -40, -231]	[137, -220, -27, 43, -1]	[12, -140, -6, -46, -200]	[-165, 134, -293, -162, -173]	[110, -113, -70, 50, -203]	[-35, -67, -18, -101, 143]	[13, 91, -51, 134, -51]	[-10, -225, -153, -104, -184]	[85, 52, -124, -78, -149]	[213, -60, 12, -236, -78]	[-211, 81, 91, 180, 14]	[10000, 10003, 10000, 10000, 10000]	[283, 221, 196, 289, 245]
107	19.0	[122, -28, -56, -40, -262]	[136, -220, -26, -29, -1]	[12, -140, -21, -50, -200]	[-165, 135, -288, -176, -173]	[110, -125, -70, 75, -203]	[-35, -67, -18, -101, 143]	[13, 117, -27, 134, -51]	[-16, -232, -137, -102, -184]	[84, 46, -126, -94, -155]	[213, -60, 25, -236, -78]	[-211, 81, 91, 180, 14]	[10000, 10003, 10000, 9988, 10000]	[283, 221, 196, 289, 245]
108	18.0	[128, -27, -49, -40, -262]	[139, -227, 53, -53, -43]	[6, -121, -21, -48, -200]	[-223, 144, -255, -225, -173]	[87, -136, -7, 18, -203]	[-11, -101, 45, -135, 143]	[10, 177, 16, 168, -148]	[-22, -232, -123, -104, -190]	[85, 40, -130, -88, -139]	[210, -58, -21, -233, -78]	[-211, 81, 107, 185, 25]	[9994, 10028, 10000, 10000, 10001]	[275, 181, 196, 289, 245]
109	18.5	[122, -28, -56, -40, -262]	[136, -220, -26, -29, -1]	[12, -140, -21, -50, -200]	[-165, 135, -288, -176, -173]	[110, -125, -70, 75, -203]	[-35, -67, -18, -101, 143]	[13, 117, -27, 134, -51]	[-16, -232, -137, -102, -184]	[84, 46, -126, -94, -155]	[213, -60, 25, -236, -78]	[-211, 81, 91, 180, 14]	[10000, 10003, 10000, 9988, 10000]	[283, 221, 196, 289, 245]
110	16.5	[127, -33, -73, -27, -262]	[138, -206, -41, 38, -55]	[29, -120, -9, -70, -200]	[-129, 143, -268, -225, -81]	[114, -123, -61, 61, -203]	[-33, -34, -28, -101, 142]	[43, 109, 17, 177, -244]	[-8, -235, -133, -109, -184]	[97, 54, -131, -87, -163]	[218, -111, -45, -236, -78]	[-211, 87, 73, 137, 19]	[10000, 10003, 9994, 10000, 10000]	[275, 171, 196, 289, 245]
111	15.5	[122, -28, -56, -40, -268]	[136, -220, -26, -29, -1]	[12, -140, -21, -50, -200]	[-165, 135, -288, -176, -173]	[110, -125, -70, 75, -203]	[-35, -67, -18, -101, 143]	[13, 117, -27, 134, -51]	[-16, -232, -137, -102, -184]	[85, 52, -126, -94, -155]	[219, -60, 12, -236, -78]	[-211, 81, 91, 180, 14]	[10000, 10003, 10000, 9994, 10000]	[283, 221, 196, 289, 245]
112	16.5	[122, -28, -56, -40, -268]	[136, -220, -26, -29, -1]	[12, -140, -21, -50, -200]	[-165, 135, -288, -176, -173]	[110, -125, -70, 75, -203]	[-35, -67, -18, -101, 143]	[13, 117, -27, 134, -51]	[-16, -232, -137, -102, -184]	[85, 52, -126, -94, -155]	[219, -60, 12, -236, -78]	[-211, 81, 91, 180, 14]	[10000, 10003, 10000, 9994, 10000]	[283, 221, 196, 289, 245]
113	17.0	[128, -27, -49, -40, -262]	[139, -227, 53, -53, -43]	[6, -121, -21, -48, -200]	[-223, 144, -255, -225, -173]	[87, -136, -7, 18, -203]	[-11, -101, 45, -135, 143]	[10, 177, 16, 168, -148]	[-22, -232, -123, -104, -190]	[85, 40, -130, -88, -139]	[210, -58, -21, -233, -78]	[-211, 81, 107, 185, 25]	[9994, 10028, 10000, 10000, 10001]	[275, 181, 196, 289, 245]
114	17.0	[122, -28, -50, -40, -262]	[136, -212, -51, -36, -8]	[12, -124, -14, -44, -200]	[-184, 146, -281, -223, -173]	[111, -125, -33, 37, -215]	[-25, -47, -18, -101, 143]	[26, 110, 10, 161, -51]	[-16, -232, -138, -102, -184]	[85, 45, -126, -92, -155]	[213, -60, 12, -236, -78]	[-211, 81, 91, 180, 14]	[10006, 10003, 10000, 9997, 10000]	[283, 221, 196, 289, 245]
115	20.0	[127, -33, -73, -27, -262]	[138, -206, -41, 38, -55]	[28, -123, -9, -70, -200]	[-129, 143, -277, -216, -116]	[114, -123, -67, 51, -203]	[-33, -34, -28, -105, 142]	[33, 109, 9, 172, -63]	[-12, -235, -133, -109, -184]	[97, 54, -131, -87, -158]	[218, -111, -45, -236, -78]	[-211, 87, 73, 137, 19]	[10000, 10003, 9994, 10000, 10000]	[275, 171, 196, 289, 245]
116	15.5	[127, -33, -73, -27, -262]	[138, -206, -41, 38, -55]	[28, -123, -9, -70, -200]	[-129, 143, -277, -216, -116]	[114, -123, -67, 51, -203]	[-33, -34, -28, -105, 142]	[33, 109, 9, 172, -63]	[-12, -234, -135, -109, -184]	[97, 54, -131, -87, -158]	[218, -111, -45, -236, -78]	[-211, 87, 73, 137, 19]	[10000, 10003, 9994, 10000, 10000]	[275, 171, 196, 289, 245]
117	17.0	[122, -28, -51, -40, -262]	[136, -222, -14, -29, -3]	[12, -124, -21, -45, -200]	[-175, 144, -267, -195, -173]	[111, -125, -70, 39, -203]	[-35, -44, -14, -109, 143]	[20, 110, 17, 173, -51]	[-16, -232, -137, -103, -184]	[85, 54, -126, -94, -155]	[213, -60, 12, -236, -78]	[-211, 81, 91, 180, 14]	[10000, 10003, 10000, 10019, 10000]	[283, 221, 196, 289, 245]
118	21.5	[122, -28, -50, -40, -262]	[136, -212, -51, -36, -8]	[12, -124, -14, -44, -200]	[-184, 146, -281, -223, -173]	[111, -125, -33, 37, -215]	[-25, -47, -18, -101, 143]	[26, 110, 10, 161, -51]	[-16, -232, -138, -102, -184]	[85, 45, -126, -92, -155]	[213, -60, 12, -236, -78]	[-211, 81, 91, 180, 14]	[10006, 10003, 10000, 9997, 10000]	[283, 183, 196, 289, 245]
119	20.5	[122, -28, -50, -40, -262]	[136, -220, -51, -36, -2]	[12, -124, -20, -45, -200]	[-184, 146, -281, -191, -167]	[111, -125, -69, 60, -203]	[-26, -49, -19, -101, 143]	[26, 110, 12, 167, -51]	[-16, -232, -139, -102, -184]	[85, 45, -126, -92, -155]	[213, -60, 12, -236, -78]	[-211, 81, 91, 180, 14]	[10006, 10003, 10000, 9997, 10000]	[283, 221, 196, 289, 245]
120	21.5	[125, -29, -72, -37, -262]	[136, -209, -45, -33, -31]	[20, -123, -9, -70, -200]	[-129, 143, -277, -216, -116]	[114, -123, -67, 51, -203]	[-33, -34, -28, -105, 142]	[33, 109, 9, 172, -63]	[-12, -235, -133, -109, -184]	[97, 54, -131, -87, -158]	[218, -111, -45, -236, -78]	[-211, 87, 73, 137, 19]	[10000, 10003, 9994, 10000, 10000]	[275, 171, 196, 289, 245]
121	17.0	[128, -27, -48, -33, -262]	[136, -224, 96, 35, -33]	[12, -106, -87, -50, -194]	[-207, 144, -260, -226, -6]	[125, -127, -55, 25, -203]	[-20, -101, -19, -122, 143]	[17, 127, 17, 173, -263]	[7, -224, -158, -102, -184]	[34, 41, -128, -86, -151]	[207, -55, -24, -232, -78]	[-211, 81, 107, 182, 25]	[9994, 10003, 10006, 10000, 10001]	[275, 181, 196, 289, 245]
122	17.0	[122, -28, -50, -33, -262]	[136, -212, 30, -36, -8]	[24, -118, -16, -44, -199]	[-184, 144, -281, -223, -173]	[107, -127, -47, 30, -206]	[-20, -51, 11, -101, 143]	[26, 124, 3, 158, -59]	[-11, -228, -138, -102, -184]	[85, 44, -126, -92, -155]	[209, -57, 12, -236, -78]	[-211, 81, 112, 182, 24]	[9997, 10003, 10000, 10000, 10000]	[283, 183, 196, 289, 245]
123	17.5	[122, -28, -50, -40, -262]	[136, -220, -51, -36, -2]	[12, -124, -20, -45, -200]	[-184, 146, -281, -191, -167]	[111, -125, -69, 60, -203]	[-20, -49, -19, -101, 143]	[26, 110, 12, 167, -51]	[-16, -232, -139, -102, -184]	[85, 45, -126, -92, -155]	[213, -60, 12, -236, -78]	[-211, 81, 91, 180, 14]	[10006, 10003, 10000, 9997, 10000]	[283, 221, 196, 289, 245]
124	16.0	[122, -28, -50, -40, -262]	[136, -220, -51, -36, -2]	[12, -124, -20, -45, -200]	[-184, 146, -281, -191, -167]	[111, -125, -69, 60, -203]	[-20, -49, -19, -101, 143]	[26, 110, 12, 167, -51]	[-16, -232, -139, -102, -184]	[85, 45, -126, -92, -155]	[213, -60, 12, -236, -78]	[-211, 81, 91, 180, 14]	[10006, 10003, 10000, 9997, 10000]	[283, 221, 196, 289, 245]
125	19.0	[122, -28, -50, -40, -262]	[138, -209, -47, -36, -8]	[23, -124, -18, -68, -200]	[-158, 145, -279, -204, -173]	[113, -123, -60, 30, -203]	[-26, -49, -18, -107, 143]	[26, 110, 2, 161, -51]	[-16, -232, -141, -103, -184]	[85, 45, -126, -92, -155]	[213, -60, 13, -236, -78]	[-211, 81, 91, 180, 14]	[10006, 10003, 9994, 9997, 10000]	[283, 221, 196, 289, 245]
126	18.5	[122, -28, -51, -40, -262]	[136, -222, -14, -29, -3]	[12, -124, -21, -45, -200]	[-175, 144, -267, -195, -173]	[111, -125, -70, 67, -203]	[-35, -44, -15, -104, 143]	[20, 110, 17, 173, -51]	[-16, -232, -137, -103, -184]	[85, 54, -126, -94, -155]	[213, -60, 12, -236, -78]	[-211, 81, 91, 180, 14]	[10000, 10003, 10000, 10019, 10000]	[283, 221, 196, 289, 245]
127	19.0	[122, -28, -50, -40, -262]	[136, -220, -51, -36, -2]	[12, -124, -20, -45, -200]	[-184, 146, -281, -191, -167]	[111, -125, -69, 60, -203]	[-20, -49, -19, -101, 143]	[26, 110, 12, 167, -51]	[-16, -232, -139, -102, -184]	[85, 45, -126, -92, -155]	[213, -60, 12, -236, -78]	[-211, 81, 91, 180, 14]	[10006, 10003, 10000, 9997, 10000]	[283, 221, 196, 289, 245]
128	19.0	[125, -29, -72, -37, -262]	[136, -209, -45, -33, -31]	[20, -123, -9, -70, -200]	[-129, 143, -277, -216, -116]	[114, -123, -67, 51, -203]	[-33, -34, -28, -105, 142]	[33, 109, 9, 172, -63]	[-12, -235, -133, -109, -184]	[97, 54, -131, -87, -158]	[218, -111, -45, -236, -78]	[-211, 87, 73, 137, 19]	[10000, 10003, 9994, 10000, 10000]	[275, 171, 196, 289, 245]
129	19.5	[127, -33, -73, -27, -262]	[138, -206, -41, 38, -55]	[28, -123, -9, -70, -200]	[-129, 143, -277, -216, -116]	[114, -123, -73, 51, -203]	[-33, -34, -6, -103, 143]	[33, 109, 1, 163, -69]	[-12, -234, -135, -109, -184]	[97, 54, -131, -87, -158]	[218, -111, -45, -236, -78]	[-211, 87, 73, 177, 18]	[10000, 10003, 9994, 9998, 10000]	[275, 171, 196, 289, 245]
130	16.0	[122, -28, -50, -40, -262]	[136, -212, -51, -36, -8]	[12, -124, -14, -44, -200]	[-184, 142, -281, -216, -159]	[111, -125, -30, 37, -215]	[-25, -47, -18, -108, 143]	[26, 110, 10, 160, -39]	[-16, -239, -136, -102, -187]	[85, 49, -126, -98, -155]	[213, -60, 12, -236, -78]	[-211, 81, 91, 180, 14]	[10006, 10003, 10000, 9997, 10000]	[283, 221, 196, 289, 245]
131	19.5	[122, -28, -50, -40, -262]	[136, -212, -51, -36, -8]	[12, -124, -14, -44, -200]	[-184, 146, -281, -223, -173]	[111, -125, -33, 37, -215]	[-25, -47, -24, -101, 143]	[26, 110, 10, 161, -51]	[-16, -232, -138, -102, -184]	[85, 45, -126, -98, -155]	[213, -60, 12, -236, -78]	[-211, 81, 89, 180, 14]	[10006, 10003, 10000, 9997, 10000]	[283, 221, 196, 289, 245]
132	17.5	[122, -28, -50, -40, -262]	[138, -209, -47, -36, -8]	[23, -124, -18, -68, -200]	[-158, 145, -279, -198, -173]	[113, -123, -60, 30, -203]	[-26, -49, -18, -108, 143]	[26, 110, -8, 142, -51]	[-16, -232, -137, -102, -184]	[85, 45, -126, -92, -155]	[213, -60, 12, -236, -78]	[-211, 81, 91, 180, 14]	[10006, 10003, 9994, 9997, 10000]	[283, 221, 196, 289, 245]
133	20.5	[122, -28, -50, -40, -262]	[138, -209, -47, -36, -8]	[23, -124, -18, -68, -200]	[-158, 145, -279, -201, -173]	[113, -123, -60, 30, -203]	[-26, -49, -18, -107, 143]	[26, 110, 2, 161, -51]	[-16, -232, -141, -103, -184]	[85, 45, -126, -92, -155]	[213, -60, 13, -236, -78]	[-211, 81, 91, 180, 14]	[10006, 10003, 9994, 9997, 10000]	[283, 221, 196, 289, 245]
134	23.0	[122, -28, -50, -40, -262]	[138, -209, -47, -36, -8]	[23, -124, -18, -68, -200]	[-158, 145, -279, -204, -173]	[111, -124, -67, 37, -203]	[-32, -47, -17, -105, 143]	[26, 110, -12, 161, -51]	[-16, -232, -141, -104, -184]	[85, 45, -126, -92, -155]	[213, -60, 13, -236, -78]	[-211, 81, 91, 180, 14]	[10006, 10003, 10000, 9997, 10000]	[283, 221, 196, 289, 245]
135	15.5	[122, -28, -71, -40, -262]	[142, -212, -51, -36, -8]	[12, -124, -14, -44, -200]	[-184, 142, -281, -216, -159]	[111, -125, -30, 37, -215]	[-25, -47, -18, -108, 143]	[26, 110, 10, 160, -39]	[-16, -239, -136, -102, -187]	[85, 49, -126, -98, -155]	[213, -60, 12, -236, -78]	[-211, 81, 91, 180, 14]	[10006, 10003, 10000, 9997, 10000]	[283, 221, 196, 289, 245]
136	17.0	[122, -28, -50, -40, -262]	[136, -212, -51, -36, -8]	[12, -123, -11, -44, -200]	[-169, 142, -281, -216, -159]	[111, -125, -30, 37, -215]	[-25, -47, -18, -108, 143]	[26, 110, 10, 160, -39]	[-16, -239, -136, -102, -187]	[85, 49, -126, -98, -155]	[213, -60, 12, -236, -78]	[-211, 81, 91, 180, 14]	[10006, 10003, 10000, 9997, 10000]	[283, 221, 196, 289, 245]
137	19.5	[122, -28, -60, -39, -262]	[140, -212, -51, -36, -8]	[12, -124, -14, -44, -200]	[-184, 142, -271, -223, -159]	[118, -125, -30, 37, -215]	[-23, -52, -13, -108, 143]	[26, 110, 10, 160, -39]	[-16, -239, -136, -102, -187]	[85, 49, -126, -98, -155]	[213, -60, 12, -236, -78]	[-211, 81, 91, 180, 14]	[10006, 10003, 10000, 9997, 10000]	[283, 221, 196, 289, 245]
138	23.5	[127, -33, -73, -27, -262]	[138, -206, -41, 38, -55]	[28, -123, -9, -70, -200]	[-129, 143, -277, -216, -116]	[114, -123, -73, 51, -203]	[-33, -34, -6, -103, 143]	[33, 109, 1, 163, -69]	[-12, -234, -135, -109, -184]	[97, 54, -131, -87, -158]	[218, -111, -45, -236, -78]	[-211, 87, 73, 177, 18]	[10000, 10003, 9994, 9998, 10000]	[275, 171, 196, 289, 245]
139	17.5	[122, -28, -50, -40, -262]	[138, -209, -47, -36, -8]	[23, -124, -18, -68, -200]	[-158, 145, -279, -201, -173]	[113, -123, -60, 30, -203]	[-26, -49, -18, -107, 137]	[26, 110, 2, 161, -51]	[-16, -232, -141, -103, -184]	[85, 45, -126, -92, -155]	[213, -60, 13, -236, -78]	[-211, 81, 91, 180, 14]	[10006, 10003, 9994, 9997, 10000]	[283, 221, 196, 289, 245]
140	18.5	[127, -33, -73, -27, -262]	[138, -206, -41, 38, -55]	[28, -123, -9, -70, -200]	[-129, 143, -277, -216, -116]	[114, -123, -73, 51, -203]	[-33, -34, -6, -103, 143]	[33, 109, 1, 163, -69]	[-12, -234, -135, -109, -184]	[97, 54, -131, -87, -158]	[218, -111, -45, -236, -78]	[-211, 87, 73, 177, 18]	[10000, 10003, 9994, 9998, 10000]	[275, 171, 196, 289, 245]
141	19.5	[122, -28, -50, -40, -262]	[136, -220, -51, -36, -2]	[12, -124, -20, -45, -200]	[-184, 146, -281, -191, -167]	[111, -124, -67, 56, -203]	[-20, -49, -19, -101, 143]	[26, 110, 12, 167, -51]	[-16, -232, -139, -102, -184]	[85, 45, -126, -92, -155]	[213, -60, 12, -236, -78]	[-211, 81, 91, 180, 14]	[10006, 10003, 10000, 9997, 10000]	[283, 221, 196, 289, 245]
142	16.5	[122, -28, -50, -40, -262]	[136, -220, -51, -36, -2]	[12, -124, -20, -45, -200]	[-184, 146, -281, -191, -167]	[111, -124, -67, 56, -203]	[-20, -49, -19, -101, 143]	[26, 110, 12, 167, -51]	[-16, -232, -139, -102, -184]	[85, 45, -126, -92, -155]	[213, -60, 12, -236, -78]	[-211, 81, 91, 180, 14]	[10006, 10003, 10000, 9997, 10000]	[283, 221, 196, 289, 245]
143	19.5	[122, -28, -50, -40, -262]	[138, -209, -47, -36, -8]	[23, -124, -18, -68, -200]	[-158, 145, -279, -204, -173]	[111, -124, -67, 37, -203]	[-32, -47, -17, -105, 143]	[26, 110, -12, 161, -51]	[-16, -232, -141, -104, -184]	[85, 45, -126, -92, -155]	[213, -60, 13, -236, -78]	[-211, 75, 91, 180, 14]	[10006, 10003, 10000, 9997, 10000]	[283, 221, 196, 289, 245]
144	19.5	[122, -28, -60, -39, -262]	[140, -212, -51, -36, -8]	[12, -124, -14, -44, -200]	[-184, 142, -271, -223, -159]	[118, -125, -30, 37, -215]	[-23, -52, -13, -108, 143]	[26, 110, 10, 160, -39]	[-16, -239, -136, -102, -187]	[85, 49, -126, -98, -155]	[213, -60, 12, -236, -78]	[-211, 81, 91, 180, 14]	[10006, 10003, 10000, 9997, 10000]	[283, 221, 196, 289, 245]
145	19.5	[122, -28, -50, -40, -262]	[136, -220, -51, -36, -2]	[12, -124, -20, -45, -200]	[-184, 146, -281, -191, -167]	[111, -124, -67, 56, -203]	[-20, -49, -19, -101, 143]	[26, 110, 12, 167, -51]	[-16, -232, -139, -102, -184]	[85, 45, -126, -92, -155]	[213, -60, 12, -236, -78]	[-211, 87, 91, 180, 14]	[10006, 10003, 10000, 9997, 10000]	[283, 221, 196, 289, 245]
146	16.0	[122, -28, -50, -40, -262]	[138, -212, -49, -36, -8]	[23, -124, -18, -49, -200]	[-158, 145, -280, -208, -173]	[113, -123, -59, 34, -213]	[-26, -48, -18, -104, 137]	[26, 110, 4, 157, -51]	[-16, -232, -141, -103, -184]	[85, 45, -126, -92, -155]	[213, -60, 13, -236, -78]	[-211, 81, 91, 180, 14]	[10006, 10003, 9994, 9997, 10000]	[277, 221, 196, 289, 245]
147	17.0	[122, -28, -50, -40, -262]	[136, -212, -51, -36, -8]	[12, -123, -11, -44, -200]	[-169, 142, -281, -216, -159]	[111, -125, -30, 31, -215]	[-25, -47, -18, -108, 143]	[26, 110, 10, 160, -39]	[-16, -239, -136, -103, -187]	[85, 46, -126, -98, -155]	[213, -60, 12, -236, -78]	[-211, 81, 91, 180, 14]	[10006, 10003, 10000, 9997, 10000]	[283, 221, 196, 289, 245]
148	17.0	[122, -28, -60, -39, -262]	[140, -212, -48, -36, -8]	[12, -124, -18, -49, -200]	[-184, 142, -271, -218, -173]	[118, -125, -30, 37, -215]	[-23, -52, -13, -108, 143]	[26, 110, 10, 160, -39]	[-16, -239, -136, -102, -187]	[85, 49, -126, -98, -155]	[213, -60, 12, -236, -78]	[-211, 81, 91, 180, 14]	[10006, 10003, 10000, 9997, 10000]	[283, 221, 196, 289, 245]
149	22.5	[122, -28, -50, -40, -262]	[136, -212, -51, -36, -8]	[12, -123, -11, -44, -200]	[-169, 142, -281, -216, -159]	[111, -125, -30, 31, -215]	[-25, -47, -18, -108, 143]	[26, 110, 10, 160, -39]	[-16, -239, -136, -103, -187]	[85, 46, -126, -98, -155]	[213, -60, 12, -236, -78]	[-211, 81, 91, 180, 14]	[10006, 10003, 10000, 9997, 10000]	[283, 221, 196, 289, 245]
150	21.0	[122, -28, -60, -39, -262]	[140, -212, -48, -36, -8]	[12, -124, -18, -49, -200]	[-184, 142, -271, -218, -173]	[118, -125, -30, 37, -215]	[-23, -52, -13, -108, 143]	[26, 110, 10, 160, -39]	[-16, -239, -136, -102, -187]	[91, 49, -126, -98, -155]	[213, -60, 12, -236, -78]	[-211, 81, 91, 180, 14]	[10006, 10003, 10000, 9997, 10000]	[283, 221, 196, 289, 245]
151	17.5	[122, -28, -60, -39, -262]	[140, -212, -48, -36, -8]	[12, -124, -18, -49, -200]	[-184, 142, -271, -218, -173]	[118, -125, -30, 37, -215]	[-23, -52, -13, -108, 143]	[26, 110, 10, 160, -39]	[-16, -239, -136, -102, -187]	[91, 49, -126, -98, -155]	[213, -60, 12, -236, -78]	[-211, 81, 91, 180, 14]	[10006, 10003, 10000, 9997, 10000]	[283, 221, 196, 289, 245]
152	18.5	[122, -28, -50, -40, -262]	[138, -209, -47, -36, -8]	[23, -124, -18, -68, -200]	[-158, 145, -279, -198, -173]	[113, -125, -47, 32, -212]	[-26, -48, -18, -108, 143]	[26, 110, -8, 142, -51]	[-16, -232, -137, -114, -184]	[85, 45, -126, -92, -155]	[213, -60, 12, -236, -78]	[-211, 81, 91, 180, 14]	[10006, 10003, 9994, 9997, 10000]	[283, 221, 196, 283, 245]
153	21.5	[122, -28, -50, -40, -262]	[138, -209, -47, -36, -8]	[23, -124, -18, -68, -200]	[-164, 145, -278, -204, -173]	[111, -124, -67, 37, -203]	[-32, -47, -17, -105, 143]	[26, 110, -12, 161, -51]	[-16, -232, -141, -104, -178]	[85, 45, -126, -92, -155]	[213, -60, 13, -236, -78]	[-211, 77, 91, 180, 14]	[10006, 10003, 10000, 9997, 10000]	[283, 221, 196, 289, 245]
154	19.0	[127, -33, -73, -27, -262]	[138, -206, -41, 38, -55]	[28, -123, -9, -70, -200]	[-129, 143, -277, -216, -116]	[114, -123, -73, 51, -203]	[-33, -34, -6, -103, 143]	[33, 109, 1, 163, -69]	[-12, -234, -135, -109, -178]	[97, 54, -131, -87, -158]	[218, -111, -45, -236, -78]	[-211, 87, 73, 177, 18]	[10000, 10003, 9988, 9998, 10000]	[275, 171, 196, 289, 245]
155	23.0	[122, -28, -50, -40, -262]	[136, -220, -51, -36, -2]	[12, -124, -20, -45, -200]	[-184, 146, -281, -191, -167]	[111, -124, -67, 56, -203]	[-20, -49, -19, -101, 143]	[26, 110, 12, 167, -51]	[-16, -232, -139, -102, -184]	[85, 45, -126, -92, -155]	[213, -60, 12, -236, -78]	[-211, 85, 91, 180, 20]	[10006, 10003, 9998, 10000, 10000]	[283, 221, 196, 289, 245]
156	18.5	[122, -28, -50, -40, -262]	[136, -220, -51, -36, -2]	[12, -124, -20, -45, -200]	[-184, 146, -281, -191, -167]	[111, -124, -67, 56, -203]	[-20, -55, -19, -101, 143]	[26, 110, 12, 167, -51]	[-16, -232, -139, -102, -184]	[85, 45, -126, -92, -155]	[213, -60, 12, -236, -78]	[-211, 85, 91, 180, 20]	[10006, 10003, 9998, 10000, 10000]	[283, 221, 196, 289, 245]
157	23.5	[122, -28, -50, -40, -262]	[136, -220, -51, -36, -2]	[12, -124, -20, -45, -200]	[-184, 146, -281, -191, -167]	[111, -124, -67, 56, -203]	[-20, -55, -19, -101, 143]	[26, 110, 12, 167, -51]	[-16, -232, -139, -102, -184]	[85, 45, -126, -92, -155]	[213, -60, 12, -236, -78]	[-211, 85, 91, 180, 20]	[10006, 10003, 9998, 10000, 10000]	[283, 221, 196, 289, 245]
158	18.5	[122, -28, -50, -40, -262]	[136, -212, -51, -36, -8]	[12, -123, -11, -44, -194]	[-169, 142, -281, -216, -159]	[111, -125, -30, 31, -215]	[-25, -47, -18, -108, 143]	[26, 110, 10, 160, -39]	[-16, -239, -136, -103, -187]	[85, 46, -126, -98, -155]	[213, -60, 12, -236, -78]	[-211, 81, 91, 180, 14]	[10006, 10003, 10000, 9997, 10000]	[283, 221, 196, 289, 245]
159	18.0	[122, -28, -50, -40, -262]	[136, -212, -40, -30, -3]	[12, -124, -21, -45, -200]	[-173, 140, -267, -189, -173]	[110, -123, -58, 62, -203]	[-28, -47, -18, -104, 143]	[22, 110, 11, 161, -51]	[-16, -234, -137, -102, -184]	[85, 50, -126, -94, -155]	[213, -66, 12, -236, -78]	[-211, 81, 91, 180, 14]	[10000, 10003, 9998, 10010, 10000]	[279, 221, 196, 289, 245]
160	23.0	[122, -28, -60, -39, -262]	[140, -212, -49, -36, -8]	[12, -124, -18, -45, -200]	[-184, 142, -271, -218, -162]	[118, -125, -30, 37, -215]	[-23, -36, -9, -103, 143]	[32, 109, 2, 161, -50]	[-16, -239, -135, -109, -180]	[91, 49, -126, -98, -155]	[213, -60, 12, -236, -78]	[-211, 81, 91, 180, 14]	[10006, 10003, 10000, 9997, 10000]	[283, 221, 196, 289, 245]
161	16.5	[122, -28, -50, -40, -262]	[137, -213, -50, -36, -8]	[12, -124, -20, -46, -200]	[-184, 146, -280, -207, -167]	[113, -123, -60, 56, -203]	[-20, -55, -18, -104, 143]	[26, 110, 12, 167, -51]	[-16, -232, -139, -102, -184]	[85, 45, -126, -92, -155]	[213, -60, 12, -236, -78]	[-211, 85, 91, 180, 20]	[10006, 10003, 9998, 10000, 10000]	[283, 221, 196, 289, 245]
162	19.5	[122, -28, -50, -40, -262]	[136, -220, -51, -36, -2]	[12, -124, -20, -45, -200]	[-184, 146, -281, -191, -167]	[111, -124, -61, 40, -203]	[-20, -88, -19, -101, 143]	[26, 118, 12, 171, -94]	[4, -229, -140, -102, -184]	[55, 45, -126, -92, -155]	[213, -60, 12, -236, -78]	[-211, 85, 91, 180, 20]	[10006, 10003, 10004, 10000, 10000]	[283, 221, 196, 289, 245]
163	19.0	[122, -22, -60, -40, -262]	[138, -211, -48, -36, -8]	[23, -124, -17, -50, -200]	[-181, 142, -272, -204, -173]	[113, -124, -37, 37, -214]	[-28, -50, -22, -105, 143]	[26, 110, -12, 160, -51]	[-16, -232, -141, -104, -184]	[85, 45, -126, -92, -155]	[213, -60, 13, -236, -78]	[-211, 75, 91, 180, 14]	[10006, 10003, 10000, 9997, 10000]	[283, 221, 196, 289, 245]
164	19.5	[122, -28, -60, -39, -262]	[140, -212, -49, -36, -8]	[12, -124, -18, -45, -200]	[-184, 142, -271, -218, -162]	[118, -125, -30, 37, -215]	[-23, -47, -9, -103, 143]	[32, 110, 4, 161, -48]	[-16, -239, -135, -109, -180]	[91, 49, -126, -98, -155]	[213, -60, 12, -236, -78]	[-211, 81, 91, 180, 14]	[10006, 10003, 10000, 9997, 10000]	[283, 221, 196, 289, 245]
165	17.5	[122, -28, -50, -40, -262]	[138, -212, -51, -36, -8]	[19, -123, -20, -44, -200]	[-165, 145, -278, -204, -173]	[111, -124, -67, 37, -203]	[-32, -47, -17, -106, 143]	[26, 110, -12, 161, -51]	[-16, -232, -141, -104, -178]	[85, 45, -126, -92, -155]	[213, -54, 13, -236, -78]	[-211, 77, 91, 180, 14]	[10006, 10003, 10000, 9997, 10000]	[283, 221, 196, 289, 245]
166	15.5	[122, -28, -50, -40, -262]	[136, -212, -51, -36, -8]	[12, -123, -11, -44, -194]	[-169, 142, -281, -216, -159]	[111, -125, -30, 31, -215]	[-25, -47, -18, -108, 143]	[26, 110, 10, 160, -39]	[-16, -239, -136, -103, -187]	[85, 46, -126, -98, -155]	[213, -60, 18, -236, -78]	[-211, 81, 91, 180, 14]	[10006, 10003, 10000, 9997, 10000]	[283, 221, 196, 289, 245]
167	16.5	[122, -28, -50, -40, -262]	[136, -220, -51, -36, -2]	[12, -124, -20, -45, -200]	[-184, 146, -281, -191, -167]	[111, -124, -61, 40, -203]	[-20, -88, -19, -101, 143]	[26, 118, 12, 167, -75]	[-11, -230, -139, -102, -184]	[55, 45, -126, -92, -155]	[213, -60, 12, -236, -78]	[-211, 85, 91, 180, 20]	[10006, 10003, 10010, 10000, 10000]	[283, 221, 196, 289, 245]
168	18.5	[122, -28, -50, -40, -262]	[136, -212, -51, -36, -8]	[12, -123, -11, -44, -194]	[-169, 142, -281, -207, -159]	[111, -125, -46, 31, -215]	[-25, -48, -18, -108, 143]	[26, 116, 10, 160, -39]	[-16, -239, -136, -103, -187]	[85, 46, -126, -98, -155]	[213, -60, 18, -236, -78]	[-211, 81, 91, 180, 14]	[10006, 10003, 10000, 9997, 10000]	[283, 221, 196, 289, 245]
169	19.0	[122, -28, -50, -37, -262]	[136, -216, -25, -32, -2]	[12, -124, -49, -46, -200]	[-184, 146, -281, -204, -85]	[113, -124, -63, 56, -203]	[-20, -97, -19, -105, 143]	[18, 127, 12, 171, -63]	[-16, -232, -139, -102, -184]	[70, 45, -126, -92, -155]	[213, -57, -18, -235, -84]	[-211, 85, 104, 180, 14]	[10006, 10003, 10000, 9997, 10000]	[283, 221, 196, 289, 245]
170	20.5	[122, -28, -50, -37, -262]	[136, -216, -25, -32, -2]	[12, -124, -49, -46, -200]	[-184, 146, -281, -204, -85]	[113, -124, -63, 56, -203]	[-20, -97, -19, -105, 143]	[18, 127, 12, 171, -63]	[-16, -232, -139, -102, -184]	[70, 45, -126, -92, -155]	[213, -57, -18, -235, -84]	[-211, 85, 104, 180, 14]	[10006, 10003, 10000, 9997, 10000]	[283, 221, 196, 289, 245]
171	17.0	[122, -28, -50, -40, -262]	[138, -212, -51, -36, -8]	[18, -124, -20, -44, -200]	[-165, 145, -278, -204, -173]	[111, -124, -67, 37, -203]	[-32, -47, -17, -106, 143]	[26, 110, -12, 161, -51]	[-16, -232, -141, -104, -178]	[85, 45, -126, -94, -155]	[213, -54, 15, -236, -78]	[-211, 80, 91, 180, 14]	[10006, 10003, 10000, 9997, 10000]	[283, 221, 196, 289, 245]
172	15.0	[122, -28, -50, -40, -262]	[136, -212, -51, -36, -8]	[12, -123, -11, -44, -194]	[-169, 142, -281, -207, -159]	[111, -125, -46, 31, -215]	[-25, -48, -18, -108, 143]	[26, 116, 10, 160, -39]	[-16, -239, -136, -103, -187]	[85, 46, -126, -98, -155]	[213, -60, 18, -236, -78]	[-211, 81, 91, 180, 14]	[10006, 10003, 10000, 9997, 10000]	[283, 221, 196, 289, 245]
173	18.0	[128, -28, -50, -40, -262]	[136, -220, -33, -36, -2]	[12, -124, -36, -46, -200]	[-184, 146, -281, -210, -98]	[111, -124, -65, 53, -203]	[-21, -83, -19, -105, 143]	[26, 116, 12, 170, -67]	[-10, -231, -139, -102, -184]	[53, 45, -126, -92, -155]	[213, -60, 10, -236, -78]	[-211, 85, 104, 180, 20]	[10006, 10003, 10002, 9997, 10000]	[283, 221, 196, 289, 239]
174	18.0	[122, -28, -60, -39, -262]	[140, -212, -48, -36, -8]	[12, -124, -18, -49, -200]	[-184, 142, -271, -218, -173]	[118, -125, -30, 37, -215]	[-23, -52, -16, -106, 143]	[26, 110, 10, 160, -46]	[-12, -227, -146, -102, -187]	[82, 47, -126, -92, -155]	[213, -60, 12, -236, -78]	[-211, 81, 91, 180, 14]	[10006, 10003, 10000, 9997, 10000]	[283, 221, 196, 289, 245]
175	17.5	[122, -28, -50, -40, -262]	[136, -220, -57, -36, -2]	[12, -124, -20, -45, -200]	[-184, 146, -281, -191, -167]	[111, -124, -61, 40, -203]	[-20, -88, -19, -101, 143]	[26, 118, 12, 171, -94]	[4, -229, -140, -102, -184]	[55, 45, -126, -92, -155]	[213, -60, 12, -236, -78]	[-211, 85, 91, 180, 20]	[10006, 10003, 10010, 10000, 10000]	[283, 221, 196, 289, 245]
176	20.5	[122, -28, -50, -40, -262]	[136, -220, -57, -36, -2]	[12, -124, -20, -45, -200]	[-184, 146, -281, -191, -167]	[111, -124, -61, 40, -203]	[-20, -88, -19, -101, 143]	[26, 118, 12, 171, -94]	[4, -229, -140, -102, -184]	[55, 45, -126, -92, -155]	[213, -60, 12, -236, -78]	[-211, 85, 91, 180, 20]	[10006, 10003, 10010, 10000, 10000]	[283, 221, 196, 289, 245]
177	19.0	[122, -28, -50, -37, -262]	[136, -216, -25, -32, -2]	[12, -124, -49, -46, -200]	[-184, 146, -281, -204, -85]	[113, -124, -63, 56, -203]	[-20, -97, -19, -106, 143]	[18, 127, 12, 171, -63]	[-16, -232, -139, -102, -184]	[70, 45, -126, -92, -155]	[213, -57, -18, -235, -84]	[-211, 85, 104, 180, 14]	[10006, 10003, 10000, 9997, 10000]	[289, 221, 196, 289, 245]
178	14.0	[122, -28, -50, -40, -262]	[138, -212, -51, -36, -8]	[18, -124, -20, -44, -200]	[-165, 145, -278, -204, -173]	[111, -124, -67, 37, -203]	[-32, -47, -17, -106, 143]	[26, 110, -12, 161, -51]	[-16, -232, -141, -104, -178]	[85, 45, -126, -94, -155]	[213, -54, 15, -236, -78]	[-211, 80, 91, 180, 14]	[10006, 10003, 10000, 9997, 10000]	[283, 221, 196, 289, 245]
179	19.0	[122, -26, -54, -37, -262]	[136, -216, -25, -32, -4]	[12, -124, -38, -46, -200]	[-184, 146, -280, -204, -94]	[113, -124, -61, 41, -203]	[-20, -95, -19, -103, 143]	[23, 124, 12, 171, -63]	[-16, -231, -139, -96, -184]	[70, 45, -126, -92, -155]	[213, -57, -14, -236, -84]	[-211, 85, 102, 180, 17]	[10006, 10003, 10004, 9997, 10000]	[289, 221, 196, 289, 245]
180	17.5	[122, -26, -54, -37, -262]	[136, -216, -25, -32, -4]	[12, -124, -38, -46, -200]	[-183, 143, -280, -204, -94]	[113, -124, -62, 40, -203]	[-20, -97, -19, -101, 143]	[18, 127, 12, 170, -63]	[-14, -232, -139, -102, -184]	[70, 45, -126, -92, -155]	[213, -57, -18, -235, -84]	[-211, 85, 104, 180, 14]	[10006, 10003, 10000, 9997, 10000]	[289, 221, 196, 289, 245]
181	24.5	[122, -28, -50, -40, -262]	[136, -220, -57, -36, -2]	[12, -124, -20, -45, -200]	[-184, 146, -281, -191, -167]	[111, -124, -61, 40, -203]	[-20, -88, -19, -101, 143]	[26, 118, 12, 171, -94]	[4, -229, -140, -102, -184]	[55, 45, -126, -92, -155]	[213, -60, 12, -236, -78]	[-211, 85, 91, 180, 20]	[10006, 10003, 10010, 10000, 10000]	[283, 221, 196, 289, 245]
182	20.5	[122, -28, -50, -40, -262]	[138, -219, -42, -36, -2]	[18, -124, -20, -44, -200]	[-165, 145, -278, -204, -173]	[111, -124, -67, 37, -203]	[-32, -47, -17, -106, 143]	[26, 110, -12, 161, -51]	[-10, -232, -141, -104, -178]	[85, 45, -126, -94, -155]	[213, -54, 15, -236, -78]	[-211, 80, 91, 180, 14]	[10006, 10003, 10000, 9997, 10000]	[283, 221, 196, 289, 245]
183	20.5	[122, -28, -50, -40, -262]	[136, -220, -51, -36, -2]	[12, -124, -20, -45, -200]	[-184, 146, -281, -191, -167]	[111, -124, -67, 41, -203]	[-21, -84, -19, -101, 143]	[26, 116, 12, 168, -60]	[-2, -229, -143, -102, -184]	[55, 45, -126, -92, -155]	[213, -60, 12, -236, -78]	[-211, 85, 91, 180, 20]	[10006, 10003, 10004, 10000, 10000]	[283, 221, 196, 289, 245]
184	20.0	[122, -26, -54, -37, -262]	[136, -216, -25, -26, -4]	[12, -124, -38, -46, -200]	[-183, 143, -280, -204, -94]	[113, -124, -62, 40, -203]	[-20, -97, -19, -101, 143]	[18, 127, 12, 170, -63]	[-14, -232, -139, -102, -184]	[70, 45, -126, -92, -155]	[213, -57, -18, -235, -84]	[-211, 85, 104, 180, 14]	[10006, 10003, 10000, 9997, 10000]	[289, 221, 196, 289, 245]
185	19.0	[122, -28, -50, -37, -262]	[136, -216, -25, -32, -2]	[12, -124, -49, -46, -200]	[-184, 146, -281, -204, -85]	[113, -124, -63, 56, -203]	[-20, -97, -19, -106, 143]	[18, 127, 12, 171, -63]	[-16, -232, -139, -102, -184]	[77, 45, -126, -92, -155]	[213, -57, 0, -235, -81]	[-211, 85, 98, 186, 14]	[10006, 10003, 10000, 9997, 10000]	[289, 217, 196, 289, 245]
186	18.5	[122, -22, -60, -40, -262]	[138, -211, -48, -36, -8]	[23, -124, -17, -49, -200]	[-183, 142, -271, -214, -162]	[118, -125, -35, 37, -214]	[-25, -49, -20, -105, 143]	[26, 110, -12, 160, -51]	[-16, -232, -142, -104, -184]	[79, 46, -126, -92, -155]	[213, -60, 13, -236, -78]	[-210, 76, 91, 174, 14]	[10006, 10003, 10000, 9997, 10000]	[283, 215, 196, 289, 245]
187	16.0	[122, -33, -50, -37, -262]	[136, -219, -51, -36, -2]	[12, -124, -47, -45, -200]	[-184, 146, -281, -191, -167]	[111, -124, -65, 41, -203]	[-21, -84, -19, -101, 143]	[18, 125, 12, 171, -60]	[-2, -229, -143, -102, -184]	[55, 45, -126, -92, -155]	[213, -60, 12, -236, -78]	[-211, 85, 91, 180, 20]	[10006, 10003, 10004, 10000, 10000]	[283, 221, 196, 289, 245]
188	19.5	[122, -26, -54, -37, -262]	[136, -216, -25, -26, -4]	[12, -124, -38, -46, -200]	[-183, 143, -280, -204, -94]	[113, -124, -62, 40, -203]	[-20, -97, -19, -101, 143]	[18, 127, 12, 170, -63]	[-14, -232, -139, -102, -184]	[70, 45, -126, -86, -155]	[213, -57, -18, -235, -84]	[-211, 85, 104, 180, 14]	[10006, 10003, 10000, 9997, 10000]	[289, 221, 196, 289, 245]
189	21.0	[122, -22, -60, -40, -262]	[138, -211, -48, -36, -8]	[23, -124, -17, -49, -200]	[-183, 142, -271, -214, -162]	[118, -125, -35, 37, -214]	[-25, -49, -20, -105, 143]	[26, 110, -12, 160, -51]	[-16, -232, -142, -104, -184]	[79, 46, -126, -92, -155]	[213, -60, 13, -236, -78]	[-210, 76, 91, 174, 14]	[10006, 10003, 10000, 9997, 10000]	[283, 215, 196, 289, 245]
190	19.0	[122, -26, -54, -37, -262]	[136, -216, -25, -32, -4]	[12, -124, -38, -46, -200]	[-184, 146, -280, -204, -94]	[107, -124, -61, 41, -203]	[-20, -95, -19, -103, 143]	[23, 124, 12, 171, -63]	[-16, -231, -139, -96, -184]	[70, 45, -126, -92, -155]	[213, -57, -14, -236, -84]	[-211, 85, 102, 180, 17]	[10006, 10009, 10004, 9997, 10000]	[289, 221, 196, 289, 245]
191	20.5	[127, -28, -50, -40, -262]	[136, -220, -33, -36, -2]	[12, -124, -22, -46, -200]	[-184, 146, -281, -210, -98]	[111, -124, -53, 46, -213]	[-20, -88, -18, -105, 143]	[26, 112, 10, 161, -67]	[-4, -230, -141, -102, -184]	[53, 47, -126, -92, -155]	[213, -60, 12, -236, -78]	[-212, 85, 91, 180, 26]	[10006, 10003, 10006, 9999, 10000]	[283, 221, 196, 289, 239]
192	18.0	[122, -26, -54, -37, -262]	[136, -216, -25, -26, -4]	[12, -124, -38, -46, -200]	[-183, 143, -280, -204, -94]	[113, -124, -62, 40, -203]	[-20, -97, -19, -95, 143]	[18, 127, 12, 170, -63]	[-14, -232, -139, -102, -184]	[70, 45, -126, -90, -155]	[213, -60, -11, -235, -84]	[-211, 85, 102, 180, 14]	[10006, 10003, 10000, 9997, 10000]	[288, 221, 196, 289, 245]
193	17.0	[122, -32, -54, -37, -262]	[136, -216, -25, -32, -4]	[12, -124, -38, -46, -200]	[-184, 146, -280, -204, -94]	[107, -124, -61, 41, -203]	[-20, -95, -19, -103, 143]	[23, 124, 12, 171, -63]	[-16, -231, -139, -96, -184]	[70, 45, -126, -92, -155]	[213, -57, -14, -236, -84]	[-211, 85, 102, 180, 17]	[10006, 10009, 10004, 9997, 10000]	[289, 221, 196, 289, 245]
194	16.0	[122, -28, -50, -40, -262]	[138, -219, -42, -36, -2]	[18, -124, -20, -44, -200]	[-165, 145, -278, -204, -163]	[111, -124, -64, 38, -203]	[-32, -47, -18, -106, 143]	[26, 110, -12, 161, -51]	[-10, -232, -141, -104, -178]	[85, 45, -126, -94, -155]	[213, -54, 15, -236, -78]	[-211, 80, 91, 180, 14]	[10006, 10003, 10000, 9997, 10000]	[283, 221, 196, 289, 245]
195	22.5	[122, -33, -50, -37, -262]	[136, -219, -51, -36, -2]	[12, -124, -47, -45, -200]	[-184, 146, -281, -191, -167]	[111, -124, -65, 41, -203]	[-21, -84, -19, -101, 143]	[18, 127, 12, 171, -60]	[-3, -231, -143, -102, -184]	[55, 45, -126, -92, -155]	[213, -57, 7, -236, -78]	[-211, 85, 91, 180, 20]	[10006, 10003, 10004, 10000, 10000]	[283, 221, 196, 289, 245]
196	19.0	[122, -28, -50, -40, -262]	[136, -212, -51, -36, -8]	[12, -123, -11, -44, -194]	[-169, 142, -281, -207, -159]	[111, -125, -46, 31, -215]	[-25, -48, -18, -108, 143]	[26, 116, 10, 160, -39]	[-10, -245, -136, -103, -193]	[85, 46, -126, -98, -155]	[213, -60, 18, -236, -78]	[-211, 81, 91, 180, 14]	[10006, 10003, 10000, 9997, 10000]	[283, 221, 196, 289, 245]
197	18.0	[122, -28, -50, -40, -262]	[132, -212, -51, -36, -3]	[15, -124, -20, -44, -200]	[-170, 145, -278, -204, -98]	[111, -124, -61, 42, -203]	[-29, -87, -17, -105, 143]	[21, 116, 8, 168, -65]	[-16, -227, -139, -104, -178]	[85, 45, -126, -94, -155]	[213, -54, 15, -236, -79]	[-211, 81, 96, 181, 14]	[10006, 10003, 10000, 9997, 10000]	[283, 221, 196, 289, 245]
198	18.0	[122, -33, -50, -37, -262]	[136, -219, -51, -36, -2]	[12, -124, -47, -45, -200]	[-185, 146, -280, -192, -167]	[111, -124, -65, 41, -203]	[-21, -86, -19, -101, 143]	[18, 126, 12, 171, -60]	[-3, -231, -143, -102, -184]	[55, 45, -126, -92, -155]	[213, -57, 7, -236, -78]	[-211, 85, 91, 180, 20]	[10006, 10003, 10004, 10000, 10000]	[283, 221, 196, 289, 245]
199	21.0	[122, -33, -50, -37, -262]	[136, -219, -51, -36, -2]	[12, -124, -47, -45, -200]	[-185, 146, -280, -192, -167]	[111, -124, -65, 41, -203]	[-21, -86, -19, -101, 143]	[18, 126, 12, 171, -60]	[-3, -231, -143, -102, -184]	[55, 45, -126, -92, -155]	[213, -57, 7, -236, -78]	[-211, 85, 91, 180, 20]	[10006, 10003, 10004, 10000, 10000]	[283, 221, 196, 289, 245]
