generation	fitness	corner	c	a1	a2	b1	b2	b3	x	o1	o2	wp	ww	we
600	35.5	[113, -10, -24, 5, 103]	[-102, -146, -70, 20, 186]	[-170, -44, 29, 31, -167]	[-45, -187, -82, -97, -107]	[127, -82, -101, 20, 49]	[-90, -13, 6, -52, 157]	[-112, 48, 7, 108, 160]	[-61, -107, -123, -98, -174]	[-159, -136, -124, -127, -111]	[-63, -51, -9, -31, -58]	[73, 104, 108, 178, 6]	[10005, 10006, 9998, 10002, 9998]	[215, 123, 193, 276, 261]
601	37.5	[209, 191, 45, 116, -123]	[59, -97, -113, 9, -136]	[-174, -15, -10, -4, -194]	[49, -28, -61, -46, -104]	[151, -110, -60, 44, -17]	[-32, -32, 17, -15, 68]	[-65, 69, 10, 98, 115]	[-87, -127, -121, -79, -25]	[-173, -187, -90, -137, -117]	[5, -27, -8, -23, -67]	[73, 123, 109, 174, 125]	[10005, 10001, 9999, 9998, 10001]	[-26, 132, 136, 164, 277]
602	36.0	[88, 135, -54, 135, 98]	[-162, -147, -84, 20, -146]	[-151, -44, 19, -8, -171]	[-52, -157, -73, -94, -58]	[119, -60, -107, 49, 10]	[-124, -28, 20, -40, 189]	[-45, 45, 10, 89, 237]	[-140, -112, -131, -124, -116]	[-163, -94, -146, -91, -133]	[-31, -15, -27, -8, -82]	[96, 143, 122, 172, 43]	[10004, 10002, 9999, 9994, 10000]	[170, 175, 171, 197, 163]
603	43.5	[209, 189, 45, 116, -123]	[59, -97, -107, 9, -142]	[-174, -12, -11, -4, -194]	[48, -28, -62, -35, -107]	[153, -113, -61, 44, 11]	[-39, -34, 5, -16, 67]	[-60, 69, 10, 103, 58]	[-90, -143, -109, -72, -31]	[-173, -191, -77, -141, -116]	[5, -9, -4, 18, -72]	[6, 133, 120, 170, 125]	[10005, 9976, 9999, 9998, 10003]	[-26, 133, 136, 164, 277]
604	37.5	[209, 191, 45, 91, -120]	[59, -97, -107, 9, -137]	[-174, -21, -18, -3, -194]	[45, -28, -61, -41, -105]	[152, -110, -60, 45, 20]	[-33, -36, 10, -15, 67]	[-53, 68, 14, 101, 58]	[-90, -136, -116, -81, -27]	[-173, -197, -77, -141, -117]	[5, -8, -10, 17, -72]	[5, 132, 119, 168, 39]	[10005, 10001, 9999, 9992, 10002]	[100, 138, 157, 168, 229]
605	33.0	[209, 193, 45, 116, -123]	[59, -97, -107, 9, -136]	[-174, -15, -16, -29, -194]	[49, -28, -62, -40, -104]	[154, -113, -61, 44, 11]	[-32, -33, 13, -17, 66]	[-60, 69, 10, 103, 58]	[-90, -143, -115, -72, -31]	[-173, -197, -77, -141, -116]	[5, -9, -10, 18, -72]	[0, 129, 120, 170, 125]	[10005, 10001, 9999, 9998, 10003]	[-26, 133, 136, 164, 277]
606	36.0	[209, 191, 45, 116, -123]	[59, -97, -113, 9, -136]	[-174, -15, -10, -4, -194]	[49, -28, -61, -46, -104]	[151, -110, -60, 44, -17]	[-32, -32, 17, -15, 68]	[-65, 69, 10, 98, 115]	[-87, -127, -121, -79, -25]	[-173, -187, -90, -137, -117]	[5, -27, -8, -23, -67]	[73, 123, 109, 174, 125]	[10005, 10001, 9999, 9998, 10001]	[-26, 132, 136, 170, 277]
607	37.5	[109, -10, -20, 46, 103]	[-103, -146, -65, 20, 186]	[-170, -63, 28, 1, -171]	[-45, -188, -88, -102, -108]	[126, -84, -97, 21, 48]	[-103, -19, 5, -49, 151]	[-121, 49, 6, 108, 160]	[-67, -111, -123, -111, -174]	[-159, -136, -126, -128, -110]	[-57, -48, -13, -33, -56]	[83, 105, 109, 175, -25]	[10005, 10006, 9999, 9997, 9999]	[220, 124, 187, 271, 267]
608	38.0	[119, -10, -24, 5, 103]	[-102, -146, -70, 20, 186]	[-170, -38, 16, -2, -175]	[-45, -172, -72, -60, -107]	[127, -82, -72, 38, 15]	[-90, -36, 10, -17, 157]	[-78, 53, 11, 70, 160]	[-61, -127, -116, -84, -168]	[-170, -193, -107, -117, -117]	[-5, -9, -8, -19, -71]	[73, 124, 108, 178, 6]	[10005, 10003, 9998, 10002, 9998]	[215, 123, 193, 257, 259]
609	32.5	[119, -10, -24, 5, 103]	[-102, -146, -70, 20, 186]	[-170, -38, 16, -2, -175]	[-45, -172, -72, -60, -107]	[127, -82, -72, 38, 15]	[-90, -36, 10, -17, 157]	[-78, 53, 11, 70, 160]	[-61, -127, -116, -84, -168]	[-170, -193, -107, -117, -117]	[-5, -9, -8, -19, -71]	[73, 124, 108, 178, 6]	[10005, 10003, 9998, 10002, 9998]	[215, 123, 193, 257, 259]
610	34.5	[88, 135, -54, 135, 98]	[-162, -147, -84, 20, -146]	[-151, -44, 19, -8, -177]	[-52, -157, -73, -94, -58]	[119, -60, -107, 49, 10]	[-124, -28, 20, -40, 189]	[-45, 45, 10, 89, 237]	[-140, -112, -131, -130, -116]	[-163, -94, -146, -91, -133]	[-31, -15, -27, -8, -82]	[96, 143, 122, 172, 43]	[10004, 10002, 9999, 9994, 10000]	[170, 175, 171, 197, 163]
611	37.5	[109, -10, -20, 46, 103]	[-103, -146, -65, 20, 186]	[-170, -63, 28, 1, -171]	[-45, -188, -88, -102, -108]	[126, -84, -97, 21, 48]	[-103, -19, 5, -49, 151]	[-121, 49, 6, 108, 160]	[-67, -111, -123, -111, -174]	[-159, -136, -126, -128, -110]	[-57, -48, -13, -33, -56]	[83, 105, 109, 175, -25]	[10005, 10006, 9999, 9997, 9999]	[220, 124, 187, 265, 267]
612	35.5	[-49, 101, -15, -22, 84]	[-5, -141, -72, 40, 41]	[-112, -67, 4, -4, -84]	[-50, -138, -97, -97, -83]	[116, -125, -114, 45, -104]	[-164, -13, 12, -56, 42]	[-41, 66, 12, 82, 173]	[-74, -154, -116, -114, -159]	[-163, -65, -50, -118, -127]	[71, -3, -3, -54, -68]	[192, 121, 112, 185, 94]	[10006, 10003, 9998, 9993, 9997]	[225, 218, 191, 221, 148]
613	32.0	[209, 189, 45, 116, -123]	[59, -97, -107, 9, -142]	[-174, -12, -11, -4, -194]	[48, -28, -62, -35, -107]	[153, -112, -60, 44, 11]	[-45, -34, 14, -16, 67]	[-60, 69, 10, 103, 58]	[-90, -135, -114, -72, -31]	[-173, -191, -83, -141, -116]	[5, -9, -4, 24, -71]	[6, 133, 120, 170, 125]	[10005, 9985, 9999, 9998, 10003]	[-26, 133, 136, 164, 277]
614	34.0	[209, 191, 45, 116, -123]	[59, -97, -113, 9, -136]	[-174, -15, -10, -4, -194]	[49, -28, -61, -46, -104]	[151, -110, -60, 44, -17]	[-32, -32, 17, -15, 68]	[-65, 69, 10, 98, 115]	[-87, -127, -121, -79, -25]	[-173, -187, -90, -137, -117]	[5, -27, -8, -23, -67]	[73, 123, 109, 174, 125]	[10005, 10001, 9999, 9998, 10001]	[-26, 132, 136, 170, 277]
615	37.0	[113, -10, -24, 5, 103]	[-102, -146, -70, 20, 186]	[-170, -44, 29, 31, -167]	[-45, -187, -82, -97, -107]	[127, -82, -101, 20, 55]	[-90, -13, 6, -52, 157]	[-112, 48, 7, 108, 160]	[-61, -107, -123, -98, -174]	[-159, -136, -124, -127, -111]	[-63, -51, -9, -31, -58]	[73, 104, 108, 178, 6]	[10005, 10006, 9998, 10002, 9998]	[215, 123, 193, 276, 261]
616	39.5	[209, 189, 45, 116, -123]	[59, -97, -107, 9, -142]	[-174, -12, -11, -4, -194]	[48, -28, -62, -35, -107]	[153, -112, -60, 44, 11]	[-45, -34, 14, -16, 67]	[-60, 69, 10, 103, 58]	[-90, -135, -114, -72, -31]	[-173, -191, -83, -141, -116]	[5, -9, 2, 24, -71]	[6, 133, 120, 170, 125]	[10005, 9985, 9999, 9998, 10003]	[-26, 133, 136, 164, 277]
617	39.5	[209, 189, 45, 116, -123]	[59, -97, -107, 9, -142]	[-174, -12, -11, -4, -194]	[48, -28, -62, -35, -107]	[153, -112, -60, 44, 11]	[-45, -34, 14, -16, 67]	[-60, 69, 10, 103, 58]	[-90, -135, -114, -72, -31]	[-173, -191, -83, -141, -116]	[5, -9, 2, 24, -71]	[6, 133, 120, 170, 125]	[10005, 9985, 9999, 9998, 10003]	[-26, 133, 136, 164, 277]
618	40.5	[209, 191, 45, 116, -123]	[59, -97, -111, 17, -1]	[-171, -50, 5, 21, -186]	[49, -81, -75, -46, -104]	[153, -111, -63, 41, -17]	[-81, -25, 8, -15, 68]	[-36, 72, 12, 98, 58]	[-87, -133, -116, -49, -25]	[-167, -200, -77, -143, -117]	[5, -20, -8, 32, -67]	[6, 128, 120, 170, 125]	[10005, 9995, 9999, 9998, 10003]	[-26, 133, 136, 164, 277]
619	34.0	[119, -10, -24, 5, 103]	[-102, -146, -70, 20, 186]	[-170, -38, 16, -2, -175]	[-45, -172, -72, -60, -107]	[127, -82, -72, 38, 15]	[-66, -36, 10, -17, 157]	[-78, 53, 11, 70, 160]	[-61, -127, -116, -84, -168]	[-170, -193, -105, -117, -117]	[-5, -9, -8, -19, -71]	[73, 124, 108, 177, 6]	[10005, 10003, 9998, 10002, 9998]	[215, 117, 193, 257, 259]
620	38.0	[88, 135, -54, 135, 98]	[-162, -147, -84, 20, -146]	[-151, -44, 19, -8, -177]	[-52, -157, -73, -94, -58]	[118, -96, -109, 48, -50]	[-124, -28, 20, -46, 64]	[-45, 45, 12, 89, 237]	[-77, -152, -125, -115, -152]	[-163, -94, -82, -93, -128]	[-31, -15, -19, -8, -82]	[146, 134, 122, 182, 43]	[10004, 10002, 9999, 9988, 10000]	[170, 175, 171, 197, 163]
621	37.5	[113, -10, -24, 5, 103]	[-102, -146, -70, 20, 186]	[-170, -44, 29, 31, -167]	[-45, -187, -82, -97, -107]	[127, -82, -101, 20, 55]	[-90, -13, 6, -52, 157]	[-112, 48, 7, 108, 160]	[-61, -107, -123, -98, -174]	[-159, -136, -124, -127, -111]	[-63, -51, -9, -31, -58]	[73, 104, 114, 178, 6]	[10005, 10006, 9998, 10002, 9998]	[215, 123, 193, 276, 261]
622	38.5	[209, 189, 45, 116, -123]	[59, -97, -107, 9, -142]	[-174, -12, -11, -4, -194]	[48, -28, -62, -35, -107]	[153, -112, -60, 44, 11]	[-45, -34, 14, -16, 67]	[-60, 69, 10, 103, 58]	[-90, -135, -114, -72, -31]	[-173, -191, -83, -141, -116]	[5, -9, 2, 24, -71]	[6, 133, 120, 170, 125]	[10005, 9985, 9999, 9998, 10003]	[-26, 133, 136, 164, 277]
623	36.5	[119, -10, -24, 5, 103]	[-102, -146, -70, 20, 186]	[-170, -38, 16, -2, -175]	[28, -94, -74, -60, -105]	[127, -82, -72, 41, -11]	[-45, -34, 9, -17, 157]	[-64, 56, 10, 83, 160]	[-63, -127, -112, -84, -168]	[-170, -191, -90, -117, -117]	[-5, -9, -8, -18, -71]	[73, 124, 111, 178, 6]	[10005, 9993, 9999, 9998, 10001]	[25, 123, 193, 257, 259]
624	36.0	[113, -10, -24, 5, 103]	[-102, -146, -70, 20, 186]	[-170, -44, 29, 31, -167]	[-45, -187, -82, -97, -107]	[127, -82, -101, 20, 55]	[-90, -13, 6, -52, 157]	[-112, 48, 7, 108, 160]	[-61, -107, -123, -98, -174]	[-159, -136, -124, -127, -111]	[-63, -51, -9, -31, -58]	[73, 104, 114, 178, 6]	[10005, 10006, 9998, 10002, 9998]	[215, 123, 193, 276, 261]
625	33.5	[88, 135, -54, 135, 98]	[-162, -147, -84, 20, -146]	[-151, -44, 19, -8, -177]	[-52, -157, -73, -100, -58]	[119, -60, -120, 44, 10]	[-163, -11, 21, -37, 111]	[-45, 45, 10, 78, 182]	[-140, -132, -114, -117, -116]	[-163, -76, -119, -93, -133]	[-31, -4, -10, -41, -61]	[150, 136, 122, 172, 43]	[10004, 9997, 9999, 9994, 10000]	[170, 175, 189, 219, 158]
626	36.5	[88, 135, -54, 135, 98]	[-162, -147, -84, 20, -146]	[-151, -44, 19, -8, -177]	[-52, -157, -73, -94, -58]	[118, -96, -109, 48, -50]	[-124, -28, 14, -42, 64]	[-45, 57, 10, 106, 161]	[-75, -152, -125, -115, -152]	[-163, -116, -108, -93, -128]	[-31, -42, -18, -8, -82]	[146, 134, 122, 182, 43]	[10004, 10002, 9999, 9988, 10000]	[170, 175, 171, 197, 163]
627	39.0	[209, 189, 45, 116, -123]	[59, -97, -107, 9, -142]	[-174, -12, -11, -4, -194]	[48, -28, -62, -35, -107]	[153, -112, -60, 44, 11]	[-45, -28, 14, -16, 67]	[-60, 69, 10, 103, 58]	[-90, -135, -114, -72, -31]	[-173, -191, -83, -141, -116]	[5, -9, 2, 24, -71]	[6, 133, 120, 170, 125]	[10005, 9985, 9999, 9998, 10003]	[-26, 133, 136, 164, 277]
628	39.5	[113, -10, -24, 5, 103]	[-102, -146, -70, 20, 186]	[-170, -44, 19, 12, -174]	[-42, -187, -82, -97, -107]	[127, -82, -73, 31, 34]	[-90, -13, 10, -35, 132]	[-112, 49, 7, 108, 160]	[-83, -120, -118, -80, -69]	[-159, -170, -106, -124, -116]	[-25, -46, -9, -27, -58]	[73, 104, 114, 176, 6]	[10005, 10001, 9999, 9999, 10000]	[215, 123, 193, 276, 261]
629	38.0	[113, -10, -24, 5, 103]	[-102, -146, -70, 20, 186]	[-170, -44, 19, 12, -174]	[-42, -187, -82, -97, -107]	[127, -82, -73, 31, 34]	[-90, -13, 10, -35, 132]	[-112, 49, 7, 108, 160]	[-83, -120, -118, -80, -69]	[-159, -170, -106, -124, -116]	[-25, -46, -9, -27, -58]	[73, 104, 114, 176, 6]	[10005, 10001, 9999, 9999, 10000]	[215, 123, 193, 276, 261]
630	39.0	[113, -10, -24, 5, 103]	[-102, -146, -70, 20, 186]	[-170, -44, 19, 12, -174]	[-42, -187, -82, -97, -107]	[127, -82, -73, 31, 34]	[-90, -13, 10, -35, 132]	[-112, 49, 7, 108, 160]	[-83, -120, -118, -80, -69]	[-159, -170, -106, -124, -116]	[-25, -46, -9, -27, -58]	[73, 104, 114, 176, 6]	[10005, 10001, 9999, 9999, 10000]	[215, 123, 193, 276, 261]
631	33.5	[113, -10, -24, 5, 103]	[-102, -146, -70, 20, 186]	[-170, -44, 19, 12, -174]	[-42, -187, -82, -97, -107]	[127, -82, -73, 31, 34]	[-90, -13, 10, -35, 132]	[-112, 49, 7, 108, 160]	[-83, -120, -118, -80, -69]	[-159, -170, -106, -124, -116]	[-25, -46, -9, -27, -58]	[73, 104, 114, 176, 6]	[10005, 10001, 9999, 9999, 10000]	[215, 123, 193, 276, 261]
632	36.0	[88, 135, -54, 129, 98]	[-163, -147, -84, 20, -146]	[-151, -42, 16, -5, -177]	[-52, -160, -72, -85, -58]	[125, -62, -76, 46, -41]	[-107, -18, 13, -40, 64]	[-45, 48, 11, 89, 193]	[-70, -142, -125, -115, -152]	[-163, -94, -85, -93, -133]	[-31, -15, -19, -8, -82]	[146, 134, 122, 182, 43]	[10004, 10002, 9999, 9988, 10000]	[170, 175, 171, 197, 163]
633	35.0	[119, -10, -24, 5, 103]	[-102, -146, -70, 20, 186]	[-170, -38, 16, -2, -175]	[28, -113, -72, -60, -107]	[127, -82, -72, 38, 12]	[-58, -34, 9, -17, 157]	[-39, 70, 12, 83, 160]	[-63, -127, -115, -70, -166]	[-170, -191, -89, -123, -117]	[-5, -15, -8, -16, -71]	[73, 124, 115, 170, 125]	[10005, 9993, 9999, 9998, 10002]	[25, 123, 193, 257, 259]
634	32.5	[88, 135, -54, 129, 98]	[-163, -147, -84, 20, -146]	[-151, -42, 16, -5, -177]	[-52, -160, -72, -85, -58]	[125, -62, -76, 46, -41]	[-107, -18, 13, -40, 64]	[-45, 48, 11, 89, 193]	[-70, -142, -125, -115, -152]	[-163, -94, -85, -93, -133]	[-31, -15, -19, -8, -82]	[146, 134, 122, 182, 43]	[10004, 10002, 9999, 9988, 10000]	[170, 175, 171, 197, 163]
635	39.0	[113, -10, -24, 5, 103]	[-102, -146, -70, 20, 186]	[-170, -44, 29, 31, -167]	[-45, -187, -82, -97, -107]	[127, -82, -101, 20, 55]	[-90, -13, 6, -52, 157]	[-112, 48, 7, 108, 160]	[-61, -113, -123, -98, -174]	[-159, -136, -124, -127, -111]	[-63, -51, -9, -31, -58]	[73, 104, 114, 178, 6]	[10005, 10006, 9998, 10002, 9998]	[215, 123, 193, 276, 261]
636	36.0	[88, 135, -54, 135, 98]	[-162, -147, -84, 20, -146]	[-151, -44, 19, -8, -177]	[-52, -157, -73, -87, -93]	[127, -85, -73, 30, -41]	[-57, -31, 19, -19, 64]	[-63, 54, 12, 89, 237]	[-77, -152, -117, -95, -167]	[-163, -94, -82, -93, -120]	[-31, -15, -19, -8, -82]	[146, 140, 122, 182, 43]	[10004, 10002, 9999, 9988, 10000]	[170, 175, 171, 197, 163]
637	40.5	[119, -10, -24, 5, 103]	[-102, -146, -70, 20, 186]	[-170, -38, 16, -2, -175]	[28, -113, -72, -60, -107]	[127, -82, -72, 38, 12]	[-58, -34, 9, -17, 157]	[-39, 70, 18, 83, 160]	[-63, -127, -115, -70, -166]	[-170, -191, -89, -123, -117]	[-5, -15, -8, -16, -71]	[73, 124, 115, 170, 125]	[10005, 9993, 9999, 9998, 10002]	[25, 123, 193, 257, 259]
638	37.5	[119, -10, -24, 5, 103]	[-102, -146, -70, 20, 186]	[-170, -38, 16, -2, -175]	[-45, -172, -72, -60, -107]	[127, -82, -72, 38, 15]	[-66, -36, 10, -17, 157]	[-78, 61, 11, 79, 160]	[-61, -127, -115, -84, -168]	[-170, -192, -105, -117, -117]	[-5, -14, -8, -19, -71]	[73, 124, 110, 170, 6]	[10005, 10003, 9998, 10002, 9998]	[215, 117, 193, 257, 259]
639	39.5	[113, -10, -24, 5, 103]	[-102, -146, -70, 20, 186]	[-170, -44, 29, 31, -167]	[-45, -187, -82, -97, -107]	[127, -82, -101, 20, 55]	[-90, -13, 6, -52, 157]	[-112, 48, 7, 108, 160]	[-61, -113, -123, -98, -174]	[-159, -136, -124, -127, -111]	[-63, -51, -3, -31, -58]	[73, 104, 114, 178, 6]	[10005, 10006, 9998, 10002, 9998]	[215, 123, 193, 276, 261]
640	35.5	[88, 135, -54, 129, 98]	[-163, -147, -84, 20, -146]	[-151, -42, 16, -5, -177]	[-52, -160, -72, -85, -58]	[125, -62, -76, 46, -41]	[-107, -18, 13, -40, 64]	[-45, 48, 11, 89, 193]	[-70, -142, -125, -115, -152]	[-163, -94, -85, -93, -133]	[-31, -15, -19, -8, -82]	[146, 134, 122, 182, 43]	[10004, 10002, 9999, 9988, 10000]	[170, 175, 171, 197, 163]
641	32.5	[88, 135, -54, 135, 98]	[-162, -147, -84, 20, -146]	[-151, -44, 19, -8, -177]	[-52, -157, -73, -85, -58]	[124, -61, -76, 40, -25]	[-124, -11, 16, -38, 64]	[-45, 49, 9, 78, 170]	[-77, -142, -115, -116, -152]	[-163, -89, -87, -93, -129]	[-31, -15, -19, -8, -82]	[146, 134, 122, 182, 43]	[10004, 10002, 9999, 9988, 10000]	[170, 175, 171, 197, 163]
642	36.0	[88, 135, -54, 129, 98]	[-163, -147, -84, 20, -146]	[-151, -42, 16, -5, -177]	[-52, -160, -72, -85, -58]	[125, -62, -76, 46, -41]	[-107, -18, 13, -40, 64]	[-45, 48, 11, 89, 193]	[-70, -142, -125, -115, -152]	[-163, -94, -85, -93, -133]	[-31, -15, -19, -8, -82]	[146, 134, 122, 182, 43]	[10004, 9997, 9999, 9988, 10000]	[170, 175, 171, 197, 163]
643	42.5	[119, -10, -24, 5, 103]	[-102, -146, -70, 20, 186]	[-170, -38, 16, -2, -175]	[22, -113, -72, -60, -107]	[127, -82, -72, 38, 12]	[-58, -34, 9, -17, 157]	[-39, 70, 18, 83, 160]	[-63, -127, -115, -70, -166]	[-170, -191, -89, -123, -117]	[-5, -15, -8, -16, -71]	[73, 124, 115, 170, 125]	[10005, 9993, 9999, 9998, 10002]	[25, 123, 193, 257, 259]
644	39.0	[88, 135, -54, 131, 98]	[-162, -147, -84, 20, -146]	[-151, -44, 17, -8, -177]	[-52, -157, -73, -88, -58]	[131, -112, -64, 45, -35]	[-119, -28, 13, -28, 88]	[-55, 55, 14, 102, 173]	[-76, -140, -116, -72, -152]	[-170, -175, -101, -93, -128]	[-31, -14, -9, -11, -76]	[106, 126, 116, 178, 99]	[10004, 9999, 9999, 9993, 10000]	[170, 175, 171, 197, 163]
645	35.5	[113, -10, -24, 5, 103]	[-102, -146, -64, 20, 186]	[-170, -44, 19, 12, -174]	[-42, -187, -82, -97, -107]	[127, -82, -73, 31, 34]	[-90, -13, 10, -35, 132]	[-112, 49, 7, 108, 160]	[-83, -120, -118, -80, -69]	[-162, -114, -96, -114, -116]	[-25, -46, -16, -19, -58]	[73, 104, 114, 176, 6]	[10005, 10001, 9999, 9999, 10000]	[215, 123, 193, 276, 261]
646	38.0	[88, 135, -54, 129, 98]	[-163, -147, -84, 20, -146]	[-151, -42, 16, -5, -177]	[-52, -160, -72, -85, -58]	[125, -62, -76, 46, -41]	[-107, -33, 13, -26, 64]	[-39, 48, 11, 89, 193]	[-70, -142, -125, -115, -152]	[-163, -94, -85, -93, -133]	[-31, -15, -19, -8, -82]	[146, 134, 122, 182, 43]	[10004, 9997, 9999, 9988, 10000]	[170, 175, 171, 197, 163]
647	35.0	[119, -10, -24, 5, 103]	[-102, -146, -70, 20, 186]	[-170, -38, 16, -2, -175]	[22, -113, -72, -60, -107]	[127, -82, -72, 38, 12]	[-58, -34, 9, -17, 157]	[-39, 70, 11, 85, 160]	[-63, -133, -123, -72, -166]	[-168, -186, -85, -117, -122]	[-5, -15, -8, -15, -74]	[73, 124, 115, 170, 125]	[10005, 9993, 9999, 9998, 10002]	[25, 123, 193, 257, 259]
648	41.0	[113, 120, -24, 5, 103]	[-102, -146, -82, 20, 186]	[-170, -44, 18, 10, -167]	[-45, -169, -80, -90, -64]	[127, -107, -82, 28, 55]	[-90, -13, 13, -28, 121]	[-112, 48, 8, 108, 167]	[-61, -128, -117, -110, -155]	[-160, -140, -124, -123, -124]	[-54, -47, -3, -31, -58]	[73, 104, 114, 178, 6]	[10005, 10006, 9998, 10002, 9998]	[215, 123, 193, 276, 261]
649	34.5	[113, 120, -24, 5, 103]	[-102, -146, -82, 20, 186]	[-170, -44, 18, 10, -167]	[-45, -169, -80, -90, -64]	[127, -107, -82, 28, 55]	[-90, -13, 13, -28, 121]	[-109, 48, 9, 104, 167]	[-62, -115, -121, -96, -155]	[-160, -140, -124, -123, -124]	[-54, -47, -3, -31, -58]	[73, 104, 114, 178, 6]	[10005, 10006, 9998, 10002, 9998]	[215, 123, 193, 276, 261]
650	38.5	[119, -10, -24, 5, 103]	[-102, -146, -70, 20, 186]	[-170, -38, 16, -2, -175]	[22, -113, -72, -60, -107]	[127, -82, -72, 38, 12]	[-58, -34, 9, -17, 157]	[-39, 70, 11, 85, 160]	[-63, -133, -123, -72, -166]	[-168, -186, -85, -117, -122]	[-5, -15, -8, -15, -74]	[73, 124, 115, 170, 125]	[10005, 9993, 9999, 9998, 10002]	[25, 123, 193, 257, 259]
651	33.5	[88, 135, -54, 131, 98]	[-162, -147, -84, 20, -146]	[-151, -44, 17, -8, -177]	[-52, -157, -73, -88, -58]	[131, -108, -91, 46, -38]	[-119, -28, 12, -28, 88]	[-46, 55, 14, 104, 173]	[-74, -140, -119, -98, -152]	[-170, -175, -101, -93, -127]	[-31, -14, -13, -11, -76]	[76, 126, 116, 178, 99]	[10004, 9993, 9999, 9993, 10000]	[170, 175, 171, 197, 163]
652	41.0	[113, 120, -24, 5, 103]	[-102, -146, -82, 20, 186]	[-170, -44, 18, 10, -167]	[-45, -169, -80, -90, -64]	[127, -107, -82, 28, 55]	[-90, -13, 13, -28, 121]	[-112, 48, 8, 108, 167]	[-63, -131, -117, -110, -155]	[-170, -130, -119, -108, -124]	[-54, -47, -3, -31, -58]	[73, 104, 114, 178, 6]	[10005, 10006, 9998, 10002, 9998]	[215, 123, 193, 276, 261]
653	36.5	[88, 135, -54, 135, 98]	[-162, -147, -84, 20, -146]	[-151, -44, 19, -8, -177]	[-52, -157, -73, -87, -93]	[127, -85, -73, 30, -41]	[-57, -31, 19, -19, 64]	[-63, 54, 12, 89, 237]	[-77, -149, -117, -95, -167]	[-169, -148, -94, -93, -120]	[-31, -15, -19, -9, -77]	[146, 136, 120, 182, 58]	[10004, 10001, 9999, 9992, 10000]	[170, 175, 171, 197, 163]
654	37.5	[88, 135, -54, 129, 98]	[-163, -147, -84, 20, -146]	[-151, -42, 16, -5, -177]	[-52, -160, -72, -85, -58]	[125, -62, -76, 46, -41]	[-107, -18, 13, -40, 64]	[-45, 48, 11, 89, 193]	[-70, -142, -125, -115, -152]	[-163, -94, -85, -93, -133]	[-31, -15, -19, -14, -82]	[146, 134, 122, 182, 43]	[10004, 10002, 9999, 9988, 10000]	[170, 175, 171, 197, 163]
655	32.0	[88, 135, -54, 135, 98]	[-162, -147, -84, 20, -146]	[-151, -44, 19, -8, -177]	[-52, -157, -73, -87, -87]	[127, -85, -73, 30, -41]	[-57, -31, 19, -19, 64]	[-63, 54, 12, 89, 237]	[-77, -152, -117, -95, -167]	[-157, -94, -82, -93, -120]	[-31, -15, -19, -8, -82]	[146, 140, 122, 182, 43]	[10004, 10000, 9999, 9992, 10000]	[170, 175, 171, 197, 163]
656	38.5	[113, 120, -24, 5, 103]	[-102, -146, -82, 20, 186]	[-170, -44, 18, 10, -167]	[-45, -169, -80, -90, -64]	[127, -107, -82, 28, 55]	[-90, -13, 13, -28, 121]	[-112, 48, 8, 108, 167]	[-63, -131, -117, -110, -155]	[-170, -130, -119, -108, -124]	[-54, -47, -3, -31, -58]	[73, 104, 114, 178, 6]	[10005, 10006, 9998, 10002, 9998]	[215, 123, 193, 276, 261]
657	36.5	[88, 135, -54, 129, 98]	[-163, -147, -84, 20, -146]	[-151, -42, 16, -5, -177]	[-52, -160, -72, -85, -58]	[125, -62, -76, 46, -41]	[-107, -18, 13, -40, 64]	[-45, 48, 11, 89, 193]	[-67, -138, -123, -115, -152]	[-169, -175, -94, -93, -133]	[-20, -15, -8, -15, -71]	[118, 133, 122, 182, 43]	[10004, 10002, 9999, 9988, 10000]	[170, 175, 171, 197, 163]
658	43.0	[88, 135, -54, 129, 98]	[-163, -147, -84, 20, -146]	[-151, -42, 16, -5, -177]	[-52, -160, -72, -85, -58]	[125, -62, -76, 46, -41]	[-107, -18, 13, -40, 64]	[-45, 48, 11, 89, 193]	[-67, -138, -123, -115, -152]	[-169, -175, -94, -93, -133]	[-20, -15, -8, -15, -71]	[118, 133, 122, 182, 43]	[10004, 10002, 9999, 9988, 10000]	[170, 175, 171, 197, 163]
659	34.5	[113, 120, -24, 5, 103]	[-102, -146, -82, 20, 186]	[-170, -44, 18, 10, -167]	[-45, -169, -80, -90, -64]	[127, -107, -82, 28, 55]	[-79, -13, 13, -28, 121]	[-109, 53, 11, 97, 167]	[-62, -126, -121, -96, -155]	[-160, -140, -124, -123, -124]	[-54, -47, -3, -31, -58]	[73, 104, 114, 178, 6]	[10005, 10006, 10004, 10002, 9998]	[215, 123, 193, 276, 261]
660	34.0	[113, 120, -24, 5, 103]	[-102, -146, -82, 20, 186]	[-170, -44, 18, 10, -167]	[-45, -169, -80, -90, -64]	[127, -107, -82, 28, 55]	[-90, -13, 13, -28, 121]	[-112, 48, 8, 108, 167]	[-63, -131, -117, -110, -155]	[-170, -130, -119, -108, -124]	[-54, -47, -3, -31, -58]	[73, 104, 114, 178, 6]	[10005, 10006, 9998, 10002, 9998]	[215, 123, 193, 276, 261]
661	39.0	[88, 135, -54, 135, 98]	[-162, -147, -84, 20, -146]	[-151, -44, 19, -8, -177]	[-52, -157, -73, -87, -93]	[127, -85, -73, 30, -41]	[-57, -31, 9, -18, 73]	[-63, 54, 12, 89, 237]	[-77, -149, -117, -95, -167]	[-169, -148, -96, -96, -120]	[-31, -15, -19, -9, -77]	[146, 136, 120, 182, 58]	[10004, 10001, 9999, 9998, 10000]	[170, 175, 171, 197, 163]
662	37.5	[88, 135, -54, 135, 98]	[-162, -147, -84, 20, -146]	[-151, -44, 19, -8, -177]	[-52, -157, -73, -87, -93]	[127, -85, -73, 30, -41]	[-57, -31, 19, -19, 64]	[-63, 53, 11, 97, 237]	[-77, -147, -117, -95, -167]	[-162, -130, -96, -93, -120]	[-31, -15, -19, -9, -77]	[146, 136, 120, 182, 58]	[10004, 10001, 9999, 9998, 10000]	[170, 175, 171, 197, 163]
663	37.5	[113, 120, -24, 5, 103]	[-102, -146, -82, 20, 186]	[-170, -44, 18, 10, -167]	[-45, -169, -80, -90, -64]	[127, -107, -82, 28, 55]	[-90, -13, 13, -28, 121]	[-112, 48, 8, 108, 167]	[-63, -131, -117, -110, -155]	[-170, -130, -119, -108, -124]	[-54, -47, -3, -31, -58]	[73, 104, 114, 178, 6]	[10005, 10006, 9998, 10002, 9998]	[215, 123, 193, 276, 261]
664	33.0	[88, 135, -54, 135, 98]	[-162, -147, -84, 20, -146]	[-151, -44, 19, -8, -177]	[-52, -157, -73, -87, -93]	[127, -85, -73, 30, -41]	[-57, -31, 9, -18, 73]	[-63, 54, 12, 89, 237]	[-77, -149, -117, -95, -167]	[-169, -148, -96, -96, -120]	[-31, -15, -19, -9, -77]	[146, 136, 120, 182, 58]	[10004, 10001, 9999, 9998, 10000]	[170, 175, 171, 197, 163]
665	37.0	[88, 135, -54, 135, 98]	[-162, -147, -84, 20, -146]	[-151, -44, 19, -8, -177]	[-52, -157, -73, -87, -93]	[127, -85, -73, 30, -41]	[-63, -33, 13, -20, 64]	[-63, 54, 12, 89, 228]	[-77, -140, -119, -114, -165]	[-169, -118, -85, -113, -120]	[-31, -15, -14, -14, -60]	[102, 136, 120, 182, 58]	[10004, 10001, 9999, 9992, 10000]	[170, 175, 171, 197, 163]
666	38.5	[88, 135, -54, 129, 98]	[-163, -147, -84, 20, -146]	[-151, -42, 16, -5, -177]	[-58, -160, -72, -80, -58]	[125, -62, -73, 40, -37]	[-107, -28, 9, -32, 115]	[-45, 48, 11, 86, 217]	[-70, -142, -125, -85, -152]	[-163, -186, -85, -115, -127]	[-31, -15, -12, -11, -78]	[146, 131, 119, 177, 103]	[10004, 10002, 9999, 9990, 10000]	[170, 175, 171, 197, 163]
667	36.0	[88, 135, -54, 135, 98]	[-162, -147, -84, 20, -146]	[-151, -44, 19, -8, -177]	[-52, -157, -73, -87, -93]	[127, -85, -73, 30, -41]	[-57, -31, 9, -18, 73]	[-63, 54, 13, 89, 237]	[-74, -149, -117, -95, -167]	[-169, -148, -96, -96, -120]	[-31, -14, -14, -9, -77]	[146, 134, 118, 179, 58]	[10004, 10001, 9999, 9996, 10000]	[170, 175, 171, 197, 163]
668	36.0	[113, 120, -24, 5, 103]	[-102, -146, -82, 20, 186]	[-170, -38, 18, 10, -167]	[-45, -169, -80, -90, -64]	[127, -107, -82, 28, 55]	[-90, -13, 13, -28, 121]	[-112, 48, 8, 108, 167]	[-63, -131, -117, -110, -155]	[-170, -130, -119, -108, -124]	[-54, -47, -3, -31, -58]	[73, 104, 114, 178, 6]	[10005, 10006, 9998, 10002, 9998]	[215, 123, 193, 276, 261]
669	35.0	[113, 120, -24, 5, 103]	[-102, -146, -82, 20, 186]	[-170, -38, 18, 10, -167]	[-45, -169, -80, -90, -64]	[127, -107, -82, 28, 55]	[-90, -13, 13, -28, 121]	[-112, 48, 8, 108, 167]	[-63, -131, -117, -110, -155]	[-170, -130, -119, -108, -124]	[-54, -47, -3, -31, -58]	[73, 104, 114, 178, 6]	[10005, 10006, 9998, 10002, 9998]	[215, 123, 193, 276, 261]
670	41.0	[88, 135, -54, 135, 98]	[-162, -147, -84, 20, -146]	[-151, -44, 19, -8, -177]	[-52, -157, -73, -87, -93]	[127, -85, -73, 30, -41]	[-57, -31, 9, -18, 73]	[-63, 54, 13, 89, 237]	[-74, -149, -117, -95, -167]	[-169, -148, -96, -96, -120]	[-31, -14, -14, -9, -77]	[146, 134, 118, 179, 58]	[10004, 10001, 9999, 9996, 10000]	[170, 175, 171, 197, 163]
671	36.5	[88, 141, -54, 135, 98]	[-162, -147, -84, 20, -146]	[-151, -44, 19, -8, -177]	[-50, -143, -78, -87, -93]	[127, -85, -73, 30, -41]	[-57, -31, 19, -19, 64]	[-56, 53, 11, 97, 237]	[-77, -147, -117, -101, -162]	[-166, -130, -96, -93, -120]	[-31, -15, -19, -9, -77]	[143, 135, 120, 182, 58]	[10004, 10002, 9999, 9998, 10000]	[170, 175, 171, 197, 163]
672	40.0	[88, 136, -54, 135, 98]	[-162, -147, -84, 20, -146]	[-151, -44, 19, -8, -177]	[-52, -157, -73, -87, -93]	[127, -85, -70, 30, -41]	[-57, -31, 19, -25, 97]	[-63, 53, 11, 96, 237]	[-77, -152, -119, -95, -167]	[-162, -130, -84, -103, -120]	[-31, -15, -15, -11, -77]	[146, 136, 120, 182, 58]	[10004, 10001, 9999, 9998, 10000]	[170, 175, 171, 197, 163]
673	38.0	[88, 141, -54, 135, 98]	[-162, -147, -84, 20, -146]	[-151, -44, 19, -8, -177]	[-50, -143, -78, -87, -93]	[127, -85, -73, 30, -41]	[-57, -31, 19, -19, 64]	[-63, 53, 11, 97, 237]	[-77, -147, -117, -95, -167]	[-162, -130, -113, -94, -120]	[-31, -31, -17, -12, -58]	[146, 136, 115, 181, 58]	[10004, 10001, 9999, 9998, 10000]	[170, 152, 172, 197, 163]
674	39.0	[119, -10, -54, 5, 103]	[-102, -147, -71, 20, -72]	[-164, -39, 17, 5, -175]	[7, -140, -82, -92, -106]	[127, -84, -73, 38, 12]	[-58, -28, 10, -24, 146]	[-39, 70, 11, 85, 222]	[-63, -133, -123, -80, -166]	[-168, -186, -85, -117, -121]	[-27, -15, -14, -11, -77]	[140, 131, 118, 170, 125]	[10005, 9993, 9999, 9998, 10002]	[25, 123, 193, 257, 259]
675	33.5	[88, 141, -54, 35, 100]	[-162, -147, -84, 20, -146]	[-151, -44, 19, -8, -177]	[-52, -157, -73, -88, -93]	[127, -85, -73, 30, -11]	[-57, -31, 19, -26, 100]	[-63, 53, 11, 96, 237]	[-77, -152, -119, -95, -167]	[-162, -130, -84, -103, -120]	[-31, -15, -15, -11, -77]	[146, 136, 120, 182, 58]	[10004, 10001, 9999, 9992, 10000]	[170, 175, 171, 197, 163]
676	36.0	[88, 136, -54, 135, 98]	[-162, -147, -84, 20, -146]	[-151, -44, 19, -8, -177]	[-52, -157, -73, -87, -93]	[127, -85, -70, 30, -41]	[-57, -31, 19, -25, 97]	[-63, 53, 11, 96, 237]	[-77, -152, -119, -95, -167]	[-162, -130, -84, -103, -120]	[-31, -17, -3, -14, -65]	[146, 136, 120, 182, 52]	[10004, 10001, 9999, 9998, 9999]	[170, 175, 179, 197, 163]
677	39.5	[88, 136, -54, 135, 98]	[-163, -147, -84, 20, -146]	[-151, -44, 19, -8, -177]	[-52, -157, -72, -87, -93]	[127, -85, -73, 30, -41]	[-57, -29, 14, -26, 97]	[-63, 48, 11, 96, 237]	[-77, -150, -122, -95, -167]	[-162, -146, -84, -99, -121]	[-31, -15, -15, -13, -78]	[146, 136, 120, 182, 58]	[10004, 10001, 9999, 9998, 10000]	[170, 175, 171, 197, 163]
678	42.0	[88, 135, -54, 135, 98]	[-162, -147, -84, 20, -146]	[-151, -44, 19, -8, -177]	[-52, -157, -73, -87, -93]	[127, -85, -73, 31, -41]	[-73, -28, 9, -20, 64]	[-63, 54, 12, 89, 220]	[-77, -140, -123, -98, -165]	[-169, -118, -85, -113, -120]	[-31, -15, -14, -14, -60]	[102, 136, 120, 182, 58]	[10004, 10001, 9999, 9992, 10000]	[170, 175, 171, 197, 163]
679	37.5	[88, 141, -54, 135, 98]	[-162, -147, -84, 20, -146]	[-151, -44, 19, -8, -177]	[-50, -143, -78, -87, -93]	[127, -85, -73, 30, -41]	[-57, -31, 19, -19, 64]	[-63, 53, 11, 97, 237]	[-77, -147, -117, -95, -167]	[-162, -130, -113, -94, -120]	[-31, -31, -17, -12, -58]	[146, 136, 115, 181, 58]	[10004, 10001, 9999, 9998, 9994]	[170, 152, 172, 197, 163]
680	35.0	[119, -10, -54, 5, 103]	[-102, -147, -71, 20, -72]	[-164, -39, 17, 5, -175]	[7, -140, -82, -92, -106]	[127, -84, -73, 38, 12]	[-58, -28, 10, -24, 146]	[-39, 70, 11, 85, 222]	[-63, -133, -123, -80, -166]	[-168, -186, -85, -117, -121]	[-27, -15, -14, -11, -77]	[140, 131, 118, 170, 125]	[10005, 9993, 9999, 10004, 10002]	[25, 123, 193, 257, 259]
681	35.5	[88, 135, -54, 135, 98]	[-162, -147, -84, 20, -146]	[-151, -44, 19, -8, -177]	[-52, -157, -73, -87, -93]	[127, -85, -73, 31, -41]	[-73, -28, 9, -20, 64]	[-63, 54, 12, 89, 220]	[-77, -140, -123, -98, -165]	[-169, -118, -85, -113, -120]	[-31, -15, -14, -14, -60]	[102, 136, 120, 182, 58]	[10004, 10001, 9999, 9992, 10000]	[170, 175, 171, 197, 163]
682	43.0	[88, 135, -54, 135, 98]	[-162, -147, -84, 20, -146]	[-151, -44, 19, -8, -177]	[-52, -157, -73, -87, -93]	[127, -85, -73, 31, -41]	[-73, -28, 9, -20, 64]	[-63, 54, 12, 89, 220]	[-77, -140, -123, -98, -165]	[-169, -118, -85, -113, -120]	[-31, -15, -14, -14, -60]	[102, 136, 120, 182, 58]	[10004, 10001, 9999, 9992, 10000]	[170, 175, 171, 197, 163]
683	38.0	[119, -10, -54, 5, 103]	[-102, -147, -71, 20, -72]	[-164, -39, 17, 5, -175]	[7, -140, -82, -92, -106]	[127, -84, -73, 38, 12]	[-58, -28, 10, -24, 146]	[-39, 70, 11, 85, 222]	[-63, -133, -123, -80, -166]	[-168, -186, -85, -117, -121]	[-27, -15, -14, -11, -77]	[140, 131, 118, 170, 125]	[10005, 9993, 9999, 10004, 10002]	[25, 123, 193, 257, 259]
684	35.0	[119, -10, -54, 5, 103]	[-102, -147, -71, 20, -72]	[-164, -39, 17, 5, -175]	[7, -140, -82, -92, -106]	[127, -84, -73, 38, 12]	[-58, -28, 10, -24, 146]	[-39, 70, 11, 85, 222]	[-63, -133, -123, -80, -166]	[-168, -186, -85, -117, -121]	[-27, -15, -14, -11, -77]	[140, 131, 118, 170, 125]	[10005, 9993, 9999, 10004, 10002]	[25, 123, 193, 257, 259]
685	37.0	[88, 135, -54, 135, 98]	[-162, -147, -84, 20, -146]	[-151, -44, 19, -8, -177]	[-52, -157, -73, -87, -93]	[127, -85, -73, 30, -41]	[-57, -31, 9, -18, 73]	[-63, 54, 13, 89, 243]	[-74, -149, -117, -95, -167]	[-169, -148, -96, -96, -126]	[-31, -14, -8, -9, -77]	[146, 134, 118, 179, 58]	[10004, 10001, 9999, 9996, 10000]	[170, 175, 171, 197, 163]
686	37.0	[88, 141, -54, 135, 98]	[-162, -147, -84, 20, -146]	[-151, -44, 19, -8, -177]	[-50, -143, -78, -87, -93]	[127, -85, -73, 30, -41]	[-57, -31, 19, -19, 64]	[-63, 53, 11, 97, 237]	[-77, -147, -117, -95, -167]	[-162, -130, -113, -94, -120]	[-31, -31, -17, -12, -58]	[146, 136, 115, 181, 58]	[10004, 10001, 9999, 9998, 9994]	[170, 152, 172, 197, 163]
687	33.5	[88, 138, -54, 135, 98]	[-162, -147, -84, 20, -146]	[-151, -44, 19, -7, -177]	[-52, -157, -75, -87, -93]	[127, -85, -73, 32, -41]	[-57, -30, 18, -23, 99]	[-63, 51, 11, 96, 237]	[-77, -148, -121, -95, -165]	[-164, -118, -90, -106, -121]	[-31, -15, -15, -13, -78]	[146, 136, 120, 182, 58]	[10004, 10001, 9999, 9998, 10000]	[170, 181, 171, 197, 163]
688	36.5	[88, 135, -54, 135, 98]	[-162, -147, -84, 20, -146]	[-151, -44, 19, -8, -177]	[-52, -157, -73, -93, -93]	[127, -85, -73, 31, -41]	[-73, -28, 10, -21, 64]	[-63, 54, 11, 96, 220]	[-76, -134, -123, -93, -165]	[-169, -118, -85, -113, -120]	[-31, -15, -15, -14, -60]	[102, 136, 120, 182, 58]	[10004, 10001, 9999, 9992, 10000]	[170, 175, 171, 197, 163]
689	38.5	[119, -10, -54, 5, 103]	[-102, -147, -71, 20, -72]	[-164, -39, 16, -1, -175]	[7, -140, -80, -90, -97]	[128, -85, -73, 34, 9]	[-57, -28, 11, -22, 101]	[-50, 55, 11, 96, 220]	[-72, -140, -123, -93, -162]	[-166, -126, -87, -112, -121]	[-30, -15, -14, -10, -77]	[140, 131, 118, 170, 125]	[10005, 9993, 9999, 9998, 10002]	[31, 123, 193, 242, 241]
690	34.5	[88, 135, -54, 129, 98]	[-163, -147, -84, 20, -146]	[-151, -42, 19, -7, -177]	[-56, -160, -72, -80, -58]	[125, -62, -72, 37, -37]	[-107, -28, 13, -28, 115]	[-62, 49, 11, 89, 227]	[-75, -146, -115, -92, -156]	[-162, -135, -85, -93, -127]	[-31, -15, -12, -13, -78]	[146, 131, 119, 177, 52]	[10004, 10002, 9999, 9989, 10000]	[170, 175, 171, 197, 163]
691	40.5	[88, 141, -54, 135, 98]	[-162, -147, -84, 20, -146]	[-151, -44, 19, -8, -177]	[-50, -143, -78, -87, -93]	[127, -85, -73, 30, -41]	[-57, -31, 19, -19, 64]	[-63, 52, 11, 97, 237]	[-77, -147, -120, -95, -167]	[-162, -123, -113, -104, -120]	[-31, -31, -17, -13, -58]	[146, 136, 117, 181, 58]	[10004, 10001, 9999, 9998, 9994]	[170, 152, 171, 197, 163]
692	35.5	[88, 135, -54, 135, 98]	[-162, -147, -84, 20, -140]	[-151, -44, 19, -8, -177]	[-52, -143, -76, -91, -98]	[127, -85, -73, 24, -41]	[-57, -31, 9, -18, 73]	[-63, 54, 13, 89, 243]	[-74, -149, -117, -95, -167]	[-169, -148, -96, -96, -126]	[-31, -14, -8, -9, -77]	[146, 134, 118, 179, 58]	[10004, 10001, 9999, 9996, 10000]	[170, 175, 171, 197, 163]
693	37.0	[88, 135, -54, 135, 98]	[-162, -147, -84, 20, -146]	[-151, -44, 19, -8, -177]	[-52, -157, -73, -87, -93]	[127, -85, -73, 31, -41]	[-73, -28, 12, -21, 64]	[-63, 54, 12, 89, 220]	[-77, -140, -123, -98, -165]	[-169, -118, -85, -113, -120]	[-31, -15, -14, -14, -60]	[102, 136, 120, 182, 58]	[10004, 10001, 9999, 9992, 10000]	[170, 175, 171, 197, 163]
694	36.5	[102, 101, -54, 52, 98]	[-162, -147, -73, 20, -100]	[-160, -43, 17, 4, -177]	[-52, -151, -80, -93, -93]	[127, -85, -73, 37, -41]	[-67, -28, 10, -21, 64]	[-63, 54, 11, 96, 220]	[-76, -134, -123, -93, -165]	[-169, -118, -85, -113, -120]	[-31, -15, -15, -14, -60]	[102, 136, 120, 182, 58]	[10004, 10001, 9999, 9992, 10000]	[170, 175, 171, 197, 163]
695	37.0	[119, -10, -54, 5, 103]	[-102, -147, -71, 20, -72]	[-164, -39, 16, -1, -175]	[7, -140, -80, -90, -97]	[128, -85, -73, 34, 9]	[-57, -28, 11, -22, 101]	[-50, 55, 11, 96, 220]	[-72, -140, -123, -93, -162]	[-166, -126, -87, -112, -121]	[-30, -15, -14, -10, -77]	[140, 131, 118, 170, 125]	[10005, 9993, 9999, 9998, 10002]	[31, 123, 193, 242, 241]
696	36.5	[88, 135, -54, 135, 98]	[-162, -147, -84, 20, -146]	[-151, -44, 19, -8, -177]	[-54, -157, -73, -87, -93]	[127, -71, -74, 33, -41]	[-62, -30, 13, -20, 64]	[-52, 54, 11, 96, 228]	[-77, -151, -121, -91, -165]	[-162, -124, -85, -115, -124]	[-31, -15, -14, -11, -60]	[118, 136, 120, 182, 58]	[10004, 10001, 9999, 9993, 10000]	[170, 175, 171, 197, 163]
697	36.0	[88, 141, -54, 135, 98]	[-162, -147, -84, 20, -146]	[-151, -44, 19, -8, -177]	[-52, -157, -73, -87, -93]	[127, -85, -72, 30, -41]	[-57, -25, 19, -25, 97]	[-63, 53, 11, 96, 237]	[-77, -152, -119, -95, -167]	[-162, -130, -84, -103, -120]	[-31, -15, -15, -11, -77]	[146, 136, 120, 182, 58]	[10004, 10001, 9999, 9992, 10000]	[170, 175, 177, 197, 163]
698	39.5	[88, 141, -54, 135, 98]	[-162, -147, -84, 20, -146]	[-151, -44, 19, -8, -177]	[-52, -157, -73, -87, -93]	[127, -85, -70, 30, -41]	[-57, -30, 18, -22, 103]	[-63, 53, 11, 96, 241]	[-77, -152, -120, -95, -167]	[-162, -137, -85, -104, -120]	[-31, -15, -15, -11, -77]	[134, 136, 120, 182, 58]	[10004, 10001, 9999, 9992, 10000]	[170, 175, 177, 197, 163]
699	37.0	[88, 141, -54, 135, 98]	[-162, -147, -84, 20, -146]	[-151, -44, 19, -8, -177]	[-52, -157, -73, -87, -93]	[127, -85, -70, 30, -41]	[-57, -30, 18, -22, 103]	[-63, 53, 11, 96, 241]	[-77, -152, -120, -95, -167]	[-162, -137, -85, -104, -120]	[-31, -15, -15, -11, -77]	[134, 136, 120, 182, 58]	[10004, 10001, 9999, 9992, 10000]	[170, 175, 177, 197, 163]
700	33.5	[88, 141, -54, 135, 98]	[-162, -147, -84, 20, -146]	[-151, -44, 19, -8, -177]	[-52, -157, -73, -87, -93]	[127, -85, -70, 30, -41]	[-57, -30, -7, -22, 103]	[-63, 53, 11, 96, 241]	[-77, -152, -120, -95, -167]	[-162, -137, -85, -104, -120]	[-31, -15, -15, -11, -77]	[134, 136, 120, 182, 58]	[10004, 10001, 9999, 9992, 10000]	[170, 175, 177, 197, 163]
701	36.5	[88, 135, -54, 135, 98]	[-162, -147, -84, 14, -140]	[-151, -44, 19, -8, -177]	[-52, -143, -76, -91, -98]	[127, -85, -73, 24, -41]	[-57, -31, 15, -18, 73]	[-63, 53, 11, 93, 243]	[-75, -149, -117, -95, -167]	[-164, -143, -96, -96, -101]	[-31, -15, -13, -9, -77]	[146, 136, 118, 179, 58]	[10004, 10001, 9999, 9996, 10000]	[170, 175, 171, 197, 163]
702	37.5	[88, 141, -54, 135, 98]	[-162, -147, -84, 20, -146]	[-151, -44, 13, -8, -177]	[-52, -157, -73, -87, -93]	[127, -85, -70, 30, -41]	[-57, -30, -7, -22, 103]	[-63, 53, 11, 96, 241]	[-77, -152, -120, -95, -167]	[-162, -137, -85, -104, -120]	[-31, -15, -15, -11, -77]	[134, 136, 120, 182, 58]	[10004, 10001, 9999, 9992, 10000]	[170, 175, 177, 197, 163]
703	38.5	[88, 135, -54, 135, 98]	[-162, -153, -84, 20, -146]	[-151, -44, 19, -8, -177]	[-54, -157, -73, -87, -93]	[127, -71, -49, 33, -41]	[-62, -30, 13, -20, 64]	[-52, 54, 11, 96, 228]	[-77, -151, -121, -91, -165]	[-162, -124, -85, -115, -124]	[-31, -15, -14, -11, -60]	[118, 136, 120, 182, 58]	[10004, 10001, 9999, 9993, 10000]	[170, 175, 171, 197, 163]
704	34.0	[88, 141, -54, 135, 98]	[-162, -147, -84, 20, -146]	[-151, -44, 13, -8, -177]	[-52, -157, -73, -87, -93]	[127, -85, -70, 30, -41]	[-57, -30, -7, -22, 103]	[-63, 53, 11, 96, 241]	[-77, -152, -120, -95, -167]	[-162, -137, -85, -104, -120]	[-31, -15, -15, -11, -77]	[134, 136, 120, 182, 58]	[10004, 10001, 9999, 9992, 10000]	[170, 175, 177, 197, 163]
705	35.0	[88, 141, -54, 135, 98]	[-162, -147, -84, 20, -146]	[-151, -44, 13, -8, -177]	[-52, -157, -73, -87, -93]	[127, -85, -70, 30, -41]	[-57, -30, -7, -22, 103]	[-63, 53, 11, 96, 241]	[-77, -152, -120, -95, -167]	[-162, -137, -85, -104, -120]	[-31, -15, -15, -11, -77]	[134, 136, 120, 182, 58]	[10004, 10001, 9999, 9992, 10000]	[170, 175, 177, 197, 163]
706	35.5	[88, 141, -54, 135, 98]	[-162, -147, -84, 20, -146]	[-151, -44, -6, -8, -177]	[-52, -157, -73, -87, -93]	[127, -85, -72, 30, -41]	[-70, -27, 11, -25, 82]	[-63, 53, 11, 96, 237]	[-77, -152, -119, -95, -167]	[-162, -130, -84, -103, -120]	[-31, -15, -15, -11, -77]	[146, 136, 120, 182, 58]	[10004, 10001, 9999, 9992, 10000]	[170, 175, 177, 197, 163]
707	38.5	[94, 141, -54, 135, 98]	[-162, -153, -84, 20, -146]	[-151, -44, 19, -8, -177]	[-50, -143, -78, -87, -93]	[127, -85, -73, 30, -41]	[-57, -31, 19, -19, 64]	[-63, 52, 11, 97, 237]	[-77, -149, -121, -94, -166]	[-162, -123, -113, -114, -123]	[-31, -25, -17, -13, -58]	[146, 136, 117, 181, 64]	[10004, 10001, 9999, 9998, 9994]	[170, 152, 171, 197, 163]
708	36.0	[88, 135, -54, 129, 123]	[-163, -147, -84, 20, -146]	[-151, -42, 19, -7, -177]	[-56, -160, -72, -80, -58]	[125, -62, -72, 37, -37]	[-107, -28, 13, -28, 115]	[-62, 49, 11, 89, 227]	[-75, -140, -115, -92, -156]	[-162, -135, -85, -93, -127]	[-31, -15, -12, -13, -78]	[146, 131, 119, 177, 52]	[10004, 10002, 9999, 9989, 10000]	[170, 175, 171, 197, 163]
709	38.5	[88, 141, -54, 135, 98]	[-162, -147, -84, 20, -146]	[-151, -44, -6, -8, -177]	[-52, -157, -73, -87, -93]	[127, -85, -72, 30, -41]	[-73, -28, 11, -23, 71]	[-63, 54, 12, 92, 237]	[-77, -140, -118, -95, -167]	[-163, -131, -84, -104, -120]	[-32, -15, -14, -11, -77]	[146, 136, 120, 182, 58]	[10004, 10001, 9999, 9992, 10000]	[170, 175, 177, 197, 163]
710	33.5	[88, 135, -54, 135, 98]	[-162, -153, -84, 20, -146]	[-151, -44, 19, -8, -177]	[-54, -157, -73, -87, -93]	[127, -71, -49, 33, -41]	[-62, -30, 13, -20, 64]	[-52, 54, 11, 96, 228]	[-77, -151, -121, -91, -165]	[-162, -124, -85, -115, -124]	[-31, -15, -14, -11, -60]	[118, 136, 120, 182, 58]	[10004, 10001, 9999, 9993, 10000]	[170, 175, 171, 197, 163]
711	39.0	[88, 141, -54, 135, 98]	[-162, -147, -84, 20, -146]	[-151, -44, -6, -8, -177]	[-52, -157, -73, -87, -93]	[127, -85, -72, 30, -41]	[-73, -28, 11, -23, 71]	[-63, 54, 12, 92, 237]	[-77, -140, -118, -95, -167]	[-163, -131, -84, -104, -120]	[-32, -15, -14, -11, -77]	[146, 136, 120, 182, 58]	[10004, 10001, 9999, 9992, 10000]	[170, 175, 177, 197, 163]
712	36.0	[88, 141, -54, 135, 98]	[-162, -147, -84, 20, -146]	[-151, -44, -6, -8, -177]	[-52, -157, -73, -87, -93]	[127, -85, -72, 30, -41]	[-70, -27, 11, -25, 82]	[-63, 53, 11, 96, 237]	[-77, -152, -119, -95, -167]	[-162, -128, -85, -103, -120]	[-31, -15, -15, -11, -77]	[146, 136, 120, 182, 58]	[10004, 10001, 9999, 9992, 10000]	[170, 175, 177, 197, 163]
713	35.0	[88, 141, -54, 135, 98]	[-162, -147, -84, 20, -146]	[-151, -44, -6, -8, -177]	[-52, -157, -73, -87, -93]	[127, -85, -72, 30, -41]	[-70, -27, 11, -25, 82]	[-63, 53, 11, 96, 237]	[-77, -152, -119, -95, -167]	[-162, -128, -85, -103, -120]	[-31, -15, -15, -11, -77]	[146, 136, 120, 182, 58]	[10004, 10001, 9999, 9992, 10000]	[170, 175, 177, 197, 163]
714	37.0	[88, 140, -54, 135, 98]	[-162, -147, -83, 18, -140]	[-151, -44, 18, -8, -177]	[-27, -147, -74, -88, -97]	[127, -85, -73, 57, -45]	[-58, -28, 11, -22, 87]	[-52, 64, 11, 96, 233]	[-67, -144, -119, -94, -167]	[-164, -135, -87, -106, -101]	[-28, -15, -14, -11, -77]	[146, 136, 118, 179, 61]	[10004, 10001, 9999, 9996, 10000]	[170, 158, 189, 197, 163]
715	38.0	[88, 140, -54, 135, 98]	[-162, -147, -83, 18, -140]	[-151, -44, 18, -8, -177]	[-27, -147, -74, -88, -97]	[127, -85, -73, 57, -45]	[-58, -28, 11, -22, 87]	[-52, 64, 11, 96, 233]	[-67, -144, -119, -94, -167]	[-164, -135, -87, -106, -101]	[-28, -15, -14, -11, -77]	[146, 136, 118, 179, 61]	[10004, 10001, 9999, 9996, 10000]	[170, 158, 189, 197, 163]
716	37.0	[88, 140, -54, 135, 98]	[-162, -147, -83, 18, -140]	[-151, -44, 18, -8, -177]	[-27, -147, -74, -88, -97]	[127, -85, -73, 57, -45]	[-58, -28, 11, -22, 87]	[-52, 64, 11, 96, 233]	[-67, -144, -119, -94, -167]	[-164, -135, -87, -106, -101]	[-28, -15, -14, -11, -77]	[146, 136, 118, 179, 61]	[10004, 10001, 9999, 9996, 10000]	[170, 158, 189, 197, 163]
717	40.5	[88, 75, -54, 13, 98]	[-162, -147, -84, 20, -120]	[-151, -42, 18, -8, -177]	[-54, -157, -76, -68, -93]	[127, -85, -71, 34, -14]	[-59, -30, 13, -21, 94]	[-63, 55, 11, 96, 227]	[-77, -151, -120, -92, -165]	[-162, -124, -85, -108, -124]	[-31, -15, -14, -11, -64]	[118, 136, 120, 176, 58]	[10004, 10001, 9999, 9993, 10000]	[170, 175, 171, 197, 163]
718	38.5	[88, 135, -54, 135, 98]	[-162, -153, -84, 20, -146]	[-151, -44, 19, -8, -177]	[-54, -157, -73, -87, -93]	[127, -71, -49, 33, -41]	[-62, -30, 13, -20, 64]	[-52, 54, 11, 96, 228]	[-77, -151, -121, -91, -165]	[-162, -124, -85, -115, -124]	[-31, -15, -14, -11, -60]	[118, 136, 120, 182, 58]	[10004, 10001, 9999, 9993, 10000]	[170, 175, 171, 197, 163]
719	38.5	[94, 140, -54, 135, 98]	[-162, -153, -84, 20, -146]	[-151, -44, 19, -8, -177]	[-50, -143, -78, -87, -93]	[127, -85, -73, 30, -41]	[-57, -31, 19, -19, 64]	[-63, 52, 11, 97, 237]	[-71, -149, -121, -94, -166]	[-162, -123, -113, -114, -123]	[-31, -25, -17, -13, -58]	[146, 136, 117, 181, 64]	[10004, 10001, 9999, 9998, 9994]	[170, 152, 171, 197, 163]
720	38.0	[88, 135, -54, 135, 98]	[-162, -147, -84, 20, -140]	[-151, -44, 17, -8, -177]	[-52, -146, -73, -88, -98]	[127, -85, -73, 29, -16]	[-57, -28, 16, -20, 94]	[-63, 55, 11, 94, 236]	[-74, -149, -117, -96, -166]	[-163, -162, -94, -98, -126]	[-30, -15, -13, -12, -77]	[140, 135, 120, 181, 58]	[10004, 10001, 9999, 9992, 10000]	[170, 175, 171, 197, 163]
721	37.5	[94, 140, -54, 135, 98]	[-162, -153, -84, 20, -146]	[-151, -44, 19, -8, -177]	[-50, -143, -78, -87, -93]	[127, -85, -73, 30, -41]	[-57, -31, 19, -19, 64]	[-63, 52, 11, 97, 237]	[-71, -149, -121, -94, -166]	[-162, -123, -113, -114, -123]	[-31, -25, -17, -13, -58]	[146, 136, 117, 181, 64]	[10004, 10001, 9999, 9998, 9994]	[170, 152, 171, 197, 163]
722	39.0	[119, -10, -54, 5, 97]	[-102, -147, -77, 20, -72]	[-152, -39, 17, 5, -175]	[7, -140, -76, -92, -103]	[127, -84, -73, 69, 12]	[-58, -30, 18, -24, 146]	[-53, 68, 12, 85, 222]	[-70, -137, -122, -82, -166]	[-168, -186, -85, -115, -121]	[-27, -15, -14, -11, -77]	[140, 131, 120, 179, 68]	[10005, 10000, 9999, 9999, 9994]	[25, 123, 193, 257, 259]
723	37.5	[88, 135, -54, 135, 98]	[-162, -147, -84, 20, -140]	[-151, -44, 19, -8, -177]	[-52, -154, -76, -91, -98]	[127, -85, -73, 31, 2]	[-63, -31, 19, -20, 89]	[-62, 54, 12, 94, 238]	[-74, -149, -123, -96, -167]	[-167, -124, -93, -103, -124]	[-31, -15, -14, -10, -77]	[127, 133, 118, 176, 58]	[10004, 10001, 9999, 9993, 10000]	[170, 175, 173, 197, 163]
724	44.5	[88, 141, -54, 140, 98]	[-162, -147, -84, 18, -140]	[-151, -44, 18, -8, -177]	[-40, -148, -74, -87, -95]	[127, -85, -73, 57, -45]	[-58, -22, 11, -23, 73]	[-54, 59, 11, 96, 233]	[-69, -144, -119, -94, -167]	[-164, -134, -84, -104, -113]	[-29, -15, -14, -11, -77]	[146, 136, 118, 179, 61]	[10004, 10001, 9999, 9996, 10000]	[170, 158, 189, 197, 163]
725	37.0	[88, 135, -54, 135, 98]	[-162, -153, -84, 20, -146]	[-151, -44, 19, -8, -177]	[-54, -157, -73, -87, -93]	[127, -71, -49, 33, -41]	[-62, -30, 13, -20, 64]	[-52, 53, 11, 96, 228]	[-77, -151, -121, -91, -165]	[-162, -125, -85, -110, -124]	[-31, -21, -14, -11, -60]	[118, 136, 120, 182, 58]	[10004, 10001, 9999, 9993, 10000]	[170, 175, 171, 197, 163]
726	39.5	[88, 141, -54, 141, 98]	[-162, -147, -84, 20, -146]	[-151, -44, 6, -8, -177]	[-52, -157, -67, -87, -84]	[127, -71, -72, 33, -37]	[-73, -22, 11, -23, 71]	[-63, 55, 12, 89, 234]	[-77, -140, -118, -92, -158]	[-162, -154, -93, -100, -120]	[-31, -15, -13, -12, -77]	[146, 136, 120, 182, 58]	[10004, 10001, 9999, 9992, 10000]	[170, 175, 177, 197, 163]
727	35.5	[88, 135, -54, 135, 98]	[-162, -153, -84, 20, -146]	[-151, -44, 19, -8, -177]	[-54, -157, -73, -87, -93]	[127, -71, -49, 33, -41]	[-62, -30, 13, -20, 64]	[-52, 53, 11, 96, 228]	[-77, -151, -121, -91, -165]	[-162, -125, -85, -110, -124]	[-31, -21, -14, -11, -60]	[118, 136, 120, 182, 58]	[10004, 10001, 9999, 9993, 10000]	[170, 175, 171, 197, 163]
728	40.5	[88, 140, -54, 135, 98]	[-162, -147, -83, 20, -144]	[-151, -44, 5, -8, -177]	[-40, -151, -74, -87, -97]	[127, -85, -72, 49, -45]	[-58, -28, 11, -22, 74]	[-52, 64, 12, 96, 235]	[-67, -144, -119, -95, -167]	[-163, -131, -85, -98, -101]	[-28, -15, -14, -11, -77]	[146, 136, 120, 181, 61]	[10004, 10001, 9999, 9996, 10000]	[164, 158, 189, 197, 163]
729	37.0	[88, 135, -54, 135, 98]	[-162, -147, -84, 20, -140]	[-151, -44, 17, -8, -177]	[-52, -146, -73, -88, -98]	[127, -85, -73, 29, -16]	[-57, -28, 16, -20, 94]	[-63, 55, 11, 94, 236]	[-74, -149, -117, -96, -166]	[-157, -162, -94, -98, -126]	[-30, -15, -13, -12, -77]	[140, 135, 120, 181, 58]	[10004, 10001, 9999, 9992, 10000]	[170, 175, 171, 197, 163]
730	41.0	[88, 135, -54, 135, 98]	[-168, -147, -84, 20, -140]	[-151, -44, 19, -8, -177]	[-52, -154, -76, -91, -98]	[127, -85, -73, 31, 2]	[-63, -31, 19, -20, 89]	[-60, 54, 12, 94, 238]	[-74, -149, -123, -83, -166]	[-167, -124, -93, -103, -124]	[-31, -15, -14, -10, -77]	[127, 133, 118, 176, 58]	[10004, 10001, 9999, 9993, 10000]	[170, 175, 173, 197, 163]
731	47.5	[88, 135, -54, 135, 92]	[-162, -153, -84, 20, -146]	[-151, -44, 19, -8, -177]	[-54, -157, -73, -87, -93]	[127, -71, -49, 33, -41]	[-62, -30, 13, -20, 64]	[-52, 53, 11, 96, 228]	[-77, -151, -121, -91, -165]	[-162, -125, -85, -110, -124]	[-31, -21, -14, -11, -60]	[118, 136, 120, 182, 58]	[10004, 10001, 9999, 9993, 10000]	[170, 175, 176, 197, 163]
732	37.0	[88, 135, -54, 135, 92]	[-162, -153, -84, 20, -146]	[-151, -44, 19, -8, -177]	[-54, -157, -73, -87, -93]	[127, -71, -49, 33, -41]	[-62, -30, 13, -20, 64]	[-52, 53, 11, 96, 228]	[-77, -151, -121, -91, -165]	[-162, -125, -85, -110, -124]	[-31, -21, -14, -11, -60]	[118, 136, 120, 182, 58]	[10004, 10001, 9999, 9993, 10000]	[170, 175, 176, 197, 163]
733	33.0	[88, 135, -54, 135, 98]	[-162, -147, -84, 20, -140]	[-151, -42, 17, -8, -177]	[-52, -146, -73, -91, -98]	[127, -85, -72, 29, -16]	[-57, -28, 16, -21, 80]	[-63, 54, 11, 94, 236]	[-74, -152, -119, -96, -166]	[-163, -162, -94, -99, -126]	[-31, -15, -13, -12, -77]	[146, 135, 120, 182, 58]	[10004, 10001, 9999, 9992, 10000]	[170, 175, 171, 197, 163]
734	42.0	[88, 141, -54, 140, 98]	[-162, -151, -84, 18, -140]	[-151, -38, 18, -8, -177]	[-40, -148, -74, -87, -95]	[127, -79, -73, 67, -45]	[-58, -25, 12, -23, 75]	[-61, 57, 11, 96, 233]	[-69, -144, -119, -94, -166]	[-164, -134, -84, -104, -120]	[-30, -15, -15, -11, -77]	[146, 136, 120, 179, 60]	[10004, 10001, 9999, 9998, 9995]	[170, 158, 189, 200, 163]
735	43.5	[88, 141, -54, 141, 98]	[-162, -147, -84, 20, -146]	[-151, -44, 19, -8, -177]	[-52, -157, -71, -87, -84]	[127, -71, -67, 33, -37]	[-73, -25, 11, -23, 71]	[-56, 53, 12, 89, 234]	[-77, -150, -120, -92, -158]	[-162, -154, -93, -100, -120]	[-31, -20, -14, -12, -77]	[152, 136, 120, 182, 58]	[10004, 10001, 9999, 9992, 10000]	[170, 175, 177, 197, 163]
736	39.5	[119, -10, -54, 79, 97]	[-134, -149, -83, 19, -72]	[-152, -39, 17, 5, -177]	[-23, -145, -75, -92, -97]	[127, -82, -73, 69, 12]	[-58, -28, 15, -23, 120]	[-53, 59, 11, 96, 233]	[-70, -144, -122, -91, -166]	[-168, -173, -84, -105, -121]	[-27, -15, -14, -11, -77]	[140, 131, 119, 179, 63]	[10005, 10000, 9999, 9997, 9998]	[25, 142, 193, 220, 229]
737	37.5	[88, 141, -54, 140, 98]	[-162, -151, -84, 18, -140]	[-151, -38, 18, -8, -177]	[-40, -148, -74, -87, -95]	[127, -79, -73, 67, -45]	[-58, -25, 12, -23, 75]	[-61, 57, 11, 96, 233]	[-69, -144, -119, -94, -166]	[-164, -134, -84, -104, -120]	[-30, -15, -15, -11, -83]	[146, 136, 120, 179, 60]	[10004, 10001, 9999, 9998, 9995]	[170, 158, 189, 200, 163]
738	34.5	[88, 140, -54, 135, 98]	[-162, -147, -83, 20, -144]	[-151, -44, 5, -8, -177]	[-40, -151, -74, -87, -103]	[127, -85, -72, 49, -45]	[-58, -28, 11, -22, 74]	[-52, 64, 12, 96, 235]	[-67, -144, -119, -95, -167]	[-163, -131, -85, -98, -101]	[-28, -15, -14, -11, -77]	[146, 136, 120, 181, 61]	[10004, 10001, 9999, 9996, 10000]	[164, 158, 189, 197, 163]
739	32.5	[88, 135, -54, 135, 98]	[-162, -147, -84, 20, -140]	[-151, -44, 17, -8, -177]	[-52, -146, -73, -90, -98]	[127, -85, -73, 29, -16]	[-57, -28, 16, -21, 94]	[-63, 55, 11, 94, 236]	[-74, -149, -117, -96, -166]	[-157, -162, -94, -99, -126]	[-31, -15, -13, -12, -77]	[140, 135, 120, 181, 58]	[10004, 10001, 9999, 9992, 10000]	[170, 175, 171, 197, 163]
740	42.5	[88, 135, -54, 135, 98]	[-162, -147, -84, 20, -140]	[-151, -44, 17, -8, -177]	[-52, -146, -73, -90, -98]	[127, -85, -73, 29, -16]	[-57, -28, 16, -21, 94]	[-63, 55, 11, 94, 236]	[-74, -149, -117, -96, -166]	[-157, -162, -94, -99, -126]	[-31, -15, -13, -12, -77]	[140, 135, 120, 181, 58]	[10004, 10001, 9999, 9992, 10000]	[170, 175, 171, 197, 163]
741	37.5	[88, 135, -54, 135, 98]	[-168, -147, -84, 20, -140]	[-151, -44, 19, -8, -177]	[-52, -154, -76, -91, -98]	[127, -85, -73, 31, 2]	[-63, -31, 19, -20, 89]	[-60, 54, 12, 94, 238]	[-74, -149, -123, -83, -166]	[-167, -124, -93, -103, -124]	[-31, -15, -14, -10, -77]	[127, 133, 124, 176, 58]	[10004, 10001, 9999, 9993, 10000]	[170, 175, 173, 197, 163]
742	36.0	[88, 135, -54, 135, 98]	[-168, -147, -84, 20, -140]	[-151, -44, 19, -8, -177]	[-52, -154, -76, -91, -98]	[127, -85, -73, 31, 2]	[-63, -31, 19, -20, 89]	[-60, 54, 12, 94, 238]	[-74, -149, -123, -83, -166]	[-167, -124, -93, -103, -124]	[-31, -15, -14, -10, -77]	[127, 133, 124, 176, 58]	[10004, 10001, 9999, 9993, 10000]	[170, 175, 173, 197, 163]
743	39.0	[88, 135, -54, 135, 98]	[-162, -147, -84, 20, -140]	[-151, -44, 17, -8, -177]	[-52, -146, -73, -90, -98]	[127, -85, -73, 51, -16]	[-58, -28, 15, -22, 94]	[-61, 57, 11, 92, 236]	[-74, -144, -118, -88, -166]	[-165, -174, -87, -106, -126]	[-31, -15, -13, -12, -77]	[140, 133, 120, 180, 60]	[10004, 10001, 9999, 9992, 10000]	[170, 175, 171, 197, 163]
744	37.0	[88, 141, -54, 140, 98]	[-162, -151, -84, 18, -140]	[-151, -38, 18, -8, -177]	[-40, -148, -74, -87, -95]	[127, -82, -73, 61, -37]	[-58, -28, 12, -23, 75]	[-54, 55, 12, 96, 233]	[-69, -144, -122, -94, -166]	[-164, -157, -84, -104, -120]	[-30, -15, -15, -11, -83]	[146, 136, 120, 179, 60]	[10004, 10001, 9999, 9998, 9995]	[170, 158, 189, 200, 163]
745	34.5	[88, 135, -54, 135, 98]	[-168, -147, -84, 20, -140]	[-151, -44, 19, -8, -177]	[-52, -154, -76, -91, -98]	[127, -85, -73, 31, 2]	[-63, -31, 19, -20, 89]	[-60, 54, 12, 94, 238]	[-74, -149, -123, -83, -166]	[-167, -124, -93, -103, -124]	[-31, -15, -14, -10, -77]	[127, 133, 124, 176, 58]	[10004, 10001, 9999, 9993, 10000]	[170, 175, 173, 197, 163]
746	36.0	[88, 141, -54, 140, 98]	[-162, -151, -84, 18, -140]	[-151, -38, 18, -8, -177]	[-40, -148, -74, -87, -95]	[127, -82, -73, 61, -37]	[-58, -28, 12, -23, 75]	[-54, 55, 12, 96, 233]	[-69, -144, -122, -94, -166]	[-164, -157, -84, -104, -120]	[-30, -15, -15, -11, -83]	[146, 136, 120, 179, 60]	[10004, 10001, 9999, 9998, 9995]	[170, 158, 189, 200, 163]
747	40.0	[88, 141, -54, 140, 98]	[-162, -151, -84, 18, -140]	[-151, -38, 18, -8, -177]	[-40, -148, -74, -87, -95]	[127, -82, -73, 61, -37]	[-58, -28, 12, -23, 87]	[-54, 55, 11, 96, 233]	[-69, -144, -122, -94, -166]	[-164, -157, -84, -104, -120]	[-30, -15, -15, -11, -83]	[146, 136, 120, 179, 60]	[10004, 10001, 9999, 9998, 9995]	[170, 158, 189, 200, 163]
748	34.0	[88, 135, -54, 135, 98]	[-162, -147, -84, 20, -140]	[-151, -44, 17, -8, -177]	[-52, -146, -73, -90, -98]	[127, -85, -73, 29, -16]	[-57, -28, 16, -21, 94]	[-63, 55, 11, 94, 236]	[-74, -149, -117, -96, -166]	[-157, -162, -94, -99, -126]	[-31, -15, -13, -12, -77]	[140, 135, 120, 181, 58]	[10004, 10001, 9999, 9992, 10000]	[170, 175, 171, 197, 163]
749	33.5	[88, 135, -54, 135, 98]	[-162, -147, -84, 20, -140]	[-151, -44, 17, -8, -177]	[-52, -146, -73, -90, -98]	[127, -85, -73, 51, -16]	[-58, -28, 15, -22, 94]	[-61, 57, 11, 92, 236]	[-74, -144, -118, -88, -166]	[-165, -174, -87, -106, -126]	[-31, -15, -13, -12, -77]	[140, 133, 120, 180, 60]	[10004, 10001, 9999, 9992, 10000]	[170, 175, 171, 203, 163]
750	39.5	[88, 135, -54, 135, 98]	[-168, -147, -84, 20, -140]	[-151, -44, 19, -8, -177]	[-52, -154, -76, -91, -98]	[127, -85, -73, 31, 2]	[-63, -31, 19, -20, 89]	[-60, 54, 12, 94, 238]	[-74, -149, -123, -83, -166]	[-167, -124, -93, -103, -124]	[-31, -15, -14, -10, -77]	[127, 133, 124, 176, 58]	[10004, 10001, 9999, 9993, 10000]	[170, 175, 173, 197, 163]
751	42.0	[88, 135, -54, 135, 98]	[-162, -147, -84, 20, -140]	[-151, -44, 17, -8, -177]	[-52, -146, -73, -90, -98]	[127, -85, -73, 29, -16]	[-57, -28, 16, -21, 94]	[-63, 55, 11, 94, 236]	[-74, -149, -117, -96, -166]	[-157, -162, -94, -99, -126]	[-31, -15, -13, -12, -77]	[140, 135, 120, 181, 58]	[10004, 10001, 9999, 9992, 10000]	[170, 175, 171, 197, 163]
752	37.5	[88, 135, -54, 135, 98]	[-162, -147, -84, 20, -140]	[-151, -44, 17, -8, -177]	[-52, -140, -73, -88, -98]	[127, -85, -73, 29, -16]	[-57, -28, 16, -20, 94]	[-63, 55, 11, 94, 236]	[-74, -149, -117, -96, -166]	[-157, -162, -94, -104, -126]	[-24, -15, -13, -12, -77]	[140, 135, 120, 181, 58]	[10004, 10001, 9999, 9992, 10000]	[176, 175, 171, 197, 163]
753	34.0	[119, -10, -54, 5, 97]	[-152, -147, -82, 20, -72]	[-152, -43, 6, 5, -175]	[-34, -146, -76, -89, -103]	[127, -82, -73, 64, -9]	[-58, -28, 17, -21, 135]	[-54, 56, 12, 84, 233]	[-68, -142, -121, -89, -166]	[-163, -137, -85, -102, -104]	[-27, -15, -14, -11, -77]	[140, 133, 120, 179, 66]	[10005, 10001, 9999, 9999, 9988]	[164, 130, 179, 212, 259]
754	35.0	[88, 141, -54, 58, 97]	[-159, -147, -84, 20, -143]	[-151, -44, 10, -4, -177]	[-52, -152, -75, -87, -102]	[127, -84, -51, 27, -18]	[-73, -28, 17, -22, 64]	[-56, 54, 11, 93, 236]	[-75, -142, -120, -91, -158]	[-162, -154, -87, -102, -122]	[-28, -18, -14, -12, -66]	[132, 132, 120, 182, 63]	[10004, 10001, 9999, 9992, 10000]	[170, 175, 177, 197, 163]
755	33.0	[88, 135, -54, 135, 98]	[-162, -147, -84, 20, -140]	[-151, -44, 17, -8, -177]	[-52, -146, -73, -90, -98]	[127, -85, -73, 29, -16]	[-57, -28, 16, -21, 94]	[-63, 55, 11, 94, 236]	[-74, -149, -117, -96, -166]	[-157, -162, -94, -99, -126]	[-31, -15, -13, -12, -77]	[140, 135, 120, 181, 58]	[10004, 10001, 9999, 9992, 10000]	[170, 175, 171, 197, 163]
756	33.5	[88, 140, -54, 135, 98]	[-162, -147, -83, 20, -144]	[-151, -44, 5, -8, -177]	[-40, -149, -74, -87, -103]	[127, -85, -73, 49, -45]	[-58, -28, 15, -21, 74]	[-52, 60, 12, 92, 233]	[-67, -144, -120, -94, -166]	[-163, -131, -85, -98, -101]	[-28, -21, -14, -11, -77]	[146, 136, 120, 187, 61]	[10004, 10001, 9999, 9996, 10000]	[164, 158, 189, 197, 163]
757	39.0	[88, 135, -54, 135, 98]	[-162, -147, -84, 20, -140]	[-151, -44, 17, -8, -177]	[-52, -146, -73, -90, -98]	[127, -85, -73, 51, -16]	[-58, -28, 15, -22, 94]	[-61, 57, 11, 92, 236]	[-74, -144, -118, -88, -166]	[-165, -174, -87, -106, -126]	[-31, -15, -13, -12, -77]	[140, 133, 120, 180, 60]	[10004, 10001, 9999, 9992, 10000]	[170, 175, 165, 203, 163]
758	36.0	[88, 141, -54, 139, 98]	[-162, -147, -84, 20, -143]	[-151, -44, 19, -14, -177]	[-52, -152, -73, -87, -88]	[127, -81, -69, 29, -18]	[-73, -25, 13, -23, 71]	[-56, 54, 11, 89, 236]	[-77, -150, -121, -91, -160]	[-162, -136, -88, -106, -124]	[-31, -20, -14, -12, -77]	[152, 136, 120, 182, 58]	[10004, 10001, 9999, 9992, 10000]	[170, 175, 177, 197, 163]
759	36.5	[88, 141, -54, 58, 97]	[-159, -147, -84, 20, -143]	[-151, -44, 16, -4, -177]	[-52, -152, -75, -87, -102]	[127, -84, -51, 27, -18]	[-73, -28, 17, -22, 64]	[-56, 54, 11, 93, 236]	[-75, -142, -120, -91, -158]	[-162, -154, -87, -102, -122]	[-28, -18, -14, -12, -66]	[132, 132, 120, 182, 63]	[10004, 10001, 9999, 9992, 10000]	[170, 175, 177, 197, 163]
760	37.0	[88, 136, -54, 135, 98]	[-162, -147, -84, 20, -140]	[-145, -44, 17, -8, -177]	[-52, -140, -73, -88, -98]	[127, -85, -73, 29, -16]	[-57, -28, 16, -20, 94]	[-63, 55, 11, 94, 236]	[-74, -149, -117, -96, -166]	[-157, -162, -94, -104, -126]	[-24, -15, -13, -12, -77]	[140, 135, 120, 181, 58]	[10004, 10001, 9999, 9992, 10000]	[176, 175, 171, 197, 163]
761	40.0	[88, 135, -54, 135, 98]	[-162, -147, -84, 20, -140]	[-151, -44, 17, -8, -177]	[-52, -146, -73, -90, -98]	[127, -85, -73, 29, -16]	[-57, -28, 16, -21, 94]	[-63, 55, 11, 94, 236]	[-74, -149, -117, -96, -166]	[-157, -162, -94, -99, -126]	[-31, -15, -13, -12, -77]	[140, 135, 120, 181, 58]	[10004, 10001, 9999, 9992, 10000]	[170, 175, 171, 197, 163]
762	38.5	[88, 141, -54, 58, 97]	[-159, -147, -84, 20, -143]	[-151, -44, 16, -4, -177]	[-52, -152, -75, -87, -102]	[127, -84, -51, 27, -18]	[-73, -28, 17, -22, 64]	[-56, 54, 11, 93, 236]	[-75, -142, -120, -91, -158]	[-162, -154, -87, -102, -122]	[-28, -18, -14, -12, -66]	[132, 132, 120, 182, 63]	[10004, 10001, 9999, 9992, 10000]	[170, 175, 177, 197, 163]
763	38.0	[88, 135, -54, 135, 98]	[-162, -147, -84, 19, -105]	[-151, -39, 17, -8, -177]	[-52, -147, -76, -91, -98]	[127, -82, -73, 49, -8]	[-57, -29, 19, -21, 94]	[-63, 54, 11, 95, 236]	[-74, -149, -117, -96, -166]	[-161, -160, -86, -99, -122]	[-31, -15, -15, -11, -77]	[140, 135, 120, 175, 58]	[10004, 10001, 9999, 9992, 9998]	[170, 164, 177, 199, 163]
764	35.5	[88, 141, -54, 58, 97]	[-159, -147, -84, 20, -143]	[-151, -44, 16, -4, -177]	[-52, -152, -75, -87, -102]	[127, -84, -51, 27, -18]	[-73, -28, 17, -22, 64]	[-56, 54, 11, 93, 236]	[-75, -142, -120, -91, -158]	[-162, -154, -87, -102, -122]	[-28, -18, -14, -12, -66]	[132, 132, 120, 182, 63]	[10004, 10001, 9999, 9992, 10000]	[170, 175, 177, 197, 163]
765	36.5	[88, 135, -54, 135, 98]	[-168, -147, -84, 20, -140]	[-151, -44, 19, -8, -177]	[-52, -154, -76, -91, -98]	[127, -85, -73, 31, 2]	[-71, -28, 19, -20, 89]	[-59, 54, 12, 94, 238]	[-74, -149, -123, -84, -166]	[-167, -124, -93, -103, -124]	[-31, -15, -14, -10, -77]	[127, 133, 124, 176, 58]	[10004, 10001, 9999, 9996, 10000]	[170, 175, 173, 197, 163]
766	37.0	[88, 135, -54, 135, 98]	[-168, -147, -84, 20, -140]	[-151, -44, 19, -8, -177]	[-52, -154, -76, -91, -98]	[127, -85, -73, 31, 2]	[-63, -30, 17, -20, 89]	[-57, 54, 12, 93, 237]	[-74, -149, -120, -90, -166]	[-164, -142, -91, -102, -124]	[-31, -15, -14, -11, -66]	[127, 132, 120, 178, 58]	[10004, 10001, 9999, 9996, 10000]	[170, 175, 176, 197, 163]
767	35.5	[88, 135, -54, 135, 98]	[-168, -147, -84, 20, -140]	[-151, -44, 19, -8, -177]	[-52, -154, -76, -91, -98]	[127, -85, -73, 31, 2]	[-64, -30, 17, -20, 89]	[-57, 54, 12, 93, 237]	[-70, -149, -121, -90, -166]	[-167, -144, -92, -102, -124]	[-31, -15, -14, -10, -66]	[127, 132, 120, 176, 58]	[10004, 10001, 9999, 9996, 10000]	[170, 175, 176, 197, 163]
768	34.5	[88, 136, -54, 135, 98]	[-162, -147, -84, 20, -140]	[-145, -44, 17, -8, -177]	[-52, -140, -73, -90, -98]	[133, -85, -73, 29, -16]	[-57, -28, 16, -20, 94]	[-63, 55, 11, 94, 236]	[-74, -149, -117, -96, -166]	[-157, -162, -94, -104, -126]	[-24, -15, -13, -12, -77]	[140, 135, 120, 181, 58]	[10004, 10001, 9999, 9992, 10000]	[176, 175, 171, 197, 163]
769	37.5	[88, 135, -54, 135, 98]	[-162, -147, -84, 20, -105]	[-151, -39, 17, -8, -177]	[-52, -147, -76, -90, -98]	[127, -85, -73, 49, -8]	[-57, -28, 17, -22, 94]	[-63, 56, 11, 93, 236]	[-74, -144, -119, -92, -166]	[-161, -164, -86, -104, -123]	[-31, -17, -14, -12, -77]	[134, 132, 120, 175, 58]	[10004, 10001, 9999, 9992, 10000]	[170, 167, 177, 199, 163]
770	35.0	[119, -10, -54, 5, 97]	[-152, -147, -82, 20, -72]	[-152, -43, 6, 5, -175]	[-34, -146, -76, -89, -103]	[127, -82, -73, 64, -9]	[-58, -28, 17, -21, 135]	[-54, 56, 12, 84, 233]	[-68, -142, -121, -89, -166]	[-163, -137, -85, -102, -104]	[-27, -15, -14, -11, -77]	[140, 133, 120, 179, 66]	[10011, 10001, 9999, 9999, 9988]	[164, 130, 179, 212, 259]
771	36.5	[88, 141, -54, 58, 97]	[-159, -147, -84, 20, -143]	[-151, -44, 4, -4, -177]	[-52, -152, -75, -87, -102]	[127, -85, -55, 29, -18]	[-73, -28, 15, -22, 64]	[-52, 55, 11, 93, 236]	[-73, -146, -117, -96, -161]	[-162, -143, -90, -102, -122]	[-33, -20, -14, -12, -75]	[139, 135, 120, 183, 63]	[10004, 10001, 9999, 9992, 10000]	[170, 175, 172, 197, 163]
772	33.0	[88, 135, -54, 135, 98]	[-162, -147, -84, 19, -105]	[-151, -39, 17, -8, -177]	[-52, -147, -76, -91, -98]	[127, -82, -73, 49, -8]	[-57, -29, 19, -21, 94]	[-63, 54, 11, 95, 236]	[-70, -149, -118, -96, -166]	[-163, -157, -80, -99, -122]	[-29, -15, -14, -11, -77]	[140, 135, 120, 175, 58]	[10004, 10001, 9999, 9992, 9998]	[170, 164, 177, 199, 163]
773	37.0	[88, 141, -54, 58, 97]	[-159, -147, -84, 20, -143]	[-151, -44, 4, -4, -177]	[-52, -152, -75, -87, -102]	[127, -85, -55, 29, -18]	[-73, -28, 15, -22, 64]	[-52, 55, 11, 93, 236]	[-73, -146, -117, -96, -161]	[-162, -143, -90, -102, -122]	[-33, -20, -14, -12, -75]	[139, 135, 120, 183, 63]	[10004, 10001, 9999, 9992, 10000]	[170, 175, 172, 197, 163]
774	38.0	[88, 135, -54, 135, 98]	[-162, -147, -84, 20, -140]	[-150, -44, 17, -8, -177]	[-52, -141, -73, -90, -98]	[127, -85, -73, 29, -16]	[-57, -28, 16, -20, 94]	[-63, 55, 11, 94, 236]	[-74, -149, -117, -96, -166]	[-152, -162, -94, -103, -126]	[-31, -15, -13, -12, -77]	[140, 135, 120, 181, 58]	[10004, 10001, 9999, 9992, 10000]	[170, 175, 171, 197, 163]
775	34.0	[88, 135, -54, 135, 98]	[-168, -147, -84, 20, -140]	[-151, -44, 19, -8, -177]	[-52, -154, -76, -91, -98]	[127, -85, -73, 31, -4]	[-71, -28, 19, -20, 89]	[-59, 54, 12, 94, 238]	[-74, -149, -123, -84, -166]	[-167, -124, -93, -103, -124]	[-31, -15, -14, -10, -77]	[127, 133, 124, 176, 58]	[10004, 10001, 9999, 9996, 10000]	[170, 175, 173, 197, 163]
776	41.0	[88, 135, -54, 135, 98]	[-168, -147, -84, 20, -140]	[-151, -44, 19, -8, -177]	[-52, -154, -76, -91, -98]	[127, -85, -73, 31, 2]	[-69, -30, 17, -20, 89]	[-57, 54, 12, 93, 237]	[-74, -149, -120, -90, -166]	[-163, -144, -91, -102, -124]	[-31, -15, -14, -11, -66]	[127, 132, 120, 178, 58]	[10004, 10001, 9999, 9996, 10000]	[170, 181, 176, 197, 163]
777	37.0	[88, 135, -54, 135, 98]	[-168, -147, -84, 20, -140]	[-151, -44, 19, -8, -177]	[-52, -145, -76, -91, -98]	[127, -85, -73, 39, -14]	[-59, -30, 16, -20, 89]	[-57, 54, 11, 93, 237]	[-71, -147, -119, -90, -166]	[-161, -154, -89, -102, -130]	[-31, -17, -14, -10, -66]	[127, 132, 120, 176, 58]	[10004, 10001, 9999, 9996, 10000]	[170, 175, 176, 203, 163]
778	35.5	[88, 136, -54, 135, 98]	[-161, -147, -83, 20, -126]	[-157, -43, 10, -8, -177]	[-44, -148, -76, -89, -101]	[127, -85, -72, 49, -8]	[-57, -28, 17, -22, 94]	[-63, 56, 11, 93, 236]	[-74, -144, -119, -92, -166]	[-161, -164, -86, -104, -123]	[-31, -17, -14, -12, -77]	[134, 132, 120, 176, 58]	[10004, 10001, 9999, 9992, 10000]	[170, 167, 177, 199, 163]
779	38.0	[88, 135, -54, 135, 98]	[-168, -147, -84, 20, -140]	[-151, -44, 19, -8, -177]	[-52, -154, -76, -91, -98]	[127, -85, -73, 31, -4]	[-71, -28, 19, -20, 89]	[-59, 54, 12, 94, 238]	[-74, -149, -123, -84, -166]	[-167, -124, -93, -103, -124]	[-31, -15, -14, -10, -77]	[127, 133, 124, 176, 58]	[10004, 10001, 9999, 9996, 10000]	[170, 175, 173, 197, 163]
780	37.0	[88, 135, -54, 135, 98]	[-168, -147, -84, 20, -140]	[-151, -44, 19, -8, -177]	[-52, -145, -76, -91, -98]	[127, -85, -73, 39, -14]	[-59, -30, 16, -20, 89]	[-57, 54, 11, 93, 237]	[-71, -147, -119, -90, -166]	[-161, -154, -89, -102, -130]	[-31, -17, -14, -10, -66]	[127, 132, 120, 176, 58]	[10004, 10001, 9999, 9996, 10000]	[170, 175, 176, 203, 163]
781	38.0	[88, 141, -54, 139, 98]	[-162, -147, -84, 20, -143]	[-151, -44, 19, -14, -177]	[-52, -152, -73, -87, -88]	[127, -81, -69, 29, -18]	[-73, -25, 13, -23, 71]	[-56, 54, 11, 89, 236]	[-77, -150, -121, -91, -160]	[-162, -136, -88, -106, -124]	[-25, -20, -14, -18, -77]	[152, 136, 120, 182, 58]	[10004, 10001, 10005, 9992, 10000]	[170, 175, 177, 197, 163]
782	33.5	[88, 136, -54, 135, 98]	[-162, -153, -84, 20, -140]	[-145, -44, 17, -8, -177]	[-52, -140, -73, -90, -98]	[133, -85, -73, 29, -16]	[-57, -28, 16, -20, 94]	[-63, 55, 11, 94, 236]	[-74, -149, -117, -96, -166]	[-157, -162, -94, -104, -126]	[-24, -15, -13, -12, -77]	[140, 135, 120, 181, 58]	[10004, 10001, 9999, 9992, 9998]	[176, 175, 171, 197, 163]
783	33.0	[88, 141, -54, 139, 98]	[-162, -147, -84, 20, -143]	[-151, -44, 19, -14, -177]	[-52, -152, -73, -87, -88]	[127, -81, -69, 29, -18]	[-73, -25, 13, -23, 71]	[-56, 54, 11, 89, 236]	[-77, -150, -121, -91, -160]	[-162, -136, -88, -106, -124]	[-25, -20, -14, -18, -77]	[152, 136, 120, 182, 58]	[10004, 10001, 10005, 9992, 10000]	[170, 175, 177, 197, 163]
784	37.5	[119, -10, -54, 5, 97]	[-152, -147, -82, 20, -72]	[-152, -43, 6, 5, -175]	[-34, -146, -76, -89, -103]	[127, -82, -73, 64, -9]	[-58, -28, 17, -21, 135]	[-54, 56, 12, 84, 233]	[-68, -142, -121, -89, -166]	[-163, -137, -85, -102, -104]	[-27, -15, -14, -11, -77]	[140, 133, 120, 179, 66]	[10011, 10001, 9999, 9999, 9988]	[164, 130, 179, 212, 259]
785	39.0	[88, 136, -54, 135, 98]	[-162, -153, -84, 20, -140]	[-145, -44, 17, -8, -177]	[-52, -140, -73, -90, -98]	[133, -85, -73, 29, -16]	[-57, -28, 16, -20, 94]	[-63, 55, 11, 94, 236]	[-74, -149, -117, -96, -166]	[-157, -162, -94, -104, -126]	[-24, -15, -13, -12, -77]	[140, 135, 120, 181, 58]	[10004, 10001, 9999, 9992, 9998]	[176, 175, 171, 197, 163]
786	36.0	[88, 137, -54, 117, 97]	[-161, -147, -84, 20, -105]	[-157, -43, 10, -8, -177]	[-44, -148, -75, -87, -101]	[127, -85, -55, 40, -8]	[-57, -28, 17, -22, 94]	[-63, 56, 11, 93, 236]	[-74, -144, -119, -92, -166]	[-161, -164, -86, -108, -123]	[-31, -18, -14, -11, -77]	[146, 136, 120, 176, 58]	[10004, 10001, 9999, 9992, 10000]	[170, 167, 177, 199, 163]
787	39.5	[88, 135, -54, 135, 98]	[-168, -147, -84, 20, -140]	[-152, -44, 19, -8, -177]	[-52, -154, -76, -89, -98]	[127, -85, -73, 47, -4]	[-66, -28, 19, -22, 89]	[-63, 55, 11, 94, 238]	[-74, -148, -123, -89, -166]	[-167, -130, -93, -103, -124]	[-31, -15, -14, -10, -77]	[127, 133, 124, 182, 58]	[10004, 10001, 9999, 9996, 10000]	[170, 175, 173, 197, 163]
788	36.5	[88, 135, -54, 135, 98]	[-168, -147, -84, 20, -140]	[-151, -44, 19, -8, -177]	[-52, -154, -76, -91, -98]	[127, -85, -73, 31, 2]	[-69, -30, 17, -20, 89]	[-57, 54, 12, 93, 237]	[-74, -149, -121, -90, -166]	[-163, -144, -91, -102, -124]	[-31, -15, -14, -11, -66]	[127, 132, 120, 178, 58]	[10004, 10001, 9999, 9996, 9994]	[170, 181, 176, 197, 163]
789	34.5	[88, 136, -54, 135, 98]	[-162, -153, -84, 20, -140]	[-145, -44, 17, -8, -177]	[-52, -140, -73, -90, -98]	[133, -85, -73, 29, -16]	[-57, -28, 16, -20, 94]	[-63, 55, 11, 94, 236]	[-74, -149, -117, -96, -166]	[-157, -162, -94, -104, -126]	[-24, -15, -13, -12, -77]	[140, 135, 120, 181, 58]	[10004, 10001, 9999, 9992, 9998]	[176, 175, 171, 197, 163]
790	39.0	[88, 135, -54, 135, 98]	[-168, -147, -84, 20, -105]	[-151, -39, 17, -8, -177]	[-52, -148, -76, -88, -104]	[127, -85, -73, 43, -3]	[-59, -28, 16, -21, 94]	[-53, 57, 11, 93, 237]	[-72, -145, -119, -89, -166]	[-161, -158, -89, -99, -123]	[-29, -15, -14, -11, -68]	[130, 132, 120, 176, 62]	[10004, 10001, 9999, 9992, 10000]	[170, 167, 177, 197, 163]
791	39.5	[88, 135, -54, 135, 98]	[-168, -147, -84, 20, -140]	[-152, -44, 19, -8, -177]	[-52, -154, -76, -89, -98]	[127, -85, -73, 47, -4]	[-66, -28, 19, -22, 89]	[-63, 55, 11, 94, 238]	[-74, -148, -123, -89, -166]	[-167, -130, -93, -103, -124]	[-31, -15, -14, -10, -77]	[127, 133, 124, 182, 58]	[10004, 10001, 9999, 9996, 10000]	[170, 175, 173, 197, 163]
792	39.5	[88, 137, -54, 117, 97]	[-161, -147, -84, 20, -105]	[-157, -43, 10, -8, -177]	[-44, -148, -75, -87, -101]	[127, -85, -55, 40, -8]	[-57, -28, 17, -22, 94]	[-63, 56, 11, 93, 236]	[-74, -144, -119, -92, -166]	[-161, -164, -86, -108, -123]	[-31, -18, -14, -11, -77]	[146, 136, 120, 176, 58]	[10004, 10001, 9999, 9992, 9994]	[170, 167, 177, 199, 163]
793	36.0	[88, 137, -54, 117, 97]	[-161, -147, -84, 20, -105]	[-157, -43, 10, -8, -177]	[-44, -148, -75, -87, -101]	[127, -85, -55, 40, -8]	[-57, -28, 17, -22, 94]	[-63, 56, 11, 93, 236]	[-74, -144, -119, -92, -166]	[-161, -164, -86, -108, -123]	[-31, -18, -14, -11, -77]	[146, 136, 120, 176, 58]	[10004, 10001, 9999, 9992, 9994]	[170, 167, 177, 199, 163]
794	39.0	[88, 137, -54, 117, 97]	[-161, -147, -84, 20, -105]	[-157, -37, 10, -8, -177]	[-44, -148, -75, -87, -101]	[127, -85, -55, 40, -8]	[-57, -28, 17, -22, 94]	[-63, 56, 11, 93, 236]	[-74, -144, -119, -92, -166]	[-161, -164, -86, -108, -123]	[-31, -18, -14, -11, -77]	[146, 136, 120, 176, 58]	[10004, 10001, 9999, 9992, 9994]	[170, 167, 177, 199, 163]
795	35.0	[88, 137, -54, 117, 97]	[-161, -147, -84, 20, -105]	[-157, -37, 10, -8, -177]	[-44, -148, -75, -87, -101]	[127, -85, -55, 40, -8]	[-57, -28, 17, -22, 94]	[-63, 56, 11, 93, 236]	[-74, -144, -119, -92, -166]	[-161, -164, -86, -108, -123]	[-31, -18, -14, -11, -77]	[146, 136, 120, 176, 58]	[10004, 10001, 9999, 9992, 9994]	[170, 167, 177, 199, 163]
796	37.0	[88, 135, -54, 135, 98]	[-168, -147, -84, 20, -140]	[-151, -44, 19, -8, -177]	[-52, -145, -76, -91, -98]	[127, -85, -73, 39, -14]	[-59, -30, 16, -20, 89]	[-57, 55, 11, 93, 237]	[-71, -147, -119, -90, -166]	[-161, -147, -93, -107, -130]	[-31, -23, -14, -10, -74]	[127, 132, 120, 176, 58]	[10004, 10001, 9999, 9996, 10000]	[170, 175, 176, 203, 163]
797	39.5	[88, 135, -54, 52, 98]	[-162, -147, -82, 20, -88]	[-151, -43, 17, -8, -177]	[-52, -148, -76, -91, -98]	[127, -83, -73, 52, -4]	[-71, -28, 18, -22, 96]	[-58, 55, 12, 94, 234]	[-70, -148, -118, -89, -166]	[-163, -146, -84, -99, -122]	[-29, -15, -14, -11, -77]	[140, 133, 120, 179, 52]	[10004, 10001, 9999, 9992, 10004]	[170, 164, 177, 199, 163]
798	40.5	[88, 136, -54, 135, 98]	[-162, -153, -84, 20, -140]	[-145, -44, 17, -8, -177]	[-52, -140, -73, -90, -98]	[133, -85, -73, 29, -16]	[-57, -28, 16, -20, 94]	[-63, 55, 11, 94, 236]	[-74, -149, -117, -96, -166]	[-157, -162, -94, -104, -126]	[-29, -16, -13, -12, -77]	[140, 135, 120, 179, 58]	[10004, 10001, 9999, 9992, 9998]	[176, 175, 171, 197, 163]
799	37.5	[88, 137, -54, 117, 97]	[-161, -147, -84, 20, -105]	[-157, -43, 10, -8, -177]	[-44, -148, -75, -87, -101]	[127, -85, -55, 40, -8]	[-69, -28, 17, -22, 94]	[-63, 56, 11, 93, 236]	[-74, -149, -119, -92, -166]	[-161, -164, -86, -104, -123]	[-31, -19, -14, -11, -77]	[146, 135, 120, 175, 58]	[10004, 10009, 9999, 9992, 10000]	[170, 174, 177, 199, 163]
