generation	fitness	corner	c	a1	a2	b1	b2	b3	x	o1	o2	wp	ww	we
200	16.5	[203, 40, -258, 22, -100]	[-171, -132, 81, 9, 187]	[-174, -168, 97, -45, -169]	[40, 85, -173, -42, -106]	[141, 90, -121, -40, 223]	[-195, -7, 90, 70, 281]	[-148, 13, 13, 22, 265]	[-189, 47, -97, -161, -16]	[-177, -122, -112, 18, -16]	[-142, -23, 26, 59, -151]	[4, 173, 123, 184, -44]	[10005, 10000, 10000, 10001, 10000]	[175, -252, 134, 162, 277]
201	20.0	[203, 40, -258, 22, -106]	[-171, -132, 105, 0, 187]	[-174, -168, 97, -45, -169]	[40, 90, -176, -38, -100]	[144, 90, -120, -42, 223]	[-190, -9, 90, 70, 281]	[-148, -14, 13, 22, 265]	[-189, 33, -91, -161, -16]	[-177, -122, -116, 18, -16]	[-140, -24, 29, 59, -154]	[4, 177, 123, 184, -50]	[10005, 10000, 10000, 10000, 10000]	[150, -252, 134, 162, 277]
202	13.5	[125, -28, -50, -40, -262]	[138, -219, -37, -36, -2]	[18, -124, -22, -46, -200]	[-165, 146, -278, -208, -173]	[111, -124, -67, 37, -203]	[-26, -77, -18, -106, 143]	[51, 110, -5, 168, -51]	[-10, -232, -140, -102, -184]	[82, 45, -126, -91, -160]	[213, -54, 14, -236, -84]	[-211, 80, 96, 180, 14]	[10006, 10003, 10000, 9997, 10000]	[283, 221, 196, 289, 245]
203	18.0	[122, -28, -50, -40, -262]	[138, -219, -42, -36, -2]	[18, -124, -20, -44, -200]	[-165, 145, -278, -204, -173]	[111, -124, -67, 37, -203]	[-32, -47, -18, -106, 143]	[26, 110, -12, 168, -51]	[-10, -232, -140, -103, -184]	[65, 47, -126, -85, -160]	[213, -54, 14, -236, -84]	[-211, 80, 96, 180, 14]	[10006, 10003, 10000, 9997, 10000]	[283, 221, 196, 289, 220]
204	18.0	[122, -28, -50, -40, -262]	[136, -220, -51, -36, -2]	[12, -124, -20, -45, -200]	[-184, 146, -281, -191, -167]	[111, -124, -67, 41, -203]	[-21, -84, -19, -101, 143]	[26, 110, 12, 174, -60]	[-6, -229, -143, -102, -159]	[68, 45, -126, -92, -155]	[213, -58, 5, -236, -78]	[-211, 91, 95, 181, 20]	[10006, 10003, 10004, 10000, 10000]	[283, 218, 196, 289, 251]
205	16.5	[122, -28, -50, -40, -262]	[138, -219, -42, -36, -2]	[18, -124, 84, -44, -200]	[-165, 145, -187, -42, -173]	[121, -124, -67, 37, -203]	[-60, -47, -12, -106, 143]	[26, 110, -12, 80, -51]	[-10, -232, -140, -113, -79]	[-92, -38, -116, -73, -156]	[-41, -57, 10, -22, -84]	[-211, 80, 101, 184, 14]	[10006, 10002, 10000, 9997, 10000]	[283, 221, 196, 289, 240]
206	17.5	[122, -28, -50, -40, -262]	[138, -219, -42, -36, -2]	[18, -124, 84, -44, -200]	[-165, 145, -187, -42, -173]	[121, -124, -67, 37, -203]	[-60, -47, -12, -106, 143]	[26, 110, -12, 80, -51]	[-10, -232, -140, -113, -79]	[-92, -38, -116, -73, -156]	[-41, -57, 10, -22, -84]	[-211, 80, 101, 184, 14]	[10006, 10002, 10000, 9997, 10000]	[283, 221, 196, 289, 240]
207	17.0	[203, 40, -258, 22, -101]	[-171, -132, 105, 5, 187]	[-174, -168, 99, -45, -169]	[19, 85, -133, -42, -100]	[144, 106, -130, -49, 223]	[-233, -9, 90, 70, 281]	[-148, -14, 19, 34, 265]	[-189, -188, -55, -85, 24]	[-177, -3, -124, -86, -16]	[-140, -56, 5, -232, -79]	[-89, 177, 123, 184, -45]	[10005, 10001, 10001, 10000, 10000]	[158, 50, 175, 207, 277]
208	20.0	[122, -32, -54, -37, -262]	[136, -216, -25, -32, -4]	[12, -124, -38, -46, -200]	[-184, 146, -280, -204, -94]	[139, -17, -97, 41, -203]	[-20, -75, 40, 74, 143]	[21, 121, 12, 23, -69]	[-16, -229, -139, -100, -179]	[70, 45, -126, -92, -155]	[213, -57, -14, -261, -84]	[-211, 85, 102, 180, 17]	[10006, 10009, 10004, 9997, 10000]	[289, 221, 196, 289, 245]
209	16.5	[122, -32, -54, -37, -262]	[136, -216, -25, -32, -4]	[12, -124, -38, -46, -200]	[-184, 146, -280, -204, -94]	[107, -124, -61, 41, -203]	[-20, -95, -19, -103, 143]	[21, 121, 11, 171, -63]	[-16, -229, -139, -100, -179]	[70, 45, -126, -92, -155]	[213, -57, -14, -261, -84]	[-211, 85, 102, 180, 17]	[10006, 10009, 10004, 9997, 10006]	[289, 221, 167, 278, 205]
210	20.5	[122, -28, -50, -40, -262]	[138, -219, -42, -36, -2]	[18, -124, 84, -44, -200]	[-165, 145, -190, -108, -131]	[121, -104, -74, 39, -203]	[-36, -27, -16, -106, 143]	[26, 72, 5, 140, -66]	[-10, -232, -140, -94, -79]	[-92, -32, -116, -73, -156]	[-41, -57, 10, -22, -84]	[-211, 80, 101, 184, 14]	[10006, 10002, 10000, 9997, 10000]	[283, 221, 196, 289, 240]
211	17.0	[122, -28, -50, -40, -262]	[138, -219, -42, -36, -2]	[18, -124, 84, -44, -200]	[-165, 145, -187, -42, -173]	[121, -124, -67, 37, -203]	[-60, -47, -12, -106, 143]	[24, 64, 10, 80, -51]	[-10, -232, -139, -90, -95]	[-92, 15, -116, -73, -156]	[31, -57, 10, -22, -84]	[-211, 80, 101, 180, 14]	[10006, 10002, 10000, 9997, 10000]	[283, 221, 196, 289, 240]
212	15.0	[122, -32, -54, -37, -262]	[136, -216, -25, -32, -4]	[12, -124, -38, -46, -200]	[-184, 146, -280, -204, -94]	[139, -17, -97, 41, -203]	[-20, -75, 40, 74, 143]	[21, 121, 12, 23, -69]	[-16, -229, -139, -100, -179]	[70, 45, -126, -92, -155]	[213, -57, -14, -261, -84]	[-211, 85, 102, 180, 17]	[10006, 10009, 10004, 9997, 10000]	[289, 221, 196, 289, 245]
213	18.5	[125, -28, -50, -40, -262]	[138, -219, -37, -36, -2]	[18, -124, -22, -46, -200]	[-165, 146, -278, -208, -173]	[111, -118, -73, 37, -203]	[-26, -77, -18, -106, 143]	[51, 110, -5, 168, -51]	[-10, -232, -140, -102, -184]	[82, 45, -126, -91, -160]	[213, -54, 14, -236, -84]	[-211, 80, 96, 180, 14]	[10006, 10003, 10000, 9997, 10000]	[283, 221, 196, 289, 245]
214	18.0	[122, -32, -54, -37, -262]	[136, -216, -25, -32, -4]	[12, -124, -38, -46, -200]	[-184, 146, -280, -204, -94]	[107, -124, -61, 41, -203]	[-20, -95, -19, -103, 143]	[21, 121, 11, 171, -63]	[-16, -229, -139, -100, -179]	[70, 45, -126, -92, -155]	[213, -57, -14, -261, -84]	[-211, 85, 102, 180, 17]	[10006, 10009, 10004, 9997, 10006]	[289, 221, 167, 278, 205]
215	19.5	[122, -28, -50, -40, -262]	[138, -219, -42, -36, -2]	[18, -124, 84, -44, -200]	[-165, 145, -189, -91, -173]	[121, -124, -67, 37, -203]	[-60, -47, -12, -106, 143]	[24, 64, 10, 80, -51]	[-10, -232, -139, -90, -95]	[-92, 15, -116, -73, -156]	[31, -57, 10, -22, -84]	[-211, 80, 101, 180, 14]	[10006, 10002, 10000, 9997, 10000]	[283, 221, 196, 289, 240]
216	18.0	[122, -28, -50, -40, -262]	[138, -219, -42, -36, -2]	[18, -124, 84, -44, -200]	[-165, 145, -187, -42, -173]	[121, -124, -67, 37, -203]	[-60, -47, -12, -106, 143]	[24, 64, 10, 80, -51]	[-10, -232, -139, -90, -95]	[-92, -7, -116, -73, -156]	[31, -57, 10, -22, -84]	[-211, 80, 101, 180, 14]	[10006, 10002, 10000, 9997, 10000]	[283, 221, 196, 289, 240]
217	20.5	[203, 40, -258, 22, -100]	[-171, -132, 90, 9, 187]	[-174, -168, 99, -45, -169]	[-118, 107, -258, -42, -106]	[121, -98, -116, 28, 223]	[-104, -77, 19, 21, 199]	[-148, -12, 16, 34, 265]	[-189, -44, -97, -161, -10]	[-177, -68, -114, -5, -43]	[-140, -56, 12, 59, -151]	[4, 173, 102, 182, -44]	[10005, 10002, 10000, 10001, 10000]	[175, 88, 183, 218, 283]
218	19.0	[122, -28, -50, -40, -262]	[138, -219, -42, -36, -2]	[18, -124, 84, -44, -200]	[-165, 145, -187, -42, -173]	[121, -124, -67, 37, -203]	[-60, -47, -12, -106, 143]	[24, 64, 10, 80, -51]	[-10, -189, -122, -100, -95]	[-92, -81, -116, -73, -156]	[31, -57, 10, -22, -84]	[-211, 80, 101, 180, 14]	[10006, 10002, 10000, 9997, 10000]	[283, 221, 196, 289, 240]
219	22.0	[122, -28, -50, -40, -262]	[138, -219, -42, -36, -2]	[18, -124, 84, -44, -200]	[-165, 145, -187, -42, -173]	[121, -124, -106, 59, -203]	[-60, -47, 24, 40, 141]	[24, 61, 10, 54, 181]	[-10, -198, -137, -101, -59]	[-118, -68, -117, -61, -108]	[31, -57, 10, -22, -84]	[-211, 80, 101, 180, 14]	[10006, 10002, 10000, 9997, 10000]	[283, 221, 196, 289, 240]
220	21.5	[122, -28, -50, -40, -262]	[138, -219, -42, -36, -2]	[18, -124, 84, -44, -200]	[-165, 145, -187, -42, -173]	[121, -124, -106, 59, -203]	[-60, -47, 24, 40, 141]	[24, 61, 10, 54, 181]	[-10, -198, -137, -101, -59]	[-118, -68, -117, -61, -108]	[31, -57, 10, -22, -84]	[-211, 80, 101, 180, 14]	[10006, 10002, 10000, 9997, 10000]	[283, 221, 196, 289, 240]
221	21.5	[122, -28, -169, -40, -262]	[38, -197, 46, -36, -2]	[-110, -126, 98, -44, -200]	[-36, 142, -166, -56, -172]	[121, -124, -67, -33, 153]	[-60, -41, -3, -62, 143]	[24, -2, 16, 43, -51]	[-10, -203, -138, -106, -75]	[-102, -30, -116, -40, -156]	[31, -57, 10, -27, -84]	[-211, 80, 101, 180, -40]	[10006, 10002, 10003, 9999, 10000]	[283, 221, 191, 274, 257]
222	20.5	[122, -28, -169, -40, -262]	[38, -197, 46, -36, -2]	[-110, -126, 98, -44, -200]	[-36, 142, -166, -56, -172]	[121, -124, -67, -33, 153]	[-60, -41, -3, -62, 143]	[24, -2, 16, 43, -51]	[-10, -203, -138, -106, -75]	[-102, -30, -116, -40, -156]	[31, -57, 10, -27, -84]	[-211, 80, 101, 180, -40]	[10006, 10002, 10003, 9999, 10000]	[283, 221, 191, 274, 257]
223	18.0	[203, 40, -258, 22, -100]	[-171, -132, 90, 9, 187]	[-174, -168, 99, -45, -169]	[20, 85, -163, -42, -106]	[141, 101, -95, -40, 223]	[-215, -38, 38, 6, 281]	[-148, -12, 16, 34, -53]	[-189, -177, -130, -161, -10]	[-177, -53, -125, -15, -147]	[-65, -56, 10, -25, -95]	[-165, 146, 102, 182, -44]	[10005, 10002, 10003, 10001, 10000]	[272, 176, 172, 267, 264]
224	18.5	[203, 40, -258, 22, -100]	[-171, -132, 90, 9, 187]	[-174, -168, 99, -45, -169]	[-118, 107, -258, -42, -106]	[121, -118, -105, -17, 223]	[-104, -72, 9, -24, 199]	[-148, -12, 16, 34, 265]	[-189, -44, -97, -161, -10]	[-177, -68, -114, -5, -43]	[-140, -56, 12, 59, -151]	[4, 173, 102, 182, -44]	[10005, 10002, 10000, 10001, 10000]	[175, 88, 183, 218, 283]
225	22.5	[122, -28, -50, -40, -262]	[138, -219, -42, -36, -2]	[18, -124, 84, -44, -200]	[-165, 145, -187, -42, -173]	[121, -124, -106, 59, -203]	[-60, -47, 24, 46, 141]	[24, 61, 10, 54, 181]	[-10, -198, -137, -101, -59]	[-118, -68, -117, -61, -108]	[31, -57, 10, -22, -84]	[-211, 80, 101, 180, 14]	[10006, 10002, 10000, 9997, 10000]	[283, 221, 196, 289, 240]
226	19.5	[122, -28, -50, -40, -262]	[138, -219, -42, -36, -2]	[-68, -139, 94, -44, -200]	[-165, 145, -187, -42, -119]	[122, -119, -106, 59, -203]	[-199, -46, 24, 40, 141]	[21, 61, 16, 38, 3]	[-10, -198, -137, -101, -59]	[-118, -68, -117, -66, -108]	[31, -57, 13, -62, -84]	[-211, 80, 98, 180, 14]	[10006, 10002, 10000, 9997, 10000]	[283, 221, 196, 289, 240]
227	24.5	[122, -28, -169, -40, -262]	[38, -197, 46, -36, -2]	[-110, -126, 98, -44, -200]	[-36, 142, -166, -56, -172]	[121, -124, -67, -33, 153]	[-60, -47, 1, 10, 143]	[24, -2, 16, 43, -51]	[-10, -203, -138, -106, -75]	[-102, -30, -116, -40, -156]	[31, -57, 10, -27, -84]	[-211, 80, 101, 180, -40]	[10006, 10002, 10003, 9999, 10000]	[283, 221, 191, 274, 257]
228	22.5	[122, -28, -50, -40, -262]	[138, -219, -42, -36, -2]	[18, -124, 84, -44, -200]	[-165, 145, -187, -42, -173]	[121, -124, -106, 59, -203]	[-60, -47, 24, 40, 147]	[24, 61, 10, 54, 181]	[-10, -198, -137, -101, -59]	[-118, -68, -117, -66, -108]	[-55, -25, 28, -133, -84]	[-47, 114, 98, 180, 14]	[10006, 10000, 10000, 9999, 10000]	[283, 221, 196, 289, 240]
229	23.0	[122, -28, -50, -40, -262]	[138, -219, -42, -36, -2]	[18, -124, 84, -44, -200]	[-165, 145, -187, -42, -173]	[121, -124, -106, 59, -203]	[-60, -47, 24, 46, 141]	[24, 61, 10, 54, 181]	[-10, -198, -137, -95, -59]	[-118, -68, -117, -61, -108]	[31, -57, 10, -22, -84]	[-211, 80, 101, 180, 14]	[10006, 10002, 10000, 9997, 10000]	[283, 221, 196, 289, 240]
230	20.0	[122, -28, -50, -40, -262]	[138, -219, -42, -36, -2]	[18, -124, 84, -44, -200]	[-165, 145, -187, -42, -173]	[121, -124, -106, 59, -203]	[-60, -47, 24, 46, 141]	[24, 61, 10, 54, 181]	[-10, -198, -137, -95, -59]	[-118, -68, -117, -61, -108]	[31, -57, 10, -22, -84]	[-211, 80, 101, 180, 14]	[10006, 10002, 10000, 9997, 10000]	[283, 221, 196, 289, 240]
231	23.5	[122, -28, -50, -40, -262]	[138, -219, -42, -36, -2]	[18, -124, 84, -44, -200]	[-165, 145, -187, -42, -173]	[121, -124, -106, 59, -203]	[-60, -47, 24, 46, 141]	[24, 61, 10, 54, 181]	[-10, -198, -137, -95, -59]	[-118, -68, -117, -61, -108]	[31, -57, 10, -22, -84]	[-211, 80, 101, 180, 14]	[10006, 9996, 10000, 9997, 10000]	[283, 221, 196, 289, 240]
232	24.0	[122, -28, -50, -46, -262]	[138, -219, -42, -30, -2]	[18, -124, 84, -44, -200]	[-165, 145, -187, -42, -173]	[121, -124, -67, 10, -203]	[-36, -61, -12, -106, 143]	[22, 113, 10, 47, -51]	[-10, -189, -122, -100, -95]	[-92, -28, -119, -77, -156]	[213, -56, 10, -22, -84]	[-211, 80, 102, 180, 14]	[10006, 10002, 10004, 9997, 10000]	[287, 216, 196, 289, 240]
233	22.0	[122, -28, -85, -40, -262]	[38, -197, 12, -36, -2]	[-110, -126, 93, -44, -200]	[-96, 142, -178, -43, -173]	[121, -124, -69, -3, -141]	[-60, -47, 1, 10, 143]	[24, -2, 16, 43, -51]	[-10, -203, -138, -106, -75]	[-102, -30, -116, -40, -156]	[31, -57, 10, -27, -84]	[-211, 80, 101, 180, -40]	[10006, 10002, 10003, 9999, 10000]	[283, 221, 191, 274, 257]
234	21.5	[122, -28, -50, -40, -262]	[138, -219, -42, -36, -2]	[-68, -139, 94, -44, -200]	[-165, 145, -187, -42, -119]	[122, -119, -106, 59, -203]	[-199, -46, 24, 40, 141]	[21, 61, 16, 38, 3]	[-10, -198, -137, -101, -59]	[-118, -68, -123, -66, -108]	[31, -57, 13, -62, -84]	[-211, 80, 98, 180, 14]	[10006, 10002, 10000, 9997, 10000]	[283, 221, 196, 295, 240]
235	20.5	[122, -28, -85, -40, -262]	[38, -197, 12, -36, -2]	[-110, -126, 93, -44, -200]	[-96, 142, -178, -43, -173]	[121, -124, -69, -3, -141]	[-60, -47, 1, 10, 143]	[24, -2, 16, 43, -51]	[-10, -203, -138, -106, -75]	[-102, -30, -116, -40, -156]	[31, -57, 10, -27, -84]	[-211, 80, 101, 180, -40]	[10006, 10002, 10003, 9999, 10000]	[283, 221, 191, 274, 257]
236	23.0	[123, -28, -50, -46, -263]	[125, -217, -28, -30, -2]	[18, -124, 1, -45, -193]	[-31, 120, -208, -42, -173]	[121, -124, -70, 37, -203]	[-45, -59, -6, -26, 143]	[-54, 25, 12, 69, -51]	[-79, -180, -116, -100, -95]	[-92, -81, -116, -67, -156]	[155, -56, 10, -22, -84]	[-211, 80, 108, 182, 14]	[10005, 10002, 10003, 10001, 10000]	[228, 151, 185, 280, 240]
237	25.0	[123, -28, -50, -46, -263]	[125, -217, -28, -30, -2]	[18, -124, 1, -45, -193]	[-31, 120, -208, -42, -173]	[121, -124, -70, 37, -203]	[-45, -59, -6, -26, 143]	[-54, 25, 12, 69, -51]	[-79, -180, -116, -100, -95]	[-92, -81, -116, -67, -156]	[155, -56, 10, -22, -84]	[-211, 80, 108, 182, 14]	[10005, 10002, 10003, 10001, 10000]	[228, 151, 185, 280, 240]
238	20.5	[123, -28, -50, -46, -263]	[125, -217, -28, -30, -2]	[18, -124, 1, -45, -193]	[-31, 120, -208, -42, -173]	[121, -124, -70, 37, -203]	[-45, -59, -6, -26, 143]	[-54, 25, 12, 69, -51]	[-79, -180, -116, -100, -95]	[-92, -81, -116, -67, -156]	[155, -56, 10, -22, -84]	[-211, 80, 108, 182, 14]	[10005, 10002, 10003, 10001, 10000]	[228, 151, 185, 280, 240]
239	27.0	[122, -28, -50, -46, -262]	[138, -219, -42, -30, -2]	[18, -124, 84, -44, -200]	[-165, 145, -187, -42, -173]	[121, -124, -67, 10, -203]	[-36, -61, -12, -106, 143]	[22, 113, 10, 47, -51]	[-10, -189, -122, -100, -95]	[-92, -28, -119, -77, -156]	[213, -56, 10, -22, -84]	[-211, 80, 102, 180, 14]	[10006, 10002, 10004, 9997, 10000]	[287, 216, 196, 289, 240]
240	22.5	[122, -28, -50, -40, -262]	[138, -219, -42, -36, -2]	[18, -124, 84, -44, -200]	[-165, 145, -187, -42, -173]	[127, -124, -106, 59, -203]	[-60, -47, 21, 46, 141]	[24, -1, 10, 54, 181]	[-10, -198, -137, -96, -59]	[-118, -68, -117, -61, -108]	[31, -57, 10, -22, -84]	[-211, 80, 101, 180, 14]	[10006, 9996, 10000, 9997, 10000]	[283, 221, 196, 289, 240]
241	22.0	[123, -28, -50, -44, -262]	[125, -219, -34, -30, -2]	[18, -124, -17, -46, -197]	[-31, 120, -208, -134, -173]	[121, -124, -87, 19, -203]	[-29, -55, 7, -26, 143]	[-54, 25, 12, 69, -51]	[-79, -180, -116, -100, -95]	[-92, -81, -116, -67, -156]	[155, -56, 10, -22, -84]	[-211, 80, 108, 182, 14]	[10005, 10002, 10003, 10001, 10000]	[228, 151, 185, 280, 240]
242	23.5	[122, -28, -85, -40, -262]	[38, -197, 38, -36, -2]	[-110, -126, 2, -44, -192]	[-96, 115, -187, -43, -173]	[121, -120, -72, -3, -141]	[-60, -47, -9, 4, 143]	[24, -2, 16, 43, -51]	[-10, -203, -138, -106, -75]	[-102, -80, -116, -40, -156]	[31, -57, 10, -24, -84]	[-211, 80, 101, 180, -40]	[10006, 10002, 10000, 9997, 10000]	[283, 221, 191, 274, 257]
243	24.5	[125, -28, -44, -40, -262]	[112, -215, 42, -36, -2]	[18, -124, -22, -46, -187]	[1, 117, -207, -180, -173]	[111, -118, -72, 10, -203]	[-31, -50, -15, -3, 143]	[51, 110, -7, 141, -51]	[-10, -209, -139, -102, -184]	[82, -8, -116, -91, -160]	[213, -54, 14, -145, -84]	[-211, 80, 96, 180, 14]	[10006, 10003, 10006, 9997, 10000]	[283, 221, 195, 274, 254]
244	24.0	[122, -28, -50, -40, -262]	[138, -219, -42, -36, -2]	[18, -124, 84, -44, -200]	[-165, 145, -187, -42, -173]	[127, -124, -106, 59, -203]	[-60, -47, 21, 46, 141]	[24, -1, 10, 54, 181]	[-10, -198, -137, -96, -59]	[-118, -68, -117, -61, -108]	[31, -57, 10, -22, -84]	[-211, 80, 101, 180, 14]	[10006, 9996, 10000, 9997, 10000]	[283, 221, 190, 289, 240]
245	22.5	[203, 40, -258, 22, -100]	[43, -132, 52, -19, 187]	[-68, -126, 6, -45, -169]	[-31, 116, -228, -150, -173]	[119, -119, -87, -3, 223]	[-79, -71, 6, -42, 226]	[-92, 80, -2, 122, -51]	[-15, -232, -132, -133, -40]	[-114, -48, -111, -66, -136]	[-3, -30, 4, -27, -93]	[-204, 103, 96, 177, -44]	[10005, 10005, 10003, 9999, 10000]	[280, 196, 176, 267, 264]
246	27.0	[123, -28, -50, -46, -263]	[125, -217, -28, -30, -2]	[18, -124, 7, -45, -193]	[-31, 120, -208, -42, -173]	[121, -124, -69, 18, -188]	[-45, -52, -2, 1, 180]	[-117, 42, 10, 80, -51]	[-10, -189, -126, -100, -95]	[-92, -37, -116, -73, -156]	[199, -57, 12, -41, -87]	[-210, 96, 101, 180, 11]	[10005, 10002, 10004, 9997, 10000]	[287, 216, 196, 289, 240]
247	25.0	[123, -34, -50, -44, -262]	[125, -219, -34, -30, -2]	[18, -124, -17, -46, -197]	[-31, 120, -208, -134, -173]	[121, -124, -87, 19, -203]	[-29, -55, 7, -26, 143]	[-54, 25, 12, 69, -51]	[-79, -180, -116, -100, -95]	[-92, -81, -116, -67, -156]	[155, -56, 10, -22, -84]	[-211, 80, 108, 182, 14]	[10005, 10002, 10003, 10001, 10000]	[228, 151, 185, 280, 240]
248	23.0	[122, -28, -106, -40, -262]	[85, -219, -42, -36, -2]	[18, -124, 86, -44, -200]	[-158, 144, -186, -52, -173]	[121, -124, -106, 35, -165]	[-60, -47, 19, 40, 147]	[30, 9, 10, 54, 181]	[-10, -198, -137, -101, -59]	[-118, -68, -117, -65, -108]	[-55, -37, 15, -133, -84]	[-47, 114, 98, 180, 14]	[10012, 10000, 10000, 9999, 10000]	[283, 221, 196, 289, 240]
249	20.5	[122, -28, -85, -40, -262]	[38, -197, 38, -36, -2]	[-110, -126, 2, -44, -192]	[-96, 115, -187, -43, -173]	[121, -120, -70, 4, -141]	[-60, -47, -5, 2, 143]	[5, -2, 16, 43, -51]	[-10, -203, -136, -104, -80]	[-102, -74, -118, -80, -132]	[31, -57, 10, -69, -84]	[-211, 80, 101, 180, 6]	[10006, 10002, 10000, 9991, 10000]	[283, 221, 191, 287, 252]
250	22.5	[122, -28, -85, -40, -262]	[38, -197, 38, -36, -2]	[-110, -126, 2, -44, -192]	[-96, 115, -187, -43, -173]	[121, -120, -70, 4, -141]	[-60, -47, -5, 2, 143]	[5, -2, 16, 43, -51]	[-10, -203, -136, -104, -80]	[-102, -74, -118, -80, -132]	[31, -57, 10, -69, -84]	[-211, 80, 101, 180, 6]	[10006, 10002, 10000, 9991, 10000]	[283, 221, 191, 287, 252]
251	25.5	[125, -28, -44, -40, -262]	[112, -215, 42, -36, -2]	[18, -124, -16, -46, -187]	[1, 117, -207, -180, -173]	[111, -118, -72, 10, -203]	[-31, -50, -15, -3, 143]	[51, 110, -7, 141, -51]	[-10, -209, -139, -102, -184]	[82, -8, -116, -91, -160]	[213, -54, 14, -145, -84]	[-211, 80, 96, 180, 14]	[10006, 10003, 10006, 9997, 10000]	[283, 221, 195, 274, 254]
252	29.0	[122, -28, -85, -40, -262]	[38, -197, 38, -36, -2]	[-110, -126, 2, -44, -192]	[-96, 115, -187, -43, -173]	[121, -120, -70, 4, -141]	[-60, -47, -5, 2, 143]	[5, -2, 16, 43, -51]	[-10, -203, -136, -104, -80]	[-102, -74, -118, -80, -132]	[31, -57, 10, -69, -84]	[-211, 80, 101, 180, 6]	[10006, 10002, 10000, 9991, 10000]	[283, 221, 191, 287, 252]
253	24.0	[203, 40, -258, 22, -100]	[-171, -138, -2, -35, 5]	[8, -159, 10, -45, -169]	[-103, 126, -272, -169, -173]	[113, -119, -96, -3, 223]	[-181, -76, -2, -39, 226]	[-147, 46, 0, 90, -52]	[-105, -232, -131, -109, -127]	[-114, -48, -123, -66, -136]	[-3, -56, 11, -63, -94]	[-204, 103, 95, 180, -44]	[10005, 10005, 10004, 10001, 10000]	[279, 202, 176, 267, 264]
254	25.0	[122, -28, -85, -40, -262]	[38, -197, 38, -36, -2]	[-110, -126, 2, -44, -192]	[-96, 115, -187, -43, -173]	[121, -120, -70, 4, -141]	[-60, -47, -5, 2, 143]	[5, -2, 16, 43, -51]	[-10, -203, -136, -104, -80]	[-102, -74, -118, -80, -132]	[31, -57, 10, -69, -84]	[-211, 80, 101, 180, 6]	[10006, 10002, 10000, 9991, 10000]	[283, 221, 191, 287, 252]
255	20.5	[203, 40, -258, 22, -100]	[-171, -174, -20, -35, 5]	[8, -159, 10, -46, -169]	[-103, 126, -272, -79, -173]	[113, -119, -78, 6, 21]	[-181, -76, -2, -35, 194]	[-147, 42, 10, 90, -52]	[-86, -211, -128, -108, -127]	[-114, -55, -123, -72, -145]	[118, -57, 10, -55, -94]	[-204, 87, 95, 180, 5]	[10005, 10005, 10004, 10001, 10000]	[279, 202, 176, 267, 264]
256	23.0	[122, -28, -70, -40, -262]	[38, -197, 38, -33, -2]	[-110, -146, -7, -44, -192]	[-96, 115, -194, -82, -173]	[112, -119, -73, 26, -139]	[-36, -50, -5, 2, 143]	[5, 69, -2, 103, -51]	[-10, -221, -119, -102, -143]	[-102, -74, -116, -61, -156]	[31, -57, 10, -24, -85]	[-211, 87, 101, 180, -38]	[10006, 10002, 10003, 9995, 10000]	[283, 221, 191, 274, 257]
257	26.5	[203, 40, -258, 22, -100]	[43, -132, 52, -19, 53]	[-68, -126, 1, -46, -180]	[-104, 143, -237, -197, -173]	[119, -119, -95, 13, 197]	[-49, -71, 6, -42, 226]	[-92, 80, -2, 112, -51]	[-15, -232, -132, -133, -61]	[-114, -35, -119, -87, -66]	[84, -50, 11, -44, -85]	[-204, 103, 96, 178, -18]	[10005, 10004, 10003, 9998, 10000]	[280, 196, 176, 267, 264]
258	27.0	[122, -28, -106, -40, -262]	[85, -219, -42, -36, -2]	[18, -124, 86, -44, -200]	[-158, 144, -186, -52, -173]	[121, -124, -106, 35, -165]	[-60, -47, 19, 40, 147]	[30, 91, 5, 77, 149]	[-10, -228, -137, -101, -59]	[-114, -64, -115, -65, -108]	[-55, -37, -8, -133, -84]	[-54, 109, 97, 179, -9]	[10012, 10000, 10000, 9999, 10000]	[283, 221, 196, 289, 240]
259	23.0	[124, -28, -50, -40, -262]	[112, -215, 42, -36, -2]	[18, -124, -16, -46, -192]	[-80, 130, -195, -180, -173]	[112, -119, -73, 10, -203]	[-31, -50, -10, 0, 143]	[51, 110, 1, 115, -51]	[-10, -228, -121, -102, -153]	[-47, -20, -116, -91, -160]	[213, -54, 11, -45, -87]	[-205, 83, 96, 180, 14]	[10006, 10003, 10006, 9997, 10000]	[283, 221, 195, 274, 254]
260	24.5	[203, 40, -258, 22, -100]	[43, -132, 52, -19, 53]	[-68, -126, 1, -46, -180]	[-104, 143, -237, -197, -173]	[119, -119, -95, 13, 197]	[-49, -71, 6, -42, 226]	[-92, 80, -6, 112, -51]	[-15, -232, -132, -133, -59]	[-114, -35, -119, -87, -66]	[84, -50, 11, -44, -85]	[-204, 103, 96, 178, -18]	[10005, 10004, 10003, 9998, 10000]	[280, 196, 176, 267, 264]
261	21.5	[203, 34, -258, 22, -100]	[-171, -174, -20, -35, 5]	[15, -152, 17, -45, -169]	[-103, 126, -220, -99, -173]	[113, -119, -79, 0, -129]	[-181, -76, -2, 43, 163]	[-147, 42, 10, 86, 113]	[-86, -211, -133, -108, -127]	[-114, -55, -117, -67, -132]	[118, -57, 10, -35, -93]	[-207, 87, 95, 180, 5]	[10005, 10005, 10004, 9998, 10000]	[279, 202, 176, 267, 264]
262	24.0	[122, -28, -85, -40, -262]	[38, -197, 38, -36, -2]	[-110, -126, 2, -44, -192]	[-96, 131, -187, -43, -173]	[121, -127, -68, 4, -141]	[-60, -47, -9, -48, 143]	[5, -2, 16, 84, -51]	[-10, -196, -127, -105, -74]	[-102, -74, -118, -80, -132]	[31, -57, 10, -69, -84]	[-211, 80, 101, 180, 6]	[10006, 10002, 10000, 9991, 10000]	[289, 221, 191, 287, 252]
263	23.0	[123, -28, -50, -46, -263]	[125, -217, -28, -33, -2]	[-79, -139, 6, -45, -193]	[-31, 120, -208, -101, -173]	[121, -124, -69, 18, -188]	[-44, -55, -1, -25, 180]	[-117, 42, 10, 69, -51]	[-10, -189, -126, -102, -95]	[-104, -46, -116, -72, -156]	[199, -57, 10, -36, -86]	[-211, 90, 101, 180, 11]	[10005, 10002, 10004, 9997, 10000]	[287, 220, 194, 289, 240]
264	29.5	[203, 34, -258, 22, -100]	[-171, -174, -20, -35, 5]	[15, -152, 17, -45, -169]	[-103, 126, -220, -99, -173]	[113, -119, -79, 0, -129]	[-181, -76, -2, 43, 163]	[-147, 42, 10, 86, 113]	[-86, -211, -133, -108, -127]	[-114, -55, -117, -67, -132]	[118, -57, 10, -35, -93]	[-207, 87, 95, 180, 5]	[10005, 10005, 10004, 9998, 10000]	[279, 202, 176, 267, 264]
265	20.0	[122, -28, -85, -40, -262]	[38, -197, 38, -36, -2]	[-110, -126, 2, -44, -192]	[-96, 131, -187, -43, -173]	[121, -127, -68, 4, -141]	[-60, -47, -9, -48, 143]	[5, -2, 16, 84, -51]	[-10, -196, -127, -105, -74]	[-102, -74, -118, -80, -132]	[31, -57, 10, -69, -84]	[-211, 80, 101, 180, 6]	[10006, 10002, 10000, 9991, 10000]	[289, 221, 191, 287, 252]
266	25.5	[203, 34, -258, 22, -100]	[-171, -174, -20, -35, 5]	[15, -152, 17, -45, -169]	[-103, 126, -220, -99, -173]	[113, -119, -79, 0, -129]	[-181, -76, -2, 43, 163]	[-147, 42, 10, 86, 113]	[-86, -211, -133, -108, -127]	[-114, -55, -117, -67, -132]	[118, -57, 10, -35, -93]	[-207, 87, 95, 180, 5]	[10005, 10005, 10004, 9998, 10000]	[279, 202, 176, 267, 264]
267	23.0	[122, -28, -106, -40, -262]	[85, -219, -42, -36, -2]	[18, -124, 86, -44, -200]	[-158, 144, -186, -52, -173]	[121, -124, -106, 35, -165]	[-80, -63, 19, 40, 147]	[-25, 57, 5, 72, 149]	[-10, -228, -137, -104, -76]	[-114, -64, -115, -65, -108]	[-55, -37, -8, -133, -84]	[-54, 109, 97, 179, -9]	[10012, 10000, 10000, 9999, 10000]	[283, 221, 196, 289, 240]
268	24.0	[122, -28, -106, -40, -262]	[85, -219, -42, -36, -2]	[18, -124, 86, -44, -200]	[-158, 144, -186, -52, -173]	[121, -124, -106, 35, -165]	[-48, -56, 15, 40, 147]	[30, 67, 7, 82, -17]	[-10, -228, -137, -127, -59]	[-114, -64, -119, -85, -108]	[-55, -37, -8, -133, -84]	[-54, 109, 97, 179, -9]	[10012, 10000, 10000, 9999, 10000]	[283, 221, 196, 289, 240]
269	26.5	[170, -20, -258, 22, -100]	[-171, -182, -21, -35, 5]	[15, -126, 17, -45, -169]	[-103, 128, -214, -99, -173]	[113, -119, -91, 0, -129]	[-181, -70, 2, 42, 163]	[-90, 44, 10, 86, 113]	[-53, -216, -136, -107, -127]	[-114, -55, -117, -67, -132]	[118, -57, 10, -35, -93]	[-207, 87, 95, 180, 5]	[10005, 10005, 10004, 9998, 10000]	[279, 202, 176, 267, 264]
270	21.0	[122, -28, -70, -40, -262]	[38, -197, 38, -33, -2]	[-110, -146, -7, -44, -192]	[-96, 115, -194, -82, -173]	[112, -119, -73, 26, -139]	[-36, -50, -5, 2, 143]	[5, 69, -2, 103, -51]	[-10, -221, -119, -102, -143]	[-102, -74, -116, -61, -156]	[31, -57, 10, -24, -85]	[-211, 87, 101, 180, -38]	[10012, 10002, 10003, 9995, 10000]	[283, 221, 191, 274, 257]
271	27.5	[203, 40, -258, 22, -100]	[-171, -190, 21, -36, 2]	[8, -134, 22, -46, -169]	[-103, 137, -259, -86, -173]	[112, -119, -79, 4, 21]	[-181, -55, -14, -3, 159]	[-147, 13, 13, 58, -52]	[-24, -198, -129, -104, -119]	[-103, -58, -121, -64, -121]	[38, -57, 10, -46, -92]	[-211, 82, 95, 180, 5]	[10005, 10005, 10001, 10001, 10000]	[279, 202, 176, 267, 264]
272	28.0	[203, 34, -258, 22, -100]	[-171, -174, -20, -35, 11]	[15, -152, 17, -45, -169]	[-103, 126, -220, -99, -173]	[113, -119, -79, 0, -129]	[-181, -72, 5, 42, 163]	[-126, 43, 9, 86, 113]	[-86, -225, -137, -108, -127]	[-114, -59, -116, -67, -132]	[49, -41, 10, -35, -87]	[-207, 95, 96, 180, -7]	[10005, 10005, 10004, 9998, 10000]	[279, 202, 176, 267, 264]
273	27.0	[122, -28, -70, -40, -262]	[38, -197, 38, -33, -2]	[-110, -146, -7, -44, -192]	[-96, 115, -194, -82, -173]	[112, -119, -73, 26, -139]	[-36, -50, -5, 2, 143]	[5, 69, -2, 103, -51]	[-10, -221, -119, -104, -134]	[-102, -74, -116, -61, -139]	[31, -55, 10, -24, -85]	[-211, 87, 96, 180, 5]	[10012, 10002, 10003, 9995, 10000]	[283, 221, 191, 274, 257]
274	23.0	[203, 40, -258, 22, -100]	[-171, -138, -2, -35, 5]	[8, -159, 10, -45, -169]	[-103, 126, -272, -175, -173]	[113, -119, -96, -3, 223]	[-181, -56, -13, -27, 197]	[-147, 31, 4, 59, -52]	[-105, -201, -130, -107, -127]	[-114, -48, -122, -64, -130]	[22, -56, 11, -63, -94]	[-204, 83, 95, 180, 1]	[10005, 10005, 10004, 10001, 10000]	[279, 202, 176, 267, 264]
275	29.5	[203, 40, -258, 22, -100]	[-171, -171, 12, -35, 2]	[8, -149, 6, -46, -169]	[-103, 136, -259, -96, -173]	[112, -123, -86, 1, 36]	[-181, -55, -8, -3, 159]	[-147, 13, 13, 89, -52]	[-24, -198, -131, -105, -119]	[-113, -48, -121, -65, -122]	[38, -57, 11, -46, -92]	[-211, 82, 95, 180, 5]	[10005, 10005, 10001, 10001, 10000]	[279, 202, 176, 267, 264]
276	26.0	[203, 34, -258, 22, -100]	[-171, -174, -20, -35, 11]	[15, -152, 17, -45, -169]	[-103, 126, -220, -99, -173]	[113, -119, -79, 0, -129]	[-181, -72, 5, 42, 163]	[-126, 43, 9, 86, 113]	[-86, -225, -137, -108, -127]	[-114, -59, -116, -67, -132]	[49, -41, 10, -35, -87]	[-207, 95, 96, 180, -7]	[10005, 10005, 10004, 9998, 10000]	[279, 202, 176, 267, 264]
277	24.0	[203, 40, -258, 22, -100]	[-171, -156, -6, -34, 2]	[8, -159, 6, -45, -169]	[-103, 124, -211, -118, -173]	[113, -123, -96, -3, 223]	[-181, -67, -9, -35, 226]	[-76, 96, -7, 90, -52]	[-105, -215, -134, -105, -127]	[-114, -48, -123, -71, -136]	[88, -57, 11, -56, -92]	[-204, 103, 95, 180, -25]	[10005, 10002, 10004, 10000, 10000]	[279, 202, 176, 267, 264]
278	25.0	[122, -28, -85, -40, -262]	[-57, -194, 24, -35, -2]	[-51, -131, 16, -44, -192]	[-96, 131, -187, -43, -173]	[121, -127, -70, 4, -141]	[-90, -52, -11, -35, 146]	[5, -2, 10, 73, -52]	[-10, -205, -130, -105, -74]	[-109, -59, -119, -70, -132]	[32, -57, 10, -34, -94]	[-211, 80, 101, 180, 6]	[10006, 10004, 10001, 9991, 10000]	[289, 221, 181, 281, 256]
279	24.5	[203, 40, -258, 22, -100]	[5, -194, 28, -35, 2]	[8, -128, 9, -45, -169]	[-103, 137, -259, -80, -173]	[112, -119, -79, 4, 21]	[-181, -49, -14, -3, 159]	[-147, 13, 13, 58, -52]	[-24, -198, -131, -104, -119]	[-103, -48, -121, -64, -121]	[38, -57, 10, -46, -92]	[-211, 82, 95, 180, 5]	[10005, 10005, 10001, 10001, 10000]	[279, 202, 176, 267, 264]
280	20.5	[203, 34, -258, 22, -100]	[-171, -174, -20, -35, 11]	[15, -152, 17, -45, -169]	[-103, 126, -220, -99, -173]	[113, -119, -79, 0, -129]	[-181, -72, 5, 42, 163]	[-126, 43, 9, 86, 113]	[-86, -225, -137, -108, -127]	[-114, -59, -116, -67, -132]	[49, -41, 10, -35, -87]	[-207, 95, 96, 180, -7]	[10005, 10005, 10004, 9998, 10000]	[279, 202, 176, 267, 264]
281	24.0	[203, 40, -258, 22, -100]	[-171, -138, -2, -35, 5]	[8, -159, 10, -45, -169]	[-103, 126, -272, -175, -173]	[113, -119, -96, -3, 223]	[-181, -56, -13, -27, 197]	[-147, 31, 4, 59, -52]	[-105, -201, -130, -107, -127]	[-114, -48, -122, -64, -130]	[22, -57, 10, -63, -94]	[-204, 83, 95, 180, 1]	[10005, 10005, 10004, 10001, 10000]	[279, 202, 176, 267, 264]
282	26.0	[203, 34, -258, 22, -113]	[-171, -174, -24, -35, 8]	[8, -142, 29, -45, -169]	[-103, 126, -220, -118, -173]	[113, -119, -82, 4, -129]	[-181, -72, 5, -1, 163]	[-126, 43, 9, 86, 113]	[-92, -225, -137, -108, -127]	[-114, -59, -116, -67, -132]	[49, -41, 10, -35, -87]	[-207, 95, 96, 180, -7]	[10005, 10005, 10004, 9998, 10000]	[279, 202, 176, 267, 264]
283	28.0	[203, 40, -198, 5, -125]	[-171, -190, -24, -35, 5]	[8, -132, 59, -46, -172]	[-116, 133, -222, -99, -173]	[113, -121, -98, 11, -158]	[-181, -71, 6, 31, 176]	[-131, 87, 5, 68, -52]	[-92, -207, -136, -105, -119]	[-114, -55, -121, -65, -121]	[38, -56, 11, -48, -94]	[-211, 82, 95, 180, 5]	[10005, 10005, 10004, 10001, 10000]	[279, 202, 176, 267, 270]
284	28.5	[203, 40, -198, 5, -125]	[-171, -190, -24, -35, 5]	[8, -132, 59, -46, -172]	[-116, 133, -222, -99, -173]	[113, -121, -98, 11, -158]	[-181, -71, 6, 31, 176]	[-131, 87, 5, 68, -52]	[-92, -207, -136, -105, -119]	[-114, -55, -121, -65, -121]	[38, -56, 11, -48, -94]	[-211, 82, 95, 180, 5]	[10005, 10005, 10004, 10001, 10000]	[279, 202, 176, 267, 270]
285	23.5	[203, 40, -258, 22, -100]	[5, -194, 28, -35, 2]	[8, -128, 9, -45, -169]	[-103, 137, -259, -80, -173]	[112, -119, -79, 4, 21]	[-181, -49, -14, -3, 159]	[-147, 13, 13, 58, -52]	[-24, -198, -131, -104, -119]	[-103, -48, -121, -64, -121]	[38, -57, 10, -46, -92]	[-211, 82, 95, 180, 5]	[10005, 10005, 10001, 10001, 10000]	[279, 202, 176, 267, 264]
286	22.5	[203, 0, -167, 6, -113]	[-171, -174, -24, -35, 2]	[8, -142, 29, -45, -169]	[-103, 126, -220, -118, -173]	[113, -119, -82, 4, -129]	[-181, -72, 2, -23, 193]	[-126, 43, 9, 86, -51]	[-101, -223, -137, -108, -127]	[-114, -59, -116, -66, -133]	[49, -41, 11, -35, -87]	[-207, 96, 96, 174, -23]	[10005, 10005, 10004, 10001, 10000]	[279, 202, 176, 267, 264]
287	24.5	[122, -28, -151, -40, -262]	[-31, -193, 16, -33, -2]	[-110, -146, -6, -45, -173]	[-102, 118, -246, -82, -173]	[112, -122, -76, 17, -139]	[-36, -51, -7, 1, 153]	[5, 69, -2, 103, -51]	[-10, -221, -119, -104, -134]	[-102, -74, -116, -61, -139]	[31, -55, 10, -18, -85]	[-211, 87, 96, 180, 5]	[10012, 10002, 10003, 9995, 10000]	[283, 221, 191, 274, 257]
288	27.0	[203, 40, -204, 5, -125]	[-171, -190, -24, -35, 5]	[8, -132, 59, -46, -172]	[-116, 127, -222, -101, -173]	[113, -122, -97, 11, -158]	[-181, -71, 6, 31, 176]	[-131, 87, 5, 68, -52]	[-92, -207, -136, -105, -119]	[-114, -55, -121, -65, -121]	[38, -56, 11, -48, -94]	[-211, 82, 95, 180, 5]	[10005, 10005, 10004, 10001, 10000]	[286, 208, 176, 267, 270]
289	23.5	[122, -28, -85, -40, -262]	[-57, -180, -15, -35, -2]	[-9, -132, 25, -44, -192]	[-96, 131, -202, -90, -173]	[121, -127, -80, 4, -141]	[-154, -64, -2, -24, 168]	[-83, -1, 10, 73, -52]	[-33, -221, -136, -106, -74]	[-109, -59, -117, -70, -132]	[32, -48, 10, -34, -94]	[-211, 83, 101, 179, 6]	[10006, 10005, 10004, 9995, 10000]	[289, 212, 179, 279, 256]
290	26.0	[203, 34, -258, 22, -113]	[-171, -174, -24, -35, 8]	[8, -142, 29, -45, -163]	[-103, 126, -220, -118, -173]	[113, -119, -82, 4, -129]	[-181, -72, 5, 5, 163]	[-126, 43, 9, 86, 113]	[-92, -225, -137, -108, -127]	[-114, -59, -116, -67, -132]	[49, -41, 10, -35, -87]	[-207, 95, 96, 180, -7]	[10005, 10005, 10004, 9998, 10000]	[279, 202, 176, 267, 264]
291	23.0	[203, 40, -204, 5, -125]	[-171, -190, -24, -35, 5]	[8, -132, 59, -46, -172]	[-116, 127, -222, -101, -173]	[113, -122, -97, 11, -158]	[-181, -71, 6, 31, 176]	[-131, 87, 5, 68, -52]	[-92, -207, -136, -105, -119]	[-114, -55, -121, -65, -121]	[38, -56, 11, -48, -94]	[-211, 82, 95, 180, 5]	[10005, 10005, 10004, 10001, 10000]	[286, 208, 176, 267, 270]
292	21.0	[203, 40, -204, 11, -125]	[-171, -190, -24, -35, 5]	[8, -132, 59, -46, -172]	[-116, 127, -222, -101, -173]	[113, -122, -97, 11, -158]	[-181, -71, 6, 31, 176]	[-131, 87, 5, 68, -52]	[-92, -207, -136, -105, -119]	[-114, -55, -121, -65, -121]	[38, -56, 11, -48, -94]	[-211, 82, 95, 180, 5]	[10005, 10005, 10004, 10001, 10000]	[279, 202, 176, 267, 270]
293	24.0	[203, 40, -204, 11, -125]	[-171, -190, -24, -35, 5]	[8, -132, 59, -46, -172]	[-116, 127, -222, -101, -173]	[113, -122, -97, 11, -158]	[-181, -71, 6, 31, 176]	[-131, 87, 5, 68, -52]	[-92, -207, -136, -105, -119]	[-114, -55, -121, -65, -121]	[38, -56, 11, -48, -94]	[-211, 82, 95, 180, 5]	[10005, 10005, 10004, 10001, 10000]	[279, 202, 176, 267, 270]
294	26.0	[122, -28, -85, -40, -262]	[-57, -180, -15, -35, -2]	[-9, -132, 25, -44, -192]	[-96, 131, -202, -90, -173]	[121, -127, -80, 4, -141]	[-154, -64, -2, -24, 168]	[-83, -1, 10, 73, -52]	[-33, -221, -136, -106, -74]	[-109, -59, -117, -70, -132]	[32, -48, 10, -34, -94]	[-211, 83, 101, 179, 6]	[10006, 10005, 10004, 9995, 10000]	[289, 212, 179, 279, 256]
295	29.5	[203, 40, -198, 5, -125]	[-171, -197, -24, -35, 5]	[-12, -134, 6, -45, -172]	[-116, 133, -253, -84, -173]	[113, -121, -95, 16, -148]	[-178, -71, 6, 31, 176]	[-115, 75, 3, 78, -52]	[-92, -209, -136, -105, -119]	[-109, -71, -121, -72, -133]	[38, -56, 11, -51, -92]	[-211, 82, 96, 180, -22]	[10005, 10005, 10003, 10001, 10000]	[279, 202, 176, 271, 264]
296	26.5	[203, 40, -258, 22, -100]	[5, -194, 28, -35, 2]	[8, -128, 9, -45, -169]	[-103, 137, -259, -80, -173]	[112, -119, -85, 4, 21]	[-181, -49, -14, -3, 159]	[-147, 13, 13, 83, -30]	[-24, -198, -134, -108, -125]	[-103, -52, -121, -66, -132]	[38, -57, 10, -41, -92]	[-211, 87, 96, 180, -2]	[10005, 10005, 10001, 10001, 10000]	[279, 202, 176, 267, 264]
297	24.0	[122, -28, -85, -40, -262]	[-57, -180, -15, -35, -2]	[-9, -132, 25, -44, -192]	[-96, 131, -202, -90, -173]	[121, -127, -80, 4, -141]	[-154, -64, -2, -24, 168]	[-83, -1, 10, 73, -52]	[-33, -221, -136, -106, -74]	[-109, -59, -117, -70, -132]	[32, -48, 10, -34, -94]	[-211, 83, 101, 179, 6]	[10006, 10005, 10004, 9995, 10000]	[289, 212, 179, 273, 256]
298	24.0	[203, 40, -204, 11, -125]	[-171, -190, -24, -35, 5]	[8, -132, 59, -46, -172]	[-116, 127, -222, -101, -173]	[113, -122, -97, 11, -158]	[-181, -71, 6, 31, 176]	[-131, 87, 5, 68, -52]	[-92, -207, -136, -105, -119]	[-114, -55, -121, -65, -121]	[38, -56, 11, -48, -94]	[-211, 82, 95, 180, 5]	[10005, 10005, 10004, 10001, 10000]	[279, 202, 176, 267, 270]
299	25.5	[203, 40, -204, 5, -125]	[-171, -190, -24, -35, 5]	[8, -132, 59, -46, -172]	[-116, 127, -222, -101, -173]	[113, -122, -97, 11, -158]	[-181, -71, 6, 31, 176]	[-131, 87, 5, 68, -52]	[-92, -207, -136, -105, -119]	[-114, -55, -121, -65, -121]	[38, -56, 11, -48, -94]	[-211, 82, 95, 180, 5]	[10005, 10005, 10004, 10001, 10000]	[286, 208, 176, 267, 270]
300	22.0	[122, -28, -85, -40, -256]	[-57, -180, -15, -35, -2]	[-9, -132, 25, -44, -192]	[-96, 131, -202, -90, -173]	[121, -127, -80, 4, -141]	[-154, -64, -2, -24, 168]	[-83, -1, 10, 73, -52]	[-33, -221, -136, -106, -74]	[-109, -59, -117, -70, -132]	[32, -48, 10, -34, -94]	[-211, 83, 126, 179, 6]	[10006, 10005, 10004, 9995, 10000]	[289, 212, 179, 273, 256]
301	23.0	[203, 40, -204, 5, -125]	[-171, -190, -24, -35, 5]	[8, -132, 59, -46, -197]	[-116, 127, -222, -101, -173]	[113, -122, -97, 11, -158]	[-181, -71, 6, 31, 176]	[-131, 87, 5, 68, -52]	[-92, -207, -136, -105, -119]	[-114, -55, -121, -65, -121]	[38, -56, 11, -48, -94]	[-211, 82, 95, 180, 5]	[10005, 10004, 10004, 9997, 10000]	[284, 208, 182, 267, 270]
302	24.5	[203, 40, -204, 5, -125]	[-171, -190, -24, -35, 5]	[8, -132, 59, -46, -197]	[-116, 127, -222, -101, -173]	[113, -122, -97, 11, -158]	[-181, -71, 6, 31, 176]	[-131, 87, 5, 68, -52]	[-92, -207, -136, -105, -119]	[-114, -55, -121, -65, -121]	[38, -56, 11, -48, -94]	[-211, 82, 95, 180, 5]	[10005, 10004, 10004, 9997, 10000]	[284, 208, 182, 267, 270]
303	25.0	[203, 40, -258, 22, -100]	[-20, -194, 28, -35, 2]	[8, -128, 9, -45, -169]	[-103, 137, -259, -80, -173]	[112, -119, -85, 4, -78]	[-181, -57, -10, 31, 159]	[-147, 13, 13, 83, -30]	[-24, -198, -134, -108, -125]	[-103, -52, -121, -66, -132]	[38, -57, 10, -41, -92]	[-211, 87, 96, 180, -2]	[10005, 10005, 10001, 10001, 10000]	[279, 202, 176, 267, 264]
304	24.0	[122, -28, -70, -40, -262]	[38, -197, 13, -39, -2]	[-110, -146, -7, -44, -192]	[-96, 115, -194, -82, -173]	[106, -118, -75, 26, -139]	[-79, -59, 17, 28, 157]	[-5, 70, 5, 78, -51]	[-37, -221, -119, -102, -127]	[-112, -67, -116, -65, -156]	[37, -55, 11, -24, -92]	[-211, 81, 101, 180, -38]	[10012, 10002, 10003, 9997, 10000]	[283, 221, 191, 274, 257]
305	21.5	[203, 40, -258, 22, -100]	[-61, -189, 7, -32, 5]	[-3, -136, -15, -45, -172]	[-103, 137, -251, -163, -173]	[110, -120, -92, 10, 14]	[-173, -68, -2, -9, 213]	[-140, 57, -2, 104, -52]	[-33, -201, -130, -107, -127]	[-114, -48, -122, -70, -124]	[17, -55, 11, -45, -86]	[-204, 103, 95, 179, -25]	[10005, 10005, 10004, 10001, 10000]	[279, 202, 176, 267, 264]
306	24.0	[122, -28, -151, -40, -262]	[-31, -193, 16, -33, -2]	[-110, -146, 0, -45, -179]	[-102, 118, -246, -82, -173]	[112, -122, -76, 23, -139]	[-36, -51, -7, 1, 153]	[5, 69, -2, 103, -51]	[-10, -221, -119, -104, -126]	[-104, -56, -119, -61, -139]	[31, -56, 10, -32, -85]	[-211, 87, 96, 180, 5]	[10012, 10002, 10003, 9995, 10000]	[283, 221, 191, 299, 257]
307	26.0	[203, 40, -258, 22, -100]	[-61, -189, 7, -32, 5]	[-3, -136, -15, -45, -172]	[-103, 137, -251, -163, -173]	[110, -121, -93, 11, -14]	[-173, -68, -2, -9, 185]	[-140, 69, -2, 104, -52]	[-73, -207, -135, -107, -127]	[-114, -48, -122, -69, -124]	[17, -56, 11, -32, -86]	[-204, 103, 95, 179, -25]	[10005, 10005, 10004, 10001, 10000]	[279, 202, 176, 267, 264]
308	25.0	[203, 34, -258, 47, -113]	[-171, -180, -24, -35, 8]	[8, -142, 29, -45, -163]	[-103, 126, -220, -118, -173]	[113, -119, -82, 4, -129]	[-181, -72, 5, 5, 163]	[-126, 43, 3, 86, 113]	[-92, -225, -137, -108, -127]	[-114, -59, -110, -67, -132]	[49, -41, 10, -35, -87]	[-207, 95, 96, 180, -7]	[10005, 10005, 10004, 9998, 10000]	[279, 202, 176, 267, 264]
309	26.5	[203, 40, -204, 5, -125]	[-171, -190, -24, -35, 5]	[8, -132, 59, -46, -172]	[-116, 127, -222, -101, -173]	[113, -122, -97, 11, -158]	[-181, -71, 6, 31, 176]	[-131, 87, 5, 68, -52]	[-92, -207, -136, -80, -119]	[-114, -55, -121, -65, -121]	[38, -56, 11, -48, -94]	[-211, 82, 95, 180, 5]	[10005, 10005, 10004, 10001, 10000]	[286, 208, 176, 267, 270]
310	26.0	[122, -28, -151, -40, -262]	[-31, -193, 16, -33, -2]	[-110, -146, 0, -45, -179]	[-102, 118, -246, -82, -173]	[112, -122, -76, 23, -139]	[-36, -51, -7, 1, 153]	[5, 69, -2, 103, -51]	[-10, -221, -119, -104, -126]	[-104, -56, -119, -61, -139]	[31, -56, 10, -32, -85]	[-211, 87, 96, 180, 5]	[10012, 10002, 10003, 9995, 10000]	[283, 221, 191, 299, 257]
311	24.0	[122, -28, -85, -40, -256]	[-57, -180, -15, -35, -2]	[-9, -132, 25, -44, -192]	[-96, 131, -202, -90, -173]	[121, -127, -80, 4, -141]	[-154, -64, -2, -24, 168]	[-83, -1, 10, 73, -52]	[-33, -221, -136, -106, -74]	[-109, -59, -117, -70, -132]	[32, -48, 10, -34, -94]	[-211, 83, 126, 179, 6]	[10006, 10005, 10004, 9995, 10000]	[289, 212, 179, 273, 256]
312	26.5	[203, 34, -258, 47, -113]	[-171, -180, -24, -35, 8]	[8, -142, 29, -45, -163]	[-103, 126, -220, -118, -173]	[113, -119, -82, 4, -129]	[-181, -72, 5, 5, 163]	[-126, 43, 3, 86, 113]	[-92, -225, -137, -108, -127]	[-114, -59, -110, -67, -132]	[49, -41, 10, -35, -87]	[-207, 95, 96, 180, -7]	[10005, 10005, 10004, 9998, 10000]	[279, 202, 176, 267, 264]
313	25.0	[203, 40, -237, 22, -100]	[-142, -187, -7, -34, 5]	[3, -133, -1, -46, -172]	[-103, 137, -244, -143, -173]	[110, -120, -97, 11, -40]	[-173, -70, -2, -9, 213]	[-137, 59, -2, 104, -52]	[-33, -203, -130, -107, -127]	[-114, -48, -122, -70, -124]	[17, -55, 17, -45, -86]	[-204, 103, 95, 179, -25]	[10005, 10005, 10004, 10001, 10000]	[279, 202, 176, 267, 264]
314	26.0	[203, 34, -258, 47, -113]	[-171, -180, -24, -35, 8]	[8, -142, 29, -45, -163]	[-103, 126, -220, -118, -173]	[113, -119, -82, 4, -129]	[-181, -72, 5, 5, 163]	[-126, 43, 3, 86, 113]	[-92, -225, -137, -108, -127]	[-114, -59, -110, -67, -132]	[49, -41, 10, -35, -87]	[-207, 95, 96, 180, -7]	[10005, 10005, 10004, 9998, 10000]	[279, 202, 176, 267, 264]
315	28.5	[203, 40, -237, 22, -100]	[-142, -187, -7, -34, 5]	[3, -133, -1, -46, -172]	[-103, 137, -244, -143, -173]	[110, -120, -97, 11, -40]	[-173, -70, -2, -9, 213]	[-137, 59, -2, 104, -52]	[-33, -203, -130, -107, -127]	[-114, -48, -122, -70, -124]	[17, -55, 17, -45, -86]	[-204, 103, 95, 179, -25]	[10005, 10005, 10004, 10001, 10000]	[279, 202, 176, 267, 264]
316	26.0	[122, -28, -70, -40, -262]	[38, -197, 13, -39, -2]	[-110, -146, -7, -44, -192]	[-98, 118, -237, -82, -173]	[109, -122, -76, 26, -139]	[-79, -63, 17, 3, 157]	[-5, 69, -1, 78, -51]	[-37, -221, -119, -102, -127]	[-105, -61, -117, -65, -144]	[33, -56, 11, -26, -85]	[-211, 81, 101, 180, -34]	[10012, 10002, 10003, 9997, 10000]	[283, 221, 191, 274, 257]
317	22.0	[122, -26, -89, -15, -256]	[-66, -184, -17, -35, 5]	[-9, -132, 25, -44, -192]	[-96, 134, -202, -90, -173]	[121, -122, -85, 4, -141]	[-154, -64, -2, -20, 168]	[-83, -1, 10, 73, -52]	[-33, -221, -136, -106, -74]	[-109, -59, -117, -70, -132]	[32, -48, 10, -34, -94]	[-211, 83, 126, 179, 6]	[10006, 10005, 10004, 9995, 10000]	[289, 212, 179, 273, 256]
318	27.5	[203, 40, -204, 5, -125]	[-171, -190, -24, -35, 5]	[8, -132, 59, -46, -197]	[-116, 127, -222, -101, -173]	[113, -122, -97, 11, -158]	[-181, -71, 6, 31, 176]	[-131, 87, 5, 68, -52]	[-92, -207, -136, -105, -119]	[-113, -55, -122, -65, -121]	[38, -56, 11, -45, -89]	[-204, 97, 95, 180, 5]	[10005, 10004, 10004, 9999, 10000]	[284, 208, 182, 267, 270]
319	28.5	[203, 40, -204, 5, -125]	[-171, -190, -24, -35, 5]	[8, -132, 59, -46, -197]	[-116, 116, -212, -101, -173]	[105, -119, -75, 12, -158]	[-181, -66, -2, -19, 162]	[-139, 70, 6, 73, -52]	[-70, -201, -134, -105, -124]	[-114, -57, -120, -66, -125]	[38, -56, 11, -34, -88]	[-211, 81, 97, 180, 5]	[10005, 10004, 10003, 9997, 10000]	[284, 208, 182, 267, 270]
320	25.5	[203, 34, -258, 47, -113]	[-171, -180, -24, -35, 8]	[8, -142, 29, -45, -163]	[-103, 126, -220, -118, -173]	[113, -119, -82, 4, -129]	[-181, -72, 5, 5, 163]	[-126, 43, 3, 86, 113]	[-92, -225, -137, -108, -127]	[-114, -59, -104, -67, -132]	[49, -41, 10, -35, -87]	[-207, 95, 96, 180, -7]	[10005, 10005, 10004, 9998, 10000]	[279, 202, 176, 267, 264]
321	24.0	[203, 40, -204, 5, -125]	[-171, -184, -24, -35, 5]	[8, -132, 59, -46, -172]	[-122, 127, -222, -101, -173]	[113, -122, -91, 11, -158]	[-181, -71, 6, 31, 176]	[-137, 72, 5, 68, -52]	[-92, -205, -130, -80, -119]	[-114, -55, -121, -65, -121]	[38, -56, 11, -48, -94]	[-211, 82, 95, 180, 5]	[10005, 10005, 10004, 10001, 10000]	[286, 208, 176, 267, 270]
322	25.0	[203, 34, -258, 47, -113]	[-171, -180, -24, -35, 8]	[8, -142, 29, -45, -163]	[-103, 126, -220, -118, -173]	[113, -119, -82, 4, -129]	[-181, -72, 5, 5, 163]	[-126, 43, 3, 86, 113]	[-92, -225, -137, -108, -127]	[-114, -59, -104, -67, -132]	[49, -41, 10, -35, -87]	[-207, 95, 96, 180, -7]	[10005, 10005, 10004, 9998, 10000]	[279, 202, 176, 267, 264]
323	27.0	[203, 40, -204, 5, -125]	[-171, -190, -24, -35, 5]	[8, -132, 59, -46, -197]	[-116, 116, -212, -101, -173]	[105, -119, -75, 12, -158]	[-181, -66, -2, -19, 162]	[-139, 70, 6, 73, -52]	[-70, -201, -134, -105, -124]	[-114, -57, -120, -66, -125]	[38, -56, 11, -34, -88]	[-211, 81, 97, 180, 5]	[10005, 10004, 10003, 9997, 10000]	[284, 208, 182, 267, 270]
324	22.5	[203, 40, -204, 5, -125]	[-171, -190, -24, -35, 5]	[8, -132, 59, -46, -197]	[-122, 127, -222, -113, -173]	[110, -121, -94, 11, -158]	[-181, -71, -1, 31, 176]	[-137, 74, 5, 68, -52]	[-92, -207, -136, -105, -119]	[-112, -55, -122, -65, -121]	[38, -56, 11, -45, -89]	[-204, 97, 95, 180, 5]	[10005, 10004, 10004, 9999, 10000]	[284, 208, 182, 273, 264]
325	24.0	[203, 40, -204, 5, -125]	[-171, -184, -24, -35, 5]	[8, -132, 59, -46, -172]	[-122, 127, -222, -161, -173]	[113, -122, -91, 11, -158]	[-181, -71, 6, 31, 176]	[-137, 72, 5, 68, -52]	[-92, -205, -130, -80, -119]	[-114, -55, -121, -65, -121]	[38, -56, 11, -48, -94]	[-211, 82, 95, 180, 5]	[10005, 10005, 10004, 10001, 10000]	[286, 208, 176, 267, 270]
326	26.5	[203, 34, -258, 47, -113]	[-171, -174, -24, -35, 8]	[8, -142, 29, -45, -163]	[-103, 126, -220, -118, -173]	[113, -119, -82, 4, -129]	[-181, -72, 5, 5, 163]	[-126, 43, 3, 86, 113]	[-92, -225, -137, -108, -127]	[-114, -59, -104, -67, -132]	[49, -41, 10, -35, -87]	[-207, 95, 96, 180, -7]	[10005, 10005, 10004, 9998, 10000]	[279, 202, 176, 267, 264]
327	22.0	[122, -26, -89, -15, -256]	[-66, -184, -17, -35, 5]	[-9, -132, 25, -44, -192]	[-96, 134, -202, -90, -173]	[121, -122, -80, 20, -141]	[-154, -63, 4, 21, 168]	[-83, -1, 10, 74, -52]	[-33, -221, -132, -100, -74]	[-112, -59, -117, -70, -132]	[32, -48, 17, -28, -94]	[-211, 83, 126, 179, 6]	[10006, 10005, 10004, 9995, 10000]	[289, 212, 179, 273, 256]
328	28.0	[203, 40, -258, 22, -100]	[-61, -189, 7, -32, 5]	[-3, -136, -15, -45, -172]	[-103, 137, -251, -163, -173]	[110, -121, -93, 11, -14]	[-173, -68, -2, -9, 185]	[-140, 69, -2, 104, -52]	[-73, -207, -135, -107, -127]	[-114, -48, -122, -69, -124]	[17, -56, 11, -32, -86]	[-204, 103, 95, 179, -25]	[10005, 10005, 10004, 10001, 10000]	[282, 204, 176, 267, 264]
329	23.0	[203, 40, -204, 5, -125]	[-171, -190, -24, -35, 5]	[8, -132, 59, -46, -197]	[-122, 127, -222, -113, -173]	[110, -121, -94, 11, -158]	[-181, -71, -1, 31, 176]	[-137, 74, 5, 68, -52]	[-92, -207, -136, -105, -119]	[-112, -55, -122, -65, -121]	[38, -56, 11, -36, -89]	[-204, 97, 96, 180, 2]	[10005, 10004, 10004, 9997, 10000]	[284, 205, 180, 270, 265]
330	22.0	[203, 40, -204, 5, -125]	[-171, -190, -24, -35, 11]	[8, -132, 59, -46, -172]	[-108, 127, -222, -101, -173]	[117, -122, -84, 4, -134]	[-149, -56, -1, -12, 176]	[-121, 36, 16, 73, 9]	[-54, -223, -129, -87, -119]	[-114, -59, -121, -66, -116]	[33, -43, 11, -34, -89]	[-211, 82, 97, 180, -1]	[10005, 10005, 10004, 9997, 10000]	[286, 203, 176, 267, 270]
331	22.0	[122, -26, -89, -15, -256]	[-66, -184, -17, -35, 5]	[-9, -132, 25, -44, -192]	[-96, 134, -202, -90, -173]	[121, -122, -80, 20, -141]	[-154, -63, 4, 21, 168]	[-83, -1, 10, 74, -52]	[-33, -221, -132, -100, -74]	[-112, -59, -117, -68, -132]	[32, -50, 11, -28, -94]	[-211, 83, 126, 179, 6]	[10006, 10005, 10004, 9995, 10000]	[289, 212, 179, 273, 256]
332	24.0	[203, 40, -204, 5, -125]	[-171, -190, -24, -35, 5]	[8, -132, 59, -46, -197]	[-116, 127, -222, -101, -173]	[113, -122, -97, 11, -158]	[-181, -71, 12, 31, 176]	[-131, 87, 5, 68, -52]	[-92, -207, -136, -105, -119]	[-113, -55, -122, -65, -121]	[38, -56, 11, -45, -89]	[-204, 97, 95, 180, 5]	[10005, 10004, 10004, 9999, 10000]	[284, 208, 182, 267, 270]
333	29.0	[203, 40, -204, 5, -125]	[-171, -190, -24, -35, 11]	[8, -132, 59, -46, -172]	[-108, 127, -222, -101, -173]	[117, -122, -84, 4, -134]	[-149, -56, -1, -1, 176]	[-121, 36, 16, 82, 9]	[-54, -223, -129, -87, -119]	[-114, -59, -121, -66, -116]	[33, -43, 11, -34, -89]	[-211, 82, 97, 180, -1]	[10005, 10005, 10004, 9997, 10000]	[286, 203, 176, 267, 270]
334	28.5	[203, 34, -246, 39, -116]	[-171, -174, -24, -35, 8]	[8, -132, 46, -45, -163]	[-103, 127, -226, -110, -173]	[113, -113, -82, 4, -130]	[-177, -60, 1, 5, 163]	[-126, 36, 3, 86, 113]	[-56, -222, -137, -108, -127]	[-114, -51, -115, -67, -132]	[49, -43, 10, -35, -87]	[-207, 93, 96, 180, -3]	[10005, 10005, 10004, 9998, 10000]	[279, 202, 176, 267, 264]
335	25.5	[203, 34, -246, 39, -116]	[-171, -174, -24, -35, 8]	[8, -132, 46, -45, -163]	[-103, 127, -226, -110, -173]	[113, -113, -82, 4, -130]	[-171, -60, 1, 5, 163]	[-126, 36, 3, 86, 113]	[-56, -222, -137, -108, -127]	[-114, -51, -115, -67, -132]	[49, -43, 10, -35, -87]	[-207, 93, 96, 180, -3]	[10005, 10005, 10004, 9998, 10000]	[279, 202, 176, 267, 264]
336	26.0	[203, 40, -204, 5, -125]	[-171, -190, -24, -35, 5]	[8, -132, 59, -46, -192]	[-108, 117, -206, -101, -173]	[110, -122, -79, 12, -158]	[-178, -67, 13, -15, 162]	[-139, 70, 6, 73, -52]	[-70, -201, -134, -105, -124]	[-114, -57, -120, -66, -125]	[38, -56, 11, -34, -88]	[-211, 81, 97, 180, 5]	[10005, 10004, 10003, 9997, 10000]	[284, 208, 182, 267, 270]
337	26.0	[122, -26, -89, -15, -256]	[-66, -184, -17, -35, 5]	[-9, -132, 25, -44, -192]	[-96, 134, -202, -90, -173]	[121, -122, -80, 20, -141]	[-154, -63, -2, 21, 168]	[-83, -1, 10, 74, -52]	[-33, -221, -132, -100, -74]	[-112, -59, -117, -68, -132]	[32, -50, 11, -28, -94]	[-211, 83, 126, 179, 6]	[10006, 10005, 10004, 9995, 10000]	[289, 212, 179, 273, 256]
338	24.5	[122, -26, -89, -15, -256]	[-66, -184, -17, -35, 5]	[-9, -132, 25, -44, -192]	[-96, 134, -202, -90, -173]	[115, -122, -80, 20, -141]	[-154, -63, -2, 21, 168]	[-83, -1, 10, 74, -52]	[-33, -221, -132, -100, -74]	[-112, -59, -117, -68, -132]	[32, -50, 11, -28, -94]	[-211, 83, 126, 179, 6]	[10006, 10005, 10004, 9995, 10000]	[289, 212, 179, 273, 256]
339	30.0	[203, 40, -258, 22, -100]	[-61, -189, 7, -32, 5]	[-3, -136, -15, -45, -189]	[-107, 127, -251, -163, -173]	[110, -121, -93, 11, -14]	[-173, -68, -2, -9, 179]	[-134, 69, -2, 104, -52]	[-73, -207, -135, -107, -127]	[-114, -48, -122, -69, -124]	[17, -56, 11, -32, -86]	[-204, 103, 95, 179, -25]	[10005, 10005, 10004, 10001, 10000]	[282, 204, 176, 267, 264]
340	28.0	[203, 34, -131, 35, -251]	[-171, -174, -24, -35, 7]	[8, -132, 34, -46, -163]	[-103, 127, -226, -110, -173]	[113, -113, -82, 11, -130]	[-177, -60, 3, 25, 163]	[-126, 36, 3, 86, 113]	[-56, -222, -137, -108, -127]	[-114, -51, -115, -67, -132]	[49, -43, 10, -35, -87]	[-207, 93, 96, 180, -3]	[10005, 10005, 10004, 9998, 10000]	[279, 202, 176, 267, 264]
341	25.5	[203, 40, -258, 22, -100]	[-61, -189, 7, -32, 5]	[-3, -136, -15, -45, -172]	[-103, 137, -251, -163, -173]	[108, -121, -93, 11, -14]	[-173, -69, -1, -6, 163]	[-134, 58, 6, 104, -52]	[-73, -207, -134, -107, -110]	[-114, -48, -122, -67, -124]	[31, -55, 11, -34, -86]	[-204, 103, 111, 179, -25]	[10005, 10004, 10004, 9999, 10000]	[282, 204, 176, 267, 267]
342	25.0	[203, 40, -258, 22, -100]	[-61, -189, 7, -32, 5]	[-3, -136, -15, -45, -172]	[-103, 137, -251, -163, -173]	[108, -121, -93, 11, -14]	[-173, -69, -1, -6, 163]	[-134, 58, 6, 104, -52]	[-73, -207, -134, -107, -110]	[-114, -48, -122, -67, -124]	[31, -55, 11, -34, -86]	[-204, 103, 111, 179, -25]	[10005, 10004, 10004, 9999, 10000]	[282, 204, 176, 267, 267]
343	26.5	[203, 40, -204, 5, -125]	[-171, -190, -20, -35, 5]	[8, -132, 35, -45, -192]	[-116, 116, -212, -101, -173]	[105, -119, -76, 20, -141]	[-150, -65, -1, -2, 163]	[-124, 34, 5, 76, 71]	[-56, -222, -129, -103, -87]	[-114, -57, -117, -67, -125]	[35, -52, 11, -34, -88]	[-211, 83, 124, 180, 5]	[10011, 10004, 10003, 9997, 10000]	[284, 210, 179, 273, 270]
344	28.5	[203, 38, -229, 5, -125]	[-171, -186, -24, -35, 5]	[8, -132, 54, -45, -192]	[-108, 123, -220, -104, -173]	[110, -122, -81, 12, -158]	[-175, -60, 2, -4, 162]	[-128, 64, 6, 73, -52]	[-68, -201, -135, -108, -124]	[-110, -53, -121, -66, -125]	[47, -56, 11, -34, -88]	[-211, 81, 97, 180, 5]	[10005, 10005, 10004, 9997, 10000]	[284, 208, 182, 267, 269]
345	25.0	[203, 34, -131, 35, -251]	[-171, -174, -24, -35, 7]	[8, -132, 34, -46, -163]	[-103, 127, -226, -110, -173]	[113, -113, -82, 11, -130]	[-177, -60, 3, 25, 163]	[-126, 36, 3, 86, 113]	[-56, -222, -137, -108, -127]	[-114, -51, -115, -67, -132]	[49, -43, 10, -35, -87]	[-207, 93, 96, 174, -3]	[10005, 10005, 10004, 9998, 10000]	[279, 202, 176, 267, 264]
346	21.5	[203, 38, -229, 5, -125]	[-171, -186, -24, -35, 5]	[8, -132, 54, -45, -192]	[-108, 123, -237, -161, -173]	[110, -121, -88, 12, -158]	[-175, -60, 2, -4, 162]	[-128, 64, 6, 73, -52]	[-68, -201, -135, -108, -124]	[-110, -53, -121, -66, -125]	[47, -56, 11, -34, -88]	[-211, 81, 97, 180, 5]	[10005, 10005, 10004, 9997, 10000]	[284, 208, 182, 267, 269]
347	25.5	[122, -26, -89, -15, -256]	[-66, -184, -17, -35, 5]	[-9, -132, 25, -44, -192]	[-96, 134, -202, -90, -173]	[115, -122, -80, 20, -141]	[-154, -63, -2, 21, 168]	[-134, 39, 5, 73, -52]	[-33, -221, -132, -101, -111]	[-112, -58, -117, -66, -132]	[38, -50, 11, -28, -94]	[-205, 85, 126, 179, 6]	[10006, 10005, 10004, 9995, 10000]	[289, 212, 179, 273, 256]
348	25.5	[203, 38, -229, 5, -125]	[-171, -186, -24, -35, 5]	[8, -132, 54, -45, -192]	[-108, 123, -220, -104, -173]	[106, -122, -76, 12, -158]	[-175, -60, 2, -4, 162]	[-128, 64, 6, 73, -52]	[-68, -201, -135, -108, -124]	[-110, -53, -121, -66, -125]	[47, -56, 11, -34, -88]	[-211, 81, 97, 180, 5]	[10005, 10005, 10004, 9997, 10000]	[284, 208, 182, 267, 269]
349	26.0	[203, 40, -204, 5, -125]	[-171, -190, -24, -35, 5]	[8, -132, 59, -46, -192]	[-108, 117, -206, -101, -173]	[110, -122, -79, 12, -158]	[-178, -67, 13, -15, 162]	[-139, 70, 6, 73, -52]	[-70, -201, -134, -105, -124]	[-114, -57, -120, -66, -125]	[38, -56, 11, -34, -88]	[-211, 81, 97, 180, 5]	[10005, 10004, 10003, 9997, 10000]	[284, 208, 182, 267, 270]
350	23.0	[203, 40, -204, 5, -125]	[-171, -190, -20, -35, 5]	[8, -132, 35, -45, -192]	[-116, 116, -212, -101, -173]	[107, -114, -76, 20, -141]	[-150, -65, 3, 11, 163]	[-124, 34, 5, 76, -30]	[-49, -222, -132, -103, -87]	[-114, -59, -115, -67, -131]	[35, -52, 11, -34, -88]	[-211, 93, 121, 180, 4]	[10011, 10004, 10003, 9997, 10000]	[284, 210, 179, 273, 270]
351	25.5	[198, 16, -201, -1, -256]	[-66, -190, -19, -35, 5]	[-9, -132, 44, -45, -196]	[-96, 134, -202, -90, -173]	[111, -121, -80, 20, -141]	[-154, -63, -2, 21, 168]	[-120, 30, 6, 73, -52]	[-33, -219, -134, -102, -76]	[-112, -59, -117, -68, -132]	[26, -50, 11, -28, -94]	[-211, 83, 126, 179, 6]	[10006, 10005, 10004, 9995, 10000]	[289, 212, 179, 273, 256]
352	20.5	[198, 16, -201, -1, -256]	[-66, -190, -19, -41, 5]	[-9, -132, 44, -45, -196]	[-96, 134, -202, -90, -173]	[111, -121, -80, 20, -141]	[-154, -63, -2, 21, 168]	[-120, 30, 6, 73, -52]	[-33, -219, -134, -102, -76]	[-112, -59, -117, -68, -132]	[31, -46, 11, -28, -92]	[-211, 82, 98, 180, 6]	[10006, 10005, 10004, 9995, 10000]	[289, 212, 179, 273, 256]
353	24.5	[198, 16, -201, -1, -256]	[-66, -190, -19, -41, 5]	[-9, -132, 44, -45, -196]	[-96, 134, -202, -90, -173]	[111, -121, -80, 20, -141]	[-154, -63, -2, 21, 168]	[-120, 30, 6, 73, -52]	[-33, -219, -134, -102, -76]	[-112, -59, -117, -68, -132]	[31, -46, 11, -28, -92]	[-211, 82, 98, 180, 6]	[10006, 10005, 10004, 9995, 10000]	[289, 212, 179, 273, 256]
354	25.0	[203, 38, -229, 11, -125]	[-171, -186, -24, -35, 5]	[8, -132, 54, -45, -192]	[-108, 123, -220, -104, -173]	[106, -122, -76, 12, -158]	[-175, -60, 2, -4, 162]	[-128, 64, 6, 73, -52]	[-68, -201, -135, -108, -124]	[-110, -53, -121, -66, -125]	[47, -56, 11, -28, -88]	[-211, 81, 97, 180, 5]	[10005, 10005, 10004, 9997, 10000]	[284, 208, 182, 267, 269]
355	25.0	[203, 34, -131, 29, -251]	[-171, -174, -24, -35, 7]	[8, -132, 34, -46, -163]	[-103, 127, -226, -110, -173]	[113, -113, -82, 11, -130]	[-183, -68, 8, 26, 167]	[-126, 36, 3, 68, 113]	[-56, -222, -137, -107, -133]	[-114, -51, -115, -66, -130]	[49, -44, 10, -38, -88]	[-207, 93, 95, 178, 2]	[10005, 10011, 10004, 9998, 10000]	[279, 202, 176, 267, 264]
356	23.0	[203, 40, -204, 5, -125]	[-171, -190, -20, -35, 5]	[8, -132, 35, -45, -192]	[-116, 116, -212, -101, -173]	[107, -114, -76, 20, -141]	[-150, -65, 3, 11, 163]	[-124, 34, 5, 76, -30]	[-49, -222, -132, -103, -87]	[-114, -59, -115, -67, -131]	[35, -52, 11, -34, -88]	[-211, 93, 121, 180, 4]	[10011, 10004, 10003, 9997, 10000]	[284, 210, 179, 273, 270]
357	29.5	[203, 40, -204, 5, -125]	[-171, -190, -20, -35, 5]	[8, -132, 35, -45, -192]	[-116, 116, -212, -101, -173]	[107, -114, -76, 20, -141]	[-150, -65, 3, 11, 163]	[-124, 34, 5, 76, -30]	[-49, -222, -132, -103, -87]	[-114, -59, -115, -67, -131]	[35, -52, 11, -34, -88]	[-211, 93, 121, 180, 4]	[10011, 10004, 10003, 9997, 10000]	[284, 210, 179, 273, 270]
358	27.0	[198, 16, -201, -1, -256]	[-66, -190, -19, -35, -1]	[-9, -132, 44, -45, -196]	[-96, 134, -202, -90, -173]	[111, -121, -80, 20, -141]	[-154, -63, -2, 21, 168]	[-120, 30, 6, 73, -52]	[-33, -219, -134, -96, -76]	[-112, -59, -117, -68, -132]	[26, -50, 11, -28, -94]	[-211, 83, 126, 179, 6]	[10006, 10005, 10004, 9995, 10000]	[289, 212, 179, 273, 256]
359	34.0	[203, 40, -204, 5, -125]	[-171, -190, -24, -35, 5]	[8, -132, 59, -46, -192]	[-108, 117, -206, -101, -173]	[110, -122, -79, 12, -158]	[-178, -67, 13, -15, 162]	[-139, 70, 6, 73, -52]	[-70, -201, -134, -105, -124]	[-114, -57, -120, -66, -125]	[38, -56, 5, -34, -88]	[-211, 81, 97, 180, 5]	[10005, 10005, 10004, 9997, 10000]	[284, 208, 182, 267, 270]
360	26.0	[203, 38, -229, 5, -125]	[-171, -186, -24, -35, 5]	[8, -132, 54, -45, -192]	[-108, 123, -220, -104, -173]	[110, -122, -81, 12, -158]	[-175, -65, 7, 22, 165]	[-128, 79, 5, 73, -52]	[-68, -201, -136, -108, -124]	[-110, -53, -121, -65, -122]	[40, -56, 11, -34, -88]	[-211, 81, 97, 180, 5]	[10005, 10005, 10004, 9997, 10000]	[284, 208, 182, 267, 269]
361	26.5	[203, 39, -238, 22, -100]	[-129, -189, 7, -34, 5]	[-1, -132, 39, -45, -172]	[-107, 125, -251, -163, -173]	[108, -122, -91, 11, -14]	[-173, -68, 0, -5, 163]	[-133, 62, 6, 104, -52]	[-71, -202, -135, -107, -110]	[-114, -48, -120, -67, -124]	[31, -56, 11, -34, -86]	[-204, 95, 111, 179, -25]	[10005, 10004, 10004, 9999, 10000]	[282, 204, 176, 267, 267]
362	23.5	[198, 16, -201, -1, -256]	[-66, -190, -19, -35, 1]	[-9, -132, 50, -46, -193]	[-96, 134, -202, -99, -173]	[111, -122, -80, 20, -141]	[-174, -63, -1, 21, 168]	[-120, 30, 6, 73, -52]	[-33, -222, -134, -107, -95]	[-112, -57, -115, -66, -130]	[41, -45, 10, -28, -94]	[-208, 83, 102, 179, 2]	[10006, 10007, 10004, 9995, 10000]	[289, 212, 179, 273, 256]
363	26.5	[198, 16, -201, -1, -256]	[-66, -190, -19, -35, -1]	[-9, -132, 44, -45, -196]	[-96, 134, -202, -90, -173]	[111, -121, -80, 20, -141]	[-154, -63, -2, 21, 168]	[-120, 30, 6, 73, -52]	[-33, -219, -134, -96, -76]	[-112, -59, -117, -68, -132]	[26, -50, 11, -28, -94]	[-211, 83, 126, 179, 6]	[10006, 10005, 10004, 9995, 10000]	[289, 212, 179, 273, 256]
364	23.5	[203, 38, -229, 5, -125]	[-171, -186, -24, -35, 5]	[8, -132, 54, -45, -192]	[-108, 123, -220, -104, -173]	[110, -122, -81, 12, -158]	[-175, -65, 7, 22, 165]	[-128, 79, 5, 73, -52]	[-68, -201, -136, -108, -124]	[-110, -53, -121, -65, -122]	[40, -56, 11, -34, -88]	[-211, 81, 97, 180, 5]	[10005, 10005, 10004, 9997, 10000]	[284, 208, 182, 267, 269]
365	28.0	[122, -26, -89, -15, -256]	[-66, -184, -17, -35, 5]	[-9, -132, 19, -44, -192]	[-96, 134, -202, -90, -173]	[115, -122, -80, 20, -141]	[-154, -63, -2, 21, 168]	[-134, 39, 5, 73, -52]	[-33, -221, -132, -101, -111]	[-112, -58, -117, -66, -132]	[38, -50, 11, -28, -94]	[-205, 85, 126, 179, 6]	[10006, 10005, 10004, 9995, 10000]	[289, 212, 179, 273, 256]
366	31.5	[198, 16, -201, -1, -256]	[-66, -190, -19, -35, 1]	[-9, -132, 50, -46, -193]	[-96, 134, -202, -99, -173]	[111, -122, -80, 20, -141]	[-174, -63, -1, 21, 168]	[-120, 30, 6, 73, -52]	[-33, -222, -134, -107, -95]	[-112, -57, -115, -66, -130]	[41, -45, 10, -28, -94]	[-208, 83, 102, 179, 2]	[10006, 10007, 10004, 9995, 10000]	[289, 212, 179, 273, 256]
367	25.0	[198, 16, -201, -1, -256]	[-66, -190, -19, -35, 1]	[-9, -132, 50, -46, -193]	[-96, 134, -202, -99, -173]	[111, -122, -80, 20, -141]	[-174, -63, -1, 21, 168]	[-120, 30, 6, 73, -52]	[-33, -222, -134, -107, -95]	[-112, -57, -115, -66, -130]	[41, -45, 10, -28, -94]	[-208, 83, 102, 179, 2]	[10006, 10007, 10004, 9995, 10000]	[289, 212, 179, 273, 256]
368	24.5	[203, 40, -204, 5, -125]	[-171, -190, -24, -35, 5]	[8, -132, 59, -46, -192]	[-108, 117, -206, -137, -173]	[110, -122, -79, 12, -158]	[-175, -63, 1, -10, 162]	[-139, 68, 6, 74, -52]	[-64, -201, -134, -101, -88]	[-114, -57, -121, -66, -125]	[40, -56, 11, -34, -88]	[-211, 82, 97, 180, 5]	[10005, 10005, 10004, 9997, 10000]	[284, 208, 182, 267, 270]
369	26.5	[203, 46, -204, 5, -125]	[-171, -190, -24, -35, 5]	[8, -132, 59, -46, -192]	[-108, 117, -206, -101, -173]	[110, -122, -79, 12, -158]	[-176, -64, -1, -15, 162]	[-139, 70, 6, 73, -52]	[-70, -201, -134, -104, -100]	[-114, -57, -120, -66, -125]	[39, -52, 5, -34, -88]	[-211, 83, 102, 179, 5]	[10005, 10006, 10003, 9997, 10000]	[284, 211, 181, 272, 259]
370	22.5	[203, 35, -229, 5, -125]	[-89, -188, -24, -37, 5]	[8, -132, 52, -46, -192]	[-108, 130, -226, -163, -173]	[110, -121, -87, 15, -94]	[-175, -66, 1, 4, 162]	[-129, 57, 6, 83, -52]	[-74, -201, -134, -102, -124]	[-112, -49, -119, -66, -129]	[34, -56, 11, -34, -88]	[-211, 99, 105, 180, 5]	[10005, 10005, 10004, 9997, 10000]	[284, 214, 182, 267, 269]
371	22.5	[203, 39, -238, 22, -100]	[-129, -189, 7, -34, 5]	[-1, -132, 39, -45, -172]	[-107, 125, -251, -163, -173]	[108, -122, -91, 11, -14]	[-173, -68, 0, -5, 163]	[-133, 62, 6, 104, -52]	[-71, -202, -135, -107, -110]	[-114, -48, -120, -67, -124]	[31, -56, 11, -34, -86]	[-204, 95, 111, 179, -25]	[10005, 10004, 10004, 9999, 10000]	[282, 210, 176, 267, 267]
372	25.5	[203, 38, -229, 5, -125]	[-171, -186, -24, -35, 5]	[8, -132, 54, -45, -192]	[-108, 123, -220, -104, -173]	[110, -122, -81, 12, -158]	[-175, -65, 7, 22, 165]	[-128, 79, 5, 73, -52]	[-68, -201, -136, -108, -124]	[-110, -53, -121, -65, -122]	[40, -56, 11, -34, -88]	[-211, 81, 97, 180, 5]	[10005, 10005, 10004, 9997, 10000]	[284, 208, 182, 267, 269]
373	28.5	[203, 40, -204, 5, -125]	[-171, -190, -24, -35, 5]	[8, -132, 59, -46, -192]	[-108, 117, -206, -137, -173]	[110, -122, -79, 12, -158]	[-175, -63, 1, -10, 162]	[-139, 68, 6, 74, -52]	[-64, -201, -134, -101, -88]	[-114, -57, -115, -66, -125]	[40, -56, 11, -34, -88]	[-211, 82, 97, 180, 5]	[10005, 10004, 10004, 9997, 10000]	[284, 208, 182, 271, 270]
374	24.5	[203, 35, -229, 11, -125]	[-89, -188, -24, -37, 5]	[8, -132, 52, -46, -192]	[-108, 130, -226, -168, -173]	[110, -121, -87, 15, -94]	[-175, -66, 3, 6, 168]	[-129, 57, 6, 83, -52]	[-69, -201, -134, -102, -124]	[-112, -49, -119, -66, -129]	[34, -56, 11, -34, -88]	[-211, 99, 105, 180, 5]	[10005, 10005, 10004, 9997, 10000]	[284, 208, 182, 267, 269]
375	26.0	[203, 35, -229, 11, -125]	[-89, -188, -24, -37, 5]	[8, -132, 52, -46, -192]	[-108, 130, -226, -168, -173]	[110, -121, -87, 15, -94]	[-175, -66, 3, 6, 168]	[-129, 57, 6, 83, -52]	[-69, -201, -134, -102, -124]	[-112, -49, -119, -66, -129]	[34, -56, 11, -34, -88]	[-211, 99, 105, 180, 5]	[10005, 10005, 10004, 9997, 10000]	[284, 208, 182, 267, 269]
376	26.5	[202, 35, -229, 5, -125]	[-73, -189, -19, -37, 5]	[-1, -132, 46, -45, -192]	[-105, 130, -226, -163, -173]	[110, -121, -87, 15, -94]	[-175, -64, 7, 3, 162]	[-129, 57, 6, 83, -52]	[-74, -201, -134, -102, -124]	[-112, -49, -119, -66, -129]	[34, -56, 11, -34, -88]	[-211, 99, 105, 180, 5]	[10005, 10005, 10004, 9997, 10000]	[284, 214, 182, 267, 269]
377	28.5	[203, 40, -204, 5, -125]	[-171, -184, -20, -35, 5]	[8, -132, 35, -45, -192]	[-110, 117, -211, -122, -173]	[109, -119, -76, 20, -141]	[-155, -65, 3, 11, 163]	[-124, 64, 6, 73, -51]	[-60, -201, -132, -103, -87]	[-114, -59, -115, -67, -131]	[35, -56, 11, -34, -88]	[-211, 93, 121, 180, 4]	[10011, 10004, 10003, 9997, 10000]	[284, 210, 179, 273, 270]
378	23.0	[122, -26, -89, -15, -256]	[-66, -184, -17, -35, 5]	[-9, -132, 19, -44, -192]	[-96, 134, -202, -90, -173]	[115, -122, -80, 20, -141]	[-154, -63, -2, 21, 168]	[-134, 39, 5, 73, -52]	[-33, -221, -132, -101, -111]	[-112, -58, -117, -66, -132]	[38, -50, 11, -28, -94]	[-205, 85, 126, 179, 6]	[10006, 10005, 10004, 9995, 10000]	[289, 206, 179, 273, 256]
379	24.5	[203, 38, -229, 5, -125]	[-171, -186, -19, -35, 5]	[8, -132, 51, -45, -192]	[-101, 134, -202, -102, -173]	[110, -122, -80, 15, -145]	[-175, -64, 5, 22, 165]	[-128, 79, 5, 74, -52]	[-68, -201, -136, -108, -111]	[-110, -53, -121, -65, -128]	[40, -50, 11, -34, -88]	[-208, 82, 98, 174, 3]	[10005, 10005, 10004, 9997, 10000]	[284, 208, 182, 267, 269]
380	26.5	[203, 38, -229, 5, -125]	[-171, -186, -19, -35, 5]	[8, -132, 51, -45, -192]	[-101, 134, -202, -102, -173]	[110, -122, -80, 15, -145]	[-175, -64, 5, 22, 165]	[-128, 79, 5, 74, -52]	[-68, -201, -136, -108, -111]	[-110, -53, -121, -65, -128]	[40, -50, 11, -34, -88]	[-208, 82, 98, 174, 3]	[10005, 10005, 10004, 9997, 10000]	[284, 208, 182, 267, 269]
381	27.0	[200, 16, -203, -1, -256]	[-66, -190, -19, -35, -1]	[-3, -132, 45, -46, -195]	[-106, 134, -202, -90, -173]	[111, -121, -85, 16, -146]	[-154, -63, 13, -2, 162]	[-120, 30, 6, 77, -52]	[-34, -210, -134, -100, -93]	[-114, -57, -117, -66, -132]	[32, -54, 9, -34, -94]	[-211, 88, 112, 180, 6]	[10005, 10005, 10004, 9995, 10000]	[289, 212, 179, 273, 261]
382	24.0	[128, -8, -126, -11, -256]	[-66, -184, -17, -35, 5]	[-8, -132, 19, -44, -192]	[-106, 127, -202, -100, -173]	[112, -122, -84, 17, -141]	[-175, -65, 4, -11, 164]	[-136, 40, 6, 73, -52]	[-57, -209, -134, -101, -116]	[-112, -58, -119, -66, -128]	[38, -50, 11, -28, -93]	[-205, 84, 107, 179, 6]	[10006, 10005, 10004, 9995, 10000]	[289, 212, 179, 273, 256]
383	25.0	[203, 40, -204, 5, -125]	[-171, -190, -24, -35, 5]	[8, -132, 59, -46, -192]	[-108, 117, -206, -137, -173]	[110, -122, -79, 14, -158]	[-175, -63, 1, -3, 167]	[-139, 68, 6, 74, -52]	[-64, -201, -134, -101, -88]	[-114, -57, -115, -66, -125]	[40, -56, 11, -34, -88]	[-211, 82, 97, 180, 5]	[10005, 10004, 10004, 9997, 10000]	[284, 208, 182, 271, 270]
384	25.0	[200, 16, -203, -1, -256]	[-66, -190, -19, -35, -1]	[-3, -132, 45, -46, -195]	[-106, 134, -202, -90, -173]	[111, -121, -85, 16, -146]	[-154, -63, 13, -2, 162]	[-120, 30, 6, 77, -52]	[-34, -210, -134, -100, -93]	[-114, -57, -117, -66, -132]	[32, -54, 9, -34, -94]	[-211, 88, 112, 180, 6]	[10005, 10005, 10004, 9995, 10000]	[289, 212, 179, 273, 261]
385	25.5	[203, 40, -204, 5, -125]	[-171, -190, -24, -35, 5]	[8, -132, 59, -46, -192]	[-108, 117, -206, -137, -173]	[110, -122, -79, 14, -158]	[-175, -63, 1, -3, 167]	[-139, 68, 6, 74, -52]	[-64, -201, -134, -101, -88]	[-114, -57, -115, -66, -125]	[40, -56, 11, -34, -88]	[-211, 82, 97, 180, 5]	[10005, 10004, 10004, 9997, 10000]	[284, 208, 182, 271, 270]
386	21.5	[203, 38, -229, 5, -125]	[-171, -186, -24, -35, 5]	[8, -132, 54, -45, -192]	[-108, 123, -220, -104, -173]	[111, -122, -81, 12, -158]	[-175, -65, 7, 22, 165]	[-128, 42, 6, 74, -52]	[-68, -201, -136, -108, -124]	[-110, -53, -115, -66, -122]	[40, -56, 11, -31, -89]	[-210, 81, 97, 180, 5]	[10005, 10007, 10004, 9996, 10000]	[286, 210, 181, 267, 263]
387	26.5	[203, 46, -204, 5, -125]	[-148, -184, -23, -35, 5]	[8, -132, 50, -46, -192]	[-108, 117, -206, -101, -173]	[110, -128, -79, 12, -158]	[-176, -64, -1, -15, 162]	[-139, 70, 0, 73, -57]	[-64, -210, -134, -108, -90]	[-114, -57, -120, -66, -125]	[39, -52, 11, -34, -88]	[-211, 82, 99, 179, 11]	[10005, 10006, 10003, 9997, 10000]	[284, 211, 181, 266, 259]
388	24.0	[197, 46, -204, 5, -125]	[-171, -190, -24, -35, 5]	[8, -132, 59, -46, -192]	[-108, 117, -206, -101, -173]	[110, -122, -79, 12, -158]	[-176, -64, -1, -15, 162]	[-139, 70, 0, 73, -57]	[-64, -210, -134, -108, -90]	[-113, -57, -120, -66, -125]	[40, -52, 11, -34, -88]	[-208, 82, 99, 179, 11]	[10005, 10006, 10003, 9997, 10000]	[284, 211, 181, 266, 259]
389	27.0	[203, 40, -204, 5, -125]	[-171, -187, -22, -35, 5]	[8, -132, 36, -45, -192]	[-110, 117, -205, -130, -173]	[110, -121, -81, 20, -148]	[-154, -65, 3, 11, 163]	[-139, 64, 6, 73, -52]	[-60, -201, -132, -102, -87]	[-114, -59, -115, -67, -131]	[35, -56, 11, -34, -88]	[-217, 93, 127, 180, 4]	[10011, 10004, 10003, 9997, 10000]	[284, 210, 179, 273, 270]
390	24.5	[200, 16, -203, -1, -256]	[-66, -190, -19, -35, -1]	[-3, -132, 45, -46, -195]	[-106, 134, -202, -90, -173]	[111, -121, -85, 16, -146]	[-154, -63, 13, -2, 162]	[-126, 30, 6, 77, -52]	[-34, -210, -134, -100, -93]	[-114, -57, -117, -66, -132]	[32, -54, 9, -34, -94]	[-211, 88, 112, 180, 6]	[10005, 10005, 10004, 9995, 10000]	[289, 212, 179, 273, 261]
391	23.0	[203, 35, -229, 11, -131]	[-89, -188, -24, -37, 5]	[8, -132, 54, -46, -192]	[-108, 130, -212, -155, -173]	[110, -122, -86, 13, -119]	[-175, -64, 3, 1, 168]	[-129, 67, 6, 83, -52]	[-67, -201, -134, -108, -100]	[-112, -49, -117, -66, -129]	[38, -56, 11, -34, -88]	[-211, 99, 104, 179, 8]	[10005, 10005, 10004, 9997, 10000]	[284, 208, 182, 267, 269]
392	27.0	[197, 46, -204, 5, -125]	[-171, -190, -24, -35, 5]	[8, -132, 56, -46, -192]	[-108, 118, -205, -128, -173]	[110, -122, -79, 13, -158]	[-176, -64, 1, 6, 162]	[-137, 70, 5, 73, -57]	[-61, -204, -134, -108, -90]	[-113, -57, -117, -67, -128]	[40, -54, 11, -34, -88]	[-208, 82, 99, 179, 11]	[10005, 10006, 10003, 9997, 10000]	[284, 211, 181, 266, 259]
393	24.0	[203, 38, -229, 5, -125]	[-171, -186, -24, -35, 5]	[8, -132, 54, -45, -192]	[-108, 123, -220, -104, -173]	[111, -122, -81, 12, -158]	[-175, -65, 7, 22, 165]	[-128, 42, 6, 74, -52]	[-68, -201, -136, -108, -124]	[-110, -53, -115, -66, -122]	[40, -56, 11, -31, -89]	[-210, 81, 97, 180, 5]	[10005, 10007, 10004, 9996, 10000]	[286, 210, 181, 267, 263]
394	25.0	[203, 40, -204, 5, -125]	[-171, -187, -22, -35, 5]	[8, -132, 36, -45, -192]	[-110, 117, -205, -130, -173]	[110, -121, -81, 20, -148]	[-154, -65, 3, 11, 163]	[-139, 64, 6, 73, -52]	[-60, -201, -132, -102, -87]	[-114, -59, -115, -67, -131]	[35, -56, 11, -34, -88]	[-217, 93, 127, 180, 4]	[10011, 10004, 10003, 9997, 10000]	[284, 210, 179, 273, 270]
395	27.0	[203, 46, -204, 5, -125]	[-171, -190, -24, -35, 5]	[8, -132, 59, -46, -192]	[-108, 120, -206, -101, -173]	[110, -122, -86, 12, -136]	[-174, -65, 0, 4, 163]	[-130, 69, 2, 76, -57]	[-64, -201, -134, -107, -90]	[-114, -53, -115, -66, -125]	[37, -52, 11, -32, -89]	[-211, 82, 97, 180, 11]	[10005, 10007, 10003, 9997, 10000]	[284, 205, 181, 266, 259]
396	30.0	[203, 46, -204, 5, -125]	[-78, -188, -20, -35, 5]	[8, -132, 59, -46, -186]	[-108, 124, -204, -101, -173]	[110, -122, -77, 12, -158]	[-176, -63, -1, -15, 162]	[-139, 46, 6, 73, -51]	[-70, -201, -134, -98, -100]	[-114, -57, -120, -66, -125]	[39, -52, 5, -34, -88]	[-211, 83, 102, 179, 11]	[10005, 10006, 10003, 9997, 10000]	[284, 211, 181, 272, 259]
397	22.5	[202, 35, -229, 5, -125]	[-73, -189, -19, -37, 5]	[-1, -132, 46, -45, -192]	[-99, 130, -226, -163, -173]	[110, -121, -87, 15, -94]	[-181, -64, 7, 3, 162]	[-129, 57, 6, 83, -52]	[-74, -201, -134, -102, -124]	[-112, -49, -119, -66, -129]	[34, -56, 11, -34, -88]	[-211, 99, 105, 180, 5]	[10005, 10005, 10004, 9997, 10000]	[284, 214, 182, 267, 269]
398	28.0	[197, 46, -204, 5, -125]	[-171, -190, -24, -29, 5]	[8, -132, 56, -46, -192]	[-108, 118, -205, -128, -173]	[110, -122, -79, 13, -158]	[-176, -64, 1, 6, 162]	[-137, 70, 5, 73, -57]	[-61, -204, -134, -108, -90]	[-113, -57, -117, -67, -128]	[36, -55, 11, -34, -88]	[-208, 82, 99, 179, 11]	[10005, 10006, 10003, 9997, 10000]	[284, 211, 181, 266, 259]
399	22.0	[203, 46, -204, 5, -125]	[-171, -190, -24, -35, 5]	[8, -132, 59, -46, -192]	[-108, 120, -206, -101, -173]	[110, -122, -86, 12, -136]	[-174, -65, 0, 4, 163]	[-130, 69, 3, 74, -57]	[-64, -201, -134, -102, -88]	[-114, -53, -115, -66, -125]	[37, -52, 11, -32, -89]	[-211, 82, 97, 180, 11]	[10005, 10007, 10003, 9997, 10000]	[284, 205, 181, 266, 259]
