generation	fitness	corner	c	a1	a2	b1	b2	b3	x	o1	o2	wp	ww	we
1000	41.3	[88, 9, -28, 36, 95]	[-115, -145, -80, 24, -45]	[-158, -41, 22, -12, -157]	[-44, -181, -87, -104, -82]	[120, -89, -104, 33, 7]	[-116, -28, 11, -41, 103]	[-76, 50, 4, 98, 168]	[-99, -141, -121, -107, -148]	[-162, -123, -111, -114, -114]	[-3, -14, -13, -17, -71]	[110, 111, 90, 176, 17]	[10005, 10000, 9993, 10015, 9996]	[212, 130, 187, 265, 255]
1001	36.7	[88, 9, -28, 61, 100]	[-121, -145, -80, 22, -45]	[-158, -41, 16, -11, -142]	[-66, -177, -91, -104, -81]	[119, -89, -104, 36, 7]	[-114, -28, 10, -38, 109]	[-74, 47, 4, 100, 168]	[-84, -130, -122, -106, -148]	[-162, -131, -110, -115, -114]	[-11, -30, -13, -17, -71]	[110, 111, 99, 181, 90]	[10002, 10004, 9997, 10009, 9996]	[210, 136, 183, 229, 261]
1002	37.0	[112, -19, -23, 76, 77]	[-99, -148, -68, 17, -27]	[-170, -39, 16, -15, -163]	[-46, -161, -77, -99, -96]	[126, -97, -92, 28, 27]	[-102, -45, 12, -28, 114]	[-76, 55, 2, 100, 146]	[-109, -129, -125, -113, -157]	[-155, -125, -113, -115, -91]	[-33, -26, -8, -6, -69]	[84, 115, 67, 179, 98]	[10004, 10004, 9997, 9995, 9996]	[226, 194, 188, 240, 227]
1003	37.0	[88, 9, -28, 61, 100]	[-121, -145, -80, 22, -45]	[-158, -41, 16, -11, -142]	[-66, -179, -89, -104, -81]	[119, -89, -104, 30, 7]	[-114, -28, 10, -40, 109]	[-74, 47, 4, 98, 168]	[-92, -142, -122, -106, -148]	[-162, -122, -111, -114, -114]	[-3, -14, -13, -17, -71]	[110, 111, 97, 183, 17]	[10005, 10000, 9997, 10009, 9996]	[212, 129, 187, 265, 261]
1004	38.3	[88, 9, -28, 61, 100]	[-121, -145, -78, 22, -58]	[-158, -48, 16, -11, -142]	[-51, -174, -91, -104, -81]	[119, -89, -104, 36, 7]	[-114, -28, 10, -38, 109]	[-74, 47, 4, 100, 168]	[-84, -130, -122, -106, -148]	[-162, -131, -110, -115, -114]	[-11, -30, -13, -17, -71]	[110, 111, 99, 181, 90]	[10002, 10004, 9997, 10009, 9996]	[210, 136, 183, 229, 261]
1005	38.3	[112, -19, -23, 76, 79]	[-104, -148, -71, 15, -30]	[-167, -36, 24, -15, -170]	[-46, -162, -79, -96, -98]	[122, -88, -93, 31, 27]	[-102, -28, 5, -27, 107]	[-58, 56, 2, 98, 151]	[-109, -123, -127, -114, -157]	[-158, -124, -113, -114, -92]	[-32, -26, 17, -4, -79]	[85, 115, 78, 179, 102]	[9998, 10004, 9992, 9983, 9996]	[226, 194, 188, 240, 196]
1006	35.3	[112, -19, -23, 76, 77]	[-99, -148, -68, 17, -27]	[-170, -39, 16, -15, -163]	[-46, -161, -77, -98, -96]	[126, -88, -97, 33, 27]	[-102, -33, 1, -28, 114]	[-58, 56, 2, 100, 146]	[-109, -129, -122, -113, -157]	[-155, -125, -113, -115, -91]	[-33, -26, -8, -6, -69]	[84, 115, 67, 179, 98]	[10004, 10004, 9997, 9995, 9996]	[226, 194, 188, 240, 227]
1007	41.3	[88, 9, -28, 61, 100]	[-121, -145, -80, 22, -45]	[-158, -41, 16, -11, -142]	[-66, -179, -89, -104, -81]	[119, -89, -104, 30, 7]	[-114, -28, 10, -40, 109]	[-74, 47, 4, 98, 168]	[-92, -142, -122, -106, -148]	[-162, -122, -111, -114, -114]	[-3, -14, -13, -17, -71]	[110, 111, 97, 183, 11]	[10005, 10000, 9997, 10009, 9996]	[212, 129, 187, 265, 261]
1008	38.3	[88, 9, -28, 36, 97]	[-121, -145, -79, 22, -45]	[-158, -41, 18, -2, -142]	[-66, -180, -88, -104, -82]	[119, -89, -80, 30, 7]	[-106, -28, 12, -35, 112]	[-76, 41, 7, 98, 169]	[-92, -139, -123, -109, -147]	[-162, -122, -111, -115, -114]	[-3, -14, -8, -13, -71]	[110, 110, 84, 176, 22]	[9995, 10001, 9999, 10001, 10002]	[212, 127, 187, 265, 261]
1009	38.7	[103, -25, -30, 60, 82]	[-115, -146, -103, 21, -76]	[-153, -53, 38, -6, -134]	[-46, -172, -90, -104, -74]	[109, -89, -98, 20, 24]	[-118, -19, 11, -46, 79]	[-58, 59, 5, 103, 183]	[-91, -126, -126, -111, -167]	[-166, -114, -106, -109, -92]	[-18, -26, -16, -39, -63]	[90, 113, 107, 176, 149]	[10006, 9998, 9997, 9996, 10002]	[220, 183, 183, 240, 202]
1010	36.3	[88, 9, -28, 61, 100]	[-121, -145, -80, 22, -45]	[-158, -41, 16, -12, -142]	[-66, -179, -89, -104, -81]	[119, -89, -104, 30, 7]	[-114, -28, 10, -40, 109]	[-70, 57, 4, 98, 168]	[-89, -132, -122, -106, -148]	[-162, -122, -111, -115, -114]	[-3, -16, -11, -17, -71]	[122, 111, 98, 182, 33]	[10005, 10000, 9997, 10009, 9996]	[212, 129, 187, 265, 261]
1011	37.7	[88, 9, -28, 61, 100]	[-121, -145, -80, 22, -45]	[-158, -41, 16, -12, -142]	[-66, -179, -89, -104, -81]	[119, -89, -104, 30, 7]	[-114, -28, 10, -40, 109]	[-70, 57, 4, 98, 168]	[-89, -132, -122, -106, -148]	[-162, -122, -111, -115, -114]	[-3, -16, -11, -17, -71]	[122, 111, 98, 182, 33]	[10005, 10000, 9997, 10009, 9996]	[212, 129, 187, 265, 261]
1012	36.7	[103, -25, -30, 60, 82]	[-115, -146, -103, 21, -76]	[-153, -53, 38, -6, -134]	[-46, -172, -90, -104, -74]	[109, -89, -98, 20, 24]	[-118, -19, 11, -46, 79]	[-58, 59, 5, 103, 183]	[-91, -126, -126, -111, -167]	[-166, -114, -106, -109, -92]	[-18, -26, -16, -39, -63]	[90, 113, 107, 176, 149]	[10006, 9998, 9997, 9996, 10002]	[220, 183, 183, 240, 202]
1013	37.7	[105, 28, -13, 76, 79]	[-82, -143, -64, 23, 16]	[-158, -30, 25, -15, -149]	[-47, -178, -94, -113, -95]	[128, -81, -95, 35, 30]	[-114, -30, 17, -36, 123]	[-81, 52, 4, 90, 185]	[-115, -130, -122, -111, -159]	[-161, -127, -113, -118, -105]	[-18, -25, -11, -41, -86]	[125, 118, 99, 181, 122]	[10004, 10007, 9978, 10007, 10000]	[201, 162, 162, 232, 262]
1014	38.7	[88, 9, -28, 61, 100]	[-121, -145, -80, 22, -45]	[-158, -41, 16, -12, -142]	[-66, -179, -89, -104, -81]	[119, -89, -104, 30, 7]	[-114, -28, 10, -40, 109]	[-70, 57, 4, 98, 168]	[-89, -132, -122, -106, -148]	[-162, -122, -111, -115, -114]	[-3, -16, -11, -17, -71]	[122, 111, 98, 182, 33]	[10005, 10000, 9997, 10009, 9996]	[212, 129, 187, 265, 261]
1015	42.3	[88, 9, -28, 36, 97]	[-121, -145, -70, 22, -45]	[-158, -37, 20, -2, -142]	[-66, -180, -94, -107, -85]	[119, -87, -85, 39, 9]	[-106, -28, 11, -35, 112]	[-76, 41, 7, 98, 169]	[-92, -139, -123, -103, -147]	[-162, -122, -111, -115, -114]	[-3, -14, -8, -13, -71]	[110, 110, 84, 176, 22]	[9995, 10001, 9999, 10001, 10002]	[212, 127, 187, 265, 261]
1016	39.3	[112, -19, -23, 76, 79]	[-104, -148, -71, 15, -30]	[-167, -36, 24, -15, -170]	[-46, -162, -79, -96, -98]	[122, -88, -93, 31, 27]	[-102, -28, 5, -27, 107]	[-58, 56, 2, 98, 151]	[-109, -123, -127, -114, -157]	[-158, -124, -113, -114, -92]	[-32, -26, 17, -4, -79]	[85, 115, 78, 179, 102]	[9998, 10004, 9986, 9983, 9996]	[226, 194, 188, 240, 196]
1017	39.7	[88, 9, -28, 61, 100]	[-121, -145, -80, 28, -45]	[-158, -41, 16, -12, -142]	[-66, -179, -89, -104, -81]	[119, -89, -104, 30, 7]	[-114, -28, 10, -40, 109]	[-70, 57, 4, 98, 168]	[-89, -132, -122, -106, -148]	[-162, -122, -111, -115, -114]	[-3, -16, -11, -17, -71]	[122, 111, 98, 182, 33]	[10005, 10000, 9997, 10009, 9996]	[212, 129, 187, 265, 261]
1018	42.3	[105, 28, -13, 76, 79]	[-82, -144, -64, 23, 22]	[-161, -30, 21, -15, -151]	[-47, -178, -88, -111, -96]	[128, -84, -97, 35, 30]	[-120, -28, 1, -35, 123]	[-81, 55, 4, 100, 185]	[-89, -119, -119, -111, -159]	[-161, -128, -110, -122, -117]	[-18, -25, -9, -38, -91]	[125, 111, 99, 181, 122]	[10004, 10007, 10002, 10009, 10000]	[201, 162, 162, 232, 262]
1019	38.7	[88, 9, -28, 61, 100]	[-121, -145, -80, 28, -45]	[-158, -41, 16, -12, -142]	[-66, -179, -89, -104, -81]	[119, -89, -104, 30, 7]	[-114, -28, 10, -40, 109]	[-70, 57, 4, 98, 168]	[-89, -132, -122, -106, -148]	[-162, -122, -111, -115, -114]	[-3, -16, -11, -17, -71]	[122, 111, 98, 182, 33]	[10005, 10000, 9997, 10009, 9996]	[212, 129, 187, 265, 261]
1020	35.3	[105, 28, -13, 76, 79]	[-82, -144, -64, 23, 22]	[-161, -30, 21, -15, -151]	[-47, -178, -88, -111, -96]	[128, -84, -97, 35, 30]	[-120, -28, 1, -35, 123]	[-81, 55, 4, 100, 185]	[-89, -119, -119, -111, -159]	[-161, -128, -110, -122, -117]	[-18, -25, -9, -38, -91]	[125, 111, 99, 181, 122]	[10004, 10007, 10002, 10009, 10000]	[201, 162, 162, 232, 262]
1021	40.3	[105, 28, -13, 76, 79]	[-82, -144, -64, 23, 22]	[-161, -36, 23, -15, -151]	[-47, -168, -88, -111, -96]	[122, -85, -97, 31, 30]	[-120, -28, 1, -35, 123]	[-81, 55, 4, 100, 185]	[-89, -119, -119, -111, -159]	[-161, -128, -110, -122, -117]	[-18, -25, -9, -38, -91]	[125, 111, 99, 181, 122]	[10004, 10007, 10002, 10009, 10000]	[201, 162, 162, 232, 262]
1022	36.3	[88, 9, -28, 61, 100]	[-121, -145, -80, 28, -45]	[-158, -41, 16, -12, -142]	[-66, -179, -89, -104, -81]	[119, -89, -104, 30, 7]	[-114, -28, 10, -40, 109]	[-70, 57, 4, 98, 168]	[-89, -132, -122, -106, -148]	[-162, -122, -111, -115, -114]	[-3, -16, -11, -17, -71]	[122, 111, 98, 182, 33]	[10005, 10000, 9997, 10009, 9996]	[212, 129, 187, 265, 261]
1023	36.0	[91, -13, -23, 63, 88]	[-111, -145, -71, 19, -45]	[-158, -41, 17, -12, -152]	[-49, -179, -89, -104, -81]	[119, -89, -104, 30, 7]	[-114, -28, 10, -40, 109]	[-70, 57, 4, 98, 168]	[-89, -132, -122, -106, -148]	[-162, -122, -111, -115, -114]	[-3, -16, -11, -17, -71]	[122, 111, 98, 182, 33]	[10005, 10000, 9997, 10009, 9996]	[212, 129, 187, 265, 261]
1024	39.7	[88, 25, -27, 38, 91]	[-85, -145, -79, 22, -45]	[-161, -41, 18, -5, -142]	[-66, -179, -89, -104, -82]	[119, -89, -93, 30, 29]	[-113, -28, 1, -35, 120]	[-76, 41, 7, 98, 185]	[-92, -139, -120, -111, -151]	[-161, -122, -111, -115, -114]	[-3, -14, -9, -14, -71]	[110, 110, 97, 178, 22]	[10004, 10003, 10002, 10001, 10002]	[212, 145, 178, 265, 261]
1025	38.7	[88, 9, -28, 36, 97]	[-121, -145, -79, 22, -45]	[-158, -41, 18, -2, -142]	[-66, -180, -88, -104, -82]	[119, -89, -80, 30, 7]	[-110, -28, 12, -36, 109]	[-74, 41, 2, 98, 169]	[-103, -139, -123, -109, -147]	[-162, -122, -110, -114, -114]	[-3, -14, -14, -17, -71]	[110, 110, 84, 176, 22]	[9995, 10001, 9999, 10001, 10002]	[212, 127, 187, 265, 261]
1026	37.3	[91, -13, -23, 63, 88]	[-111, -145, -71, 19, -45]	[-158, -41, 17, -12, -152]	[-49, -179, -89, -104, -81]	[119, -89, -104, 30, 7]	[-114, -28, 10, -40, 109]	[-70, 57, 4, 98, 168]	[-89, -132, -122, -106, -148]	[-162, -122, -111, -115, -114]	[-3, -16, -11, -17, -71]	[122, 111, 98, 182, 33]	[10005, 10000, 9997, 10009, 9996]	[212, 129, 187, 265, 261]
1027	38.7	[88, 9, -28, 36, 97]	[-121, -145, -79, 22, -45]	[-158, -41, 18, -2, -142]	[-66, -180, -88, -104, -82]	[119, -89, -80, 30, 7]	[-110, -28, 12, -36, 109]	[-74, 41, 2, 98, 169]	[-103, -139, -123, -109, -147]	[-162, -122, -110, -114, -114]	[-3, -14, -14, -17, -71]	[110, 110, 84, 176, 22]	[9995, 10001, 9999, 10001, 10002]	[212, 127, 187, 265, 261]
1028	37.7	[105, 28, -13, 76, 79]	[-82, -144, -64, 23, 22]	[-161, -36, 23, -15, -151]	[-47, -168, -88, -111, -96]	[122, -87, -84, 30, 9]	[-110, -28, 6, -35, 120]	[-80, 46, 2, 98, 185]	[-89, -128, -120, -110, -157]	[-162, -128, -110, -122, -117]	[-18, -25, -9, -38, -91]	[125, 105, 99, 181, 122]	[10004, 10007, 10002, 10009, 10000]	[201, 162, 162, 232, 262]
1029	38.7	[88, 25, -27, 38, 91]	[-85, -145, -79, 22, -45]	[-161, -41, 18, -5, -142]	[-66, -179, -89, -104, -82]	[119, -89, -93, 30, 29]	[-113, -28, 1, -35, 120]	[-76, 41, 4, 98, 185]	[-92, -139, -120, -111, -151]	[-162, -122, -111, -115, -114]	[-3, -15, -9, -16, -71]	[110, 110, 97, 178, 22]	[10004, 10003, 10002, 10001, 10002]	[212, 145, 178, 265, 261]
1030	36.0	[105, 28, -13, 76, 79]	[-82, -144, -64, 23, 22]	[-161, -36, 23, -15, -151]	[-47, -168, -88, -111, -96]	[122, -87, -84, 30, 9]	[-110, -28, 6, -35, 120]	[-80, 46, 2, 98, 185]	[-89, -128, -120, -110, -157]	[-162, -128, -110, -122, -117]	[-18, -25, -9, -38, -91]	[125, 105, 99, 181, 122]	[10004, 10007, 10002, 10009, 10000]	[201, 162, 162, 232, 262]
1031	42.0	[88, 9, -28, 61, 100]	[-121, -145, -80, 28, -51]	[-158, -41, 16, -12, -142]	[-66, -179, -89, -104, -81]	[119, -89, -104, 30, 7]	[-114, -28, 10, -40, 109]	[-70, 57, 4, 98, 172]	[-89, -132, -122, -106, -148]	[-162, -122, -111, -118, -109]	[-11, -22, -11, -17, -71]	[122, 111, 99, 181, 86]	[10004, 10003, 9982, 10008, 10000]	[212, 157, 175, 239, 261]
1032	40.0	[105, 28, -14, 72, 79]	[-82, -143, -80, 28, -8]	[-158, -30, 20, -11, -142]	[-64, -179, -92, -111, -95]	[128, -88, -94, 36, 30]	[-120, -26, 15, -35, 129]	[-78, 50, 4, 100, 185]	[-92, -131, -123, -109, -151]	[-161, -121, -111, -118, -103]	[-18, -25, -9, -44, -77]	[125, 111, 91, 180, 28]	[10004, 10007, 10000, 10007, 10000]	[201, 168, 162, 232, 262]
1033	35.3	[88, 9, -28, 61, 100]	[-121, -145, -80, 28, -51]	[-158, -30, 19, -11, -142]	[-64, -179, -91, -105, -90]	[119, -89, -97, 30, 12]	[-118, -27, 15, -38, 109]	[-70, 57, 4, 98, 172]	[-89, -132, -122, -106, -148]	[-162, -122, -111, -118, -109]	[-11, -22, -11, -17, -71]	[122, 111, 99, 181, 86]	[10004, 10003, 9982, 10008, 10000]	[212, 157, 175, 239, 261]
1034	38.0	[88, 9, -28, 61, 100]	[-121, -145, -80, 28, -51]	[-158, -30, 19, -11, -142]	[-64, -179, -91, -105, -90]	[119, -89, -97, 30, 12]	[-118, -27, 15, -38, 109]	[-70, 57, 4, 98, 172]	[-89, -132, -122, -106, -148]	[-162, -122, -111, -118, -109]	[-11, -22, -11, -17, -71]	[122, 111, 99, 181, 86]	[10004, 10003, 9982, 10008, 10000]	[212, 157, 175, 239, 261]
1035	37.3	[105, 28, -13, 76, 79]	[-82, -144, -64, 23, 22]	[-161, -36, 21, -15, -151]	[-47, -179, -89, -110, -96]	[128, -84, -97, 30, 18]	[-120, -28, 8, -38, 118]	[-81, 55, 4, 98, 171]	[-89, -122, -119, -111, -159]	[-161, -126, -110, -122, -117]	[-18, -25, -11, -33, -73]	[125, 111, 99, 181, 122]	[10004, 10007, 10002, 10009, 10000]	[201, 162, 162, 232, 262]
1036	34.7	[91, -13, -23, 66, 88]	[-107, -145, -71, 19, -45]	[-158, -38, 18, -14, -152]	[-49, -173, -89, -104, -81]	[111, -89, -102, 30, 7]	[-116, -27, 9, -40, 109]	[-76, 57, 5, 99, 175]	[-89, -126, -122, -106, -148]	[-161, -122, -105, -115, -114]	[-3, -18, -16, -17, -71]	[116, 110, 98, 182, 33]	[10005, 10000, 9997, 10009, 9996]	[212, 129, 187, 265, 261]
1037	39.7	[105, 28, -13, 76, 79]	[-82, -144, -64, 23, 22]	[-161, -36, 23, -15, -151]	[-56, -168, -88, -111, -96]	[118, -85, -98, 31, 30]	[-120, -27, 9, -38, 127]	[-72, 50, 4, 100, 185]	[-89, -124, -123, -110, -159]	[-161, -123, -111, -116, -117]	[-13, -18, -9, -28, -73]	[111, 107, 99, 181, 122]	[10004, 10005, 9999, 10007, 10000]	[201, 162, 168, 233, 262]
1038	37.3	[105, 28, -13, 76, 79]	[-82, -144, -64, 23, 22]	[-161, -36, 23, -15, -151]	[-47, -168, -88, -111, -96]	[118, -85, -97, 31, 30]	[-120, -27, 9, -35, 129]	[-68, 55, 4, 100, 185]	[-89, -119, -123, -110, -159]	[-161, -123, -111, -117, -117]	[-12, -21, -9, -32, -82]	[111, 105, 99, 181, 119]	[10004, 10005, 9985, 10007, 10000]	[201, 162, 162, 232, 262]
1039	39.7	[105, 28, -13, 76, 79]	[-82, -144, -64, 23, 22]	[-161, -36, 23, -15, -151]	[-56, -168, -88, -111, -96]	[118, -85, -98, 31, 30]	[-120, -27, 9, -38, 127]	[-72, 50, 4, 100, 185]	[-89, -124, -123, -110, -159]	[-161, -123, -111, -116, -117]	[-13, -18, -9, -28, -73]	[111, 107, 99, 181, 122]	[10004, 10005, 9999, 10007, 10000]	[201, 162, 168, 233, 262]
1040	32.3	[88, 25, -27, 38, 91]	[-85, -145, -79, 22, -45]	[-161, -41, 18, -5, -142]	[-66, -179, -89, -104, -82]	[119, -89, -93, 30, 29]	[-113, -28, 1, -35, 120]	[-76, 41, 4, 98, 185]	[-92, -139, -120, -111, -151]	[-162, -122, -111, -115, -114]	[-11, -19, -9, -16, -71]	[113, 108, 97, 181, 59]	[10004, 10004, 10001, 10004, 10002]	[212, 145, 178, 243, 261]
1041	35.0	[105, 28, -13, 76, 79]	[-82, -143, -64, 23, 16]	[-158, -30, 25, -15, -149]	[-47, -178, -94, -113, -95]	[128, -81, -95, 41, 30]	[-120, -26, 17, -36, 123]	[-81, 52, -2, 100, 185]	[-89, -130, -122, -111, -159]	[-161, -127, -113, -118, -103]	[-18, -25, -9, -44, -86]	[125, 111, 99, 181, 122]	[10004, 10007, 10002, 10009, 10000]	[201, 162, 162, 232, 262]
1042	36.7	[91, -13, -23, 63, 88]	[-111, -145, -72, 21, -49]	[-158, -41, 16, -12, -149]	[-49, -179, -89, -104, -81]	[119, -89, -104, 30, 7]	[-114, -28, 10, -40, 109]	[-70, 44, 6, 98, 168]	[-89, -132, -120, -110, -150]	[-162, -122, -111, -115, -114]	[-3, -14, -11, -17, -71]	[122, 111, 98, 182, 33]	[10005, 10000, 9997, 10009, 9996]	[212, 129, 187, 265, 261]
1043	39.0	[105, 28, -13, 76, 79]	[-82, -144, -64, 23, 22]	[-161, -36, 23, -15, -151]	[-47, -168, -88, -111, -96]	[118, -85, -97, 31, 30]	[-120, -27, 9, -35, 129]	[-68, 55, 4, 100, 185]	[-89, -126, -122, -111, -159]	[-161, -123, -111, -116, -116]	[-12, -21, -11, -17, -82]	[114, 107, 98, 182, 99]	[10004, 10003, 9985, 10007, 10000]	[208, 154, 162, 232, 262]
1044	37.0	[105, 28, -13, 76, 79]	[-88, -144, -64, 23, 22]	[-161, -36, 23, -15, -151]	[-47, -168, -82, -111, -96]	[122, -87, -90, 30, 9]	[-116, -28, 12, -35, 111]	[-80, 46, 2, 98, 179]	[-89, -128, -120, -110, -157]	[-162, -128, -110, -122, -117]	[-18, -25, -9, -38, -91]	[125, 105, 99, 181, 122]	[10004, 10007, 10002, 10009, 10000]	[201, 162, 162, 232, 262]
1045	41.7	[105, 28, -13, 76, 79]	[-88, -144, -64, 23, 22]	[-161, -36, 23, -15, -151]	[-47, -168, -82, -111, -96]	[122, -87, -90, 30, 9]	[-116, -28, 12, -35, 111]	[-80, 46, 2, 98, 179]	[-89, -128, -120, -110, -157]	[-162, -128, -110, -122, -123]	[-18, -25, -9, -38, -91]	[125, 105, 99, 181, 122]	[10004, 10007, 10002, 10009, 10000]	[201, 162, 162, 232, 262]
1046	40.0	[88, 20, -16, 61, 100]	[-102, -144, -76, 28, -51]	[-158, -31, 21, -12, -146]	[-64, -169, -88, -105, -90]	[119, -86, -97, 30, 12]	[-118, -27, 10, -38, 109]	[-69, 57, 4, 98, 172]	[-89, -132, -122, -106, -157]	[-161, -122, -111, -121, -116]	[-12, -22, -9, -25, -81]	[120, 107, 99, 181, 117]	[10004, 10008, 9994, 10009, 10000]	[208, 165, 165, 239, 261]
1047	37.7	[88, 9, -28, 36, 97]	[-121, -145, -79, 22, -39]	[-158, -41, 18, -12, -146]	[-57, -179, -88, -104, -81]	[119, -89, -96, 30, 7]	[-110, -28, 11, -39, 109]	[-74, 41, 3, 98, 169]	[-89, -133, -122, -109, -147]	[-162, -122, -111, -114, -109]	[-7, -15, -10, -29, -71]	[110, 110, 87, 182, 27]	[9995, 10001, 9999, 9995, 9997]	[212, 127, 187, 265, 261]
1048	39.0	[88, 25, -27, 38, 91]	[-85, -145, -79, 22, -45]	[-161, -41, 18, -5, -142]	[-66, -179, -89, -104, -82]	[119, -89, -93, 30, 35]	[-113, -28, 1, -35, 120]	[-76, 41, 4, 98, 185]	[-92, -139, -121, -111, -151]	[-162, -122, -111, -115, -114]	[-11, -19, -9, -25, -71]	[113, 108, 97, 181, 59]	[10004, 10004, 10001, 10004, 10002]	[212, 145, 178, 243, 261]
1049	38.0	[88, 9, -28, 36, 97]	[-121, -145, -79, 22, -39]	[-158, -41, 18, -12, -146]	[-57, -179, -88, -104, -81]	[119, -89, -96, 30, 7]	[-110, -28, 11, -39, 109]	[-74, 41, 3, 98, 169]	[-89, -133, -122, -109, -147]	[-162, -122, -111, -114, -109]	[-7, -15, -10, -29, -71]	[110, 110, 87, 182, 27]	[9995, 10001, 9999, 9995, 9997]	[212, 127, 187, 265, 261]
1050	36.3	[105, 28, -13, 76, 79]	[-88, -144, -64, 23, 22]	[-161, -36, 23, -15, -151]	[-47, -168, -82, -111, -96]	[122, -87, -90, 30, 9]	[-116, -28, 12, -35, 111]	[-80, 46, 2, 98, 179]	[-89, -128, -120, -110, -157]	[-162, -128, -110, -122, -123]	[-18, -25, -9, -38, -91]	[125, 105, 99, 181, 122]	[10004, 10007, 10002, 10009, 10000]	[201, 162, 162, 232, 262]
1051	40.3	[88, 25, -27, 38, 91]	[-85, -145, -79, 22, -45]	[-159, -41, 18, -9, -142]	[-66, -180, -88, -104, -81]	[119, -89, -90, 30, 35]	[-113, -28, 1, -35, 120]	[-76, 41, 4, 98, 185]	[-92, -139, -120, -111, -151]	[-162, -122, -111, -115, -114]	[-11, -19, -9, -16, -71]	[113, 108, 97, 181, 59]	[10004, 10004, 10001, 10004, 10002]	[212, 145, 178, 243, 261]
1052	39.7	[88, 25, -27, 38, 91]	[-85, -145, -79, 22, -45]	[-161, -41, 18, -5, -142]	[-66, -179, -89, -104, -82]	[125, -89, -93, 30, 35]	[-113, -28, 1, -35, 120]	[-76, 41, 4, 98, 184]	[-92, -132, -122, -109, -149]	[-162, -122, -111, -118, -114]	[-9, -18, -9, -25, -71]	[113, 108, 97, 182, 46]	[10004, 10004, 9999, 10004, 10002]	[212, 145, 178, 243, 261]
1053	35.3	[88, 25, -27, 38, 91]	[-85, -145, -79, 22, -45]	[-159, -41, 18, -9, -142]	[-66, -180, -88, -104, -81]	[119, -89, -90, 30, 35]	[-113, -28, 1, -37, 119]	[-76, 41, 4, 98, 174]	[-92, -136, -120, -111, -151]	[-162, -122, -111, -115, -114]	[-11, -16, -9, -29, -71]	[113, 110, 89, 181, 59]	[10004, 10004, 9999, 10002, 10002]	[212, 136, 187, 261, 261]
1054	40.3	[88, 25, -27, 38, 91]	[-85, -145, -79, 22, -45]	[-159, -41, 18, -9, -142]	[-66, -180, -88, -104, -81]	[119, -89, -90, 30, 35]	[-113, -28, 1, -37, 119]	[-76, 41, 4, 98, 174]	[-92, -136, -120, -111, -151]	[-162, -122, -111, -115, -114]	[-11, -16, -9, -29, -71]	[113, 110, 89, 181, 59]	[10004, 10004, 9999, 10002, 10002]	[212, 136, 187, 261, 261]
1055	41.7	[88, 20, -16, 61, 100]	[-102, -144, -76, 28, -51]	[-158, -31, 21, -12, -146]	[-64, -169, -88, -105, -90]	[119, -86, -97, 30, 12]	[-118, -27, 10, -38, 109]	[-69, 57, 4, 104, 172]	[-89, -132, -122, -106, -151]	[-161, -122, -111, -121, -116]	[-12, -22, -9, -25, -81]	[120, 107, 99, 181, 117]	[10004, 10008, 9994, 10009, 10000]	[208, 165, 165, 239, 261]
1056	39.0	[91, -13, -23, 63, 88]	[-111, -151, -72, 21, -49]	[-158, -41, 16, -7, -143]	[-51, -179, -89, -104, -81]	[119, -89, -104, 30, 7]	[-114, -28, 6, -39, 109]	[-72, 53, 6, 98, 168]	[-89, -132, -121, -109, -152]	[-162, -122, -111, -115, -115]	[-3, -17, -11, -22, -71]	[119, 111, 97, 182, 33]	[10004, 10004, 9999, 10008, 9996]	[212, 129, 187, 257, 262]
1057	36.0	[105, 28, -13, 76, 79]	[-88, -144, -64, 23, 22]	[-161, -36, 23, -15, -151]	[-47, -168, -82, -111, -96]	[122, -87, -90, 30, 9]	[-116, -28, 12, -35, 111]	[-80, 46, 2, 98, 179]	[-89, -128, -120, -110, -157]	[-162, -128, -110, -122, -123]	[-18, -31, -9, -38, -91]	[125, 105, 99, 181, 122]	[10004, 10007, 10002, 10009, 10000]	[201, 162, 162, 232, 262]
1058	36.0	[89, -13, -28, 61, 100]	[-117, -150, -73, 22, -51]	[-160, -38, 21, -9, -143]	[-65, -179, -88, -104, -90]	[119, -89, -95, 30, 12]	[-118, -27, 11, -38, 109]	[-71, 52, 4, 98, 172]	[-89, -132, -122, -109, -142]	[-162, -122, -111, -115, -116]	[-11, -20, -11, -24, -78]	[124, 107, 99, 181, 71]	[10004, 10008, 9994, 10009, 10000]	[208, 159, 178, 239, 261]
1059	38.7	[88, 25, -27, 38, 91]	[-85, -145, -79, 22, -45]	[-159, -41, 18, -9, -142]	[-66, -180, -88, -104, -81]	[119, -89, -90, 30, 35]	[-113, -28, 1, -35, 120]	[-76, 41, 4, 98, 185]	[-92, -133, -122, -111, -149]	[-162, -122, -111, -118, -114]	[-10, -19, -9, -22, -71]	[113, 108, 97, 182, 59]	[10004, 10004, 10000, 10004, 10002]	[212, 145, 178, 243, 261]
1060	36.0	[88, 25, -27, 38, 91]	[-85, -145, -79, 22, -45]	[-159, -41, 18, -9, -142]	[-66, -180, -88, -104, -81]	[119, -89, -90, 30, 35]	[-113, -28, 1, -35, 120]	[-76, 41, 4, 98, 185]	[-92, -133, -122, -111, -149]	[-162, -122, -111, -118, -114]	[-10, -19, -9, -22, -71]	[113, 108, 97, 182, 59]	[10004, 10004, 10000, 10004, 10002]	[212, 145, 178, 243, 261]
1061	41.7	[89, -13, -28, 61, 100]	[-117, -150, -73, 22, -51]	[-160, -38, 21, -9, -143]	[-65, -179, -88, -104, -90]	[119, -89, -95, 30, 12]	[-118, -27, 11, -38, 109]	[-71, 52, 4, 98, 172]	[-89, -132, -122, -109, -142]	[-162, -122, -111, -115, -116]	[-11, -20, -11, -24, -78]	[124, 107, 99, 181, 71]	[10004, 10008, 9994, 10009, 10000]	[208, 159, 178, 239, 261]
1062	38.0	[89, -13, -28, 61, 100]	[-117, -150, -73, 22, -51]	[-160, -38, 21, -9, -143]	[-65, -179, -88, -104, -90]	[119, -89, -95, 30, 12]	[-118, -27, 11, -38, 109]	[-71, 52, 4, 98, 172]	[-89, -132, -122, -109, -142]	[-162, -122, -111, -115, -116]	[-11, -20, -11, -24, -78]	[124, 107, 99, 181, 71]	[10004, 10008, 9994, 10009, 10000]	[208, 159, 178, 239, 261]
1063	39.3	[91, 13, -15, 63, 88]	[-105, -148, -66, 23, -1]	[-158, -41, 17, -12, -144]	[-62, -179, -89, -104, -77]	[119, -89, -99, 30, 13]	[-118, -28, 6, -45, 109]	[-72, 53, 6, 98, 168]	[-89, -132, -121, -109, -152]	[-162, -122, -111, -115, -115]	[-3, -17, -11, -22, -71]	[119, 111, 97, 182, 33]	[10004, 10004, 9999, 10008, 9996]	[212, 129, 187, 257, 262]
1064	37.7	[88, 11, -18, 66, 79]	[-82, -144, -66, 25, 22]	[-161, -36, 21, -13, -151]	[-63, -179, -89, -106, -91]	[122, -84, -95, 30, 12]	[-119, -28, 8, -38, 118]	[-71, 55, 4, 98, 171]	[-89, -122, -121, -109, -154]	[-161, -126, -110, -122, -117]	[-18, -25, -11, -27, -73]	[125, 111, 99, 181, 122]	[10004, 10007, 10002, 10009, 10000]	[201, 162, 162, 232, 262]
1065	37.0	[91, -13, -23, 63, 94]	[-111, -151, -72, 21, -49]	[-159, -41, 18, -7, -143]	[-51, -179, -89, -104, -75]	[119, -89, -104, 30, 17]	[-114, -28, 1, -37, 109]	[-75, 53, 5, 98, 168]	[-89, -132, -121, -109, -151]	[-162, -125, -111, -115, -115]	[-4, -18, -10, -22, -71]	[119, 108, 98, 182, 33]	[10004, 10004, 9999, 10008, 9996]	[212, 129, 187, 257, 262]
1066	37.0	[89, 3, -16, 62, 93]	[-107, -149, -76, 25, -49]	[-158, -33, 18, -11, -146]	[-65, -170, -88, -105, -86]	[119, -89, -96, 30, 9]	[-118, -28, 11, -36, 109]	[-69, 56, 4, 101, 184]	[-89, -132, -122, -107, -153]	[-161, -122, -111, -116, -113]	[-12, -23, -9, -24, -80]	[125, 107, 105, 182, 94]	[10004, 10008, 9994, 10009, 10000]	[208, 165, 173, 237, 262]
1067	39.7	[99, 28, -13, 76, 79]	[-82, -144, -64, 23, 22]	[-161, -32, 20, -12, -147]	[-62, -179, -90, -109, -95]	[128, -79, -97, 30, 13]	[-115, -27, 8, -34, 112]	[-81, 55, 6, 98, 170]	[-89, -130, -121, -109, -156]	[-161, -122, -111, -110, -115]	[-13, -16, -11, -30, -71]	[123, 111, 98, 182, 128]	[10004, 10007, 9997, 10009, 10000]	[201, 162, 183, 264, 262]
1068	40.7	[88, 25, -27, 38, 91]	[-85, -145, -79, 22, -45]	[-159, -41, 18, -9, -142]	[-66, -180, -88, -110, -81]	[119, -89, -90, 30, 35]	[-113, -28, 1, -35, 120]	[-76, 41, 4, 98, 185]	[-92, -133, -122, -111, -149]	[-162, -122, -111, -118, -114]	[-10, -19, -9, -22, -71]	[113, 108, 97, 182, 59]	[10004, 10004, 10000, 10004, 10002]	[212, 145, 178, 243, 261]
1069	36.0	[99, 28, -13, 76, 79]	[-82, -144, -64, 23, 22]	[-159, -36, 20, -12, -147]	[-62, -179, -89, -108, -83]	[128, -85, -97, 30, 13]	[-114, -27, 3, -34, 112]	[-78, 54, 6, 98, 170]	[-89, -131, -121, -109, -156]	[-161, -122, -111, -110, -115]	[-13, -16, -10, -29, -71]	[123, 111, 98, 182, 128]	[10004, 10006, 9997, 10008, 9997]	[201, 162, 183, 264, 262]
1070	40.3	[88, 20, -16, 62, 93]	[-102, -144, -82, 25, -49]	[-158, -33, 18, -12, -146]	[-64, -169, -88, -105, -86]	[120, -88, -95, 37, 26]	[-118, -27, 10, -36, 109]	[-69, 57, 1, 101, 171]	[-89, -129, -122, -106, -151]	[-161, -122, -111, -121, -116]	[-12, -22, -9, -25, -84]	[123, 107, 105, 181, 117]	[10004, 10008, 9994, 10009, 10000]	[208, 165, 165, 239, 261]
1071	39.0	[88, 20, -16, 62, 93]	[-102, -144, -82, 25, -49]	[-158, -33, 18, -12, -146]	[-64, -169, -88, -105, -86]	[120, -88, -95, 37, 26]	[-118, -27, 10, -36, 109]	[-69, 57, 1, 101, 171]	[-89, -129, -122, -106, -151]	[-161, -122, -111, -121, -116]	[-12, -22, -9, -25, -84]	[123, 107, 105, 181, 117]	[10004, 10008, 9994, 10009, 10000]	[208, 165, 165, 239, 261]
1072	44.0	[89, -13, -28, 61, 100]	[-117, -150, -73, 22, -51]	[-160, -38, 21, -9, -143]	[-65, -179, -88, -104, -90]	[119, -89, -95, 30, 12]	[-118, -27, 11, -38, 109]	[-71, 52, 4, 98, 172]	[-89, -132, -122, -109, -142]	[-162, -122, -111, -115, -116]	[-11, -20, -11, -24, -78]	[124, 107, 99, 181, 71]	[10004, 10008, 9994, 10009, 10000]	[208, 159, 178, 239, 261]
1073	42.3	[88, 20, -16, 62, 93]	[-102, -144, -82, 25, -49]	[-158, -33, 18, -12, -146]	[-64, -169, -88, -105, -86]	[120, -88, -95, 37, 26]	[-118, -27, 10, -36, 109]	[-69, 57, 1, 101, 171]	[-89, -129, -122, -106, -151]	[-161, -122, -111, -121, -116]	[-12, -22, -9, -25, -84]	[123, 107, 105, 181, 117]	[10004, 10008, 9994, 10009, 10000]	[208, 165, 165, 239, 261]
1074	42.0	[91, -13, -23, 63, 94]	[-111, -148, -68, 22, -27]	[-159, -41, 18, -13, -150]	[-58, -179, -88, -106, -75]	[122, -84, -93, 30, 15]	[-115, -28, 5, -40, 109]	[-75, 49, 4, 98, 181]	[-89, -132, -120, -109, -149]	[-162, -123, -111, -118, -115]	[-4, -18, -9, -22, -71]	[119, 108, 98, 182, 114]	[10004, 10004, 10000, 10008, 9996]	[202, 138, 187, 257, 262]
1075	36.7	[88, 20, -16, 62, 93]	[-102, -144, -82, 25, -49]	[-158, -33, 18, -12, -146]	[-64, -169, -88, -105, -86]	[120, -88, -95, 37, 26]	[-118, -27, 10, -36, 109]	[-69, 57, 1, 101, 171]	[-89, -129, -122, -106, -151]	[-161, -122, -111, -121, -116]	[-12, -22, -9, -25, -84]	[123, 107, 105, 181, 117]	[10004, 10008, 9994, 10009, 10000]	[208, 165, 165, 239, 261]
1076	40.0	[91, -13, -23, 63, 94]	[-111, -148, -68, 22, -27]	[-159, -41, 18, -13, -150]	[-58, -179, -88, -106, -75]	[122, -84, -93, 30, 15]	[-115, -28, 5, -40, 109]	[-81, 49, 4, 98, 181]	[-89, -132, -120, -109, -149]	[-162, -123, -111, -118, -115]	[-4, -18, -9, -22, -71]	[119, 108, 98, 182, 114]	[10004, 10004, 10000, 10008, 9996]	[202, 138, 187, 257, 262]
1077	44.7	[91, -13, -23, 63, 94]	[-111, -148, -68, 22, -27]	[-159, -36, 18, -13, -150]	[-58, -179, -92, -106, -75]	[122, -84, -96, 30, 15]	[-116, -28, 5, -40, 109]	[-75, 54, 4, 98, 179]	[-89, -132, -120, -109, -152]	[-162, -125, -105, -115, -115]	[-4, -18, -9, -22, -71]	[119, 108, 98, 182, 114]	[10004, 10004, 10000, 10002, 9996]	[202, 138, 187, 257, 262]
1078	36.7	[88, 20, -16, 62, 93]	[-102, -144, -82, 25, -49]	[-158, -33, 18, -12, -146]	[-64, -169, -88, -105, -86]	[120, -88, -95, 37, 26]	[-118, -27, 10, -36, 109]	[-69, 57, 1, 101, 171]	[-89, -129, -122, -106, -151]	[-161, -122, -111, -121, -116]	[-12, -22, -9, -25, -84]	[123, 107, 105, 181, 117]	[10004, 10008, 9994, 10009, 10000]	[208, 165, 165, 239, 261]
1079	36.3	[88, 20, -16, 62, 93]	[-102, -144, -82, 25, -49]	[-158, -33, 18, -12, -146]	[-64, -169, -88, -105, -86]	[120, -88, -95, 37, 26]	[-118, -27, 10, -36, 109]	[-69, 57, 1, 101, 171]	[-89, -129, -122, -106, -151]	[-161, -122, -111, -121, -116]	[-12, -22, -9, -25, -84]	[123, 107, 105, 181, 117]	[10004, 10008, 9994, 10009, 10000]	[208, 165, 165, 239, 261]
1080	37.0	[99, -11, -21, 76, 82]	[-82, -146, -68, 22, 22]	[-159, -36, 20, -12, -147]	[-62, -179, -88, -108, -87]	[128, -85, -97, 30, 13]	[-116, -27, 6, -35, 109]	[-76, 54, 6, 98, 164]	[-89, -131, -121, -109, -154]	[-161, -122, -111, -114, -115]	[-11, -18, -11, -29, -71]	[123, 107, 98, 182, 128]	[10004, 10007, 9993, 10009, 9999]	[201, 162, 183, 264, 262]
1081	37.7	[88, 20, -16, 62, 93]	[-102, -144, -82, 25, -49]	[-158, -33, 18, -12, -146]	[-64, -169, -88, -105, -86]	[120, -88, -95, 37, 26]	[-118, -27, 10, -36, 109]	[-69, 57, 1, 101, 171]	[-89, -129, -122, -106, -151]	[-161, -122, -111, -121, -116]	[-12, -22, -9, -25, -84]	[123, 107, 105, 181, 117]	[10004, 10008, 9994, 10009, 10000]	[208, 165, 165, 239, 261]
1082	38.0	[89, 3, -16, 62, 93]	[-107, -149, -76, 25, -49]	[-158, -33, 18, -11, -146]	[-65, -170, -88, -105, -86]	[119, -89, -96, 30, 9]	[-118, -28, 11, -36, 109]	[-69, 56, 4, 101, 184]	[-89, -132, -122, -107, -153]	[-161, -122, -111, -116, -113]	[-12, -23, -9, -24, -74]	[125, 107, 105, 182, 94]	[10004, 10008, 9994, 10009, 10000]	[208, 165, 173, 237, 262]
1083	35.7	[99, 28, -13, 76, 79]	[-82, -144, -64, 23, 22]	[-161, -32, 20, -12, -147]	[-62, -179, -90, -109, -95]	[128, -79, -97, 30, 13]	[-115, -27, 8, -35, 112]	[-81, 55, 6, 98, 170]	[-89, -130, -121, -115, -156]	[-161, -122, -111, -110, -115]	[-18, -19, -11, -33, -71]	[123, 106, 98, 181, 124]	[10001, 10008, 9997, 10015, 10000]	[201, 162, 183, 264, 262]
1084	36.0	[89, -13, -28, 61, 100]	[-117, -150, -73, 22, -51]	[-160, -38, 21, -9, -149]	[-64, -179, -89, -104, -87]	[119, -85, -96, 30, 12]	[-118, -27, 7, -36, 111]	[-71, 52, 4, 98, 165]	[-89, -132, -122, -109, -148]	[-161, -123, -111, -115, -116]	[-11, -20, -11, -24, -78]	[124, 107, 99, 181, 71]	[10004, 10008, 9994, 10009, 10000]	[208, 159, 178, 239, 261]
1085	37.7	[88, 20, -16, 61, 100]	[-102, -144, -74, 21, -51]	[-159, -31, 21, -12, -146]	[-64, -169, -88, -105, -90]	[119, -87, -97, 30, 12]	[-118, -27, 10, -39, 109]	[-69, 56, 5, 104, 172]	[-89, -132, -122, -106, -151]	[-161, -124, -111, -116, -115]	[-12, -21, -9, -25, -81]	[120, 101, 105, 181, 117]	[10004, 10008, 9994, 10009, 10000]	[208, 165, 165, 239, 261]
1086	37.3	[89, -13, -28, 61, 100]	[-117, -150, -73, 22, -51]	[-160, -38, 21, -9, -143]	[-65, -179, -88, -104, -90]	[119, -89, -95, 30, 12]	[-118, -27, 11, -38, 109]	[-71, 53, 5, 98, 172]	[-89, -132, -122, -106, -148]	[-162, -124, -111, -115, -116]	[-11, -20, -5, -24, -78]	[124, 107, 99, 181, 71]	[10004, 10008, 9994, 10009, 10000]	[208, 159, 172, 239, 261]
1087	34.3	[91, -13, -23, 63, 94]	[-111, -148, -68, 22, -27]	[-159, -36, 18, -13, -150]	[-58, -179, -92, -106, -75]	[122, -84, -95, 30, 15]	[-115, -28, 5, -40, 109]	[-75, 54, 5, 98, 179]	[-89, -131, -121, -109, -152]	[-162, -130, -108, -114, -115]	[-10, -18, -9, -28, -71]	[119, 110, 98, 181, 119]	[10004, 10004, 10000, 10002, 9996]	[202, 138, 187, 257, 262]
1088	40.3	[88, 20, -16, 61, 100]	[-102, -144, -74, 21, -51]	[-159, -31, 21, -12, -146]	[-64, -169, -88, -105, -90]	[119, -85, -96, 30, 12]	[-118, -27, 10, -39, 109]	[-69, 56, 4, 100, 172]	[-89, -132, -122, -106, -151]	[-161, -124, -111, -115, -115]	[-12, -21, -9, -23, -78]	[120, 101, 99, 182, 115]	[10004, 10008, 9994, 10009, 10000]	[207, 153, 171, 253, 262]
1089	38.7	[91, -13, -23, 63, 94]	[-111, -148, -68, 22, -27]	[-159, -36, 18, -13, -150]	[-58, -179, -92, -106, -75]	[123, -84, -90, 30, 13]	[-116, -28, 6, -36, 109]	[-75, 54, 6, 98, 179]	[-89, -131, -121, -109, -152]	[-162, -128, -110, -113, -115]	[-10, -18, -9, -28, -71]	[119, 110, 98, 181, 119]	[10004, 10004, 10000, 10002, 9996]	[202, 138, 187, 257, 262]
1090	37.3	[88, 20, -16, 61, 100]	[-102, -144, -74, 21, -51]	[-159, -31, 21, -12, -146]	[-64, -169, -88, -105, -90]	[119, -85, -96, 30, 12]	[-118, -27, 10, -39, 109]	[-69, 56, 4, 100, 172]	[-89, -132, -122, -106, -151]	[-161, -124, -111, -115, -115]	[-12, -21, -9, -23, -78]	[120, 101, 99, 182, 115]	[10004, 10008, 9994, 10009, 10000]	[207, 153, 171, 253, 262]
1091	38.3	[91, -13, -23, 63, 94]	[-111, -148, -68, 22, -27]	[-159, -36, 18, -13, -150]	[-58, -179, -92, -106, -75]	[119, -84, -96, 30, 15]	[-118, -28, 9, -39, 109]	[-69, 53, 4, 98, 179]	[-89, -138, -120, -108, -153]	[-162, -125, -105, -115, -115]	[-4, -18, -9, -22, -71]	[119, 108, 98, 182, 114]	[10004, 10004, 10000, 10002, 9996]	[202, 138, 187, 257, 262]
1092	40.0	[99, 28, -13, 76, 79]	[-82, -144, -64, 23, 22]	[-161, -32, 20, -12, -147]	[-62, -179, -90, -109, -95]	[128, -79, -97, 30, 13]	[-115, -27, 8, -35, 112]	[-81, 55, 6, 98, 170]	[-89, -130, -121, -115, -156]	[-161, -122, -111, -110, -115]	[-18, -19, -11, -33, -71]	[123, 106, 98, 181, 124]	[10001, 10008, 9997, 10015, 10000]	[201, 162, 183, 264, 262]
1093	35.7	[91, -13, -23, 63, 94]	[-111, -148, -68, 22, -27]	[-159, -36, 18, -13, -150]	[-63, -177, -92, -106, -75]	[123, -84, -90, 32, 13]	[-116, -28, 6, -38, 109]	[-75, 54, 4, 99, 179]	[-89, -131, -121, -109, -152]	[-162, -128, -110, -113, -115]	[-10, -18, -9, -28, -71]	[119, 110, 98, 181, 119]	[10004, 10004, 10000, 10002, 9996]	[202, 138, 187, 257, 262]
1094	37.0	[91, -13, -23, 63, 94]	[-111, -148, -68, 22, -27]	[-159, -36, 18, -13, -150]	[-58, -179, -92, -106, -75]	[123, -84, -96, 30, 15]	[-118, -28, 9, -37, 109]	[-69, 54, 4, 99, 179]	[-89, -138, -121, -109, -153]	[-162, -128, -105, -115, -115]	[-4, -18, -9, -22, -71]	[119, 108, 98, 182, 114]	[10004, 10004, 10000, 10002, 9996]	[196, 138, 187, 257, 262]
1095	34.0	[91, -13, -23, 63, 94]	[-111, -148, -68, 22, -27]	[-159, -36, 18, -13, -150]	[-63, -177, -92, -106, -75]	[123, -84, -90, 32, 13]	[-116, -28, 6, -38, 109]	[-75, 54, 4, 99, 179]	[-89, -131, -121, -109, -152]	[-162, -128, -110, -113, -115]	[-10, -18, -9, -28, -71]	[119, 110, 98, 181, 119]	[9998, 10004, 10000, 10002, 9996]	[202, 138, 187, 257, 262]
1096	37.0	[88, 13, -16, 62, 93]	[-107, -149, -76, 25, -49]	[-158, -33, 18, -11, -146]	[-64, -170, -88, -105, -86]	[120, -88, -96, 30, 9]	[-118, -28, 5, -36, 109]	[-69, 50, 1, 101, 184]	[-89, -132, -122, -107, -153]	[-161, -122, -111, -116, -113]	[-12, -23, -9, -24, -74]	[125, 107, 105, 182, 94]	[10004, 10008, 9994, 10009, 10000]	[208, 165, 173, 237, 262]
1097	38.0	[99, 28, -13, 76, 79]	[-82, -144, -64, 23, 22]	[-161, -32, 20, -12, -147]	[-62, -179, -90, -109, -95]	[128, -79, -97, 30, 13]	[-118, -27, 7, -35, 112]	[-76, 55, 6, 98, 170]	[-89, -130, -121, -109, -156]	[-161, -123, -111, -115, -115]	[-12, -19, -11, -31, -71]	[123, 107, 99, 181, 124]	[10001, 10008, 9997, 10011, 10000]	[201, 162, 183, 264, 262]
1098	38.0	[99, 28, -13, 76, 79]	[-82, -144, -64, 23, 22]	[-161, -32, 20, -12, -147]	[-62, -179, -90, -109, -95]	[128, -79, -97, 30, 13]	[-118, -27, 7, -35, 112]	[-76, 55, 6, 98, 170]	[-89, -130, -121, -109, -156]	[-161, -123, -111, -115, -115]	[-12, -19, -11, -31, -71]	[123, 107, 99, 181, 124]	[10001, 10008, 9997, 10011, 10000]	[201, 162, 183, 264, 262]
1099	40.0	[88, 13, -16, 62, 93]	[-107, -149, -76, 25, -49]	[-158, -33, 18, -11, -146]	[-64, -170, -88, -105, -86]	[120, -88, -96, 30, 9]	[-118, -28, 5, -36, 109]	[-69, 50, 1, 101, 184]	[-89, -132, -122, -107, -153]	[-161, -122, -111, -116, -113]	[-12, -23, -9, -24, -74]	[125, 107, 105, 182, 94]	[10004, 10008, 9994, 10009, 10000]	[208, 165, 173, 237, 262]
1100	39.0	[91, -13, -23, 38, 94]	[-111, -148, -68, 22, -27]	[-159, -36, 18, -13, -150]	[-63, -177, -90, -106, -75]	[123, -84, -90, 32, 24]	[-116, -28, 5, -38, 109]	[-75, 54, 4, 98, 179]	[-89, -131, -121, -109, -152]	[-162, -128, -110, -113, -115]	[-10, -18, -9, -28, -71]	[119, 110, 98, 182, 119]	[9998, 10004, 10000, 10002, 9996]	[202, 138, 187, 257, 262]
1101	37.3	[89, -13, -28, 61, 100]	[-117, -150, -73, 22, -51]	[-160, -38, 21, -9, -143]	[-59, -179, -88, -104, -90]	[119, -89, -95, 30, 12]	[-118, -27, 11, -38, 109]	[-71, 53, 4, 98, 172]	[-89, -132, -116, -106, -148]	[-162, -122, -111, -115, -116]	[-11, -20, -30, -24, -78]	[124, 107, 99, 181, 71]	[10004, 10008, 9994, 10009, 10000]	[208, 159, 172, 239, 261]
1102	40.3	[91, -13, -23, 63, 94]	[-111, -148, -68, 22, -27]	[-159, -36, 18, -13, -150]	[-63, -177, -92, -106, -75]	[123, -84, -90, 32, 13]	[-116, -28, 6, -38, 109]	[-75, 54, 4, 99, 179]	[-89, -131, -121, -109, -152]	[-162, -128, -110, -113, -115]	[-35, -18, -9, -28, -71]	[119, 110, 98, 181, 119]	[9998, 10004, 10000, 10002, 9996]	[202, 138, 187, 257, 262]
1103	39.3	[88, 13, -16, 62, 93]	[-107, -149, -76, 25, -49]	[-158, -33, 18, -11, -146]	[-64, -170, -88, -105, -86]	[120, -88, -96, 30, 9]	[-118, -28, 5, -36, 109]	[-69, 50, 1, 101, 184]	[-89, -132, -122, -107, -153]	[-161, -122, -111, -116, -138]	[-12, -23, -9, -24, -74]	[125, 107, 105, 182, 94]	[10004, 10008, 9994, 10009, 10000]	[208, 165, 173, 237, 262]
1104	37.0	[91, -13, -23, 63, 94]	[-111, -148, -68, 22, -27]	[-159, -36, 18, -13, -150]	[-58, -179, -92, -106, -75]	[123, -84, -96, 30, 15]	[-118, -28, 9, -37, 109]	[-69, 54, 4, 99, 179]	[-89, -138, -121, -109, -153]	[-162, -128, -105, -115, -115]	[-4, -18, -9, -28, -71]	[119, 110, 98, 157, 114]	[10004, 10004, 10000, 10002, 9996]	[196, 138, 187, 257, 262]
1105	42.3	[91, -13, -23, 63, 94]	[-111, -148, -68, 22, -27]	[-159, -36, 18, -13, -150]	[-58, -179, -92, -106, -75]	[123, -84, -95, 30, 13]	[-118, -28, 9, -37, 109]	[-69, 54, 4, 99, 179]	[-89, -138, -121, -109, -159]	[-162, -128, -105, -115, -115]	[-4, -18, -9, -22, -71]	[119, 108, 98, 157, 114]	[10004, 10004, 10000, 10002, 9996]	[196, 138, 187, 257, 262]
1106	39.3	[91, -13, -23, 63, 94]	[-111, -148, -68, 22, -27]	[-159, -36, 18, -13, -150]	[-58, -179, -92, -106, -75]	[119, -84, -96, 30, 15]	[-118, -28, 9, -39, 109]	[-69, 53, 4, 98, 179]	[-89, -138, -120, -108, -153]	[-162, -125, -105, -115, -115]	[-4, -18, -9, -22, -71]	[119, 83, 98, 182, 114]	[10004, 10004, 10000, 10002, 9996]	[202, 138, 187, 257, 262]
1107	36.0	[89, 12, -28, 61, 100]	[-117, -150, -73, 22, -51]	[-160, -38, 21, -9, -149]	[-64, -179, -89, -104, -87]	[119, -85, -96, 30, 12]	[-118, -27, 7, -36, 111]	[-71, 52, 4, 98, 165]	[-89, -132, -122, -109, -148]	[-161, -122, -111, -115, -116]	[-11, -20, -11, -24, -78]	[124, 106, 98, 181, 71]	[10004, 10008, 9996, 10009, 10000]	[208, 159, 178, 239, 261]
1108	35.3	[88, 20, -16, 61, 100]	[-102, -144, -74, 21, -51]	[-159, -31, 21, -12, -140]	[-64, -169, -88, -105, -90]	[119, -85, -96, 30, 12]	[-118, -27, 10, -39, 109]	[-75, 55, 29, 100, 172]	[-83, -132, -122, -108, -151]	[-161, -124, -110, -115, -115]	[-10, -21, -15, -24, -78]	[120, 101, 98, 182, 115]	[10004, 10008, 9988, 10009, 10000]	[207, 153, 171, 253, 262]
1109	35.7	[91, -13, -25, 62, 94]	[-111, -148, -71, 22, -27]	[-160, -36, 18, -13, -150]	[-58, -179, -92, -106, -75]	[122, -89, -96, 30, 15]	[-118, -28, 9, -38, 109]	[-69, 54, 4, 99, 179]	[-89, -138, -121, -109, -153]	[-162, -123, -105, -115, -115]	[-4, -18, -9, -23, -71]	[119, 110, 98, 174, 114]	[10004, 10004, 10000, 10002, 9996]	[196, 138, 187, 257, 262]
1110	38.3	[89, -13, -28, 61, 100]	[-111, -144, -73, 22, -51]	[-160, -37, 21, -10, -142]	[-62, -172, -88, -104, -88]	[119, -87, -95, 30, 12]	[-118, -28, 10, -39, 109]	[-71, 53, 4, 98, 172]	[-89, -132, -122, -109, -151]	[-162, -122, -111, -115, -116]	[-11, -20, -30, -24, -78]	[124, 107, 99, 181, 71]	[10004, 10008, 9994, 10009, 10000]	[208, 159, 172, 239, 261]
1111	37.7	[89, -13, -28, 61, 100]	[-117, -150, -73, 22, -51]	[-160, -36, 20, -10, -146]	[-59, -179, -88, -105, -79]	[119, -89, -95, 30, 13]	[-118, -27, 11, -38, 109]	[-71, 53, 4, 99, 172]	[-89, -132, -122, -108, -154]	[-168, -125, -105, -115, -116]	[-10, -20, -14, -24, -78]	[119, 107, 99, 181, 71]	[10004, 10008, 9994, 10009, 9999]	[208, 159, 172, 245, 261]
1112	42.3	[89, -13, -28, 61, 100]	[-117, -150, -73, 22, -51]	[-160, -36, 20, -10, -146]	[-59, -179, -88, -105, -79]	[119, -89, -95, 30, 13]	[-118, -27, 11, -38, 109]	[-71, 53, 4, 99, 172]	[-89, -132, -122, -108, -154]	[-168, -125, -105, -115, -116]	[-10, -20, -14, -24, -78]	[119, 107, 99, 181, 71]	[10004, 10008, 9994, 10009, 9999]	[208, 159, 172, 245, 261]
1113	45.0	[91, -13, -23, 63, 94]	[-111, -148, -68, 22, -27]	[-159, -36, 18, -13, -150]	[-58, -179, -92, -106, -75]	[119, -84, -90, 30, 14]	[-118, -28, 9, -39, 109]	[-69, 47, 4, 98, 179]	[-84, -135, -120, -109, -153]	[-162, -125, -109, -115, -115]	[-4, -18, -9, -27, -71]	[119, 83, 98, 182, 114]	[10004, 10004, 10000, 10002, 9996]	[202, 138, 187, 257, 262]
1114	40.0	[91, -13, -23, 38, 94]	[-111, -148, -68, 22, -27]	[-159, -36, 18, -13, -150]	[-63, -177, -90, -106, -75]	[123, -84, -95, 32, 24]	[-116, -28, 5, -38, 109]	[-70, 54, 4, 98, 179]	[-89, -132, -122, -109, -152]	[-162, -127, -110, -115, -117]	[-10, -23, -9, -28, -71]	[125, 107, 98, 182, 119]	[9998, 10004, 10000, 10002, 9996]	[202, 138, 187, 257, 262]
1115	36.7	[95, 12, -28, 61, 100]	[-117, -150, -73, 22, -51]	[-160, -38, 21, -9, -149]	[-64, -179, -89, -104, -87]	[119, -85, -96, 30, 12]	[-118, -27, 7, -36, 111]	[-71, 52, 4, 98, 165]	[-89, -132, -122, -109, -148]	[-161, -122, -111, -115, -116]	[-11, -20, -11, -24, -78]	[124, 106, 98, 175, 71]	[10004, 10008, 9996, 10009, 10000]	[208, 159, 178, 239, 261]
1116	34.3	[91, -13, -23, 38, 94]	[-111, -148, -68, 22, -27]	[-159, -36, 18, -13, -150]	[-63, -177, -90, -106, -75]	[123, -84, -95, 32, 24]	[-116, -28, 5, -38, 109]	[-70, 54, 4, 98, 179]	[-89, -132, -122, -109, -152]	[-162, -127, -110, -115, -117]	[-10, -23, -9, -28, -71]	[125, 107, 98, 182, 119]	[9998, 10004, 10000, 10002, 9996]	[202, 138, 187, 257, 262]
1117	40.3	[88, 2, -16, 63, 94]	[-109, -148, -71, 22, -27]	[-158, -35, 18, -13, -150]	[-69, -179, -92, -106, -75]	[119, -86, -92, 31, 12]	[-118, -28, 9, -38, 109]	[-69, 53, 4, 100, 180]	[-83, -138, -121, -108, -153]	[-162, -124, -106, -115, -136]	[-4, -20, -9, -22, -71]	[119, 83, 98, 182, 109]	[10004, 10004, 10000, 10009, 9996]	[202, 138, 187, 263, 262]
1118	35.7	[89, -13, -20, 62, 97]	[-117, -148, -74, 21, -35]	[-159, -36, 21, -9, -143]	[-59, -179, -88, -98, -87]	[122, -85, -95, 30, 12]	[-118, -27, 9, -38, 109]	[-74, 55, 27, 99, 172]	[-89, -132, -122, -108, -149]	[-167, -122, -111, -115, -115]	[-10, -21, -15, -24, -78]	[122, 101, 99, 182, 71]	[10004, 10008, 9994, 10009, 10000]	[208, 159, 172, 239, 261]
1119	37.7	[91, -13, -25, 62, 94]	[-111, -148, -71, 22, -45]	[-160, -34, 19, -13, -150]	[-58, -179, -89, -106, -75]	[122, -89, -96, 30, 15]	[-118, -22, 9, -38, 109]	[-69, 54, 4, 99, 179]	[-83, -138, -121, -109, -153]	[-162, -123, -105, -121, -115]	[-4, -18, -9, -23, -71]	[119, 110, 98, 174, 114]	[10004, 10004, 10000, 10002, 9996]	[196, 138, 187, 257, 262]
1120	39.0	[88, 2, -16, 63, 94]	[-109, -148, -71, 22, -27]	[-158, -35, 18, -13, -150]	[-69, -179, -92, -106, -75]	[119, -86, -92, 31, 12]	[-118, -28, 9, -38, 109]	[-69, 53, 4, 100, 180]	[-83, -138, -121, -108, -153]	[-162, -124, -106, -115, -136]	[-4, -20, -9, -22, -71]	[119, 83, 98, 182, 109]	[10004, 10004, 10000, 10009, 9996]	[202, 138, 187, 263, 262]
1121	39.3	[88, 20, -16, 61, 100]	[-102, -144, -74, 22, -38]	[-159, -35, 21, -12, -150]	[-64, -172, -90, -105, -90]	[119, -85, -95, 30, 12]	[-116, -27, 10, -39, 109]	[-69, 54, 4, 99, 172]	[-89, -134, -122, -106, -151]	[-161, -127, -111, -115, -115]	[-12, -21, -9, -28, -71]	[120, 102, 98, 182, 115]	[10004, 10008, 9988, 10009, 10000]	[207, 153, 171, 253, 231]
1122	36.7	[91, -13, -23, 63, 94]	[-111, -148, -68, 22, -27]	[-159, -36, 18, -13, -150]	[-58, -179, -92, -106, -75]	[119, -84, -90, 30, 14]	[-118, -28, 9, -39, 109]	[-69, 47, 4, 98, 179]	[-84, -135, -120, -109, -153]	[-162, -125, -109, -115, -115]	[-4, -18, -9, -27, -71]	[119, 83, 98, 182, 114]	[10004, 10004, 10000, 10002, 9996]	[208, 138, 187, 257, 262]
1123	36.3	[88, 20, -16, 61, 100]	[-102, -144, -74, 22, -38]	[-159, -35, 21, -12, -146]	[-64, -169, -88, -105, -90]	[119, -85, -96, 30, 12]	[-118, -27, 10, -39, 109]	[-69, 56, 4, 100, 172]	[-89, -132, -122, -106, -151]	[-161, -124, -111, -115, -115]	[-12, -21, -9, -23, -78]	[120, 101, 99, 182, 115]	[10004, 10008, 9988, 10009, 10000]	[207, 153, 171, 253, 231]
1124	39.0	[91, -13, -23, 63, 94]	[-111, -148, -68, 22, -27]	[-159, -36, 18, -13, -150]	[-58, -179, -92, -106, -75]	[119, -84, -90, 30, 14]	[-118, -28, 9, -39, 109]	[-69, 47, 4, 98, 179]	[-84, -135, -120, -109, -153]	[-162, -125, -109, -115, -115]	[-4, -18, -9, -27, -71]	[119, 83, 98, 182, 114]	[10004, 10004, 10000, 10002, 9996]	[208, 138, 187, 257, 262]
1125	36.0	[91, -13, -23, 63, 94]	[-111, -148, -68, 22, -27]	[-160, -36, 19, -12, -150]	[-58, -179, -92, -106, -75]	[123, -84, -95, 30, 13]	[-118, -28, 9, -37, 109]	[-69, 54, 4, 99, 179]	[-89, -138, -121, -109, -165]	[-162, -128, -105, -115, -115]	[-4, -18, -9, -22, -71]	[119, 108, 98, 157, 114]	[10004, 10004, 10000, 10002, 9996]	[196, 150, 180, 257, 262]
1126	39.3	[91, -13, -23, 63, 94]	[-111, -148, -68, 22, -27]	[-160, -36, 19, -12, -150]	[-58, -179, -92, -106, -75]	[123, -84, -95, 30, 13]	[-118, -28, 9, -37, 109]	[-69, 54, 4, 99, 179]	[-89, -138, -121, -109, -165]	[-162, -128, -105, -115, -115]	[-4, -18, -9, -22, -71]	[119, 108, 98, 157, 114]	[10004, 10004, 10000, 10002, 9996]	[196, 150, 180, 257, 262]
1127	36.7	[91, -13, -23, 63, 94]	[-111, -148, -68, 22, -27]	[-160, -36, 19, -12, -150]	[-58, -179, -92, -106, -75]	[123, -84, -95, 30, 13]	[-118, -28, 9, -37, 109]	[-69, 54, 4, 99, 179]	[-89, -138, -121, -109, -165]	[-162, -128, -105, -115, -115]	[-4, -18, -9, -22, -71]	[119, 108, 98, 157, 114]	[10004, 10004, 10000, 10002, 9996]	[196, 150, 180, 257, 262]
1128	40.0	[88, 2, -16, 63, 94]	[-109, -148, -71, 22, -27]	[-158, -35, 18, -13, -150]	[-69, -179, -92, -106, -75]	[119, -86, -92, 31, 12]	[-118, -28, 9, -38, 109]	[-69, 50, 4, 100, 180]	[-83, -138, -121, -108, -153]	[-162, -123, -106, -116, -137]	[-4, -20, -9, -23, -71]	[119, 83, 98, 182, 109]	[10004, 10004, 10000, 10009, 9996]	[202, 138, 187, 263, 262]
1129	38.3	[91, -13, -23, 63, 94]	[-111, -148, -68, 22, -27]	[-160, -36, 19, -12, -150]	[-58, -179, -92, -106, -75]	[123, -84, -95, 30, 13]	[-118, -28, 9, -37, 109]	[-69, 54, 4, 99, 179]	[-89, -138, -121, -109, -165]	[-162, -128, -105, -115, -115]	[-4, -18, -9, -22, -71]	[119, 108, 98, 157, 114]	[10004, 10004, 10000, 10002, 9996]	[196, 150, 180, 257, 262]
1130	42.3	[94, 2, -16, 63, 94]	[-109, -149, -73, 22, -27]	[-158, -35, 18, -12, -150]	[-69, -179, -89, -105, -75]	[119, -86, -92, 31, 12]	[-118, -28, 9, -38, 109]	[-71, 51, 4, 100, 180]	[-89, -134, -121, -108, -153]	[-162, -123, -106, -116, -137]	[-4, -20, -9, -23, -71]	[119, 83, 98, 182, 109]	[10004, 10004, 10000, 10009, 9996]	[202, 138, 187, 263, 256]
1131	38.3	[88, 2, -16, 63, 94]	[-109, -148, -71, 22, -27]	[-158, -35, 18, -13, -150]	[-69, -179, -92, -106, -75]	[119, -80, -92, 31, 12]	[-118, -28, 9, -38, 109]	[-69, 53, 4, 100, 180]	[-83, -138, -121, -108, -153]	[-162, -124, -106, -115, -136]	[-4, -20, -9, -22, -71]	[119, 83, 98, 182, 109]	[10004, 10004, 10000, 10009, 9996]	[202, 138, 187, 263, 262]
1132	36.3	[88, 20, -16, 61, 100]	[-102, -144, -74, 22, -38]	[-159, -35, 21, -12, -146]	[-64, -169, -88, -105, -90]	[119, -85, -96, 30, 12]	[-118, -27, 10, -39, 109]	[-69, 56, 4, 100, 172]	[-89, -132, -122, -106, -151]	[-161, -124, -111, -115, -115]	[-12, -21, -9, -23, -78]	[120, 101, 99, 182, 115]	[10004, 10008, 9988, 10009, 10000]	[207, 153, 171, 253, 231]
1133	39.7	[91, -13, -23, 63, 94]	[-111, -148, -68, 22, -27]	[-159, -36, 18, -13, -150]	[-58, -179, -92, -106, -75]	[119, -84, -90, 30, 14]	[-118, -28, 9, -39, 109]	[-63, 47, 4, 98, 179]	[-81, -134, -122, -109, -153]	[-162, -124, -109, -115, -116]	[2, -18, -26, -27, -77]	[120, 99, 99, 182, 109]	[10004, 10004, 10000, 10003, 10000]	[208, 138, 176, 251, 262]
1134	36.0	[88, 20, -16, 61, 100]	[-102, -144, -74, 22, -38]	[-159, -35, 21, -12, -150]	[-64, -172, -90, -105, -90]	[119, -85, -95, 30, 12]	[-116, -27, 10, -39, 109]	[-69, 54, 4, 99, 172]	[-89, -134, -122, -106, -151]	[-161, -127, -111, -115, -115]	[-12, -21, -9, -28, -71]	[120, 102, 98, 182, 115]	[10004, 10008, 9988, 10009, 10000]	[207, 153, 171, 253, 231]
1135	40.0	[94, 8, -16, 63, 94]	[-109, -149, -73, 22, -27]	[-158, -35, 18, -12, -150]	[-69, -179, -89, -105, -75]	[119, -86, -92, 31, 12]	[-118, -28, 9, -38, 109]	[-71, 51, 4, 100, 180]	[-89, -134, -121, -108, -153]	[-162, -123, -106, -116, -137]	[-4, -20, -9, -23, -71]	[119, 83, 98, 182, 109]	[10004, 10004, 10000, 10009, 9996]	[202, 138, 187, 263, 256]
1136	39.3	[88, 20, -16, 61, 100]	[-102, -144, -74, 22, -38]	[-159, -35, 21, -12, -150]	[-64, -176, -91, -105, -88]	[119, -85, -96, 30, 12]	[-118, -28, 9, -39, 109]	[-69, 56, 4, 100, 172]	[-84, -133, -122, -106, -151]	[-161, -124, -108, -115, -115]	[-12, -21, -9, -23, -78]	[120, 100, 98, 182, 115]	[10004, 10008, 9991, 10009, 10000]	[207, 153, 171, 253, 231]
1137	39.0	[94, 8, -16, 63, 94]	[-109, -149, -73, 22, -27]	[-158, -35, 18, -12, -150]	[-69, -179, -89, -105, -75]	[119, -86, -92, 31, 12]	[-118, -28, 9, -38, 109]	[-71, 51, 4, 100, 180]	[-89, -134, -121, -108, -153]	[-162, -123, -106, -116, -137]	[-4, -20, -9, -23, -71]	[119, 83, 98, 182, 109]	[10004, 10004, 10000, 10009, 9996]	[202, 138, 187, 263, 256]
1138	42.7	[94, 2, -16, 63, 94]	[-109, -147, -73, 22, -27]	[-158, -36, 19, -12, -150]	[-69, -179, -92, -105, -75]	[119, -86, -95, 31, 12]	[-118, -28, 9, -38, 109]	[-71, 51, 4, 98, 178]	[-89, -134, -121, -108, -153]	[-162, -123, -106, -116, -137]	[-4, -20, -9, -23, -71]	[119, 83, 98, 182, 109]	[10004, 10004, 10000, 10009, 9996]	[202, 138, 187, 263, 256]
1139	35.3	[91, -13, -25, 62, 94]	[-111, -148, -71, 22, -45]	[-160, -34, 19, -13, -150]	[-58, -179, -89, -106, -75]	[122, -89, -96, 30, 15]	[-118, -22, 9, -38, 109]	[-69, 54, 4, 99, 179]	[-83, -138, -121, -109, -153]	[-162, -123, -105, -120, -115]	[-4, -18, -3, -23, -71]	[119, 110, 98, 174, 114]	[10004, 10004, 10000, 10002, 9996]	[196, 138, 187, 257, 262]
1140	39.7	[94, 2, -16, 63, 94]	[-109, -147, -73, 22, -27]	[-158, -36, 19, -12, -150]	[-69, -179, -92, -105, -75]	[119, -86, -95, 31, 12]	[-118, -28, 9, -38, 109]	[-71, 51, 4, 98, 178]	[-89, -134, -121, -108, -153]	[-162, -123, -106, -116, -137]	[-4, -20, -9, -23, -71]	[119, 83, 98, 182, 109]	[10004, 10004, 10000, 10009, 9996]	[202, 138, 187, 263, 256]
1141	41.7	[91, -13, -25, 62, 94]	[-111, -148, -71, 22, -45]	[-160, -34, 19, -13, -150]	[-58, -179, -89, -106, -75]	[122, -89, -96, 30, 15]	[-118, -22, 9, -38, 109]	[-69, 54, 4, 99, 179]	[-83, -138, -121, -109, -153]	[-162, -123, -105, -120, -115]	[-4, -18, -3, -23, -71]	[119, 110, 98, 174, 114]	[10004, 10004, 10000, 10002, 9996]	[196, 138, 187, 257, 262]
1142	38.3	[88, 20, -16, 64, 100]	[-102, -144, -74, 22, -38]	[-159, -35, 21, -12, -150]	[-64, -172, -90, -105, -90]	[119, -85, -96, 30, 12]	[-117, -27, 10, -39, 109]	[-69, 54, 4, 99, 172]	[-89, -134, -122, -106, -151]	[-161, -127, -111, -115, -115]	[-12, -21, -9, -28, -71]	[120, 102, 98, 182, 115]	[10004, 10008, 9988, 10009, 10000]	[207, 153, 171, 253, 231]
1143	43.0	[94, 2, -16, 63, 94]	[-109, -147, -73, 22, -27]	[-158, -36, 19, -12, -150]	[-69, -179, -92, -105, -75]	[119, -86, -95, 31, 12]	[-118, -28, 9, -38, 109]	[-71, 51, 4, 98, 178]	[-89, -134, -121, -108, -153]	[-162, -123, -106, -116, -137]	[-4, -20, -9, -23, -71]	[119, 83, 98, 182, 109]	[10004, 10004, 10000, 10009, 9996]	[202, 138, 187, 263, 256]
1144	38.0	[88, 20, -16, 61, 100]	[-102, -144, -73, 22, -30]	[-158, -35, 21, -12, -146]	[-64, -169, -88, -105, -90]	[119, -85, -96, 30, 12]	[-118, -27, 10, -39, 109]	[-69, 54, 4, 100, 172]	[-89, -132, -122, -106, -151]	[-161, -125, -111, -115, -127]	[-5, -20, -9, -22, -78]	[120, 101, 99, 182, 115]	[10004, 10008, 9988, 10009, 10000]	[207, 153, 171, 253, 231]
1145	37.3	[88, 20, -16, 61, 100]	[-109, -148, -73, 22, -38]	[-159, -35, 18, -12, -146]	[-64, -171, -90, -105, -79]	[119, -85, -92, 30, 12]	[-118, -27, 10, -39, 109]	[-69, 56, 4, 100, 172]	[-88, -132, -122, -106, -151]	[-161, -124, -110, -115, -115]	[-12, -21, -9, -23, -78]	[122, 100, 98, 182, 115]	[10004, 10008, 9989, 10009, 10000]	[207, 153, 171, 253, 231]
1146	38.7	[91, -13, -23, 63, 94]	[-111, -148, -68, 22, -27]	[-160, -36, 19, -12, -143]	[-58, -179, -91, -106, -75]	[123, -90, -95, 30, 13]	[-118, -28, 9, -37, 109]	[-74, 54, 7, 99, 179]	[-89, -135, -122, -109, -159]	[-162, -124, -110, -115, -115]	[-4, -21, -20, -22, -71]	[119, 108, 98, 157, 114]	[10004, 10004, 10000, 10002, 9996]	[196, 138, 187, 251, 262]
1147	38.3	[88, 20, -18, 62, 98]	[-109, -148, -72, 22, -38]	[-159, -35, 18, -12, -150]	[-64, -171, -92, -111, -79]	[119, -85, -92, 30, 12]	[-118, -27, 9, -38, 109]	[-69, 55, 4, 100, 172]	[-89, -132, -121, -106, -151]	[-161, -124, -111, -115, -115]	[-12, -21, -9, -23, -78]	[122, 100, 98, 182, 115]	[10004, 10008, 9989, 10009, 10000]	[207, 153, 171, 253, 231]
1148	38.7	[88, 20, -16, 61, 100]	[-102, -144, -73, 22, -30]	[-158, -35, 21, -12, -146]	[-64, -169, -88, -105, -90]	[119, -85, -96, 30, 12]	[-118, -27, 10, -39, 109]	[-69, 54, 4, 100, 172]	[-89, -132, -122, -106, -151]	[-161, -125, -111, -115, -127]	[-5, -20, -9, -22, -78]	[120, 101, 99, 182, 115]	[10004, 10008, 9988, 10009, 10000]	[207, 153, 171, 259, 231]
1149	37.3	[88, 20, -16, 67, 100]	[-102, -144, -74, 22, -38]	[-159, -35, 21, -12, -150]	[-64, -172, -90, -105, -90]	[119, -85, -96, 30, 12]	[-116, -27, 10, -39, 109]	[-69, 53, 4, 99, 172]	[-89, -134, -121, -106, -151]	[-161, -124, -105, -115, -134]	[-12, -20, -9, -27, -71]	[120, 96, 98, 182, 114]	[10004, 10008, 9988, 10009, 10000]	[207, 153, 171, 253, 231]
1150	41.0	[91, -13, -23, 63, 94]	[-111, -148, -68, 22, -27]	[-159, -36, 18, -13, -150]	[-58, -179, -92, -106, -75]	[119, -84, -90, 30, 14]	[-118, -28, 9, -39, 109]	[-63, 47, 4, 99, 172]	[-81, -134, -122, -109, -153]	[-161, -124, -109, -115, -116]	[2, -18, -12, -27, -77]	[120, 99, 99, 182, 103]	[10004, 10005, 10000, 10006, 10000]	[208, 138, 171, 245, 262]
1151	38.3	[88, 20, -16, 61, 100]	[-109, -148, -73, 22, -38]	[-159, -35, 18, -12, -146]	[-64, -171, -90, -105, -79]	[113, -85, -92, 36, 12]	[-118, -28, 9, -37, 109]	[-69, 54, 4, 100, 172]	[-89, -134, -122, -106, -151]	[-162, -127, -110, -115, -115]	[-12, -21, -9, -23, -76]	[122, 100, 98, 182, 115]	[10004, 10008, 9989, 10009, 10000]	[207, 153, 171, 253, 231]
1152	36.3	[88, 20, -16, 61, 100]	[-102, -144, -73, 22, -30]	[-158, -35, 21, -12, -146]	[-64, -169, -88, -105, -90]	[119, -85, -96, 30, 12]	[-118, -21, 10, -39, 109]	[-69, 54, 4, 100, 172]	[-89, -139, -116, -108, -153]	[-161, -125, -111, -115, -133]	[-4, -20, -9, -22, -78]	[120, 101, 99, 182, 115]	[10004, 10008, 9988, 10009, 10000]	[207, 153, 171, 259, 231]
1153	37.3	[88, 20, -16, 67, 100]	[-102, -144, -74, 22, -38]	[-159, -35, 21, -12, -150]	[-64, -172, -90, -105, -90]	[119, -85, -96, 30, 12]	[-116, -27, 10, -39, 109]	[-69, 53, 4, 99, 172]	[-89, -134, -121, -106, -151]	[-161, -124, -105, -115, -134]	[-12, -20, -9, -27, -71]	[120, 96, 98, 182, 114]	[10004, 10008, 9988, 10009, 10000]	[207, 153, 171, 253, 231]
1154	37.3	[88, 20, -16, 61, 100]	[-102, -144, -73, 22, -30]	[-158, -35, 21, -12, -146]	[-64, -169, -88, -105, -90]	[119, -85, -96, 30, 12]	[-118, -21, 10, -39, 109]	[-69, 54, 4, 100, 172]	[-89, -139, -116, -108, -153]	[-161, -125, -111, -115, -133]	[-4, -20, -9, -22, -78]	[120, 101, 99, 182, 115]	[10004, 10008, 9988, 10009, 10000]	[207, 153, 171, 259, 231]
1155	37.0	[91, -13, -23, 63, 94]	[-111, -148, -68, 22, -27]	[-159, -36, 18, -13, -150]	[-58, -179, -92, -106, -75]	[119, -84, -90, 30, 14]	[-118, -28, 9, -39, 109]	[-63, 47, 4, 99, 172]	[-81, -134, -122, -109, -153]	[-161, -124, -109, -115, -116]	[2, -18, -6, -27, -77]	[120, 99, 99, 182, 103]	[10004, 10005, 10000, 10006, 10000]	[208, 138, 171, 245, 262]
1156	37.7	[88, 2, -16, 63, 94]	[-103, -148, -68, 22, -27]	[-158, -35, 24, -7, -150]	[-69, -178, -90, -106, -75]	[119, -80, -94, 31, 12]	[-118, -28, 10, -39, 109]	[-69, 56, 4, 100, 180]	[-77, -137, -121, -107, -151]	[-161, -124, -106, -109, -136]	[-4, -20, -9, -22, -71]	[119, 83, 99, 182, 109]	[10004, 10009, 9988, 10009, 9996]	[202, 138, 187, 260, 235]
1157	39.7	[91, -13, -23, 63, 94]	[-111, -148, -68, 22, -27]	[-159, -36, 18, -13, -150]	[-58, -179, -92, -106, -75]	[119, -84, -90, 30, 14]	[-118, -28, 9, -39, 109]	[-63, 47, 4, 99, 172]	[-81, -134, -122, -109, -153]	[-161, -124, -109, -115, -116]	[2, -18, -6, -27, -77]	[120, 99, 99, 182, 103]	[10004, 10005, 10000, 10006, 10000]	[208, 138, 171, 245, 262]
1158	41.7	[88, 20, -16, 61, 100]	[-102, -144, -73, 22, -30]	[-158, -35, 21, -12, -146]	[-61, -171, -89, -105, -90]	[119, -85, -96, 30, 12]	[-118, -28, 9, -39, 109]	[-69, 50, 4, 99, 174]	[-89, -133, -122, -109, -151]	[-161, -124, -109, -109, -125]	[-5, -20, -10, -22, -77]	[120, 99, 99, 182, 115]	[10004, 10008, 9996, 10007, 10000]	[207, 153, 171, 253, 239]
1159	41.3	[88, 20, -16, 61, 100]	[-102, -144, -73, 22, -30]	[-158, -35, 21, -12, -146]	[-61, -171, -89, -105, -90]	[119, -85, -96, 30, 12]	[-118, -28, 9, -39, 109]	[-69, 50, 4, 99, 174]	[-89, -133, -122, -109, -151]	[-161, -124, -109, -109, -125]	[-5, -20, -10, -22, -77]	[120, 99, 99, 182, 115]	[10004, 10008, 9996, 10007, 10000]	[207, 153, 171, 253, 239]
1160	38.3	[88, 20, -16, 67, 100]	[-102, -144, -74, 22, -32]	[-159, -35, 21, -18, -150]	[-64, -172, -90, -111, -90]	[119, -85, -96, 30, 12]	[-116, -27, 10, -39, 109]	[-69, 54, 4, 99, 173]	[-89, -134, -122, -108, -153]	[-161, -124, -107, -115, -134]	[-12, -20, -9, -28, -71]	[120, 101, 98, 182, 114]	[10004, 10014, 9988, 10009, 10000]	[207, 153, 171, 253, 231]
1161	37.7	[88, 20, -16, 61, 100]	[-102, -144, -73, 22, -30]	[-158, -35, 21, -12, -146]	[-61, -171, -89, -105, -90]	[119, -85, -96, 30, 12]	[-118, -28, 9, -39, 109]	[-69, 50, 4, 99, 174]	[-89, -133, -122, -109, -151]	[-161, -124, -109, -109, -125]	[-5, -20, -10, -22, -77]	[120, 99, 99, 182, 115]	[10004, 10008, 9996, 10007, 10000]	[207, 153, 171, 253, 239]
1162	41.3	[88, 20, -18, 62, 98]	[-109, -148, -72, 22, -38]	[-159, -35, 18, -12, -150]	[-59, -171, -92, -106, -79]	[114, -85, -92, 30, 12]	[-118, -25, 9, -38, 109]	[-69, 55, 4, 100, 176]	[-89, -132, -122, -106, -151]	[-155, -124, -110, -115, -115]	[-12, -21, -9, -23, -78]	[122, 100, 98, 182, 115]	[10004, 10008, 9989, 10009, 10000]	[207, 153, 171, 253, 231]
1163	36.7	[88, 2, -16, 63, 94]	[-103, -148, -68, 22, -27]	[-158, -35, 24, -7, -150]	[-69, -178, -90, -106, -75]	[119, -80, -94, 31, 12]	[-118, -28, 10, -39, 109]	[-69, 62, 4, 100, 180]	[-77, -137, -121, -107, -151]	[-161, -124, -106, -109, -136]	[-4, -20, -9, -22, -71]	[119, 83, 99, 182, 109]	[10004, 10009, 9988, 10009, 9996]	[202, 138, 187, 260, 235]
1164	39.0	[88, 20, -16, 61, 100]	[-102, -144, -73, 22, -30]	[-158, -35, 21, -12, -146]	[-64, -169, -88, -99, -90]	[119, -85, -96, 30, 12]	[-118, -23, 9, -39, 109]	[-69, 52, 4, 100, 180]	[-78, -134, -118, -106, -152]	[-161, -125, -108, -118, -133]	[-5, -20, -9, -23, -78]	[120, 101, 103, 182, 109]	[10004, 10008, 9988, 10009, 10000]	[207, 153, 171, 259, 231]
1165	38.0	[88, 20, -16, 67, 100]	[-106, -144, -74, 22, -38]	[-159, -35, 21, -12, -147]	[-64, -172, -86, -105, -90]	[119, -85, -96, 30, 12]	[-116, -26, 10, -39, 109]	[-63, 54, 4, 99, 173]	[-89, -134, -121, -108, -153]	[-161, -124, -105, -115, -133]	[-12, -16, -9, -28, -71]	[120, 97, 98, 182, 114]	[10004, 10008, 9994, 10009, 10000]	[207, 153, 171, 253, 231]
1166	39.7	[88, 20, -16, 67, 100]	[-102, -144, -74, 22, -32]	[-159, -35, 21, -18, -150]	[-64, -172, -90, -111, -96]	[119, -85, -96, 30, 12]	[-116, -27, 10, -39, 109]	[-69, 54, 4, 99, 173]	[-89, -134, -122, -108, -153]	[-161, -124, -107, -115, -134]	[-12, -20, -9, -28, -71]	[120, 101, 98, 182, 114]	[10004, 10014, 9988, 10009, 10000]	[207, 153, 171, 253, 231]
1167	38.0	[88, 20, -16, 61, 100]	[-102, -144, -73, 22, -30]	[-158, -35, 21, -12, -146]	[-61, -171, -90, -105, -90]	[119, -85, -96, 30, 12]	[-118, -27, 9, -39, 109]	[-69, 50, 4, 99, 174]	[-89, -133, -122, -109, -151]	[-161, -124, -109, -109, -125]	[-5, -20, -9, -25, -73]	[120, 91, 99, 182, 115]	[10004, 10008, 9996, 10007, 10000]	[207, 153, 171, 253, 239]
1168	39.3	[88, 20, -16, 61, 100]	[-102, -144, -74, 22, -30]	[-158, -35, 21, -12, -146]	[-61, -172, -96, -105, -90]	[119, -85, -96, 30, 12]	[-117, -27, 9, -39, 109]	[-69, 50, 4, 99, 174]	[-89, -133, -122, -109, -151]	[-161, -124, -109, -109, -125]	[-5, -20, -9, -25, -73]	[120, 91, 99, 182, 115]	[10004, 10008, 9996, 10007, 10000]	[207, 153, 171, 253, 239]
1169	37.3	[88, 2, -16, 63, 94]	[-103, -148, -72, 22, -30]	[-158, -35, 22, -7, -146]	[-69, -178, -90, -106, -75]	[119, -80, -94, 31, 12]	[-118, -23, 10, -39, 109]	[-69, 56, 4, 100, 180]	[-78, -137, -120, -107, -151]	[-161, -124, -106, -118, -136]	[-4, -20, -9, -22, -77]	[119, 83, 99, 182, 109]	[10004, 10009, 9988, 10009, 9996]	[202, 138, 187, 260, 235]
1170	37.0	[88, 20, -17, 61, 98]	[-109, -148, -72, 22, -32]	[-159, -35, 18, -18, -150]	[-64, -171, -92, -108, -79]	[119, -85, -92, 30, 12]	[-118, -26, 9, -38, 109]	[-69, 55, 4, 100, 172]	[-89, -132, -121, -106, -151]	[-155, -124, -111, -115, -115]	[-12, -21, -9, -23, -78]	[122, 100, 98, 182, 115]	[10004, 10008, 9989, 10009, 10000]	[207, 153, 171, 253, 231]
1171	37.0	[88, 9, -16, 62, 100]	[-103, -148, -68, 22, -30]	[-158, -35, 23, -10, -150]	[-69, -178, -89, -105, -79]	[119, -86, -94, 31, 12]	[-118, -27, 10, -39, 109]	[-69, 59, 4, 99, 180]	[-77, -136, -121, -108, -151]	[-161, -124, -107, -109, -126]	[-5, -20, -9, -22, -77]	[119, 83, 99, 188, 115]	[10004, 10009, 9988, 10009, 9996]	[202, 138, 187, 260, 235]
1172	40.0	[88, 9, -16, 62, 100]	[-103, -148, -68, 22, -30]	[-158, -35, 23, -10, -150]	[-69, -178, -89, -105, -73]	[119, -86, -94, 31, 12]	[-118, -27, 10, -39, 109]	[-69, 59, 4, 99, 180]	[-77, -136, -121, -108, -151]	[-161, -124, -107, -109, -126]	[-5, -20, -9, -22, -77]	[119, 83, 99, 188, 115]	[10004, 10009, 9988, 10009, 9996]	[202, 138, 187, 260, 235]
1173	37.7	[88, 2, -16, 63, 94]	[-103, -148, -72, 22, -30]	[-158, -35, 22, -7, -146]	[-69, -178, -90, -106, -75]	[119, -80, -94, 31, 12]	[-118, -23, 10, -39, 109]	[-69, 56, 4, 100, 180]	[-78, -137, -120, -107, -151]	[-161, -124, -106, -118, -136]	[-4, -20, -9, -22, -77]	[119, 83, 99, 182, 109]	[10004, 10009, 9988, 10009, 9996]	[202, 138, 187, 260, 235]
1174	36.0	[88, 20, -16, 61, 100]	[-102, -144, -73, 22, -31]	[-159, -35, 21, -12, -147]	[-63, -172, -90, -107, -90]	[119, -86, -96, 30, 12]	[-118, -28, 9, -39, 109]	[-69, 57, 4, 99, 176]	[-89, -133, -121, -109, -151]	[-161, -125, -109, -112, -125]	[-5, -20, -10, -22, -77]	[120, 99, 99, 182, 115]	[10004, 10008, 9996, 10007, 10000]	[207, 153, 171, 253, 239]
1175	36.7	[88, 20, -16, 67, 100]	[-102, -144, -74, 22, -32]	[-159, -35, 21, -18, -150]	[-64, -172, -90, -111, -96]	[119, -85, -96, 30, 12]	[-116, -27, 10, -39, 109]	[-69, 56, 4, 99, 173]	[-89, -133, -121, -108, -153]	[-161, -124, -108, -112, -129]	[-12, -20, -10, -28, -71]	[120, 101, 98, 182, 114]	[10004, 10014, 9988, 10009, 10000]	[207, 153, 171, 253, 231]
1176	39.7	[88, 2, -16, 63, 94]	[-103, -148, -72, 22, -30]	[-158, -35, 22, -7, -146]	[-69, -178, -90, -106, -75]	[119, -80, -94, 31, 12]	[-118, -23, 10, -39, 109]	[-69, 56, 4, 100, 180]	[-78, -137, -120, -107, -151]	[-161, -124, -106, -118, -136]	[-4, -20, -9, -22, -77]	[119, 83, 99, 182, 109]	[10004, 10009, 9988, 10009, 9996]	[202, 138, 187, 260, 235]
1177	35.7	[88, 2, -16, 63, 94]	[-103, -148, -72, 22, -30]	[-158, -35, 22, -7, -146]	[-69, -178, -90, -106, -75]	[119, -80, -94, 31, 12]	[-118, -23, 10, -39, 109]	[-69, 56, 4, 100, 180]	[-78, -137, -120, -107, -151]	[-161, -124, -106, -118, -136]	[-4, -20, -9, -22, -77]	[119, 83, 99, 182, 109]	[10004, 10009, 9988, 10009, 9996]	[202, 138, 187, 260, 235]
1178	38.3	[88, 20, -16, 67, 100]	[-102, -144, -74, 22, -38]	[-159, -35, 21, -12, -150]	[-64, -172, -84, -105, -90]	[119, -85, -96, 24, 12]	[-116, -27, 10, -39, 109]	[-69, 53, 4, 99, 172]	[-89, -134, -121, -106, -153]	[-161, -124, -105, -115, -134]	[-12, -20, -8, -27, -71]	[120, 96, 98, 182, 114]	[10004, 10008, 9988, 10009, 10000]	[207, 153, 165, 253, 231]
1179	40.7	[88, 20, -18, 62, 98]	[-109, -144, -72, 22, -38]	[-159, -29, 22, -12, -150]	[-63, -173, -89, -107, -79]	[115, -86, -94, 30, 12]	[-118, -27, 9, -39, 109]	[-69, 56, 4, 99, 179]	[-79, -133, -121, -107, -152]	[-155, -124, -109, -113, -120]	[-12, -20, -9, -23, -78]	[122, 100, 98, 182, 115]	[10004, 10002, 9989, 10009, 10000]	[207, 153, 171, 253, 231]
1180	37.7	[88, 2, -16, 63, 94]	[-103, -148, -72, 22, -30]	[-158, -35, 22, -7, -146]	[-69, -178, -90, -106, -75]	[119, -80, -94, 31, 12]	[-118, -23, 10, -39, 109]	[-69, 56, 4, 100, 180]	[-78, -137, -120, -107, -151]	[-161, -124, -106, -118, -136]	[-4, -20, -9, -22, -77]	[119, 83, 99, 182, 109]	[10004, 10009, 9988, 10009, 9996]	[202, 138, 187, 260, 235]
1181	36.3	[88, 9, -16, 62, 100]	[-103, -148, -68, 22, -30]	[-158, -35, 23, -10, -156]	[-69, -178, -89, -105, -73]	[119, -86, -94, 31, 12]	[-118, -27, 10, -39, 109]	[-69, 59, 4, 99, 180]	[-77, -136, -121, -108, -151]	[-161, -124, -107, -109, -126]	[-5, -20, -9, -22, -77]	[119, 83, 105, 188, 115]	[10004, 10009, 9988, 10009, 9996]	[202, 138, 187, 254, 235]
1182	35.3	[88, 20, -16, 61, 100]	[-102, -144, -73, 22, -30]	[-158, -35, 21, -17, -147]	[-64, -170, -90, -105, -90]	[119, -85, -92, 30, 12]	[-118, -26, 9, -38, 109]	[-69, 52, 4, 100, 180]	[-78, -133, -119, -108, -152]	[-161, -124, -108, -115, -133]	[-5, -20, -9, -23, -78]	[120, 100, 100, 182, 109]	[10004, 10008, 9988, 10009, 9994]	[207, 153, 171, 259, 231]
1183	37.3	[88, 20, -16, 61, 100]	[-102, -144, -73, 22, -30]	[-158, -35, 21, -17, -147]	[-64, -171, -90, -105, -90]	[119, -85, -92, 28, 12]	[-118, -26, 9, -38, 109]	[-69, 52, 4, 99, 180]	[-78, -133, -119, -108, -152]	[-161, -124, -108, -115, -133]	[-5, -20, -9, -23, -78]	[120, 101, 103, 182, 109]	[10004, 10008, 9988, 10015, 9994]	[207, 153, 171, 259, 231]
1184	33.7	[88, 20, -16, 61, 100]	[-102, -144, -73, 22, -30]	[-158, -35, 21, -17, -147]	[-67, -177, -90, -105, -90]	[119, -85, -92, 31, 12]	[-118, -25, 10, -39, 109]	[-69, 52, 4, 100, 180]	[-78, -136, -119, -108, -152]	[-161, -124, -108, -116, -134]	[-5, -20, -9, -22, -78]	[120, 100, 100, 182, 109]	[10004, 10008, 9988, 10009, 9994]	[207, 153, 171, 259, 231]
1185	39.3	[88, 2, -16, 63, 94]	[-103, -148, -72, 22, -30]	[-158, -35, 22, -7, -146]	[-69, -178, -90, -106, -75]	[119, -80, -94, 31, 12]	[-118, -23, 10, -39, 109]	[-69, 56, 4, 100, 180]	[-78, -137, -120, -107, -151]	[-161, -124, -106, -118, -136]	[-4, -20, -9, -22, -78]	[119, 83, 102, 182, 109]	[10004, 10009, 9988, 10009, 9996]	[202, 138, 187, 260, 235]
1186	41.0	[88, 14, -16, 61, 100]	[-102, -144, -73, 22, -30]	[-158, -29, 19, -11, -147]	[-69, -170, -90, -103, -90]	[119, -85, -96, 30, 12]	[-118, -23, 9, -39, 109]	[-69, 52, 4, 100, 180]	[-78, -134, -120, -106, -152]	[-156, -125, -108, -118, -133]	[-5, -20, -9, -23, -78]	[120, 101, 101, 182, 109]	[10004, 10008, 9988, 10009, 10000]	[207, 153, 171, 256, 231]
1187	40.7	[88, 20, -16, 61, 100]	[-102, -144, -73, 22, -30]	[-158, -35, 21, -17, -147]	[-67, -177, -90, -105, -90]	[119, -85, -92, 31, 12]	[-118, -25, 10, -39, 109]	[-69, 52, 4, 100, 180]	[-78, -136, -119, -108, -152]	[-161, -124, -108, -116, -134]	[-5, -20, -9, -22, -78]	[120, 100, 100, 182, 109]	[10004, 10008, 9988, 10009, 9994]	[207, 153, 171, 259, 231]
1188	39.0	[88, 14, -16, 61, 100]	[-102, -144, -73, 22, -30]	[-158, -29, 19, -11, -147]	[-69, -170, -90, -103, -90]	[119, -85, -96, 30, 12]	[-118, -23, 9, -39, 109]	[-69, 52, 4, 100, 180]	[-78, -134, -120, -106, -152]	[-156, -125, -108, -118, -133]	[-5, -20, -9, -23, -78]	[120, 101, 101, 182, 109]	[10004, 10008, 9988, 10009, 10000]	[207, 153, 171, 256, 231]
1189	37.7	[88, 20, -16, 61, 100]	[-102, -144, -74, 22, -30]	[-158, -35, 21, -12, -146]	[-61, -172, -96, -105, -90]	[119, -85, -96, 30, 12]	[-117, -27, 9, -39, 109]	[-69, 50, 4, 99, 174]	[-89, -133, -122, -109, -151]	[-161, -120, -109, -115, -125]	[-5, -20, -9, -25, -73]	[120, 91, 99, 182, 115]	[10004, 10008, 9996, 10007, 10000]	[207, 153, 171, 253, 239]
1190	40.0	[88, 20, -16, 67, 100]	[-102, -144, -74, 22, -38]	[-159, -35, 21, -12, -150]	[-64, -172, -84, -105, -90]	[119, -85, -96, 24, 12]	[-116, -27, 10, -39, 109]	[-69, 53, 4, 99, 173]	[-83, -133, -121, -106, -152]	[-161, -124, -106, -118, -134]	[-12, -20, -8, -24, -72]	[120, 96, 98, 182, 114]	[10004, 10008, 9988, 10009, 10000]	[207, 153, 165, 253, 231]
1191	38.0	[88, 20, -16, 67, 100]	[-102, -144, -74, 22, -32]	[-159, -35, 21, -18, -150]	[-64, -177, -90, -111, -96]	[119, -85, -95, 30, 12]	[-116, -27, 10, -39, 109]	[-69, 56, 4, 99, 173]	[-89, -133, -121, -108, -153]	[-161, -124, -108, -112, -129]	[-12, -20, -10, -28, -71]	[120, 101, 98, 182, 114]	[10004, 10014, 9988, 10009, 10000]	[207, 153, 171, 253, 231]
1192	39.0	[88, 20, -16, 61, 100]	[-102, -144, -73, 22, -30]	[-158, -35, 21, -17, -147]	[-67, -177, -90, -105, -90]	[119, -85, -92, 31, 12]	[-118, -25, 10, -39, 109]	[-69, 52, 4, 100, 180]	[-78, -136, -119, -108, -152]	[-161, -124, -108, -116, -134]	[-5, -20, -9, -22, -78]	[120, 100, 100, 182, 109]	[10004, 10008, 9988, 10009, 9994]	[207, 153, 171, 259, 231]
1193	36.3	[88, 15, -16, 61, 100]	[-102, -144, -73, 22, -30]	[-158, -35, 19, -11, -147]	[-69, -170, -90, -105, -90]	[119, -84, -96, 30, 12]	[-118, -25, 9, -39, 109]	[-69, 58, 4, 100, 180]	[-78, -134, -120, -107, -152]	[-156, -124, -108, -115, -133]	[-5, -20, -9, -23, -78]	[120, 101, 101, 182, 115]	[10004, 10008, 9994, 10009, 10000]	[207, 153, 171, 256, 231]
1194	40.0	[88, 9, -16, 61, 94]	[-102, -147, -73, 22, -30]	[-158, -29, 19, -7, -146]	[-69, -170, -90, -103, -90]	[119, -85, -96, 24, 12]	[-118, -23, 10, -39, 109]	[-69, 52, 3, 100, 176]	[-84, -135, -120, -106, -152]	[-156, -125, -108, -115, -131]	[-5, -20, -9, -23, -78]	[120, 100, 100, 182, 109]	[10004, 10008, 9988, 10009, 10000]	[207, 153, 171, 256, 231]
1195	42.3	[88, 20, -16, 61, 100]	[-102, -144, -73, 22, -30]	[-158, -35, 21, -13, -147]	[-64, -173, -90, -105, -90]	[119, -85, -93, 28, 12]	[-118, -26, 9, -39, 109]	[-69, 51, 4, 99, 180]	[-82, -133, -121, -108, -152]	[-161, -120, -108, -115, -133]	[-5, -20, -9, -23, -78]	[120, 101, 103, 182, 109]	[10004, 10008, 9988, 10015, 9994]	[207, 153, 171, 259, 231]
1196	37.3	[88, 9, -16, 61, 100]	[-102, -147, -73, 22, -30]	[-158, -32, 19, -11, -147]	[-69, -170, -90, -103, -90]	[119, -85, -95, 25, 12]	[-118, -23, 9, -39, 109]	[-69, 52, 4, 100, 180]	[-79, -134, -120, -106, -152]	[-156, -125, -108, -118, -124]	[-6, -20, -9, -23, -78]	[120, 99, 100, 182, 109]	[10004, 10008, 9988, 10009, 10000]	[207, 153, 171, 256, 231]
1197	39.3	[88, 20, -16, 61, 100]	[-102, -144, -74, 22, -30]	[-158, -35, 21, -12, -146]	[-61, -172, -96, -105, -90]	[119, -85, -96, 30, 12]	[-117, -27, 9, -39, 109]	[-69, 50, 4, 99, 174]	[-89, -133, -122, -109, -151]	[-161, -120, -109, -115, -125]	[-5, -20, -3, -25, -73]	[120, 91, 99, 182, 115]	[10004, 10008, 9996, 10007, 10000]	[207, 153, 171, 253, 239]
1198	37.7	[88, 20, -16, 61, 100]	[-102, -144, -74, 22, -30]	[-158, -35, 21, -12, -146]	[-61, -172, -96, -105, -90]	[119, -85, -96, 30, 12]	[-117, -27, 9, -39, 109]	[-69, 50, 4, 99, 174]	[-89, -133, -122, -109, -151]	[-161, -120, -109, -115, -125]	[-5, -20, -3, -25, -73]	[120, 91, 99, 182, 115]	[10004, 10008, 9996, 10007, 10000]	[207, 153, 171, 253, 239]
1199	36.0	[88, 20, -16, 61, 100]	[-102, -144, -73, 22, -31]	[-159, -35, 21, -7, -147]	[-61, -177, -90, -105, -96]	[119, -83, -96, 30, 12]	[-118, -28, 9, -38, 109]	[-69, 54, 1, 99, 180]	[-85, -136, -120, -109, -146]	[-161, -125, -106, -118, -136]	[-5, -14, -9, -23, -77]	[120, 105, 102, 182, 115]	[10004, 10009, 9993, 10009, 10000]	[207, 153, 171, 256, 239]
