generation	fitness	corner	c	a1	a2	b1	b2	b3	x	o1	o2	wp	ww	we
0	2.0	[114, 136, 14, 239, -128]	[-224, 234, -178, -15, 68]	[-86, -157, -180, -41, 61]	[-225, 4, -97, 149, 48]	[16, 160, -76, 283, -54]	[-25, 297, -109, -219, 135]	[82, -94, 268, 296, -73]	[-276, -246, 293, -196, -232]	[223, -88, -98, 106, 163]	[267, 156, -180, -101, -258]	[-168, -261, -266, 187, 66]	[10000, 10000, 10000, 10000, 10000]	[77, 133, -203, 72, 24]
1	2.0	[39, 120, 11, -269, 266]	[283, 132, -72, 4, -164]	[-258, 236, -99, 238, -240]	[-57, 209, 34, 255, -91]	[230, -54, -225, -59, 156]	[150, 273, 142, -230, -164]	[-202, -248, 28, 236, 221]	[101, 104, -112, -244, -46]	[-60, -137, 279, 295, -148]	[185, 44, -205, 139, 225]	[-296, -15, 65, -299, -239]	[10000, 10000, 10000, 10000, 10000]	[85, 247, -199, 3, 40]
2	2.0	[-115, -262, 241, -92, -284]	[91, 261, -67, 113, -293]	[227, 246, 183, 292, -6]	[-298, 252, -280, 268, 89]	[223, 98, 194, 106, -181]	[-152, 181, -139, -279, 240]	[-22, 168, -192, 2, -102]	[-161, 29, 85, -5, 76]	[-169, 38, -11, -139, -101]	[147, -153, 111, -250, 250]	[-122, -207, -59, 148, 281]	[10000, 10000, 10000, 10000, 10000]	[-144, 244, -43, -297, -242]
3	1.0	[-37, -260, -280, 283, -114]	[-107, 89, 24, -208, -245]	[6, -133, -52, -67, 56]	[-95, -46, 184, -277, 257]	[254, -23, 288, -26, -295]	[-252, -140, -164, 35, -117]	[269, 129, 192, 45, -1]	[197, 32, -96, 223, -278]	[85, 111, 172, 263, 31]	[-226, 1, -132, 78, 4]	[-44, -35, 120, 159, -18]	[10000, 10000, 10000, 10000, 10000]	[-255, 163, 80, -295, -222]
4	2.0	[-37, -260, -280, 283, -114]	[-107, 89, 24, -208, -245]	[6, -133, -52, -67, 56]	[-95, -46, 184, -277, 257]	[254, -23, 288, -26, -295]	[-252, -140, -164, 35, -117]	[269, 129, 192, 45, -1]	[197, 32, -96, 223, -278]	[85, 111, 172, 263, 31]	[-226, 1, -132, 78, 4]	[-44, -35, 120, 159, -18]	[10000, 10000, 10000, 10000, 10000]	[-255, 163, 80, -295, -222]
5	2.0	[-85, 215, 158, -175, -202]	[-80, 185, -131, -48, 165]	[-243, -28, -242, 19, 200]	[77, -158, 68, 125, 229]	[-184, 247, 45, 259, 146]	[16, -125, -211, 59, 159]	[105, 216, 4, -185, -27]	[-21, 13, -174, 81, 78]	[-229, -141, -130, -23, 217]	[55, -20, -81, 219, -220]	[-96, 204, 40, -37, -60]	[10000, 10000, 10000, 10000, 10000]	[71, 154, 38, 147, 217]
6	3.0	[240, -34, -150, 281, -225]	[-59, 131, -23, 120, 216]	[-139, -156, -149, 55, 112]	[-122, 4, 56, 67, -289]	[-38, 57, 218, 167, 20]	[22, 86, -114, 5, 4]	[-72, 93, 281, -174, 7]	[75, -172, -78, -87, -180]	[-179, 23, -164, -138, -26]	[-122, 83, 191, -146, -62]	[-278, -265, -241, -64, 219]	[10000, 10000, 10000, 10000, 10000]	[-212, -26, -206, -161, -31]
7	2.0	[240, -34, -150, 281, -225]	[-59, 131, -23, 120, 216]	[-139, -156, -149, 55, 112]	[-122, 4, 56, 67, -289]	[-38, 57, 218, 167, 20]	[22, 86, -114, 5, 4]	[-72, 93, 281, -174, 7]	[75, -172, -78, -87, -180]	[-179, 23, -164, -138, -26]	[-122, 83, 191, -146, -62]	[-278, -265, -241, -64, 219]	[10000, 10000, 10000, 10000, 10000]	[-212, -26, -206, -161, -31]
8	2.5	[-85, 206, 148, -165, -202]	[-80, 185, -131, -48, 114]	[-207, -135, -88, 19, 200]	[77, -158, 32, 131, 158]	[-201, -19, 10, 259, 146]	[16, -125, -207, 61, 159]	[-131, 136, 4, -185, -27]	[-21, -269, -71, 147, 19]	[-229, -141, -105, -65, 217]	[55, -20, -81, 219, -220]	[-96, 204, 40, -37, -60]	[10000, 10000, 10000, 10000, 10000]	[71, 154, 38, 153, 217]
9	2.0	[240, 87, -82, 287, -225]	[-136, 137, -23, 120, 216]	[-205, -155, -175, 52, 112]	[-105, 16, 203, -72, -289]	[-48, -79, 222, -114, 20]	[22, -22, -118, 5, 4]	[-206, 93, 281, -174, 7]	[79, -127, -149, -4, 156]	[-179, 23, -164, -138, -26]	[-122, 83, 191, -146, -62]	[-278, -265, -241, -64, 219]	[10000, 10000, 10000, 10000, 10000]	[-212, -26, -206, -161, -31]
10	5.0	[112, 242, 90, 152, -204]	[-154, 21, -194, 276, -146]	[159, 280, -212, 99, -127]	[158, 239, -10, 194, 71]	[169, -122, -51, -247, 216]	[-127, 16, 23, -54, 154]	[34, 204, 58, -76, -201]	[268, -99, 45, -245, -188]	[-32, 94, 10, -266, -109]	[-221, 292, 140, 293, 48]	[-242, 16, -199, 229, -4]	[10000, 10000, 10000, 10000, 10000]	[295, 2, 84, -271, -263]
11	5.0	[112, 242, 90, 152, -204]	[-153, -76, -207, -169, -146]	[159, 280, -212, 99, -121]	[158, 239, -10, 194, 71]	[169, -122, -51, -253, 216]	[-127, 16, -44, 50, 156]	[34, 206, 40, -76, -201]	[268, -99, -98, 46, -32]	[-139, -51, 10, -266, -109]	[-221, 292, 140, 293, 48]	[-242, 166, 29, 229, -4]	[10000, 10000, 10000, 10000, 10000]	[295, 2, 84, -271, -263]
12	4.0	[112, 242, 90, 152, -204]	[-153, -76, -207, -169, -146]	[159, 280, -212, 99, -115]	[158, 200, 0, 194, 71]	[169, -122, 19, 42, 150]	[-127, 16, -44, 50, 156]	[34, 206, 40, -76, -201]	[268, -99, -98, 46, -32]	[-139, -51, 10, -266, -109]	[-221, 292, 140, 293, 48]	[-242, 166, 29, 229, -4]	[10000, 10000, 10000, 10000, 10000]	[295, 2, 84, -271, -263]
13	2.0	[112, 242, 90, 152, -204]	[-153, -76, -207, -169, -146]	[159, 280, -212, 99, -115]	[158, 200, 0, 194, 71]	[169, -122, 19, 42, 150]	[-127, 16, -44, 50, 156]	[34, 206, 40, -76, -201]	[268, -99, -98, 46, -32]	[-139, -51, 10, -266, -109]	[-221, 292, 140, 293, 48]	[-242, 166, 29, 229, -4]	[10000, 10000, 10000, 10000, 10000]	[295, 2, 84, -271, -263]
14	3.0	[112, 242, 90, 152, -204]	[-153, -76, -207, -169, -146]	[159, 280, -212, 99, -115]	[158, 200, 0, 194, 71]	[169, -122, 19, 42, 150]	[-127, 16, -44, 50, 156]	[34, 206, 40, -76, -201]	[268, -99, -98, 46, -32]	[-139, -51, 10, -266, -109]	[-221, 292, 140, 293, 48]	[-242, 166, 29, 229, -4]	[10000, 10000, 10000, 10000, 10000]	[295, -4, 84, -271, -263]
15	3.5	[112, 242, 90, 152, -204]	[-153, -76, -207, -169, -146]	[159, 280, -212, 99, -121]	[103, 83, -10, 194, 71]	[132, -116, 19, -195, 163]	[-86, 43, -44, 50, 156]	[34, 206, 40, -76, -185]	[268, -99, -47, 37, -29]	[-139, -31, -3, -266, -109]	[-221, 292, 140, 293, 48]	[-242, 166, 29, 229, -4]	[10000, 10000, 10000, 10000, 10000]	[295, 2, 84, -271, -263]
16	3.0	[112, 242, 90, 152, -204]	[-153, -76, -207, -169, -146]	[159, 280, -212, 99, -121]	[103, 83, -10, 194, 71]	[132, -116, 19, -195, 163]	[-86, 43, -44, 50, 156]	[34, 206, 40, -76, -185]	[268, -99, -47, 37, -29]	[-139, -31, -3, -266, -109]	[-221, 292, 140, 293, 48]	[-242, 166, 29, 229, -4]	[10000, 10000, 10000, 10000, 10000]	[295, 2, 84, -271, -263]
17	7.0	[112, 242, 90, 152, -204]	[-153, -76, -207, -169, -146]	[159, 280, -212, 99, -115]	[158, -36, -2, -58, 36]	[169, -122, 19, 10, 150]	[-127, 16, 10, 50, 156]	[34, 28, 28, 29, -163]	[90, -99, -98, 46, -32]	[-139, -65, 10, -266, -109]	[-152, 270, 118, 293, 48]	[-242, 166, 29, 229, -4]	[10000, 10000, 10000, 10000, 10000]	[295, -4, 84, -271, -263]
18	8.0	[112, 242, 90, 152, -204]	[-153, -76, -207, -169, -146]	[159, 280, -212, 99, -115]	[158, -36, -2, -58, 36]	[169, -122, 19, 10, 150]	[-127, 16, 10, 50, 156]	[34, 28, 28, 29, -163]	[90, -99, -98, 46, -32]	[-139, -65, 10, -266, -109]	[-152, 270, 118, 293, 48]	[-242, 166, 29, 229, -4]	[10000, 10000, 10000, 10000, 10000]	[295, -4, 84, -271, -263]
19	5.0	[112, 242, 90, 152, -204]	[-153, -76, -207, -169, -146]	[159, 280, -212, 99, -115]	[158, -36, -2, -58, 36]	[169, -122, 19, 10, 150]	[-127, 16, 10, 50, 156]	[34, 28, 28, 29, -163]	[90, -99, -98, 46, -32]	[-139, -65, 10, -266, -109]	[-152, 270, 118, 293, 48]	[-242, 166, 29, 229, -4]	[10000, 10000, 10000, 10000, 10000]	[295, -4, 84, -271, -263]
20	4.0	[112, 242, 90, 152, -204]	[-153, -76, -201, -169, -146]	[159, 280, -212, 105, -121]	[103, 83, -10, 194, 71]	[132, -116, 19, -195, 163]	[-86, 43, -44, 50, 156]	[34, 206, 40, -76, -185]	[268, -99, -47, 37, -29]	[-139, -31, -3, -266, -109]	[-221, 292, 140, 293, 48]	[-242, 166, 29, 229, -4]	[10000, 10000, 10000, 10000, 10000]	[295, 2, 84, -271, -263]
21	6.0	[112, 242, 90, 152, -204]	[-153, -76, -207, -169, -146]	[159, 280, -212, 99, -115]	[158, -36, -2, -58, 36]	[163, -122, 19, 10, 150]	[-127, 16, 10, 50, 156]	[34, 28, 28, 29, -163]	[90, -99, -98, 46, -32]	[-139, -65, 10, -266, -109]	[-152, 270, 118, 293, 48]	[-242, 166, 29, 229, -4]	[10000, 10000, 10000, 10000, 10000]	[295, -4, 84, -271, -263]
22	7.0	[112, 242, 90, 191, -204]	[-153, -76, -207, -137, -146]	[159, 122, -120, -4, -196]	[93, -16, -3, 194, 65]	[169, -122, 19, 32, 150]	[-127, 63, 18, 50, 156]	[34, 206, 5, 211, -135]	[268, -99, -98, 46, -32]	[-139, -51, 10, -266, -109]	[-221, 292, 140, 293, 48]	[-242, 166, 29, 229, -4]	[10000, 10000, 10000, 10000, 10000]	[295, -4, 84, -271, -263]
23	5.0	[112, 242, 90, 152, -204]	[-153, 135, -156, 77, 171]	[159, 150, -190, 99, -115]	[121, -31, -2, -58, 36]	[-24, -85, 151, 10, 150]	[-127, -144, 0, -23, 6]	[34, 28, 28, 0, -59]	[90, -99, -98, 46, 135]	[-175, -7, -44, -237, -56]	[-152, 270, 118, 293, 48]	[-242, 166, 29, 229, -4]	[10000, 10000, 10000, 10000, 10000]	[295, -4, 84, -271, -263]
24	4.0	[112, 242, 90, 152, -204]	[-153, -76, -207, -169, -146]	[159, 280, -212, 99, -115]	[158, -36, -2, -58, 36]	[163, -122, 19, 10, 150]	[-127, 16, 10, 50, 156]	[34, 28, 28, 29, -163]	[90, -99, -98, 46, -32]	[-139, -65, 10, -266, -109]	[-152, 270, 118, 293, 48]	[-242, 166, 29, 229, -4]	[10000, 10000, 10000, 10000, 10000]	[295, -4, 84, -271, -263]
25	8.0	[112, 242, 90, 191, -204]	[-153, -76, -175, -132, -146]	[159, 122, -131, -17, -139]	[93, -16, 8, 71, 70]	[80, -103, 5, -127, 186]	[-127, 63, 0, -26, 16]	[34, 207, 64, 62, -115]	[268, -99, 24, -90, -177]	[-139, -51, 10, -266, -109]	[-221, 292, 140, 293, 48]	[-242, 172, 29, 229, -4]	[10000, 10000, 10000, 10000, 10000]	[295, -4, 84, -271, -263]
26	3.5	[112, 242, 90, 152, -204]	[-153, 135, -156, 77, 171]	[159, 150, -190, 99, -115]	[121, 74, -5, -58, 36]	[-24, -111, 23, -48, 150]	[-127, -144, 0, -23, 120]	[34, 28, 28, -47, -59]	[90, -99, -98, 46, 135]	[-175, -11, -44, -237, -56]	[-152, 270, 118, 293, 48]	[-242, 166, 29, 229, -4]	[10000, 10000, 10000, 10000, 10000]	[295, -4, 84, -271, -263]
27	6.5	[112, 242, 90, 152, -204]	[-153, 135, -156, 77, 171]	[159, 150, -190, 99, -115]	[121, 74, -5, -58, 36]	[-24, -111, 23, -48, 150]	[-127, -144, 0, -23, 120]	[34, 28, 28, -47, -59]	[90, -99, -98, 46, 135]	[-175, -11, -44, -237, -56]	[-152, 270, 118, 293, 48]	[-242, 166, 29, 229, -4]	[10000, 10000, 10000, 10000, 10000]	[295, -4, 84, -271, -263]
28	6.0	[112, 242, 90, 152, -204]	[-153, -76, -207, -169, -146]	[159, 280, -212, 99, -115]	[158, -36, -2, -58, 36]	[163, -122, 19, 10, 150]	[-127, 16, 10, 50, 156]	[34, 28, 28, 29, -163]	[90, -99, -98, 46, -32]	[-139, -65, 10, -266, -109]	[-152, 270, 118, 293, 48]	[-242, 166, 29, 229, -4]	[10000, 10000, 10000, 10000, 10000]	[295, -4, 84, -271, -263]
29	4.0	[112, 242, 90, 191, -204]	[-153, -76, -207, -137, -146]	[159, 122, -120, -4, -196]	[93, -16, -3, 194, 65]	[169, -122, 19, 32, 150]	[-127, 63, 18, 50, 156]	[34, 206, 5, 211, -135]	[268, -99, -98, 46, -32]	[-133, -51, 10, -266, -109]	[-221, 292, 140, 293, 48]	[-242, 166, 29, 229, -4]	[10000, 10000, 10000, 10000, 10000]	[295, -4, 84, -271, -263]
30	4.0	[112, 242, 90, 152, -204]	[-153, -76, -207, -169, -152]	[159, 280, -212, 99, -121]	[158, 239, -10, 194, 71]	[169, -122, -51, -253, 216]	[-146, 51, -44, 50, 156]	[34, 206, 40, -76, -185]	[268, -99, -47, 37, -29]	[-139, -31, -3, -266, -109]	[-221, 292, 140, 293, 48]	[-242, 166, 29, 223, -4]	[10000, 10000, 10000, 10000, 10000]	[295, 2, 84, -271, -263]
31	6.5	[112, 242, 90, 191, -204]	[-153, -42, -181, -184, -172]	[159, 177, -198, -23, -138]	[117, 67, 10, 169, 70]	[14, -103, 5, -127, 186]	[-127, -51, 0, -23, 39]	[34, 207, 39, 62, -115]	[268, -99, -77, -53, 34]	[-150, -51, 10, -266, -109]	[-221, 270, 140, 293, 48]	[-242, 168, 29, 229, -4]	[9994, 10000, 10000, 10000, 10000]	[295, -4, 84, -271, -263]
32	3.5	[112, 242, 90, 191, -204]	[-153, -76, -175, -105, -143]	[159, 170, -172, -17, -139]	[93, -16, 46, 139, 70]	[93, 69, 3, -145, 213]	[-127, 45, 0, -26, 16]	[34, 210, 65, -5, -115]	[268, -99, 41, -227, -177]	[-47, 15, 10, -266, -111]	[-219, 292, 140, 293, 48]	[-242, 101, 28, 229, -4]	[10000, 10006, 10000, 10000, 10000]	[295, -4, 84, -271, -263]
33	4.5	[112, 242, 90, 191, -204]	[-153, -42, -181, -184, -172]	[159, 177, -198, -23, -138]	[117, 67, 10, 169, 70]	[14, -103, 5, -127, 186]	[-127, -51, 0, -23, 39]	[34, 207, 39, 62, -115]	[268, -99, -77, -53, 34]	[-150, -51, 10, -266, -109]	[-221, 270, 140, 293, 48]	[-242, 168, 29, 229, -4]	[9994, 10000, 10000, 10000, 10000]	[295, -4, 84, -271, -263]
34	9.0	[112, 242, 90, 152, -204]	[-153, -18, -204, -169, -146]	[159, 280, -175, 139, -55]	[158, -36, -2, 3, 36]	[163, -122, 19, 10, 150]	[-127, 16, 10, 50, 156]	[34, 28, 28, 29, -163]	[90, -99, -98, 46, -32]	[-139, -65, 10, -266, -109]	[-152, 270, 118, 293, 48]	[-242, 166, 29, 229, -4]	[10000, 10000, 10000, 10000, 10000]	[295, -4, 84, -271, -263]
35	7.0	[112, 242, 90, 191, -204]	[-153, -76, -207, -137, -146]	[159, 122, -120, -4, -196]	[93, -16, -3, 194, 65]	[169, -122, 19, 32, 150]	[-127, 63, 18, 50, 156]	[34, 206, 5, 211, -135]	[268, -99, -98, 46, -32]	[-133, -51, 10, -266, -109]	[-221, 292, 140, 293, 48]	[-242, 166, 29, 229, -4]	[10000, 10000, 10000, 10000, 10000]	[295, -4, 84, -271, -263]
36	7.0	[112, 242, 90, 152, -204]	[-84, 27, -141, -169, -146]	[142, 157, 44, 139, -55]	[158, -36, -76, 144, 36]	[163, -122, 19, 10, 150]	[-127, 16, 10, 50, 156]	[34, 28, 28, 29, -163]	[90, -99, -98, 46, -32]	[-139, -65, 10, -266, -109]	[-152, 270, 118, 293, 48]	[-242, 166, 29, 229, -4]	[10000, 10000, 10000, 10000, 10000]	[295, -4, 84, -271, -263]
37	7.0	[112, 242, 90, 191, -204]	[-153, -76, -175, -132, -146]	[159, 122, -131, -17, -139]	[93, -16, 8, 71, 70]	[80, -103, 5, -127, 186]	[-127, 63, 0, -26, 16]	[34, 207, 64, 62, -115]	[268, -99, 24, -90, -171]	[-139, -51, 10, -266, -109]	[-221, 292, 140, 293, 48]	[-242, 172, 29, 229, -4]	[10000, 10000, 10000, 10000, 10000]	[295, -4, 84, -271, -263]
38	4.0	[112, 242, 90, 152, -204]	[-153, -76, -207, -169, -152]	[159, 204, -200, 12, -137]	[158, 239, 42, 141, 71]	[169, -122, -17, -204, 216]	[-146, 51, -15, 39, 156]	[34, 210, 46, -21, -183]	[268, -99, -94, 37, -35]	[-139, -62, -21, -266, -109]	[-180, 272, 134, 293, 48]	[-242, 143, 29, 229, -4]	[10000, 10000, 10000, 10000, 10000]	[295, 2, 84, -271, -263]
39	5.0	[112, -152, 90, 152, -204]	[-153, -76, -207, -169, -146]	[159, 280, -212, 99, -115]	[158, -36, -2, -58, 36]	[163, -122, 19, 10, 150]	[-127, 16, 10, 50, 156]	[34, 28, 28, 23, -163]	[90, -99, -98, 46, -32]	[-139, -65, 10, -266, -109]	[-152, 270, 118, 293, 48]	[-242, 172, 29, 229, -4]	[10000, 10000, 10000, 10000, 10000]	[295, -4, 84, -271, -263]
40	6.0	[112, 242, 90, 152, -204]	[-153, 19, -181, 34, -146]	[159, 274, -212, 105, -121]	[109, 37, -8, 80, 71]	[124, -87, 85, -17, 167]	[-107, 43, -44, -81, 156]	[34, 208, 37, -76, -120]	[268, -99, -76, 41, 47]	[-139, -31, -29, -266, -109]	[-204, 292, 140, 293, 48]	[-242, 166, 29, 229, -4]	[10000, 10000, 10000, 10000, 10000]	[295, 2, 84, -271, -263]
41	5.5	[112, 242, 90, 191, -204]	[-153, -76, -181, -152, -148]	[159, 163, -163, -17, -138]	[141, 87, 8, 71, 70]	[18, -108, 5, -127, 186]	[-127, 63, 0, -26, 16]	[34, 207, 64, 62, -115]	[268, -99, 24, -90, -171]	[-139, -51, 10, -266, -109]	[-221, 292, 140, 293, 48]	[-242, 172, 29, 229, -4]	[10000, 10000, 10000, 10000, 10000]	[295, -4, 84, -271, -263]
42	6.0	[112, 242, 90, 152, -204]	[-153, -18, -204, -169, -146]	[159, 280, -175, 139, -55]	[158, -36, -2, 3, 36]	[163, -122, 19, 10, 150]	[-127, 16, 10, 50, 156]	[34, 28, 28, 29, -163]	[90, -99, -98, 46, -32]	[-139, -65, 10, -266, -109]	[-163, 274, 127, 293, 48]	[-242, 158, 29, 229, -4]	[10000, 10000, 10000, 10000, 10006]	[295, -4, 84, -271, -263]
43	4.0	[112, -152, 90, 152, -204]	[-153, -76, -207, -169, -146]	[159, 280, -212, 99, -115]	[158, -36, -2, -58, 36]	[163, -122, 19, 10, 150]	[-127, 16, 10, 50, 156]	[34, 28, 28, 23, -163]	[90, -99, -98, 46, -32]	[-139, -65, 10, -266, -109]	[-152, 270, 118, 293, 48]	[-242, 172, 29, 229, -4]	[10000, 10000, 10000, 10000, 10000]	[295, -4, 84, -271, -263]
44	5.5	[112, 242, 90, 152, -204]	[-153, -18, -204, -169, -146]	[159, 280, -175, 139, -55]	[158, -36, -2, 3, 36]	[163, -122, 19, 10, 150]	[-127, 16, 10, 50, 156]	[34, 28, 28, 29, -163]	[90, -99, -98, 46, -32]	[-139, -65, 10, -266, -109]	[-163, 274, 127, 293, 48]	[-242, 158, 29, 229, -4]	[10000, 10000, 10000, 10000, 10006]	[295, -4, 84, -271, -263]
45	6.0	[112, 242, 90, 152, -204]	[-153, -18, -204, -169, -146]	[159, 280, -175, 139, -55]	[158, -36, -2, 3, 36]	[163, -122, 19, 10, 150]	[-127, 16, 10, 50, 156]	[34, 28, 28, 29, -163]	[90, -99, -98, 46, -32]	[-139, -65, 10, -266, -109]	[-163, 274, 127, 293, 48]	[-242, 158, 29, 229, -4]	[10000, 10000, 10000, 10000, 10006]	[295, -4, 84, -271, -263]
46	8.0	[112, 242, 90, 152, -204]	[-153, 19, -181, 34, -146]	[159, 274, -212, 105, -121]	[109, 37, -8, 77, 70]	[124, -88, 85, -17, 167]	[-107, 43, -38, -69, 156]	[34, 207, 60, -16, -116]	[268, -99, -73, 41, 47]	[-139, -31, -29, -266, -109]	[-204, 292, 140, 293, 48]	[-242, 166, 29, 229, -4]	[10000, 10000, 10000, 10000, 10000]	[295, 2, 84, -271, -263]
47	5.0	[112, 242, 90, 191, -204]	[-147, -76, -175, -105, -143]	[159, 170, -172, -17, -139]	[93, -16, 46, 139, 70]	[93, 69, 3, -145, 213]	[-127, 45, 0, -25, 16]	[34, 206, 65, -5, -115]	[268, -99, 9, -129, -177]	[-47, 15, 2, -266, -111]	[-219, 292, 140, 293, 48]	[-242, 101, 29, 229, -4]	[10000, 10005, 10000, 10000, 10000]	[295, -4, 84, -271, -263]
48	4.5	[112, 242, 90, 152, -204]	[-84, 27, -141, -169, -146]	[142, 157, 44, 139, -55]	[158, -36, -76, 144, 36]	[163, -122, 19, 10, 150]	[-127, 16, 10, 50, 156]	[34, 28, 28, 29, -163]	[90, -99, -98, 46, -32]	[-139, -65, 10, -266, -109]	[-152, 270, 118, 293, 48]	[-242, 166, 29, 229, -4]	[10000, 10000, 10000, 10000, 10000]	[295, -4, 84, -271, -263]
49	5.5	[112, 242, 90, 191, -204]	[-147, -76, -175, -105, -143]	[159, 170, -172, -17, -139]	[93, -16, 46, 139, 70]	[93, 69, 3, -145, 213]	[-127, 45, 0, -25, 16]	[34, 206, 65, -5, -115]	[268, -99, 9, -129, -177]	[-47, 15, 2, -266, -111]	[-219, 292, 140, 293, 48]	[-242, 101, 29, 229, -4]	[10000, 10005, 10000, 10000, 10000]	[295, -4, 84, -271, -263]
50	7.5	[112, 242, 90, 152, -204]	[-153, -18, -204, -169, -146]	[159, 280, -175, 139, -55]	[158, -36, -2, 3, 36]	[163, -122, 19, 10, 150]	[-127, 16, 10, 50, 156]	[34, 28, 28, 29, -163]	[90, -99, -98, 46, -32]	[-139, -65, 10, -266, -109]	[-163, 274, 127, 293, 48]	[-242, 158, 29, 229, -4]	[10000, 10000, 10000, 10000, 10006]	[295, -4, 84, -271, -263]
51	5.0	[112, -152, 90, 152, -204]	[-153, -76, -207, -169, -146]	[159, 280, -218, 99, -115]	[158, -36, -2, -58, 36]	[163, -122, 19, 10, 150]	[-127, 16, 10, 50, 156]	[34, 28, 28, 23, -163]	[90, -99, -98, 46, -32]	[-139, -65, 10, -266, -109]	[-152, 270, 118, 293, 48]	[-242, 172, 29, 229, -4]	[10000, 10000, 10000, 10000, 10000]	[295, -4, 84, -271, -263]
52	6.0	[112, 242, 90, 152, -204]	[-153, -64, -207, -169, -146]	[159, 123, -173, 118, -111]	[158, -36, -2, 190, 64]	[168, -122, 19, 10, 150]	[-127, 43, -6, 42, 150]	[34, 134, 46, 27, -163]	[203, -99, -72, 46, -28]	[-139, -40, -27, -266, -109]	[-168, 282, 140, 293, 48]	[-242, 166, 29, 229, -4]	[10000, 10000, 10000, 10000, 10012]	[295, -2, 84, -271, -263]
53	5.0	[112, 242, 90, 152, -204]	[-153, -18, -204, -169, -146]	[159, 280, -175, 139, -55]	[158, -36, -2, 3, 36]	[163, -122, 19, 10, 150]	[-127, 16, 10, 50, 156]	[34, 28, 28, 29, -163]	[90, -99, -98, 46, -32]	[-139, -65, 10, -266, -109]	[-163, 274, 127, 293, 48]	[-242, 158, 29, 229, -4]	[10000, 10000, 10000, 10000, 10006]	[295, -4, 84, -271, -263]
54	5.0	[112, 242, 90, 152, -204]	[-153, -76, -207, -157, -152]	[159, 174, -183, -16, -137]	[158, 118, 10, 84, 71]	[169, -115, 5, -145, 200]	[-139, 52, -5, -11, 156]	[34, 210, 55, 27, -183]	[268, -99, -94, -75, -35]	[-139, -62, 6, -266, -109]	[-180, 272, 134, 293, 48]	[-242, 143, 29, 229, -4]	[10000, 10000, 10000, 10000, 10000]	[295, 2, 84, -271, -263]
55	5.5	[1, -255, 164, -88, -204]	[-153, -76, -93, 20, -146]	[159, 280, -212, 99, -115]	[158, -36, -2, -58, 36]	[163, -122, 19, 10, 150]	[-127, 16, 10, 50, 156]	[34, 28, 28, 23, -163]	[90, -99, -98, 46, -32]	[-139, -65, 10, -266, -109]	[-152, 270, 118, 293, 48]	[-242, 172, 29, 229, -4]	[10000, 10000, 10000, 10000, 10000]	[295, -4, 84, -271, -263]
56	6.5	[112, -152, 90, 152, -204]	[-153, -76, -207, -169, -146]	[159, 280, -218, 99, -115]	[158, -36, -2, -58, 36]	[163, -122, 19, 10, 150]	[-127, 16, 7, 43, 156]	[34, 124, 28, 23, -163]	[90, -99, -97, 46, -32]	[-139, -65, 10, -266, -109]	[-152, 270, 118, 293, 48]	[-242, 172, 29, 229, -4]	[10000, 10000, 10000, 10000, 10000]	[295, -4, 84, -271, -263]
57	4.0	[1, -255, 164, -88, -204]	[-153, -76, -93, 20, -146]	[159, 280, -212, 99, -115]	[158, -36, -2, -58, 36]	[163, -122, 19, 10, 150]	[-127, 16, 10, 50, 156]	[34, 28, 28, 23, -163]	[90, -99, -98, 46, -32]	[-139, -65, 10, -266, -109]	[-152, 270, 118, 293, 48]	[-242, 172, 29, 229, -4]	[10000, 10000, 10000, 10000, 10000]	[295, -4, 84, -271, -263]
58	7.0	[112, 242, 90, 152, -204]	[-153, -64, -207, -169, -146]	[159, 123, -173, 118, -111]	[158, -36, -2, 190, 64]	[168, -122, 19, 10, 150]	[-127, 21, 4, 49, 150]	[34, 91, 45, 27, -163]	[203, -99, -93, 46, -28]	[-139, -61, -13, -266, -109]	[-168, 282, 140, 293, 48]	[-242, 166, 29, 229, -4]	[10000, 10000, 10000, 10000, 10012]	[295, -2, 84, -271, -263]
59	6.0	[112, 242, 90, 152, -204]	[-153, -76, -207, -157, -152]	[159, 174, -183, -16, -137]	[158, 118, 10, 84, 71]	[169, -115, 5, -145, 200]	[-139, 52, -5, -11, 156]	[34, 210, 55, 27, -183]	[268, -99, -94, -75, -35]	[-139, -62, 6, -266, -109]	[-180, 272, 134, 293, 48]	[-242, 143, 29, 229, -4]	[10000, 10000, 10000, 10000, 10000]	[295, 2, 84, -271, -263]
60	6.0	[112, 242, 90, 152, -204]	[-153, -64, -207, -169, -146]	[159, 206, -185, 118, -111]	[158, -11, -5, 125, 41]	[169, -118, 13, -4, 150]	[-127, 53, -6, 24, 150]	[34, 134, 46, 134, -149]	[221, -99, -72, 46, -28]	[-139, -40, -27, -266, -109]	[-168, 282, 140, 293, 48]	[-242, 166, 29, 229, -4]	[10000, 10000, 10000, 10000, 10012]	[295, -2, 84, -271, -263]
61	8.0	[112, 242, 90, 191, -204]	[-153, -74, -201, -139, -146]	[159, 208, -175, 101, -196]	[93, 32, -5, 134, 65]	[168, -111, 18, -28, 183]	[-130, 46, -7, 39, 156]	[34, 201, 42, 92, -135]	[268, -99, -69, 6, -32]	[-135, -45, -29, -266, -109]	[-221, 289, 140, 293, 48]	[-242, 166, 29, 229, -4]	[10000, 10000, 10000, 10000, 10005]	[295, 1, 84, -271, -263]
62	7.0	[112, 242, 90, 152, -204]	[-153, -18, -204, -169, -146]	[159, 280, -175, 139, -55]	[158, -30, -2, 3, 36]	[163, -122, 19, 10, 150]	[-127, 16, 10, 50, 156]	[34, 28, 28, 29, -163]	[90, -99, -98, 46, -32]	[-139, -65, 10, -266, -109]	[-163, 274, 127, 293, 48]	[-242, 158, 29, 229, -4]	[10000, 10000, 10000, 10000, 10006]	[295, -4, 84, -271, -263]
63	8.0	[112, -152, 90, 152, -204]	[-153, -76, -207, -169, -146]	[159, 280, -218, 99, -115]	[158, -36, -2, -58, 36]	[163, -122, 19, 10, 150]	[-127, 16, 7, 43, 156]	[34, 124, 28, 23, -163]	[90, -99, -97, 46, -32]	[-139, -65, 10, -266, -109]	[-152, 270, 118, 293, 48]	[-242, 172, 29, 229, -4]	[10000, 10000, 10000, 10000, 10000]	[295, -4, 84, -271, -263]
64	6.5	[112, 242, 90, 152, -204]	[-84, 27, -141, -169, -146]	[142, 157, 44, 145, -55]	[115, -36, -76, 54, 36]	[163, -122, 19, 22, 150]	[-127, 25, 9, 43, 114]	[34, 124, 28, 29, -163]	[125, -99, -97, 46, -32]	[-139, -65, 10, -272, -109]	[-207, 270, 118, 293, 48]	[-242, 166, 29, 229, -4]	[10000, 10000, 10000, 10000, 10000]	[295, -4, 84, -271, -263]
65	5.0	[112, 242, 90, 152, -204]	[-153, -64, -207, -169, -146]	[159, 206, -185, 118, -111]	[158, -11, -5, 125, 41]	[169, -118, 13, -4, 150]	[-127, 53, -6, 24, 150]	[34, 134, 46, 134, -149]	[221, -99, -72, 46, -28]	[-139, -40, -27, -266, -109]	[-168, 282, 140, 293, 48]	[-242, 166, 29, 229, -4]	[10000, 10000, 10000, 10000, 10012]	[295, -2, 84, -271, -263]
66	7.0	[112, 242, 90, 152, -204]	[-84, 27, -141, -169, -146]	[142, 157, 44, 145, -55]	[115, -36, -76, 54, 36]	[163, -122, 19, 22, 150]	[-127, 25, 9, 43, 114]	[34, 124, 28, 29, -163]	[125, -99, -97, 46, -32]	[-139, -65, 10, -272, -109]	[-207, 270, 118, 293, 48]	[-242, 166, 29, 229, -4]	[10000, 10000, 10000, 10000, 10000]	[295, -4, 84, -271, -263]
67	6.0	[112, 242, 86, 152, -204]	[-153, 19, -181, 42, -146]	[159, 205, -190, 102, -121]	[112, 61, -4, 80, 71]	[124, -93, 59, -17, 167]	[-125, 5, -44, -69, 156]	[34, 70, 29, -38, -112]	[268, -99, -87, 42, 47]	[-139, -31, -29, -266, -109]	[-204, 292, 140, 293, 48]	[-242, 166, 29, 229, -4]	[10000, 10000, 10000, 10000, 10000]	[295, 2, 84, -271, -263]
68	7.5	[112, 242, 90, 152, -204]	[-153, -70, -205, -140, -146]	[159, 240, -171, 118, -111]	[109, -36, -2, 108, 36]	[168, -122, 19, 15, 150]	[-127, 53, -6, 42, 150]	[34, 133, 46, 27, -159]	[165, -93, -81, 46, -28]	[-139, -46, -7, -266, -109]	[-168, 274, 130, 293, 48]	[-242, 172, 29, 229, -4]	[10000, 10000, 10000, 10000, 10004]	[295, -2, 84, -271, -263]
69	7.0	[112, 242, 90, 152, -204]	[-153, -18, -204, -169, -146]	[159, 280, -175, 139, -55]	[158, -30, -2, 3, 36]	[163, -122, 19, 10, 150]	[-127, 16, 10, 50, 156]	[34, 28, 28, 29, -163]	[90, -99, -98, 46, -32]	[-139, -65, 10, -266, -109]	[-163, 274, 127, 293, 48]	[-242, 158, 29, 229, -4]	[10000, 10000, 10000, 10000, 10006]	[295, -4, 84, -271, -263]
70	6.5	[112, -152, 90, 152, -204]	[-153, -76, -207, -169, -146]	[159, 280, -218, 99, -115]	[158, -36, -2, -58, 36]	[163, -122, 19, 10, 150]	[-127, 16, 7, 43, 156]	[34, 124, 28, 23, -163]	[90, -99, -97, 46, -32]	[-139, -65, 10, -266, -109]	[-152, 270, 118, 293, 48]	[-242, 172, 29, 229, -4]	[10000, 10000, 10000, 10000, 10000]	[295, 2, 84, -271, -263]
71	7.0	[112, 242, 90, 152, -204]	[-84, 27, -141, -169, -146]	[142, 157, 44, 145, -55]	[115, -36, -76, 54, 36]	[163, -122, 19, 22, 150]	[-127, 25, -7, 40, 114]	[34, 126, 35, 27, -163]	[133, -98, -97, 46, -32]	[-139, -65, 10, -269, -109]	[-169, 271, 118, 293, 48]	[-242, 166, 29, 229, -4]	[10000, 10000, 10000, 10000, 10000]	[295, -4, 84, -271, -263]
72	5.5	[112, 242, 90, 152, -204]	[-84, 27, -141, -169, -146]	[142, 157, 44, 145, -55]	[115, -36, -76, 54, 36]	[163, -122, 19, 22, 150]	[-127, 25, -7, 40, 114]	[34, 126, 35, 27, -163]	[133, -98, -97, 46, -32]	[-139, -65, 10, -269, -109]	[-169, 271, 118, 293, 48]	[-242, 166, 29, 229, -4]	[10000, 10000, 10000, 10000, 10000]	[295, -4, 84, -271, -263]
73	6.0	[112, 242, 90, 152, -204]	[-153, -76, -207, -157, -152]	[159, 174, -183, -16, -137]	[158, 118, 10, 84, 71]	[169, -115, 5, -145, 200]	[-139, 52, -5, -11, 156]	[34, 210, 55, 27, -183]	[268, -99, -94, -75, -35]	[-139, -62, 6, -266, -109]	[-180, 272, 134, 293, 48]	[-242, 143, 29, 229, -4]	[10000, 10000, 10000, 10000, 10000]	[295, 2, 90, -271, -263]
74	8.0	[1, -255, 164, -88, -204]	[-153, -76, -93, 20, -146]	[159, 280, -212, 99, -115]	[158, -36, -2, -58, 36]	[163, -122, 19, 10, 150]	[-127, 31, 7, 48, 156]	[34, 77, 35, 27, -163]	[117, -99, -92, 46, -32]	[-139, -65, 6, -266, -109]	[-155, 274, 127, 293, 48]	[-242, 172, 29, 229, -4]	[10000, 10000, 10000, 10000, 10000]	[295, -4, 84, -271, -263]
75	4.0	[1, -255, 164, -88, -204]	[-153, -76, -93, 20, -146]	[159, 280, -212, 99, -115]	[158, -36, -2, -58, 36]	[163, -122, 19, 10, 150]	[-127, 31, 7, 48, 156]	[34, 77, 35, 27, -163]	[117, -99, -92, 46, -32]	[-139, -65, 6, -266, -109]	[-155, 274, 127, 293, 48]	[-242, 172, 29, 229, -4]	[10000, 10000, 10000, 10000, 10000]	[295, -4, 84, -271, -263]
76	9.5	[112, 242, 90, 152, -204]	[-84, 27, -141, -169, -146]	[142, 157, 44, 145, -55]	[115, -36, -76, 54, 36]	[163, -122, 19, 22, 150]	[-127, 25, 1, 42, 114]	[34, 124, 28, 29, -163]	[125, -99, -97, 46, -32]	[-139, -65, 10, -272, -109]	[-207, 270, 118, 293, 48]	[-242, 166, 29, 229, -4]	[10000, 10000, 10000, 10000, 10000]	[295, -4, 84, -271, -263]
77	6.0	[112, 242, 86, 152, -204]	[-153, 19, -181, 42, -146]	[159, 205, -190, 102, -121]	[112, 61, -4, 80, 71]	[124, -93, 59, -17, 167]	[-125, 5, -44, -69, 156]	[34, 70, 29, -38, -112]	[268, -99, -87, 42, 47]	[-139, -31, -29, -266, -109]	[-204, 292, 140, 293, 48]	[-242, 166, 29, 229, -4]	[10000, 10000, 10000, 10000, 10000]	[295, 2, 84, -271, -263]
78	5.5	[112, 242, 90, 152, -204]	[-84, 27, -141, -63, -146]	[142, 157, 44, 145, -55]	[115, -36, -76, 54, 36]	[163, -122, 25, 22, 150]	[-127, 25, 1, 42, 114]	[34, 124, 28, 29, -163]	[125, -99, -97, 46, -32]	[-139, -65, 10, -272, -109]	[-207, 270, 118, 293, 48]	[-242, 166, 29, 229, -4]	[10000, 10006, 10000, 10000, 10000]	[295, -4, 84, -271, -263]
79	3.5	[112, 242, 90, 152, -204]	[-84, 27, -141, -63, -146]	[142, 157, 44, 145, -55]	[115, -36, -76, 54, 36]	[163, -122, 25, 22, 150]	[-127, 25, 1, 42, 114]	[34, 124, 28, 29, -163]	[125, -99, -97, 46, -32]	[-139, -65, 10, -272, -109]	[-207, 270, 118, 293, 48]	[-242, 166, 29, 229, -4]	[10000, 10006, 10000, 10000, 10000]	[295, -4, 84, -271, -263]
80	4.5	[112, 242, 86, 152, -204]	[-153, 19, -181, 42, -146]	[159, 205, -190, 102, -121]	[112, 61, -4, 80, 71]	[124, -93, 59, -17, 167]	[-125, 5, -44, -69, 156]	[34, 70, 29, -38, -112]	[268, -99, -87, 42, 47]	[-139, -31, -29, -266, -109]	[-204, 292, 140, 293, 48]	[-242, 166, 29, 229, -4]	[10000, 10000, 10000, 10000, 10000]	[295, 2, 84, -271, -263]
81	5.5	[112, 242, 90, 191, -204]	[-153, -74, -201, -139, -146]	[159, 208, -181, 101, -196]	[93, 32, -5, 134, 65]	[168, -108, 23, -21, 183]	[-130, 46, -7, 39, 156]	[34, 162, 38, 92, -135]	[268, -99, -72, 9, -32]	[-136, -65, -8, -266, -109]	[-219, 278, 140, 293, 48]	[-242, 159, 29, 229, -4]	[10000, 10000, 10000, 10000, 10005]	[295, 1, 90, -271, -257]
82	7.0	[112, -152, 90, 152, -204]	[-153, -76, -207, -169, -146]	[159, 280, -218, 99, -115]	[158, 75, 3, -58, 36]	[166, -116, 14, 6, 150]	[-134, 44, -4, 43, 156]	[34, 181, 41, 32, -162]	[90, -99, -97, 46, -32]	[-139, -47, 10, -266, -109]	[-152, 270, 122, 293, 48]	[-242, 170, 29, 229, -4]	[10000, 10000, 10000, 10000, 10000]	[295, 2, 84, -271, -263]
83	8.5	[112, -152, 90, 152, -204]	[-153, -76, -207, -169, -146]	[159, 280, -218, 99, -115]	[158, 75, 3, -58, 36]	[166, -116, 14, 6, 150]	[-134, 44, -4, 49, 156]	[34, 181, 41, 32, -162]	[90, -99, -97, 46, -32]	[-139, -47, 10, -266, -109]	[-152, 270, 122, 293, 48]	[-242, 170, 29, 229, -4]	[10000, 10000, 10000, 10000, 10000]	[295, 2, 84, -271, -263]
84	5.5	[1, -255, 164, -88, -204]	[-153, -76, -93, 20, -146]	[159, 280, -212, 99, -115]	[158, -36, -2, -58, 36]	[163, -122, 19, 10, 150]	[-127, 31, 7, 48, 156]	[34, 77, 35, 27, -163]	[117, -99, -92, 46, -32]	[-139, -65, 6, -266, -109]	[-155, 274, 127, 293, 48]	[-242, 172, 29, 229, -4]	[10000, 10000, 10000, 10000, 10000]	[295, -4, 84, -271, -263]
85	6.0	[112, -152, 90, 152, -204]	[-153, -76, -207, -169, -146]	[159, 280, -218, 99, -115]	[158, 75, 3, -58, 36]	[166, -116, 14, 6, 150]	[-134, 44, -4, 49, 156]	[34, 181, 41, 32, -162]	[90, -99, -97, 46, -32]	[-139, -47, 10, -266, -109]	[-152, 270, 122, 293, 48]	[-242, 170, 29, 229, -4]	[10000, 10000, 10000, 10000, 10000]	[295, 2, 84, -271, -263]
86	5.5	[112, 242, 90, 152, -204]	[-84, 27, -141, -169, -146]	[142, 157, 44, 145, -55]	[115, -36, -76, 54, 36]	[163, -122, 19, 22, 150]	[-127, 25, 9, 40, 114]	[34, 126, 35, 27, -163]	[133, -98, -97, 46, -32]	[-139, -65, 10, -269, -109]	[-169, 271, 118, 293, 48]	[-242, 166, 29, 229, -4]	[10000, 10000, 10000, 10000, 10000]	[295, -4, 84, -277, -263]
87	7.0	[112, 242, 90, 152, -204]	[-84, 27, -141, -169, -146]	[142, 157, 44, 145, -55]	[115, -36, -76, 54, 36]	[163, -122, 19, 22, 156]	[-127, 25, 1, 42, 114]	[34, 124, 22, 29, -163]	[125, -99, -97, 46, -32]	[-139, -65, 10, -272, -109]	[-207, 270, 118, 293, 48]	[-242, 166, 29, 229, -4]	[10000, 10000, 10000, 10000, 10000]	[295, -4, 84, -271, -263]
88	6.0	[112, 242, 90, 152, -204]	[-84, 27, -141, -169, -146]	[142, 157, 44, 145, -55]	[115, -36, -76, 54, 36]	[163, -122, 19, 22, 150]	[-127, 25, 9, 40, 114]	[34, 126, 35, 27, -163]	[133, -98, -97, 46, -32]	[-139, -65, 10, -269, -109]	[-169, 271, 118, 293, 48]	[-242, 166, 29, 229, -4]	[10000, 10000, 10000, 10000, 10000]	[295, -4, 84, -277, -263]
89	5.0	[112, 91, 90, 152, -204]	[-153, -64, -207, -169, -146]	[159, 211, -212, 112, -115]	[158, -26, -5, 75, 40]	[163, -122, 13, -4, 150]	[-127, 53, -6, 32, 155]	[34, 133, 44, 108, -149]	[227, -99, -74, 46, -28]	[-139, -40, -27, -266, -109]	[-168, 282, 140, 293, 48]	[-242, 166, 29, 229, -4]	[10000, 10000, 10000, 10000, 10012]	[295, -2, 84, -271, -263]
90	5.5	[112, 91, 90, 152, -204]	[-153, -64, -207, -169, -146]	[159, 211, -212, 112, -115]	[158, -26, -5, 75, 40]	[163, -122, 13, -4, 150]	[-127, 53, -6, 32, 155]	[34, 133, 44, 108, -149]	[227, -99, -74, 46, -28]	[-139, -40, -27, -266, -109]	[-168, 282, 140, 293, 48]	[-242, 166, 29, 229, -4]	[10000, 10000, 10000, 10000, 10012]	[295, -2, 84, -271, -263]
91	7.0	[112, 91, 90, 152, -204]	[-153, -64, -207, -169, -146]	[159, 171, 7, 112, -115]	[158, -26, -54, 70, 40]	[163, -122, 13, -4, 150]	[-127, 53, -6, 32, 155]	[34, 133, 44, 108, -149]	[227, -99, -74, 46, -28]	[-139, -40, -27, -266, -109]	[-168, 282, 140, 293, 48]	[-242, 166, 29, 229, -4]	[10000, 10000, 10000, 10000, 10012]	[295, -2, 84, -265, -263]
92	5.0	[112, 242, 90, 152, -204]	[-153, -76, -207, -157, -152]	[159, 165, -3, 115, -112]	[158, 12, 6, 22, 37]	[168, -122, 14, -52, 156]	[-137, 39, -3, 43, 126]	[34, 196, 55, 27, -170]	[268, -99, -82, 30, -30]	[-139, -62, 6, -266, -109]	[-173, 274, 127, 293, 48]	[-242, 167, 29, 229, -4]	[10000, 10000, 10000, 10000, 10001]	[295, 2, 90, -271, -263]
93	8.0	[112, 91, 90, 152, -204]	[-153, -64, -207, -169, -146]	[159, 171, 7, 112, -115]	[158, -26, -54, 70, 40]	[163, -122, 13, -4, 150]	[-127, 53, -6, 32, 155]	[34, 133, 44, 108, -149]	[227, -99, -74, 46, -28]	[-139, -40, -27, -266, -109]	[-168, 282, 140, 293, 48]	[-242, 166, 29, 229, -4]	[10000, 10000, 10000, 10000, 10012]	[295, -2, 84, -265, -263]
94	7.0	[112, 91, 90, 152, -204]	[-153, -64, -207, -169, -146]	[159, 171, 7, 112, -115]	[158, -26, -54, 70, 40]	[163, -122, 13, -4, 150]	[-127, 53, -6, 32, 155]	[34, 133, 44, 108, -149]	[227, -99, -74, 46, -28]	[-139, -40, -27, -266, -109]	[-168, 282, 140, 293, 48]	[-242, 166, 29, 229, -4]	[10000, 10000, 10000, 10000, 10012]	[295, -2, 84, -265, -263]
95	8.5	[112, 91, 90, 152, -204]	[-153, -64, -207, -169, -146]	[159, 171, 7, 112, -115]	[158, -26, -54, 70, 40]	[163, -122, 13, -4, 150]	[-127, 53, -6, 32, 155]	[34, 133, 44, 108, -149]	[227, -99, -74, 46, -28]	[-139, -40, -27, -266, -109]	[-168, 282, 140, 293, 48]	[-242, 166, 29, 229, -4]	[10000, 10000, 10000, 10000, 10012]	[295, -2, 84, -265, -263]
96	8.5	[112, 242, 90, 152, -204]	[-84, 27, -141, -169, -146]	[142, 157, 44, 145, -55]	[115, -36, -76, 54, 36]	[163, -122, 19, 13, 154]	[-127, 28, 3, 48, 140]	[34, 124, 28, 27, -163]	[125, -99, -93, 46, -32]	[-139, -65, 7, -268, -109]	[-207, 270, 125, 293, 48]	[-242, 171, 29, 229, -4]	[10000, 10000, 10000, 10000, 10000]	[295, -4, 84, -271, -269]
97	5.0	[112, 242, 90, 152, -204]	[-153, -76, -207, -157, -152]	[159, 165, -3, 115, -112]	[158, 12, 6, 22, 37]	[168, -122, 14, -52, 156]	[-137, 39, -3, 43, 126]	[34, 196, 55, 27, -164]	[268, -99, -82, 30, -30]	[-139, -62, 6, -266, -109]	[-173, 274, 127, 293, 48]	[-242, 167, 29, 229, -4]	[10000, 10000, 10000, 10000, 10001]	[295, 2, 90, -271, -263]
98	4.5	[112, 242, 90, 152, -204]	[-153, -76, -207, -157, -152]	[153, 165, -3, 6, -130]	[158, 113, 9, 22, 37]	[169, -116, 12, -145, 200]	[-137, 34, -3, 43, 126]	[34, 196, 55, 27, -170]	[268, -99, -97, -26, -34]	[-137, -62, -1, -266, -109]	[-180, 272, 129, 293, 48]	[-242, 162, 29, 229, -4]	[10000, 10000, 10000, 10000, 10000]	[295, 2, 90, -271, -263]
99	7.0	[112, 242, 90, 152, -204]	[-153, -69, -207, -157, -152]	[159, 177, -64, 113, -113]	[158, 28, 3, -24, 37]	[168, -122, 14, -15, 156]	[-137, 39, -3, 43, 126]	[34, 196, 55, 27, -164]	[268, -99, -82, 30, -30]	[-139, -62, 6, -266, -109]	[-173, 274, 127, 293, 48]	[-242, 167, 29, 229, -10]	[10000, 10000, 10000, 10000, 10001]	[295, 2, 90, -271, -263]
100	6.0	[112, 242, 90, 152, -204]	[-153, -76, -207, -157, -152]	[159, 165, -3, 115, -112]	[158, 12, 6, 22, 37]	[168, -122, 14, -52, 156]	[-137, 39, -3, 43, 126]	[34, 196, 55, 27, -164]	[268, -99, -82, 5, -30]	[-139, -62, 6, -266, -109]	[-173, 274, 127, 293, 48]	[-242, 167, 29, 229, -4]	[10000, 10000, 10000, 10000, 10001]	[295, 2, 90, -271, -263]
101	6.0	[112, 242, 90, 152, -204]	[-153, -69, -207, -157, -152]	[159, 165, -17, 45, -113]	[158, 98, 3, -24, 37]	[168, -120, 12, -130, 184]	[-137, 39, -3, 49, 126]	[34, 175, 55, 27, -168]	[268, -99, -94, -13, -33]	[-138, -62, -3, -266, -109]	[-200, 276, 129, 293, 48]	[-242, 167, 29, 229, -10]	[10000, 10000, 10000, 10000, 10001]	[295, 2, 90, -271, -263]
102	4.5	[112, 242, 90, 152, -204]	[-84, 27, -181, -159, -150]	[142, 163, -116, 145, -55]	[115, -36, -76, 54, 36]	[163, -122, 19, 13, 154]	[-127, 28, 3, 48, 140]	[34, 124, 28, 27, -163]	[125, -99, -93, 46, -32]	[-139, -65, 7, -268, -109]	[-207, 270, 125, 293, 48]	[-242, 146, 29, 229, -4]	[10000, 10000, 10000, 10000, 10000]	[295, -4, 84, -271, -269]
103	9.0	[112, 242, 90, 152, -204]	[-153, -69, -207, -157, -152]	[159, 165, -17, 45, -113]	[158, 98, 3, -24, 37]	[168, -120, 12, -130, 178]	[-137, 39, -3, 49, 126]	[34, 175, 55, 27, -168]	[268, -99, -94, -13, -33]	[-138, -62, -3, -266, -109]	[-200, 276, 129, 293, 48]	[-242, 167, 29, 229, -10]	[10000, 10000, 10000, 10000, 10001]	[295, 2, 90, -271, -263]
104	5.0	[112, 242, 90, 152, -204]	[-153, -76, -207, -157, -152]	[159, 169, -153, 102, -107]	[127, 62, -28, 66, 71]	[169, -119, 15, -140, 182]	[-139, 52, -14, -11, 128]	[34, 204, 39, -10, -139]	[268, -99, -65, -89, -133]	[-139, -53, -1, -266, -109]	[-187, 287, 134, 293, 48]	[-242, 148, 29, 229, -4]	[10025, 10000, 10000, 10000, 10000]	[295, 2, 85, -271, -263]
105	7.5	[112, 242, 90, 152, -204]	[-153, -76, -207, -157, -152]	[153, 165, -3, 6, -130]	[158, 113, 9, 22, 37]	[169, -116, 12, -145, 200]	[-137, 34, -3, 43, 126]	[34, 196, 55, 27, -195]	[268, -99, -97, -26, -34]	[-137, -62, -1, -266, -109]	[-180, 272, 129, 293, 48]	[-242, 162, 29, 229, -9]	[10000, 10000, 10000, 10000, 10000]	[295, 2, 90, -265, -263]
106	6.5	[112, 242, 90, 152, -198]	[-153, -69, -207, -157, -152]	[159, 165, -17, 45, -113]	[158, 98, 3, -24, 37]	[168, -120, 12, -130, 178]	[-137, 39, -3, 49, 126]	[34, 175, 55, 27, -168]	[268, -99, -94, -13, -33]	[-138, -62, -3, -266, -109]	[-200, 276, 129, 293, 48]	[-242, 167, 29, 229, -10]	[10000, 10000, 10000, 10000, 10001]	[295, 2, 90, -271, -263]
107	5.0	[112, 242, 90, 152, -204]	[-153, -76, -207, -157, -152]	[153, 165, -3, 6, -130]	[158, 113, 9, 22, 37]	[169, -116, 12, -145, 200]	[-137, 34, -3, 43, 126]	[34, 196, 55, 27, -195]	[268, -99, -97, -26, -34]	[-137, -62, -1, -266, -109]	[-180, 272, 129, 293, 48]	[-242, 162, 29, 229, -9]	[10000, 10000, 10000, 10000, 10000]	[301, 2, 90, -265, -263]
108	5.5	[112, 91, 90, 152, -204]	[-153, -73, -84, -84, -146]	[159, 211, -212, 109, -115]	[158, 28, -3, 12, 40]	[163, -122, 13, -4, 150]	[-130, 48, -6, 32, 155]	[34, 166, 47, 108, -149]	[258, -99, -78, 37, -28]	[-139, -50, -16, -266, -109]	[-168, 282, 134, 293, 48]	[-242, 166, 29, 229, -4]	[10000, 10000, 10000, 10000, 10012]	[295, -2, 84, -271, -263]
109	4.5	[112, 242, 90, 152, -198]	[-153, -69, -207, -157, -152]	[159, 165, -17, 45, -113]	[158, 98, 3, -24, 37]	[168, -120, 12, -130, 178]	[-137, 39, -3, 49, 126]	[34, 175, 55, 27, -168]	[268, -99, -94, -13, -33]	[-138, -62, -3, -266, -109]	[-200, 276, 129, 293, 48]	[-242, 167, 29, 229, -10]	[10000, 10000, 10000, 10000, 10001]	[295, 2, 90, -271, -263]
110	5.5	[112, 242, 90, 152, -204]	[-153, -76, -207, -157, -152]	[159, 167, -122, 110, -112]	[158, 6, 6, 22, 37]	[168, -122, 13, -52, 156]	[-137, 41, -3, 43, 120]	[34, 192, 51, 95, -164]	[268, -99, -77, 23, -30]	[-139, -49, -26, -266, -109]	[-173, 274, 127, 293, 48]	[-242, 167, 29, 229, -4]	[10000, 10000, 10000, 10000, 10001]	[295, 2, 90, -271, -263]
111	7.5	[112, 242, 90, 152, -204]	[-153, -76, -207, -157, -152]	[159, 167, -122, 110, -112]	[158, 6, 6, 22, 37]	[168, -122, 13, -52, 156]	[-137, 41, -3, 43, 120]	[34, 192, 51, 95, -164]	[268, -99, -77, 23, -30]	[-139, -49, -26, -266, -109]	[-173, 274, 127, 293, 48]	[-242, 167, 29, 229, -4]	[10000, 10000, 10000, 10000, 10001]	[295, 2, 90, -271, -263]
112	6.5	[1, -255, 164, -88, -204]	[-153, -72, -188, -12, -146]	[159, 226, -167, 118, -115]	[158, -36, -7, 37, 39]	[163, -122, 14, 7, 150]	[-127, 47, -3, 45, 133]	[34, 137, 39, 27, -163]	[206, -99, -96, -21, -33]	[-139, -56, -14, -268, -109]	[-155, 273, 125, 293, 48]	[-242, 172, 29, 229, -4]	[10000, 10000, 10000, 10025, 10000]	[289, -4, 84, -271, -263]
113	6.0	[112, 91, 90, 152, -204]	[-153, -64, -207, -169, -146]	[159, 171, 7, 112, -115]	[158, -26, -54, 70, 40]	[138, -122, 16, 5, 150]	[-127, 39, -1, 38, 155]	[34, 133, 41, 108, -153]	[227, -99, -75, -16, -28]	[-139, -40, -27, -266, -109]	[-168, 282, 140, 293, 48]	[-242, 166, 29, 229, -4]	[10000, 10000, 10000, 10000, 10012]	[295, -2, 84, -265, -263]
114	7.0	[112, 157, 90, 152, -204]	[-153, -73, -168, -99, -149]	[159, 170, -198, 71, -121]	[158, 113, -10, 22, 37]	[164, -121, 13, -8, 161]	[-137, 34, -6, 43, 150]	[34, 196, 48, 69, -156]	[268, -99, -69, -20, -34]	[-138, -62, -1, -266, -109]	[-180, 272, 129, 293, 48]	[-242, 162, 29, 229, -7]	[10000, 10000, 9994, 10000, 10000]	[301, 2, 90, -265, -263]
115	5.0	[112, 242, 90, 152, -204]	[-84, 27, -181, -159, -150]	[142, 163, -116, 145, -55]	[121, -36, -76, 54, 36]	[163, -122, 16, 11, 150]	[-127, 44, -2, 48, 140]	[34, 124, 28, 27, -163]	[125, -99, -93, 33, -32]	[-139, -65, -17, -268, -109]	[-207, 272, 125, 293, 48]	[-242, 146, 35, 229, -4]	[10000, 10000, 10000, 10000, 9994]	[295, -4, 84, -271, -269]
116	5.0	[112, 157, 90, 152, -204]	[-153, -73, -204, -99, -149]	[159, 166, -63, 76, -121]	[158, 90, -16, 33, 37]	[168, -121, 13, -100, 189]	[-137, 34, -7, 43, 126]	[34, 196, 48, 9, -195]	[268, -99, -69, -20, -34]	[-138, -62, -1, -266, -109]	[-180, 272, 129, 293, 48]	[-242, 162, 29, 229, -7]	[10000, 10000, 9994, 10000, 10000]	[301, 2, 90, -265, -263]
117	5.0	[112, 157, 90, 152, -204]	[-153, -73, -204, -99, -149]	[159, 168, -83, 78, -121]	[158, 98, -16, 33, 37]	[168, -121, 13, -73, 177]	[-137, 34, -7, 43, 126]	[34, 196, 48, 22, -195]	[268, -99, -69, -20, -34]	[-138, -62, -1, -266, -109]	[-180, 272, 129, 293, 48]	[-242, 162, 29, 229, -7]	[10000, 10000, 9994, 10000, 10000]	[301, 2, 90, -265, -263]
118	5.5	[112, 242, 90, 152, -204]	[-84, 27, -141, -169, -146]	[142, 157, 44, 145, -55]	[115, -11, -76, 54, 36]	[163, -122, 17, 13, 154]	[-127, 28, 3, 48, 140]	[34, 124, 28, 27, -163]	[125, -99, -93, 46, -32]	[-139, -65, 7, -268, -109]	[-207, 270, 125, 293, 23]	[-242, 171, 29, 229, -4]	[9994, 10000, 10000, 10000, 10000]	[295, -4, 84, -271, -269]
119	7.5	[112, 91, 90, 152, -204]	[-153, -76, -100, -105, -146]	[159, 241, -212, 116, -99]	[158, -7, -5, 59, 40]	[163, -122, 13, -4, 170]	[-135, 47, -4, 45, 153]	[34, 174, 51, 32, -149]	[221, -99, -94, 37, -28]	[-139, -40, -27, -267, -109]	[-166, 274, 131, 293, 48]	[-242, 167, 29, 229, -6]	[10000, 10000, 10000, 10000, 10012]	[295, -2, 84, -271, -263]
120	4.0	[112, 91, 90, 152, -204]	[-153, -76, -100, -105, -146]	[159, 241, -212, 116, -99]	[158, -13, -1, -48, 38]	[163, -122, 13, -2, 170]	[-135, 46, -4, 48, 156]	[34, 179, 42, 32, -149]	[227, -99, -94, 37, -28]	[-139, -40, -27, -267, -109]	[-168, 282, 128, 293, 48]	[-242, 167, 29, 229, -6]	[10000, 10000, 10000, 10000, 10012]	[295, -2, 84, -271, -263]
121	5.0	[112, 157, 90, 152, -204]	[-153, -73, -204, -99, -149]	[159, 166, -63, 76, -121]	[158, 90, -16, 33, 37]	[168, -127, 13, -100, 189]	[-137, 34, -7, 43, 126]	[34, 196, 48, 9, -195]	[268, -99, -69, -20, -34]	[-138, -62, -1, -266, -109]	[-180, 272, 129, 293, 48]	[-242, 162, 29, 229, -7]	[10000, 10000, 9994, 10000, 10000]	[301, 2, 90, -265, -263]
122	8.5	[112, 91, 90, 152, -204]	[-134, 9, -119, -169, -146]	[159, 241, -212, 116, -99]	[158, -7, -5, 59, 40]	[169, -122, 13, -4, 170]	[-135, 47, -4, 45, 153]	[34, 174, 51, 32, -149]	[221, -99, -94, 37, -28]	[-139, -40, -27, -267, -103]	[-166, 274, 131, 293, 48]	[-242, 167, 29, 229, -6]	[10000, 10000, 10000, 10000, 10012]	[295, -2, 84, -271, -263]
123	6.0	[112, 242, 90, 152, -204]	[-153, -73, -102, -157, -152]	[153, 169, -109, 88, -125]	[158, 78, -2, 22, 37]	[169, -120, 13, -141, 189]	[-133, 41, -7, 37, 126]	[34, 171, 49, 48, -178]	[235, -99, -92, -20, -34]	[-138, -62, -11, -266, -109]	[-168, 282, 130, 293, 48]	[-242, 162, 29, 229, -5]	[10000, 10000, 9994, 10007, 10000]	[301, 2, 90, -265, -263]
124	7.0	[112, 91, 90, 152, -204]	[-134, 9, -119, -169, -146]	[159, 241, -212, 116, -99]	[158, -7, -5, 59, 40]	[169, -122, 13, -4, 170]	[-135, 47, -4, 45, 153]	[34, 174, 51, 32, -149]	[221, -99, -94, 37, -28]	[-139, -40, -27, -267, -103]	[-166, 274, 131, 293, 48]	[-242, 167, 29, 229, -6]	[10000, 10000, 10000, 10000, 10012]	[295, -2, 84, -271, -263]
125	4.5	[112, 157, 90, 152, -204]	[-153, -73, -204, -99, -149]	[159, 166, -63, 76, -121]	[158, 90, -16, 33, 37]	[168, -127, 13, -100, 189]	[-137, 34, -7, 43, 126]	[34, 196, 48, 9, -195]	[268, -99, -69, -20, -34]	[-138, -62, -1, -266, -109]	[-180, 272, 129, 287, 48]	[-242, 156, 29, 229, -7]	[10000, 10000, 9994, 10000, 10000]	[301, 2, 90, -265, -263]
126	6.0	[112, 242, 90, 152, -204]	[-153, -76, -207, -157, -152]	[159, 169, -153, 102, -107]	[127, 62, -28, 66, 71]	[169, -119, 15, -140, 182]	[-139, 47, -9, 24, 139]	[34, 143, 34, -2, -139]	[268, -99, -94, -57, -120]	[-139, -61, -1, -266, -109]	[-183, 274, 133, 293, 48]	[-242, 149, 30, 229, -4]	[10005, 10000, 10000, 10000, 10000]	[289, 2, 79, -271, -263]
127	7.0	[112, 242, 90, 152, -204]	[-153, -76, -207, -157, -152]	[159, 167, -113, 102, -107]	[143, 96, 2, 64, 48]	[169, -120, 12, -137, 186]	[-139, 37, -7, -10, 126]	[34, 196, 49, 14, -139]	[268, -99, -95, -23, -69]	[-139, -61, -2, -266, -109]	[-189, 274, 130, 293, 48]	[-242, 162, 29, 229, -7]	[10025, 10000, 10000, 10000, 10000]	[301, 2, 89, -271, -263]
128	11.0	[112, 110, 90, 152, -204]	[-153, -76, -164, -124, -146]	[159, 185, -156, 103, -99]	[158, 22, -13, 58, 38]	[163, -119, 15, -64, 172]	[-137, 47, -8, 45, 135]	[34, 186, 49, 32, -149]	[240, -99, -83, 37, -28]	[-139, -40, -27, -267, -109]	[-166, 274, 131, 293, 48]	[-242, 167, 29, 229, -6]	[10000, 10000, 10000, 10000, 10012]	[295, -2, 84, -271, -263]
129	7.0	[112, 91, 90, 152, -204]	[-134, 9, -119, -169, -146]	[159, 241, -212, 116, -99]	[158, -7, -5, 59, 40]	[169, -122, 13, -4, 170]	[-135, 47, -4, 45, 153]	[34, 174, 51, 32, -149]	[221, -99, -94, 37, -28]	[-139, -40, -27, -267, -103]	[-166, 274, 131, 293, 48]	[-242, 167, 29, 229, -6]	[10000, 10000, 10000, 10000, 10012]	[295, -2, 84, -271, -263]
130	6.5	[112, 242, 90, 152, -204]	[-153, -76, -207, -157, -152]	[159, 167, -113, 102, -107]	[143, 96, 2, 64, 48]	[169, -120, 12, -137, 186]	[-139, 37, -7, -10, 126]	[34, 196, 49, 14, -139]	[268, -99, -95, -23, -69]	[-139, -61, -2, -266, -109]	[-189, 274, 130, 293, 48]	[-242, 162, 29, 229, -7]	[10025, 10000, 10000, 10000, 10000]	[301, 2, 89, -271, -263]
131	5.0	[112, 242, 90, 152, -204]	[-159, -73, -102, -157, -152]	[153, 165, -169, 57, -125]	[158, 113, -16, 22, 37]	[169, -116, 13, -104, 187]	[-126, 45, -3, 40, 146]	[34, 182, 51, 28, -174]	[268, -99, -69, -20, -34]	[-138, -62, -1, -266, -109]	[-180, 272, 129, 293, 48]	[-242, 162, 29, 229, -7]	[10000, 10000, 9994, 9994, 10000]	[301, 2, 90, -265, -263]
132	7.0	[112, 91, 90, 152, -204]	[-134, -32, -112, -107, -146]	[159, 241, -212, 116, -99]	[158, -11, -4, 59, 40]	[169, -122, 13, -4, 170]	[-135, 47, -4, 45, 153]	[34, 174, 51, 32, -149]	[221, -99, -94, 37, -28]	[-139, -40, -27, -267, -103]	[-166, 274, 131, 293, 48]	[-242, 167, 29, 229, -6]	[10000, 10000, 10000, 10000, 10012]	[295, -2, 84, -271, -263]
133	6.5	[112, 91, 90, 152, -204]	[-134, -32, -112, -107, -146]	[159, 241, -212, 116, -99]	[158, -11, -4, 59, 40]	[169, -122, 13, -4, 170]	[-135, 47, -4, 45, 153]	[34, 174, 51, 32, -149]	[221, -99, -94, 37, -28]	[-139, -40, -27, -267, -103]	[-166, 274, 131, 293, 48]	[-242, 167, 29, 229, -6]	[10000, 10000, 10000, 10000, 10012]	[295, -2, 84, -271, -263]
134	7.5	[112, 242, 90, 152, -204]	[-153, -76, -207, -157, -152]	[159, 167, -113, 102, -107]	[143, 96, 2, 64, 48]	[169, -120, 12, -137, 186]	[-139, 37, -7, -10, 126]	[34, 196, 49, 14, -139]	[268, -99, -95, -23, -63]	[-139, -61, -8, -266, -109]	[-189, 274, 130, 293, 48]	[-242, 162, 29, 229, -7]	[10025, 10000, 10000, 10000, 10000]	[301, 2, 89, -271, -263]
135	6.0	[112, 242, 90, 152, -204]	[-153, -76, -207, -157, -152]	[159, 168, -132, 102, -107]	[127, 62, -28, 22, 66]	[169, -119, 15, -100, 182]	[-139, 44, -3, 28, 133]	[34, 146, 37, 16, -141]	[268, -99, -94, -60, -38]	[-139, -61, -7, -266, -109]	[-179, 274, 133, 293, 48]	[-242, 166, 29, 229, -4]	[10005, 10000, 10000, 10000, 10000]	[289, 2, 79, -271, -263]
136	5.5	[112, 91, 90, 152, -204]	[-153, -76, -100, -105, -146]	[159, 241, -212, 116, -99]	[158, -13, -1, -48, 38]	[163, -122, 13, -40, 192]	[-134, 43, -7, 46, 154]	[34, 171, 48, 32, -149]	[227, -99, -93, 37, -28]	[-138, -40, -18, -267, -109]	[-168, 279, 129, 293, 48]	[-242, 167, 29, 229, -5]	[10000, 10000, 10000, 10004, 10009]	[295, -2, 89, -262, -263]
137	6.0	[112, 91, 90, 152, -204]	[-153, -76, -100, -105, -146]	[159, 241, -212, 116, -99]	[158, -13, -1, -48, 38]	[163, -122, 13, -2, 170]	[-135, 46, -4, 48, 156]	[34, 179, 42, 32, -149]	[227, -99, -94, 37, -28]	[-139, -40, -27, -267, -109]	[-168, 282, 128, 293, 48]	[-242, 167, 29, 223, 0]	[10000, 10000, 10000, 10000, 10012]	[295, -2, 84, -271, -263]
138	5.0	[112, 91, 90, 152, -204]	[-153, -76, -100, -105, -146]	[159, 238, -90, 128, -99]	[158, 38, -3, -41, 38]	[165, -122, 16, -39, 188]	[-135, 47, -6, 45, 148]	[34, 172, 51, 32, -149]	[221, -93, -94, 37, -28]	[-138, -40, -18, -267, -109]	[-166, 274, 129, 293, 48]	[-242, 167, 29, 229, -6]	[10000, 10000, 10000, 10000, 10012]	[295, -2, 84, -271, -263]
139	5.5	[112, 242, 90, 152, -204]	[-153, -76, -118, -156, -150]	[159, 192, -140, 119, -61]	[127, 62, -28, 57, 48]	[169, -119, 15, -140, 182]	[-139, 47, -5, -11, 128]	[34, 149, 44, -10, -139]	[268, -99, -95, -35, -82]	[-139, -61, -4, -266, -109]	[-183, 274, 134, 293, 48]	[-242, 162, 29, 229, -4]	[10025, 10000, 10000, 10000, 10000]	[289, 2, 79, -271, -263]
140	7.0	[112, 91, 90, 152, -204]	[-153, -76, -100, -105, -146]	[159, 241, -212, 116, -99]	[158, -13, -1, -48, 38]	[163, -122, 13, -2, 170]	[-135, 46, -4, 48, 156]	[34, 179, 42, 32, -149]	[227, -99, -94, 37, -28]	[-139, -40, -27, -267, -109]	[-168, 282, 128, 293, 48]	[-242, 167, 29, 223, 0]	[10000, 10000, 10000, 10000, 10012]	[295, -2, 84, -271, -263]
141	6.0	[112, 91, 90, 152, -204]	[-153, -76, -100, -105, -146]	[159, 238, -90, 128, -99]	[158, 38, -3, -41, 38]	[165, -122, 16, -39, 188]	[-135, 47, -6, 45, 148]	[34, 172, 51, 32, -149]	[221, -93, -94, 37, -28]	[-138, -40, -18, -267, -109]	[-166, 274, 129, 293, 48]	[-242, 167, 29, 229, -6]	[10000, 10000, 10000, 10000, 10012]	[295, -2, 84, -271, -263]
142	5.5	[112, 242, 90, 152, -204]	[-153, -76, -118, -156, -150]	[159, 192, -140, 119, -61]	[130, -2, -10, 45, 38]	[169, -119, 13, -63, 182]	[-134, 45, -5, 36, 135]	[34, 158, 45, -10, -139]	[232, -99, -93, -14, -40]	[-138, -52, -3, -266, -109]	[-183, 278, 130, 293, 48]	[-242, 162, 29, 229, -4]	[10011, 10000, 10000, 10000, 10000]	[289, 2, 79, -271, -263]
143	6.5	[112, 91, 90, 152, -204]	[-153, -76, -100, -105, -146]	[159, 238, -90, 128, -99]	[158, 44, -15, 14, 45]	[171, -121, 16, -39, 188]	[-135, 47, -5, 26, 130]	[34, 172, 50, 30, -149]	[221, -93, -94, -9, -70]	[-138, -60, -18, -267, -109]	[-166, 274, 129, 293, 48]	[-242, 167, 29, 229, -6]	[10000, 10000, 10000, 10000, 10012]	[295, -2, 84, -271, -263]
144	6.5	[112, 91, 90, 152, -204]	[-153, -76, -100, -105, -146]	[159, 238, -90, 128, -99]	[158, 38, -3, -41, 38]	[165, -122, 16, -39, 188]	[-135, 47, -6, 45, 148]	[34, 172, 51, 32, -149]	[221, -93, -94, 37, -28]	[-138, -40, -18, -267, -109]	[-166, 274, 129, 293, 48]	[-242, 167, 29, 229, -6]	[10000, 10000, 10000, 10000, 10012]	[295, -2, 84, -271, -263]
145	4.5	[112, 242, 90, 152, -204]	[-153, -76, -207, -157, -152]	[159, 167, -113, 102, -107]	[143, 96, 2, 64, 48]	[169, -123, 12, -132, 186]	[-139, 37, -7, 9, 143]	[34, 187, 49, 14, -139]	[268, -98, -91, -23, -63]	[-139, -54, -14, -266, -109]	[-189, 274, 129, 293, 48]	[-242, 162, 29, 229, -7]	[10025, 10000, 10000, 10000, 10000]	[301, 2, 89, -271, -263]
146	8.5	[112, 226, 90, 152, -204]	[-153, -73, -102, -157, -152]	[153, 165, -87, 74, -121]	[152, 98, -16, 22, 37]	[169, -125, 13, -104, 187]	[-126, 41, -7, 42, 143]	[34, 186, 50, 28, -174]	[246, -99, -71, -9, -34]	[-138, -47, -7, -267, -109]	[-178, 272, 129, 293, 48]	[-242, 162, 29, 229, -13]	[10000, 10000, 9994, 10001, 10008]	[301, 2, 90, -265, -263]
147	6.0	[112, 91, 90, 152, -204]	[-153, -76, -100, -105, -146]	[159, 238, -90, 128, -99]	[158, 38, -3, -41, 38]	[165, -122, 16, -39, 188]	[-135, 47, -6, 27, 137]	[34, 172, 49, 17, -141]	[221, -93, -94, -13, -28]	[-138, -57, -10, -267, -109]	[-166, 274, 130, 293, 48]	[-242, 167, 29, 229, -6]	[10000, 10000, 10000, 10000, 10012]	[295, -2, 84, -271, -263]
148	9.5	[112, 242, 90, 152, -204]	[-153, -76, -207, -157, -152]	[159, 167, -113, 102, -107]	[143, 96, 2, 64, 48]	[169, -123, 12, -132, 186]	[-139, 37, -7, 9, 143]	[34, 187, 49, 14, -139]	[268, -98, -91, -23, -63]	[-139, -54, -14, -266, -109]	[-189, 274, 129, 293, 48]	[-242, 162, 29, 229, -7]	[10025, 10000, 10000, 10000, 10000]	[301, 2, 89, -271, -263]
149	7.5	[112, 91, 90, 152, -204]	[-153, -76, -100, -105, -146]	[159, 238, -90, 128, -99]	[158, 38, -3, -41, 38]	[165, -122, 16, -39, 188]	[-138, 41, -7, 36, 148]	[34, 172, 51, 18, -149]	[221, -93, -95, -4, -28]	[-138, -40, -18, -267, -109]	[-166, 274, 129, 293, 48]	[-242, 167, 29, 229, -6]	[10000, 10000, 10000, 10000, 10012]	[295, -2, 84, -271, -263]
150	7.0	[112, 242, 90, 152, -204]	[-153, -76, -118, -156, -150]	[159, 192, -140, 119, -55]	[130, -2, -10, 45, 38]	[169, -119, 13, -63, 182]	[-134, 45, -5, 36, 135]	[34, 158, 45, -10, -139]	[232, -99, -90, -14, -40]	[-138, -52, -5, -267, -109]	[-183, 278, 130, 293, 48]	[-242, 162, 29, 229, -4]	[10011, 10000, 10000, 10000, 10000]	[289, 2, 79, -271, -263]
151	7.5	[112, 91, 90, 152, -204]	[-153, -76, -100, -105, -146]	[159, 238, -90, 128, -99]	[158, 44, -15, 8, 45]	[171, -121, 16, -39, 188]	[-135, 47, -5, 26, 130]	[34, 172, 50, 30, -149]	[221, -93, -94, -9, -70]	[-138, -60, -18, -267, -109]	[-166, 274, 129, 293, 48]	[-242, 167, 29, 229, -6]	[10000, 10000, 10000, 10000, 10012]	[295, -2, 84, -271, -263]
152	9.0	[112, 157, 90, 152, -204]	[-153, -73, -162, -105, -146]	[159, 160, -173, 76, -121]	[158, 90, -5, 29, 37]	[169, -122, 13, -57, 189]	[-137, 45, -4, 49, 126]	[34, 189, 49, 32, -166]	[268, -93, -86, 7, -33]	[-138, -62, -1, -267, -108]	[-180, 274, 129, 293, 48]	[-242, 157, 29, 229, -7]	[10000, 10000, 9994, 10007, 10000]	[301, 2, 90, -265, -263]
153	6.0	[112, 241, 90, 152, -204]	[-153, -76, -109, -118, -150]	[159, 192, -140, 110, -69]	[130, 9, -11, 1, 37]	[169, -119, 14, -55, 182]	[-134, 45, -5, 42, 147]	[34, 166, 50, -10, -139]	[226, -94, -93, -14, -40]	[-138, -58, -15, -267, -109]	[-183, 278, 130, 293, 48]	[-242, 162, 29, 229, -4]	[10025, 10000, 10000, 10000, 10000]	[289, 2, 79, -271, -263]
154	7.0	[112, 101, 90, 152, -204]	[-134, -32, -109, -124, -146]	[159, 235, -126, 76, -100]	[156, 13, -14, 47, 40]	[169, -125, 13, -4, 170]	[-135, 47, -7, 43, 153]	[34, 186, 51, 32, -149]	[238, -93, -90, 37, -28]	[-139, -40, -27, -267, -103]	[-166, 274, 131, 293, 48]	[-242, 167, 29, 229, -6]	[10000, 10000, 10000, 10006, 10012]	[295, -2, 84, -271, -263]
155	5.0	[112, 114, 90, 152, -204]	[-153, -76, -100, -105, -146]	[159, 214, -124, 89, -99]	[158, -12, -1, -48, 38]	[164, -124, 13, -63, 170]	[-135, 39, -3, 43, 137]	[34, 179, 43, 30, -149]	[227, -99, -94, -15, -32]	[-139, -40, -25, -267, -109]	[-168, 282, 126, 293, 48]	[-242, 167, 29, 217, -3]	[10000, 10000, 10000, 10000, 10004]	[298, -2, 88, -265, -263]
156	6.5	[112, 114, 90, 152, -204]	[-153, -76, -100, -105, -146]	[159, 214, -124, 89, -99]	[158, -12, -1, -48, 38]	[164, -124, 13, -63, 170]	[-135, 39, -3, 43, 137]	[34, 179, 43, 30, -149]	[227, -99, -94, -15, -32]	[-139, -40, -25, -267, -109]	[-168, 282, 126, 293, 48]	[-242, 167, 29, 217, -3]	[10000, 10000, 10000, 10000, 10004]	[298, -2, 88, -265, -263]
157	5.0	[112, 114, 90, 152, -204]	[-153, -76, -100, -105, -146]	[159, 214, -124, 89, -99]	[158, -12, -1, -48, 38]	[164, -124, 13, -63, 170]	[-135, 39, -3, 43, 137]	[34, 179, 43, 30, -149]	[227, -99, -94, -15, -32]	[-139, -40, -25, -267, -109]	[-168, 282, 126, 293, 48]	[-242, 167, 29, 217, -3]	[10000, 10000, 10000, 10000, 10004]	[298, -2, 88, -265, -263]
158	5.5	[112, 91, 90, 152, -204]	[-153, -76, -100, -105, -146]	[159, 238, -90, 128, -105]	[158, 38, -3, -41, 38]	[165, -122, 16, -39, 188]	[-135, 47, -6, 27, 137]	[34, 172, 49, 17, -141]	[221, -93, -94, -13, -28]	[-138, -57, -10, -267, -109]	[-166, 274, 130, 293, 48]	[-242, 167, 29, 229, -6]	[10000, 10000, 10000, 10000, 10012]	[295, -2, 84, -271, -263]
159	5.5	[112, 101, 90, 152, -204]	[-134, -32, -109, -124, -146]	[159, 235, -126, 76, -100]	[156, 13, -14, 47, 40]	[169, -125, 13, -4, 170]	[-135, 47, -7, 43, 153]	[34, 186, 51, 32, -149]	[238, -93, -90, 37, -28]	[-145, -40, -27, -267, -103]	[-166, 274, 130, 293, 48]	[-242, 167, 29, 229, -6]	[10000, 10000, 10000, 10006, 10012]	[295, -2, 84, -271, -263]
160	7.0	[112, 242, 90, 152, -204]	[-153, -76, -118, -156, -150]	[159, 192, -140, 119, -55]	[130, -2, -10, 45, 38]	[169, -119, 13, -63, 182]	[-134, 45, -5, 36, 135]	[34, 158, 45, -10, -139]	[232, -99, -90, -14, -40]	[-138, -52, -5, -267, -109]	[-183, 278, 130, 293, 48]	[-242, 162, 29, 229, -4]	[10011, 10000, 10000, 10000, 10000]	[289, 2, 79, -271, -263]
161	7.5	[112, 157, 90, 152, -204]	[-153, -73, -162, -105, -146]	[159, 185, -125, 95, -113]	[158, 90, -5, -16, 37]	[169, -125, 13, -31, 186]	[-136, 41, -4, 42, 143]	[34, 165, 44, 29, -143]	[266, -99, -93, -51, -37]	[-138, -53, -23, -267, -109]	[-174, 281, 125, 292, 48]	[-242, 163, 29, 229, -7]	[10000, 10000, 9994, 10002, 10000]	[301, 2, 90, -265, -263]
162	5.0	[112, 242, 90, 152, -204]	[-153, -76, -207, -157, -152]	[159, 167, -113, 102, -107]	[145, 96, -1, 64, 48]	[169, -122, 12, -108, 183]	[-139, 37, -7, 29, 143]	[34, 187, 50, 14, -139]	[268, -99, -83, -14, -57]	[-139, -54, -13, -266, -109]	[-179, 274, 129, 293, 48]	[-242, 162, 29, 229, -7]	[10000, 10000, 9995, 10001, 10004]	[301, 2, 89, -271, -263]
163	6.0	[112, 242, 90, 152, -204]	[-153, -76, -207, -157, -152]	[159, 167, -113, 102, -107]	[145, 96, -1, 64, 48]	[169, -122, 12, -108, 183]	[-139, 37, -7, 29, 143]	[34, 187, 50, 14, -139]	[268, -99, -83, -14, -57]	[-139, -54, -13, -266, -109]	[-179, 274, 129, 293, 48]	[-242, 162, 29, 229, -7]	[10000, 10000, 9995, 10001, 10004]	[301, 2, 89, -271, -263]
164	5.5	[112, 242, 90, 152, -204]	[-153, -76, -118, -156, -150]	[159, 192, -140, 119, -55]	[130, -2, -10, 45, 38]	[169, -119, 13, -63, 182]	[-134, 45, -5, 36, 135]	[34, 158, 45, -10, -139]	[232, -99, -90, -14, -40]	[-138, -52, -5, -267, -109]	[-183, 278, 130, 293, 48]	[-242, 162, 29, 229, -4]	[10011, 10000, 10000, 10000, 10000]	[289, 2, 79, -271, -263]
165	6.0	[112, 114, 90, 152, -204]	[-153, -76, -100, -105, -146]	[159, 214, -124, 89, -99]	[158, -12, -1, -48, 38]	[164, -124, 13, -63, 170]	[-135, 39, -3, 43, 137]	[34, 179, 43, 30, -149]	[227, -99, -94, -15, -32]	[-139, -40, -25, -267, -109]	[-168, 282, 126, 287, 48]	[-242, 167, 29, 217, -3]	[10000, 10000, 10000, 10000, 10004]	[298, -2, 88, -271, -263]
166	6.0	[112, 242, 90, 152, -204]	[-153, -76, -207, -157, -152]	[159, 167, -113, 102, -107]	[145, 96, -1, 64, 48]	[169, -122, 12, -108, 183]	[-139, 37, -7, 29, 143]	[34, 187, 50, 14, -139]	[268, -99, -83, -14, -57]	[-139, -54, -13, -266, -109]	[-179, 274, 129, 293, 48]	[-242, 162, 29, 229, -7]	[10000, 10000, 9995, 10001, 10004]	[301, 2, 89, -271, -263]
167	9.0	[112, 241, 90, 152, -204]	[-153, -76, -109, -118, -150]	[159, 192, -140, 110, -69]	[130, 9, -5, 1, 37]	[169, -119, 14, -55, 182]	[-134, 45, -5, 42, 147]	[34, 166, 50, -10, -139]	[226, -94, -93, -14, -40]	[-138, -58, -15, -267, -109]	[-183, 278, 130, 293, 48]	[-242, 162, 29, 229, -4]	[10025, 10000, 10000, 10000, 10000]	[289, 2, 79, -271, -263]
168	7.0	[112, 114, 90, 152, -204]	[-153, -76, -100, -105, -146]	[159, 214, -124, 89, -99]	[158, -12, -1, -48, 38]	[164, -124, 13, -63, 170]	[-135, 39, -3, 43, 137]	[34, 179, 51, 32, -149]	[227, -99, -94, 36, -31]	[-139, -40, -25, -267, -109]	[-168, 282, 126, 293, 48]	[-242, 167, 29, 217, -3]	[10000, 10000, 10000, 10000, 10004]	[298, -8, 88, -265, -263]
169	7.0	[112, 114, 90, 152, -204]	[-153, -76, -100, -105, -146]	[159, 214, -124, 89, -99]	[158, -12, -1, -48, 38]	[164, -124, 13, -63, 170]	[-135, 39, -3, 43, 137]	[34, 179, 51, 32, -149]	[227, -99, -94, 36, -31]	[-139, -40, -25, -267, -109]	[-168, 282, 126, 293, 48]	[-242, 167, 29, 217, -3]	[10000, 10000, 10000, 10000, 10004]	[298, -8, 88, -265, -263]
170	6.0	[112, 241, 90, 152, -204]	[-153, -76, -144, -157, -150]	[159, 173, -140, 104, -69]	[134, 24, -9, 56, 46]	[169, -119, 13, -99, 177]	[-134, 45, -5, 42, 143]	[34, 169, 50, 0, -144]	[228, -98, -91, 24, -39]	[-138, -53, -21, -267, -106]	[-183, 278, 129, 293, 48]	[-242, 167, 29, 229, -5]	[10001, 10000, 10000, 10006, 10006]	[289, 2, 80, -271, -263]
171	10.0	[112, 241, 90, 152, -204]	[-153, -76, -109, -118, -150]	[159, 192, -140, 110, -69]	[130, 9, -5, 1, 37]	[169, -119, 14, -55, 182]	[-134, 45, 1, 42, 147]	[34, 166, 50, -10, -139]	[226, -94, -93, -14, -40]	[-138, -58, -15, -267, -109]	[-183, 278, 130, 293, 48]	[-242, 162, 29, 229, -4]	[10025, 10000, 10000, 10000, 10000]	[289, 2, 79, -271, -263]
172	6.5	[112, 242, 90, 152, -204]	[-153, -76, -118, -150, -150]	[159, 192, -140, 119, -55]	[130, -2, -10, 45, 38]	[169, -119, 13, -63, 182]	[-134, 45, -5, 36, 135]	[34, 158, 45, -10, -139]	[232, -99, -90, -14, -40]	[-138, -52, -11, -267, -109]	[-183, 278, 130, 293, 48]	[-242, 162, 29, 229, -4]	[10011, 10000, 10000, 10000, 10000]	[289, 2, 79, -271, -263]
173	7.5	[112, 241, 90, 152, -204]	[-153, -76, -109, -118, -150]	[159, 192, -140, 110, -69]	[130, 9, -5, 1, 37]	[169, -119, 14, -55, 182]	[-134, 45, 1, 42, 147]	[34, 166, 50, -10, -139]	[226, -94, -93, -14, -40]	[-138, -58, -15, -267, -109]	[-183, 278, 130, 293, 48]	[-242, 162, 29, 229, -4]	[10025, 10000, 10000, 10000, 10000]	[289, 2, 79, -271, -263]
174	5.5	[112, 91, 90, 152, -204]	[-153, -76, -100, -105, -146]	[159, 189, -117, 96, -99]	[158, 38, -3, -46, 38]	[165, -122, 15, -39, 188]	[-135, 45, -6, 38, 137]	[34, 179, 49, 18, -141]	[225, -94, -94, 14, -29]	[-138, -57, -10, -267, -109]	[-167, 274, 130, 293, 48]	[-242, 167, 29, 229, -6]	[10000, 10000, 10000, 10000, 10012]	[295, -2, 84, -277, -263]
175	5.0	[112, 91, 90, 152, -204]	[-153, -75, -104, -99, -146]	[159, 184, -90, 128, -99]	[158, 38, -8, 31, 45]	[168, -121, 16, -88, 188]	[-141, 45, -6, 32, 143]	[34, 172, 50, 17, -141]	[228, -98, -94, -13, -28]	[-138, -55, -11, -267, -109]	[-167, 274, 130, 293, 48]	[-242, 167, 29, 229, -6]	[10000, 10000, 10000, 10000, 10012]	[295, -2, 84, -277, -263]
176	5.5	[112, 138, 90, 152, -210]	[-153, -76, -109, -105, -152]	[159, 229, -90, 128, -105]	[158, 62, -5, 19, 38]	[165, -122, 15, -44, 188]	[-135, 46, -6, 46, 127]	[34, 176, 46, 24, -142]	[221, -96, -93, -2, -31]	[-133, -44, -11, -267, -109]	[-174, 274, 135, 290, 48]	[-242, 167, 29, 229, -6]	[10000, 10000, 10000, 10000, 10006]	[295, -2, 84, -271, -263]
177	6.0	[112, 138, 90, 152, -210]	[-153, -76, -109, -112, -146]	[159, 229, -90, 112, -105]	[158, 62, -5, 2, 38]	[165, -122, 15, -54, 183]	[-135, 46, -6, 42, 132]	[34, 170, 46, 23, -140]	[221, -96, -93, -2, -31]	[-133, -44, -11, -267, -109]	[-174, 277, 131, 290, 48]	[-242, 167, 29, 229, -6]	[10000, 10000, 10000, 10000, 10006]	[295, -2, 84, -271, -263]
178	5.5	[112, 241, 90, 152, -204]	[-153, -76, -109, -118, -150]	[159, 192, -140, 110, -69]	[130, 9, -5, 1, 37]	[169, -119, 14, -55, 182]	[-134, 45, 1, 42, 147]	[34, 166, 50, -10, -139]	[226, -94, -93, -14, -40]	[-138, -58, -15, -267, -109]	[-183, 278, 130, 293, 48]	[-242, 162, 29, 229, -4]	[10025, 10000, 10000, 10000, 10000]	[289, 2, 79, -271, -263]
179	8.5	[112, 91, 90, 152, -204]	[-153, -75, -104, -99, -146]	[159, 184, -90, 128, -99]	[142, -11, -9, 31, 45]	[165, -124, 14, -88, 188]	[-141, 43, -6, 37, 143]	[34, 172, 50, 24, -141]	[228, -98, -94, -13, -30]	[-139, -55, -11, -267, -109]	[-167, 274, 130, 293, 48]	[-242, 167, 29, 229, -6]	[10000, 10000, 10000, 10000, 10012]	[295, -2, 84, -277, -263]
180	7.0	[112, 138, 90, 152, -210]	[-153, -76, -109, -105, -146]	[153, 229, -90, 128, -105]	[158, 62, -5, 20, 38]	[165, -122, 16, -44, 188]	[-135, 47, -6, 48, 126]	[34, 174, 49, 27, -142]	[221, -93, -90, 7, -28]	[-138, -49, -10, -267, -109]	[-174, 276, 128, 293, 48]	[-242, 166, 29, 229, -6]	[10000, 10000, 10000, 10000, 10006]	[295, -2, 84, -271, -263]
181	6.5	[112, 241, 90, 152, -204]	[-153, -76, -118, -157, -150]	[159, 186, -134, 116, -69]	[130, -2, -11, 24, 37]	[169, -119, 14, -99, 176]	[-134, 45, -5, 42, 135]	[34, 177, 50, 26, -140]	[255, -99, -93, 19, -39]	[-138, -57, -17, -267, -103]	[-182, 278, 129, 293, 48]	[-242, 164, 29, 229, -5]	[10001, 10000, 10000, 10005, 10006]	[289, 2, 80, -271, -263]
182	8.0	[112, 138, 90, 152, -210]	[-153, -76, -109, -105, -146]	[153, 229, -90, 128, -105]	[158, 62, -5, 20, 38]	[165, -122, 16, -44, 188]	[-135, 47, -6, 48, 126]	[34, 174, 49, 27, -142]	[221, -93, -90, 7, -28]	[-138, -49, -10, -267, -109]	[-174, 276, 128, 293, 48]	[-242, 166, 29, 229, -6]	[10000, 10000, 10000, 10000, 10006]	[295, -2, 84, -271, -263]
183	8.5	[112, 138, 90, 152, -210]	[-153, -76, -166, -112, -146]	[159, 229, -106, 109, -105]	[158, 62, -3, 16, 41]	[165, -122, 15, -60, 183]	[-135, 46, -6, 42, 132]	[34, 170, 46, 23, -140]	[221, -96, -93, -2, -31]	[-133, -44, -11, -267, -109]	[-174, 277, 131, 290, 54]	[-242, 167, 29, 229, -6]	[10000, 10006, 10000, 10000, 10006]	[295, -2, 84, -271, -263]
184	8.5	[112, 138, 90, 152, -210]	[-153, -76, -166, -112, -146]	[159, 229, -106, 109, -105]	[158, 62, -3, 16, 41]	[165, -122, 15, -60, 183]	[-135, 46, -6, 42, 132]	[34, 170, 46, 23, -140]	[221, -96, -93, -2, -31]	[-133, -44, -11, -267, -109]	[-174, 277, 131, 290, 54]	[-242, 167, 29, 229, -6]	[10000, 10006, 10000, 10000, 10006]	[295, -2, 84, -271, -263]
185	8.5	[112, 109, 90, 152, -210]	[-153, -76, -109, -104, -152]	[159, 229, -90, 128, -105]	[158, -3, -5, 19, 38]	[165, -122, 15, -44, 188]	[-135, 45, -6, 36, 141]	[34, 173, 49, 24, -142]	[221, -96, -93, -2, -30]	[-133, -52, -11, -267, -109]	[-168, 274, 132, 290, 48]	[-242, 167, 29, 229, -6]	[10000, 10000, 10000, 10000, 10011]	[295, -2, 84, -271, -263]
186	7.0	[112, 138, 90, 152, -210]	[-153, -76, -109, -105, -146]	[153, 229, -90, 128, -105]	[158, 62, -5, 20, 38]	[165, -122, 16, -44, 188]	[-135, 47, -6, 48, 126]	[34, 174, 49, 27, -142]	[215, -93, -90, 7, -28]	[-138, -49, -10, -267, -109]	[-174, 276, 128, 293, 48]	[-242, 166, 29, 229, -6]	[10000, 10000, 10000, 10000, 10006]	[295, -2, 84, -271, -263]
187	6.5	[112, 241, 90, 152, -204]	[-153, -76, -109, -118, -150]	[159, 192, -140, 110, -69]	[130, 9, -5, 1, 37]	[169, -119, 14, -55, 188]	[-134, 45, 1, 42, 147]	[34, 166, 50, -10, -139]	[226, -94, -93, -14, -40]	[-138, -58, -15, -267, -109]	[-183, 278, 130, 293, 48]	[-242, 162, 29, 229, -4]	[10025, 10000, 10000, 10000, 10000]	[289, 2, 79, -271, -263]
188	8.0	[112, 241, 90, 152, -204]	[-153, -76, -109, -118, -150]	[159, 192, -140, 110, -69]	[130, 9, -5, 1, 37]	[169, -119, 14, -55, 188]	[-134, 45, 1, 42, 147]	[34, 166, 50, -10, -139]	[226, -94, -93, -14, -40]	[-138, -58, -15, -267, -109]	[-183, 278, 130, 293, 48]	[-242, 162, 29, 229, -4]	[10025, 10000, 10000, 10000, 10000]	[289, 2, 79, -271, -263]
189	9.0	[112, 91, 90, 152, -204]	[-153, -75, -104, -99, -146]	[159, 184, -90, 128, -99]	[158, 56, -4, 30, 45]	[168, -121, 16, -88, 187]	[-135, 45, -6, 38, 143]	[34, 172, 50, 17, -141]	[228, -98, -94, -13, -28]	[-138, -55, -11, -267, -109]	[-167, 274, 130, 293, 48]	[-242, 167, 29, 229, -6]	[10000, 10000, 10000, 10000, 10012]	[289, -2, 84, -277, -263]
190	6.0	[112, 138, 90, 152, -210]	[-153, -76, -166, -112, -146]	[159, 229, -106, 109, -104]	[158, 47, -6, 16, 41]	[167, -121, 15, -60, 183]	[-135, 46, -6, 35, 132]	[34, 170, 46, 23, -140]	[222, -96, -93, -2, -31]	[-133, -44, -13, -267, -108]	[-176, 276, 129, 290, 54]	[-242, 167, 29, 229, -6]	[10000, 10006, 10000, 10000, 10006]	[295, -2, 80, -271, -263]
191	7.0	[112, 242, 90, 152, -204]	[-153, -76, -207, -157, -152]	[159, 167, -113, 102, -107]	[145, 23, -2, 64, 48]	[169, -122, 12, -99, 183]	[-139, 38, -5, 29, 143]	[34, 187, 50, 14, -139]	[268, -99, -83, -14, -57]	[-139, -54, -13, -266, -109]	[-179, 274, 129, 293, 48]	[-242, 162, 29, 229, -7]	[10000, 10000, 9996, 10001, 10005]	[301, 0, 84, -271, -263]
192	5.0	[112, 138, 90, 152, -210]	[-153, -76, -109, -105, -146]	[153, 229, -90, 128, -105]	[158, 62, -5, 20, 38]	[165, -122, 16, -44, 188]	[-135, 47, -6, 48, 126]	[34, 174, 49, 27, -142]	[215, -93, -90, 7, -28]	[-138, -49, -10, -267, -109]	[-174, 276, 128, 293, 48]	[-242, 166, 29, 229, -6]	[10000, 10000, 10000, 10000, 10006]	[295, -2, 84, -271, -263]
193	6.5	[112, 138, 90, 152, -210]	[-153, -76, -109, -105, -146]	[153, 229, -90, 128, -105]	[158, 46, -5, 20, 38]	[166, -122, 16, -44, 188]	[-136, 46, -6, 48, 126]	[34, 174, 49, 27, -142]	[215, -93, -90, 7, -28]	[-138, -49, -10, -267, -109]	[-174, 276, 128, 293, 48]	[-242, 166, 29, 229, -6]	[10000, 10000, 10000, 10000, 10006]	[295, -2, 84, -271, -263]
194	6.5	[112, 109, 90, 152, -210]	[-153, -76, -109, -104, -152]	[159, 229, -90, 128, -105]	[158, -3, -5, 19, 38]	[165, -122, 15, -44, 188]	[-135, 45, -6, 36, 141]	[34, 173, 49, 24, -142]	[221, -96, -93, -2, -30]	[-133, -58, -11, -267, -109]	[-168, 274, 132, 290, 48]	[-242, 167, 29, 229, -6]	[10000, 10000, 10000, 10000, 10011]	[295, -2, 84, -271, -263]
195	6.0	[112, 138, 90, 152, -210]	[-153, -76, -166, -112, -146]	[159, 229, -106, 109, -104]	[158, 47, -6, 16, 41]	[167, -121, 15, -60, 183]	[-135, 46, -6, 35, 132]	[34, 170, 46, 23, -140]	[222, -96, -93, -2, -31]	[-133, -44, -13, -267, -108]	[-176, 276, 129, 290, 54]	[-242, 167, 29, 229, -6]	[10000, 10006, 10000, 10000, 10006]	[295, -2, 80, -271, -263]
196	4.5	[112, 91, 90, 152, -204]	[-153, -75, -104, -99, -146]	[159, 184, -90, 128, -99]	[142, -11, -9, 25, 45]	[165, -124, 14, -66, 188]	[-138, 43, -6, 37, 143]	[34, 172, 49, 24, -141]	[226, -95, -93, -10, -31]	[-139, -55, -10, -267, -109]	[-167, 274, 130, 293, 48]	[-242, 167, 29, 229, -6]	[10000, 10000, 10000, 10000, 10012]	[295, -2, 84, -277, -263]
197	7.5	[112, 242, 90, 152, -204]	[-153, -76, -207, -157, -152]	[159, 167, -113, 102, -107]	[145, 23, -2, 64, 48]	[169, -122, 12, -99, 183]	[-139, 38, -5, 42, 143]	[34, 187, 50, 20, -139]	[266, -99, -83, -14, -57]	[-138, -57, -15, -267, -109]	[-179, 274, 129, 293, 48]	[-242, 162, 29, 229, -7]	[10000, 10000, 9996, 10001, 10005]	[301, 0, 84, -271, -263]
198	5.0	[112, 138, 90, 152, -210]	[-153, -76, -166, -112, -146]	[159, 229, -106, 109, -104]	[158, 47, -6, 16, 41]	[167, -121, 15, -60, 183]	[-135, 46, -6, 35, 132]	[34, 170, 46, 23, -140]	[222, -96, -93, -2, -31]	[-133, -44, -13, -267, -108]	[-176, 276, 129, 290, 54]	[-242, 167, 29, 229, -6]	[10000, 10006, 10000, 10000, 10006]	[295, -2, 80, -271, -263]
199	8.0	[112, 241, 90, 152, -204]	[-153, -76, -144, -157, -150]	[157, 212, -123, 104, -69]	[132, 14, -5, 32, 41]	[168, -121, 13, -108, 177]	[-134, 40, -5, 47, 138]	[34, 173, 50, 0, -144]	[228, -96, -87, -14, -39]	[-138, -57, -16, -267, -106]	[-180, 276, 129, 293, 48]	[-242, 166, 23, 229, -5]	[10000, 10000, 10000, 10006, 10006]	[289, 2, 80, -271, -263]
