generation	fitness	corner	c	a1	a2	b1	b2	b3	x	o1	o2	wp	ww	we
200	18.0	[122, -33, -50, -37, -287]	[136, -219, -51, -36, -2]	[12, -124, -47, -45, -200]	[-188, 145, -281, -191, -167]	[111, -124, -65, 41, -203]	[-21, -84, -19, -101, 143]	[18, 126, 12, 171, -60]	[-3, -232, -143, -102, -184]	[55, 45, -126, -92, -155]	[213, -57, 7, -236, -78]	[-211, 85, 92, 180, 20]	[10006, 10003, 10004, 9998, 10000]	[283, 221, 196, 289, 245]
201	15.5	[122, -33, -50, -37, -287]	[136, -219, -51, -36, -2]	[12, -124, -47, -45, -200]	[-188, 145, -281, -191, -167]	[111, -124, -65, 41, -203]	[-21, -84, -19, -101, 143]	[18, 126, 12, 171, -60]	[-3, -232, -143, -102, -184]	[55, 45, -126, -92, -155]	[213, -57, 7, -236, -78]	[-211, 85, 92, 180, 20]	[10006, 10003, 10004, 9998, 10000]	[283, 221, 196, 289, 245]
202	24.5	[122, -33, -50, -37, -262]	[136, -219, -51, -36, -2]	[12, -124, -47, -45, -200]	[-185, 139, -162, -175, -95]	[111, -124, -65, 66, -203]	[-21, -86, -19, -101, 143]	[18, 126, 12, 171, -60]	[-3, -231, -143, -102, -184]	[55, 45, -126, -92, -155]	[213, -57, 7, -236, -78]	[-211, 85, 91, 180, 20]	[10006, 10003, 10004, 10000, 10000]	[283, 221, 196, 289, 245]
203	16.0	[122, -33, -50, -39, -262]	[136, -219, -65, 114, 13]	[-36, -44, -20, -45, -200]	[-185, 79, -47, 23, -113]	[128, -138, -80, 130, -203]	[-21, -84, -16, -54, 143]	[34, 138, 16, 153, -60]	[188, -199, -140, -102, -184]	[-126, -50, -23, -220, -120]	[213, -57, 7, 131, -78]	[-205, 85, 91, 180, 20]	[10006, 10003, 10004, 10000, 10000]	[283, 221, 196, 289, 245]
204	21.0	[122, -33, -50, -39, -262]	[136, -219, -65, 114, 13]	[-36, -44, -20, -45, -200]	[-185, 79, -47, 23, -113]	[128, -138, -80, 130, -203]	[-21, -84, -16, -54, 143]	[34, 138, 16, 153, -60]	[188, -199, -140, -102, -184]	[-126, -50, -23, -220, -120]	[213, -57, 7, 131, -78]	[-205, 85, 91, 180, 20]	[10006, 10003, 10004, 10000, 10000]	[283, 221, 196, 289, 245]
205	18.0	[122, -33, -50, -39, -262]	[136, -219, -65, 114, 13]	[-36, -44, -20, -45, -200]	[-185, 79, -47, 23, -113]	[128, -138, -80, 130, -203]	[-21, -84, -16, -70, -23]	[34, 138, 16, 153, -60]	[188, -199, -140, -102, -184]	[-126, -50, -23, -220, -120]	[213, -57, 7, 131, -78]	[-205, 85, 91, 180, 20]	[10006, 10003, 10004, 10000, 10000]	[283, 221, 196, 289, 245]
206	22.0	[122, -33, -50, -39, -262]	[136, -219, -65, 114, 13]	[-36, -44, -20, -45, -200]	[-185, 79, -47, 23, -113]	[128, -138, -80, 130, -203]	[-21, -84, -16, -70, -23]	[34, 138, 16, 153, -60]	[188, -199, -140, -102, -184]	[-126, -50, -23, -220, -120]	[213, -57, 7, 131, -78]	[-205, 85, 91, 180, 20]	[10006, 10003, 10004, 10000, 10000]	[283, 221, 196, 289, 245]
207	28.5	[122, -33, -50, -39, -262]	[136, -219, -65, 114, 13]	[-36, -44, -20, -75, -200]	[-15, -103, -53, 24, -113]	[134, -81, -80, 142, -203]	[-85, -27, -16, -70, -23]	[34, 46, 10, 44, -51]	[188, -185, -97, -128, -184]	[-129, -90, -78, -140, -120]	[213, -57, 7, 131, -78]	[-205, 85, 91, 180, 20]	[10006, 10003, 10004, 10000, 10000]	[283, 221, 196, 289, 245]
208	23.5	[122, -33, -50, -39, -262]	[136, -219, -65, 114, 13]	[-36, -44, -20, -45, -200]	[-15, 79, -50, 23, -113]	[134, -81, -80, 130, -203]	[-76, -27, -16, -70, -23]	[34, 28, 13, 53, -51]	[188, -185, -97, -128, -184]	[-129, -90, -78, -140, -114]	[213, -57, 7, 131, -78]	[-205, 85, 91, 180, 20]	[10006, 10003, 10004, 10000, 10000]	[283, 221, 196, 289, 245]
209	22.5	[122, -33, -50, -39, -262]	[136, -219, -65, 114, 13]	[-36, -44, -20, -75, -200]	[-15, -103, -53, 24, -113]	[134, -81, -80, 142, -203]	[-85, -27, -16, -70, -23]	[34, 46, 10, 44, -51]	[188, -185, -97, -128, -184]	[-129, -90, -78, -140, -120]	[213, -57, 7, 131, -78]	[-205, 85, 91, 180, 20]	[10006, 10003, 10004, 10000, 10000]	[283, 221, 196, 289, 245]
210	26.0	[122, -33, -50, -39, -262]	[136, -219, -65, 114, 13]	[-36, -44, -20, -75, -200]	[-15, -103, -53, 24, -113]	[134, -81, -80, 142, -203]	[-85, -27, -16, -70, -23]	[34, 46, 10, 44, -51]	[188, -185, -97, -128, -184]	[-129, -90, -78, -140, -120]	[213, -57, 1, 131, -78]	[-205, 85, 91, 180, 20]	[10006, 10003, 10004, 10000, 10000]	[283, 221, 196, 289, 245]
211	22.5	[122, -33, -50, -39, -262]	[136, -219, -65, 114, 13]	[-36, -44, -20, -45, -200]	[-185, 79, -47, 23, -113]	[128, -138, -80, 130, -203]	[-21, -84, -16, -70, -23]	[34, 138, 16, 153, -60]	[188, -122, -125, -102, -184]	[-126, -50, -10, -241, -118]	[213, -57, 7, 131, -78]	[-205, 85, 91, 180, 20]	[10006, 10003, 10004, 10006, 10000]	[283, 221, 196, 289, 245]
212	26.5	[122, -33, -50, -39, -262]	[136, -219, -65, 114, 13]	[-36, -44, -20, -45, -200]	[-185, 79, -47, 23, -113]	[128, -138, -80, 130, -203]	[-21, -84, -16, -70, -23]	[34, 138, 16, 153, -60]	[188, -199, -140, -102, -184]	[-126, -50, -23, -220, -120]	[213, -57, 7, 131, -78]	[-205, 85, 91, 180, 20]	[10006, 10003, 10004, 10000, 10000]	[283, 221, 196, 289, 245]
213	23.5	[122, -33, -50, -39, -262]	[136, -213, -65, 114, 13]	[-36, -44, -20, -75, -200]	[-15, -103, -53, 24, -113]	[149, -108, -80, 142, -203]	[-107, 13, -13, -70, -23]	[34, 57, 17, 35, -52]	[188, -185, -97, -95, -34]	[-129, -70, -71, -140, -120]	[213, -57, 1, 131, -78]	[-205, 85, 91, 180, 20]	[10006, 10003, 10004, 10000, 10000]	[283, 221, 196, 289, 245]
214	17.5	[122, -33, -50, -39, -262]	[136, -219, -65, 114, 13]	[-36, -44, -20, -45, -200]	[-15, 79, -50, 23, -113]	[134, -81, -80, 130, -203]	[-76, -27, -16, -70, -23]	[34, 28, 13, 53, -51]	[188, -185, -97, -128, -184]	[-129, -90, -78, -140, -114]	[213, -57, 7, 131, -78]	[-205, 85, 91, 180, 20]	[10006, 10003, 10004, 10000, 10000]	[283, 221, 196, 289, 245]
215	21.0	[122, -33, -50, -39, -262]	[136, -219, -65, 114, 13]	[-36, -44, -20, -45, -200]	[-185, 79, -47, 23, -113]	[128, -138, -80, 130, -203]	[-21, -84, -16, -70, -23]	[34, 138, 16, 153, -60]	[188, -122, -125, -102, -184]	[-126, -50, -10, -241, -118]	[213, -57, 7, 131, -78]	[-205, 85, 91, 180, 20]	[10006, 10003, 10004, 10006, 10000]	[283, 221, 196, 289, 245]
216	27.0	[122, -33, -50, -39, -262]	[136, -213, -65, 114, 13]	[-36, -44, -20, -75, -200]	[-15, -103, -59, 24, -113]	[149, -108, -80, 142, -203]	[-107, 13, -13, -70, -23]	[34, 57, 17, 35, -52]	[188, -185, -97, -95, -34]	[-129, -70, -71, -140, -120]	[213, -57, 1, 131, -78]	[-205, 85, 91, 180, 20]	[10006, 10003, 10004, 10000, 10000]	[283, 221, 196, 289, 245]
217	20.0	[122, 11, -2, 96, -213]	[136, -115, -65, 114, 13]	[-36, -44, -27, 66, -200]	[59, -8, -53, 23, -113]	[166, -99, -61, 33, 87]	[-85, -27, -16, -70, -23]	[34, 46, 13, 50, -51]	[188, -185, -97, -128, -184]	[-129, -77, -70, -222, -114]	[213, -57, 5, 131, -78]	[-207, 85, 91, 180, 19]	[10006, 10002, 10004, 10000, 10000]	[283, 221, 196, 289, 245]
218	25.5	[114, 153, 39, 96, -213]	[136, -112, -65, 114, 13]	[-36, -44, -117, 77, -200]	[59, -56, -53, 18, -113]	[166, -109, -61, 33, 87]	[-85, -27, -16, -70, -23]	[34, 46, 10, 51, -51]	[188, -185, -97, -128, -184]	[-129, -90, -78, -140, -120]	[213, -57, 6, 131, -78]	[-207, 85, 91, 180, 19]	[10006, 10002, 10004, 10000, 10000]	[283, 221, 196, 289, 245]
219	23.5	[114, 153, 39, 96, -213]	[136, -112, -65, 114, 13]	[-36, -44, -117, 77, -200]	[59, -56, -53, 18, -113]	[166, -109, -61, 33, 87]	[-85, -27, -16, -70, -23]	[34, 46, 10, 51, -51]	[188, -185, -97, -128, -184]	[-129, -90, -78, -140, -120]	[213, -57, 6, 131, -78]	[-207, 85, 91, 180, 19]	[10006, 10002, 10004, 10000, 10000]	[283, 221, 196, 289, 245]
220	25.0	[114, 153, 39, 96, -213]	[136, -112, -65, 114, 13]	[-36, -44, -117, 77, -200]	[59, -56, -53, 18, -113]	[166, -109, -61, 33, 87]	[-85, -27, -16, -70, -23]	[34, 46, 10, 51, -51]	[188, -185, -97, -128, -184]	[-129, -90, -78, -140, -120]	[213, -57, 6, 131, -78]	[-207, 85, 91, 180, 19]	[10006, 10002, 10004, 10000, 10000]	[283, 221, 196, 289, 245]
221	25.0	[122, -33, -44, -39, -262]	[136, -219, -65, 114, 13]	[-36, -44, -20, -45, -200]	[-185, -61, -55, 23, -113]	[128, -138, -80, 130, -203]	[-21, -84, -16, -54, 143]	[34, 138, 16, 153, -60]	[188, -199, -140, -102, -184]	[-126, -50, -23, -220, -120]	[213, -57, 7, 131, -78]	[-205, 85, 91, 180, 20]	[10006, 10003, 10002, 10000, 10006]	[283, 221, 196, 289, 245]
222	22.5	[122, 2, -2, 96, -213]	[136, -115, -65, 114, 13]	[-36, -33, -31, -7, -200]	[59, -14, -51, 23, -113]	[166, -99, -69, 33, 87]	[-85, -27, -16, -70, -23]	[34, 46, 13, 50, -51]	[188, -185, -97, -128, -184]	[-126, -58, -19, -154, -114]	[213, -57, 5, 131, -78]	[-207, 85, 91, 180, 20]	[10006, 10002, 10004, 10001, 9994]	[283, 221, 196, 289, 245]
223	21.5	[114, 153, 39, 96, -213]	[136, -112, -65, 114, 13]	[-36, -44, -117, 77, -200]	[59, -56, -53, 18, -113]	[166, -109, -61, 33, 87]	[-85, -27, -16, -70, -23]	[34, 46, 10, 51, -51]	[188, -185, -97, -128, -184]	[-129, -90, -78, -140, -120]	[213, -57, 6, 131, -78]	[-207, 85, 91, 180, 19]	[10006, 10002, 10004, 10000, 10000]	[283, 221, 196, 289, 245]
224	25.0	[122, 2, -2, 96, -213]	[136, -115, -65, 114, 13]	[-36, -33, -31, -7, -200]	[59, -14, -51, 23, -107]	[166, -99, -69, 33, 87]	[-85, -27, -16, -70, -23]	[34, 46, 13, 50, -51]	[188, -185, -97, -128, -184]	[-126, -58, -19, -154, -114]	[213, -57, 5, 131, -78]	[-207, 91, 91, 180, 20]	[10006, 10002, 10004, 10001, 9994]	[283, 221, 196, 289, 245]
225	25.5	[122, 9, -11, 96, -213]	[136, -122, -65, 63, 10]	[-36, -33, -39, 2, -200]	[59, -5, -54, 42, -113]	[166, -99, -69, 14, 87]	[-85, -27, -16, -64, 21]	[34, 53, 13, 50, -51]	[188, -196, -122, -128, -184]	[-126, -58, -19, -184, -114]	[213, -57, 5, 131, -78]	[-207, 85, 91, 180, 15]	[10006, 10002, 10004, 10001, 10000]	[283, 221, 196, 289, 245]
226	24.5	[122, 2, -2, 96, -213]	[136, -115, -65, 114, 13]	[-36, -33, -31, -7, -200]	[59, -14, -51, 23, -107]	[166, -99, -69, 33, 87]	[-85, -27, -16, -70, -23]	[34, 46, 13, 50, -51]	[188, -185, -97, -126, -184]	[-126, -53, -20, -155, -114]	[213, -57, 5, 131, -78]	[-207, 91, 91, 180, 20]	[10006, 10002, 10004, 10001, 9994]	[283, 221, 196, 289, 245]
227	27.5	[122, 9, -11, 96, -213]	[136, -122, -65, 63, 10]	[-36, -33, -39, 2, -200]	[59, -5, -54, 42, -113]	[166, -99, -69, 14, 87]	[-85, -27, -16, -64, 21]	[34, 53, 13, 50, -51]	[188, -196, -122, -128, -184]	[-126, -58, -19, -184, -114]	[213, -57, 5, 131, -78]	[-207, 85, 91, 180, 15]	[10006, 10002, 10004, 10001, 10000]	[283, 221, 196, 289, 245]
228	20.5	[114, 153, 39, 96, -213]	[136, -112, -65, 114, 13]	[-36, -44, -117, 77, -200]	[59, -56, -53, 18, -113]	[166, -109, -61, 33, 87]	[-85, -27, -16, -70, -23]	[34, 46, 10, 51, -57]	[188, -185, -97, -128, -184]	[-129, -90, -78, -140, -120]	[213, -57, 6, 131, -78]	[-207, 85, 91, 180, 19]	[10006, 10002, 10004, 10000, 10000]	[283, 221, 196, 289, 245]
229	29.0	[122, 11, -2, 96, -213]	[136, -115, -65, 114, 13]	[-36, -44, -27, 66, -200]	[59, -2, -53, 23, -113]	[166, -99, -67, 16, 82]	[-85, -27, -16, -66, -11]	[34, 59, 13, 50, -51]	[188, -186, -97, -128, -184]	[-129, -74, -51, -195, -120]	[213, -57, 5, 131, -78]	[-207, 85, 91, 180, 19]	[10006, 10002, 10004, 10000, 10000]	[283, 221, 196, 289, 245]
230	24.5	[118, 39, -34, -38, -262]	[132, -235, -100, -36, -2]	[12, -30, -41, -45, -200]	[-185, -58, -55, 76, -113]	[138, -117, -43, 48, 38]	[-21, -84, -16, -59, 143]	[34, 138, 13, 70, -60]	[188, -199, -140, -121, -184]	[-126, -57, -23, -220, -120]	[213, -57, 7, 131, -78]	[-211, 85, 91, 180, 14]	[10006, 9997, 10004, 10000, 10000]	[283, 221, 196, 289, 245]
231	25.0	[122, -33, -44, -39, -262]	[136, -219, -65, 114, 13]	[-36, -44, -20, -45, -200]	[-185, -61, -55, 23, -113]	[128, -113, -72, 110, 0]	[-21, -84, -16, -57, 40]	[34, 110, 1, 91, -60]	[188, -199, -140, -102, -184]	[-126, -50, -23, -220, -120]	[213, -57, 7, 131, -78]	[-205, 85, 91, 186, 26]	[10006, 10003, 10002, 10000, 10006]	[283, 221, 196, 289, 245]
232	25.5	[122, 11, -2, 96, -213]	[136, -115, -65, 114, 13]	[-36, -44, -27, 66, -200]	[59, -8, -53, 23, -113]	[166, -99, -67, 33, 87]	[-85, -27, -15, -69, 35]	[34, 135, 16, 149, -52]	[188, -185, -115, -127, -184]	[-129, -77, -70, -207, -120]	[213, -57, 5, 131, -78]	[-207, 85, 91, 180, 19]	[10006, 10002, 10004, 10000, 10000]	[283, 221, 196, 289, 245]
233	23.0	[122, 2, -2, 96, -213]	[136, -115, -65, 114, 13]	[-36, -33, -31, -7, -200]	[65, -14, -51, 23, -107]	[166, -99, -69, 33, 87]	[-85, -27, -16, -70, -23]	[34, 46, 13, 50, -51]	[188, -185, -97, -126, -184]	[-126, -53, -20, -155, -114]	[213, -57, 5, 131, -78]	[-207, 91, 91, 180, 20]	[10006, 10002, 10004, 10001, 9994]	[283, 221, 196, 289, 245]
234	26.0	[118, 39, -34, -38, -262]	[132, -235, -100, -36, -2]	[12, -34, -36, 16, -200]	[-185, -58, -55, 38, -113]	[138, -117, -43, 60, -93]	[-53, -26, -10, -59, 143]	[34, 65, 13, 47, -60]	[188, -180, -120, -126, -184]	[-126, -57, -58, -179, -119]	[-123, -27, 7, 131, -78]	[-211, 85, 79, 199, -5]	[10006, 9997, 10004, 10000, 10000]	[283, 221, 196, 289, 245]
235	28.5	[122, 2, -2, 96, -213]	[136, -115, -65, 114, 13]	[-36, -38, -31, -7, -200]	[-107, -41, -52, 23, -111]	[128, -113, -72, 58, 67]	[-85, -43, -16, -70, -23]	[34, 49, 9, 71, -59]	[188, -193, -138, -116, -184]	[-129, -53, -40, -180, -115]	[213, -57, 7, 131, -78]	[-207, 91, 91, 182, 23]	[10006, 10003, 10003, 10001, 9994]	[283, 221, 196, 289, 245]
236	27.0	[122, 3, -8, 3, -219]	[130, -186, -65, 114, 13]	[-36, -44, -24, -5, -200]	[-185, 64, -49, 23, -113]	[128, -123, -79, 84, -203]	[-21, -84, -16, -70, 29]	[34, 118, 14, 152, -60]	[188, -187, -123, -114, -184]	[-127, -62, -59, -200, -120]	[213, -57, 7, 131, -78]	[-205, 85, 91, 180, 20]	[10006, 10003, 10004, 10000, 10000]	[283, 221, 202, 289, 245]
237	25.5	[122, 11, -2, 96, -213]	[136, -115, -65, 114, 13]	[-36, -44, -27, 66, -200]	[59, -2, -53, 29, -113]	[166, -99, -67, 16, 82]	[-85, -27, -16, -63, -11]	[34, 103, 13, 50, -51]	[188, -192, -97, -128, -184]	[-129, -70, -30, -205, -120]	[213, -57, 5, 131, -78]	[-207, 85, 91, 180, 17]	[10006, 10002, 10004, 10000, 10000]	[283, 221, 196, 289, 245]
238	26.5	[118, 39, -34, -38, -262]	[132, -235, -100, -36, -2]	[12, -34, -36, 16, -200]	[-185, -58, -55, 38, -113]	[138, -117, -43, 60, -93]	[-53, -26, -10, -59, 143]	[34, 65, 13, 47, -60]	[188, -180, -120, -126, -184]	[-126, -57, -58, -179, -119]	[-123, -27, 7, 131, -78]	[-211, 85, 79, 199, -5]	[10006, 9997, 10004, 10000, 10000]	[283, 221, 196, 289, 245]
239	26.5	[122, 2, -2, 96, -213]	[136, -115, -65, 114, 13]	[-36, -33, -31, -7, -200]	[59, -14, -51, 23, -107]	[166, -99, -69, 33, 87]	[-85, -27, -16, -70, -23]	[34, 49, 19, 50, -51]	[188, -185, -97, -128, -184]	[-129, -60, -50, -154, -114]	[213, -57, 5, 131, -78]	[-207, 91, 91, 180, 20]	[10006, 10002, 10004, 10001, 9994]	[283, 221, 196, 289, 245]
240	26.5	[122, 2, -2, 96, -213]	[136, -115, -65, 114, 13]	[-36, -33, -30, 31, -200]	[65, -14, -51, 23, -110]	[166, -99, -68, 31, 84]	[-85, -27, -16, -63, -13]	[34, 46, 13, 50, -51]	[188, -185, -97, -126, -184]	[-126, -53, -27, -168, -117]	[213, -57, 5, 131, -78]	[-207, 91, 91, 180, 20]	[10006, 10002, 10004, 10001, 9994]	[283, 221, 196, 289, 245]
241	28.0	[122, 2, -2, 96, -213]	[136, -115, -65, 114, 13]	[-36, -33, -30, 31, -200]	[65, -14, -51, 23, -110]	[166, -99, -68, 31, 84]	[-85, -27, -16, -63, -13]	[34, 46, 13, 50, -51]	[188, -185, -97, -126, -184]	[-126, -53, -27, -168, -117]	[213, -57, 5, 131, -78]	[-207, 91, 91, 180, 20]	[10006, 10002, 10004, 10001, 9994]	[283, 221, 196, 289, 245]
242	29.5	[122, 11, -2, 96, -213]	[136, -115, -71, 114, 13]	[-36, -44, -27, 66, -200]	[59, -2, -53, 29, -113]	[166, -99, -67, 16, 82]	[-85, -27, -16, -63, -11]	[34, 99, 14, 106, -51]	[188, -192, -109, -128, -184]	[-129, -70, -30, -187, -115]	[213, -57, 5, 131, -78]	[-207, 85, 91, 181, 17]	[10006, 10002, 10003, 10000, 10000]	[283, 221, 196, 289, 245]
243	25.0	[122, 11, -2, 96, -213]	[136, -115, -65, 114, 13]	[-36, -44, -27, 66, -200]	[59, -2, -53, 23, -113]	[166, -99, -67, 16, 82]	[-85, -27, -16, -64, 34]	[34, 103, 13, 50, -51]	[188, -187, -97, -128, -184]	[-129, -73, -60, -205, -120]	[213, -57, 5, 131, -78]	[-207, 85, 91, 180, 19]	[10006, 10002, 10004, 10000, 10000]	[283, 221, 196, 289, 245]
244	24.5	[122, 2, -2, 90, -213]	[136, -115, -65, 114, 13]	[-36, -33, -31, -7, -200]	[59, -14, -51, 23, -107]	[166, -99, -69, 33, 87]	[-85, -27, -16, -70, -23]	[34, 49, 19, 50, -51]	[188, -185, -97, -128, -184]	[-129, -60, -50, -154, -114]	[213, -57, 5, 131, -78]	[-207, 91, 91, 180, 20]	[10006, 10002, 10004, 10001, 9994]	[283, 221, 196, 289, 245]
245	24.5	[122, 2, -2, 96, -213]	[136, -115, -65, 114, 13]	[-36, -38, -31, -7, -200]	[-107, -41, -52, 23, -111]	[128, -113, -73, 58, 67]	[-82, -43, -16, -70, -23]	[34, 77, 12, 117, -59]	[188, -187, -138, -114, -184]	[-129, -53, -48, -180, -115]	[213, -57, 7, 131, -78]	[-207, 87, 91, 181, 19]	[10006, 10002, 10003, 10000, 9994]	[283, 221, 196, 289, 245]
246	24.5	[122, 2, -8, 96, -213]	[136, -115, -65, 114, 13]	[-36, -33, -31, -7, -200]	[59, -14, -51, 23, -107]	[166, -99, -69, 33, 87]	[-85, -27, -16, -70, -23]	[34, 46, 19, 50, -51]	[188, -186, -97, -128, -184]	[-126, -58, -37, -191, -115]	[213, -57, 5, 131, -78]	[-207, 91, 91, 180, 20]	[10006, 10002, 10004, 10001, 9994]	[283, 221, 196, 289, 245]
247	25.0	[122, 2, -2, 96, -213]	[136, -115, -65, 114, 13]	[-36, -38, -31, -7, -200]	[-107, -41, -52, 23, -111]	[128, -113, -73, 58, 67]	[-82, -43, -16, -70, -23]	[34, 77, 12, 117, -59]	[188, -187, -138, -114, -184]	[-129, -53, -48, -180, -115]	[213, -57, 7, 131, -78]	[-207, 87, 91, 181, 19]	[10006, 10002, 10003, 10000, 9994]	[283, 221, 196, 289, 245]
248	28.0	[114, 153, 39, 96, -213]	[136, -112, -65, 114, 7]	[-36, -34, -72, 44, -200]	[59, -47, -53, 18, -113]	[166, -109, -61, 33, 87]	[-85, -27, -16, -70, -23]	[34, 46, 10, 51, -57]	[188, -185, -97, -128, -184]	[-129, -90, -78, -173, -118]	[213, -57, 6, 131, -78]	[-207, 85, 97, 180, 19]	[10006, 10002, 10004, 10000, 10000]	[283, 221, 196, 289, 245]
249	30.0	[122, 2, -8, 96, -213]	[136, -115, -65, 114, 13]	[-36, -33, -31, -7, -200]	[59, -14, -51, 23, -107]	[166, -99, -69, 33, 87]	[-85, -27, -16, -70, -23]	[34, 46, 19, 50, -51]	[188, -186, -97, -128, -184]	[-126, -58, -37, -191, -115]	[213, -57, 5, 131, -78]	[-207, 91, 91, 180, 20]	[10006, 10002, 10004, 10001, 9994]	[283, 221, 196, 289, 245]
250	29.0	[122, 2, -2, 96, -213]	[136, -180, -68, 114, 10]	[-36, -33, -31, -1, -200]	[65, -14, -51, 23, -107]	[166, -99, -69, 33, 87]	[-85, -27, -16, -70, -23]	[34, 46, 13, 50, -51]	[188, -185, -97, -126, -184]	[-126, -53, -20, -155, -114]	[213, -57, 5, 131, -78]	[-207, 97, 91, 180, 20]	[10006, 10002, 10004, 10001, 9994]	[283, 221, 196, 289, 245]
251	27.5	[122, 2, -2, 96, -213]	[136, -115, -65, 114, 13]	[-30, -38, -31, -7, -200]	[-107, -41, -52, 23, -111]	[128, -113, -73, 58, 67]	[-82, -43, -16, -70, -23]	[34, 77, 12, 117, -59]	[188, -187, -138, -114, -184]	[-129, -53, -48, -180, -115]	[213, -57, 7, 131, -78]	[-207, 87, 91, 181, 19]	[10006, 10002, 10003, 10000, 9994]	[283, 221, 196, 289, 245]
252	30.5	[114, 153, 39, 96, -213]	[136, -112, -65, 114, 7]	[-36, -34, -72, 44, -200]	[59, -47, -53, 18, -113]	[166, -109, -63, 36, 87]	[-84, -43, -16, -70, -23]	[34, 57, 12, 66, -58]	[188, -185, -107, -128, -184]	[-129, -89, -49, -173, -118]	[216, -57, 6, 131, -78]	[-207, 87, 94, 180, 19]	[10006, 10003, 10004, 10000, 10000]	[283, 221, 196, 289, 245]
253	37.0	[122, 11, -2, 96, -213]	[136, -115, -65, 114, 13]	[-36, -44, -27, 66, -200]	[59, -2, -53, 33, -113]	[166, -99, -67, 46, 51]	[-85, -27, -16, -64, 34]	[34, 103, 13, 51, -51]	[188, -187, -97, -128, -184]	[-129, -73, -60, -205, -120]	[213, -57, 5, 131, -78]	[-207, 85, 91, 180, 19]	[10006, 10002, 10004, 10000, 10000]	[283, 221, 196, 289, 245]
254	27.0	[122, 11, -2, 96, -213]	[133, -115, -71, 114, 13]	[-36, -44, -27, 51, -200]	[53, -54, -53, 66, -113]	[166, -112, -63, 17, 82]	[-53, -51, -16, -63, -11]	[34, 99, 13, 94, -51]	[188, -192, -109, -124, -184]	[-129, -70, -30, -187, -115]	[213, -57, 5, 131, -78]	[-207, 85, 91, 180, 17]	[10006, 10002, 10003, 10000, 10000]	[283, 221, 196, 289, 245]
255	27.5	[122, 2, -2, 96, -213]	[136, -115, -65, 114, 13]	[-36, -38, -31, -7, -200]	[-107, -35, -52, 23, -111]	[128, -113, -73, 58, 67]	[-82, -43, -16, -70, -23]	[34, 77, 12, 117, -59]	[188, -187, -138, -114, -184]	[-129, -53, -48, -180, -115]	[219, -57, 7, 131, -78]	[-207, 88, 91, 181, 23]	[10006, 10003, 10003, 10000, 9994]	[283, 221, 196, 289, 245]
256	27.5	[122, 8, -8, 96, -213]	[136, -115, -65, 114, 13]	[-36, -33, -31, -7, -200]	[59, -14, -51, 23, -107]	[166, -109, -72, 57, 87]	[-85, -40, -16, -70, -23]	[34, 56, 18, 50, -51]	[188, -187, -123, -128, -184]	[-126, -58, -40, -185, -115]	[213, -57, 5, 131, -78]	[-207, 91, 91, 180, 20]	[10006, 10002, 10004, 10001, 9994]	[283, 221, 196, 289, 245]
257	26.5	[122, 8, -8, 96, -213]	[136, -115, -65, 114, 13]	[-36, -33, -31, -7, -200]	[59, -14, -51, 23, -107]	[166, -109, -72, 57, 87]	[-85, -40, -16, -70, -23]	[34, 56, 18, 50, -51]	[188, -187, -123, -128, -184]	[-126, -58, -40, -185, -115]	[213, -57, 5, 131, -78]	[-207, 91, 91, 180, 20]	[10006, 10002, 10004, 10001, 9994]	[283, 221, 196, 289, 245]
258	31.0	[122, 11, -2, 96, -213]	[136, -115, -65, 114, 13]	[-36, -44, -27, 66, -200]	[59, -2, -53, 33, -113]	[166, -99, -67, 46, 51]	[-85, -27, -16, -64, 34]	[34, 103, 13, 51, -51]	[188, -187, -97, -128, -184]	[-129, -73, -60, -205, -120]	[213, -57, 5, 131, -78]	[-207, 85, 91, 180, 19]	[10006, 10002, 10004, 10000, 10000]	[283, 227, 196, 289, 245]
259	26.0	[122, 8, -8, 96, -213]	[136, -115, -65, 114, 13]	[-36, -33, -31, -7, -200]	[59, -14, -51, 23, -107]	[166, -109, -72, 57, 87]	[-85, -40, -16, -70, -23]	[34, 56, 18, 50, -51]	[188, -187, -123, -128, -184]	[-126, -58, -40, -185, -115]	[213, -57, 5, 131, -78]	[-207, 91, 91, 180, 20]	[10006, 10002, 10004, 10001, 9994]	[283, 221, 196, 289, 245]
260	25.0	[122, 11, -2, 96, -213]	[136, -115, -65, 114, 13]	[-36, -44, -69, 58, -200]	[59, -22, -53, 30, -113]	[166, -107, -65, 40, 72]	[-85, -27, -16, -65, 34]	[34, 103, 13, 51, -58]	[188, -187, -97, -128, -184]	[-129, -80, -60, -205, -120]	[213, -57, 5, 131, -78]	[-207, 86, 93, 180, 19]	[10006, 10003, 10004, 10000, 10000]	[283, 221, 196, 289, 245]
261	24.0	[118, 39, -34, -38, -262]	[132, -235, -100, -36, -2]	[12, -34, -36, 16, -200]	[-185, -58, -55, 38, -113]	[138, -117, -46, 36, 6]	[-39, -32, -14, -62, 63]	[34, 78, 12, 66, -54]	[188, -180, -113, -132, -184]	[-126, -57, -53, -181, -119]	[-123, -27, 6, 131, -78]	[-211, 85, 79, 199, -5]	[10006, 9997, 10004, 10000, 10000]	[283, 221, 196, 289, 245]
262	24.0	[122, 8, -8, 96, -213]	[136, -115, -65, 114, 13]	[-36, -33, -31, -7, -200]	[59, -14, -51, 23, -107]	[166, -109, -72, 57, 87]	[-85, -40, -16, -70, -23]	[34, 56, 18, 50, -51]	[188, -187, -123, -128, -184]	[-126, -58, -40, -185, -115]	[213, -57, 5, 131, -78]	[-207, 91, 91, 180, 20]	[10006, 10002, 10004, 10001, 9994]	[283, 221, 196, 289, 245]
263	27.5	[114, 153, 39, 96, -213]	[133, -137, -65, 114, 12]	[-15, -34, -62, 28, -200]	[-41, -36, -51, 23, -113]	[166, -109, -56, 37, 87]	[-85, -27, -14, -59, -23]	[34, 52, 13, 51, -53]	[188, -185, -97, -128, -184]	[-129, -83, -27, -166, -117]	[213, -57, 6, 131, -78]	[-207, 85, 97, 180, 19]	[10006, 10002, 10004, 10000, 9997]	[283, 221, 196, 289, 245]
264	28.0	[122, 2, -2, 96, -213]	[136, -115, -67, 114, 8]	[-36, -33, -31, -7, -200]	[-107, -21, -52, 23, -111]	[128, -101, -72, 58, 67]	[-82, -39, -12, -70, -23]	[34, 58, 12, 103, -57]	[188, -185, -112, -123, -184]	[-129, -53, -25, -171, -115]	[219, -57, 7, 131, -78]	[-207, 88, 91, 181, 23]	[10006, 10003, 10003, 10000, 9994]	[283, 221, 196, 289, 245]
265	25.5	[122, 11, -2, 96, -213]	[136, -115, -65, 114, 13]	[-36, -44, -69, 58, -200]	[59, -22, -53, 30, -113]	[166, -107, -65, 40, 72]	[-85, -27, -16, -65, 34]	[34, 103, 13, 51, -58]	[188, -187, -97, -128, -184]	[-129, -80, -60, -205, -120]	[213, -57, 5, 131, -78]	[-207, 86, 93, 180, 19]	[10006, 10003, 10004, 10000, 10000]	[283, 221, 196, 289, 245]
266	24.5	[114, 153, 39, 96, -213]	[136, -240, -97, 80, 9]	[-36, -34, -37, 22, -200]	[59, -57, -52, 23, -112]	[146, -108, -53, 54, 87]	[-85, -27, -14, -64, -23]	[34, 46, 15, 51, -53]	[188, -183, -97, -131, -184]	[-127, -79, -29, -173, -115]	[213, -57, 6, 131, -78]	[-207, 85, 97, 180, 19]	[10006, 10002, 10004, 10000, 9997]	[283, 221, 196, 289, 245]
267	24.0	[114, 153, 39, 96, -213]	[136, -240, -97, 80, 9]	[-35, -34, -36, 22, -200]	[59, -57, -52, 23, -112]	[138, -116, -52, 54, 87]	[-85, -27, -14, -64, -23]	[34, 66, 14, 51, -53]	[188, -180, -100, -132, -184]	[-127, -58, -50, -179, -115]	[213, -43, 6, 131, -78]	[-207, 85, 97, 195, -3]	[10006, 10002, 10004, 10000, 9997]	[283, 221, 196, 289, 245]
268	28.0	[122, 2, -2, 96, -213]	[136, -115, -65, 114, 13]	[-30, -43, -31, -7, -200]	[52, -19, -52, 23, -110]	[146, -110, -69, 49, 67]	[-84, -27, -16, -64, 11]	[34, 91, 13, 55, -55]	[188, -187, -121, -126, -184]	[-127, -53, -48, -187, -115]	[213, -57, 6, 131, -78]	[-207, 93, 91, 181, 19]	[10006, 10002, 10003, 10000, 9994]	[283, 221, 196, 289, 239]
269	27.5	[122, 11, -2, 96, -213]	[136, -115, -65, 114, 13]	[-36, -44, -27, 66, -200]	[59, -2, -53, 33, -113]	[166, -111, -64, 24, 51]	[-58, -43, -16, -63, 34]	[34, 101, 13, 51, -51]	[188, -190, -97, -128, -184]	[-129, -70, -60, -205, -120]	[213, -57, 5, 131, -78]	[-207, 85, 91, 180, 18]	[10006, 10002, 10004, 10000, 10000]	[283, 227, 196, 289, 245]
270	28.0	[122, 11, -2, 96, -213]	[136, -115, -65, 114, 13]	[-36, -44, -27, 66, -200]	[59, -6, -53, 32, -110]	[166, -99, -70, 51, 56]	[-85, -31, -16, -69, 5]	[34, 58, 13, 63, -51]	[188, -187, -104, -128, -184]	[-129, -73, -51, -192, -120]	[213, -57, 5, 131, -78]	[-207, 85, 91, 180, 19]	[10006, 10002, 10004, 10001, 9994]	[283, 227, 196, 289, 245]
271	24.0	[114, 153, 39, 96, -213]	[133, -137, -65, 114, 12]	[-15, -34, -62, 28, -200]	[-41, -36, -51, 23, -113]	[166, -109, -56, 37, 87]	[-85, -27, -14, -59, -23]	[34, 52, 13, 51, -53]	[188, -185, -97, -128, -184]	[-129, -83, -27, -166, -117]	[213, -57, 6, 131, -78]	[-207, 85, 97, 180, 19]	[10006, 10002, 10004, 10000, 9996]	[283, 221, 196, 289, 245]
272	28.0	[114, 153, 39, 96, -213]	[136, -240, -97, 80, 9]	[-36, -34, -37, 22, -200]	[59, -57, -52, 23, -112]	[146, -108, -53, 54, 87]	[-85, -27, -14, -64, -23]	[34, 46, 15, 51, -53]	[188, -183, -97, -131, -184]	[-127, -79, -29, -173, -115]	[213, -57, 6, 131, -78]	[-207, 85, 97, 180, 19]	[10006, 10002, 10004, 10000, 9997]	[283, 221, 196, 289, 245]
273	26.0	[114, 153, 39, 93, -213]	[136, -152, -92, 79, 9]	[-36, -34, -47, 8, -200]	[59, -56, -53, 23, -113]	[146, -111, -64, 59, 64]	[-85, -27, -12, -64, -9]	[34, 46, 12, 51, -53]	[188, -182, -97, -128, -184]	[-127, -79, -29, -186, -115]	[213, -57, 6, 131, -78]	[-207, 85, 97, 180, 19]	[10006, 10002, 10004, 10000, 9997]	[283, 221, 196, 289, 245]
274	24.0	[122, 2, -2, 96, -213]	[136, -115, -65, 114, 13]	[-30, -43, -31, -7, -200]	[52, -19, -52, 23, -110]	[146, -110, -70, 53, 67]	[-82, -27, -16, -66, 1]	[34, 54, 14, 55, -55]	[188, -187, -115, -126, -184]	[-127, -53, -48, -180, -115]	[213, -57, 8, 131, -78]	[-207, 93, 91, 181, 19]	[10006, 10002, 10003, 10000, 9994]	[283, 221, 196, 289, 239]
275	28.0	[122, 11, -2, 96, -213]	[136, -115, -65, 114, 13]	[-36, -44, -69, 58, -200]	[59, -22, -53, 30, -113]	[166, -107, -65, 40, 72]	[-85, -27, -16, -65, 34]	[34, 103, 13, 51, -58]	[188, -187, -97, -128, -184]	[-129, -80, -60, -205, -120]	[213, -57, 5, 131, -78]	[-207, 86, 93, 180, 19]	[10006, 10003, 10004, 10000, 10000]	[289, 221, 196, 289, 245]
276	26.0	[122, 11, -2, 96, -213]	[136, -115, -65, 114, 13]	[-36, -44, -27, 66, -200]	[59, -6, -53, 32, -110]	[166, -99, -70, 51, 56]	[-85, -31, -16, -69, 5]	[34, 58, 13, 63, -51]	[188, -187, -104, -128, -184]	[-129, -73, -51, -192, -120]	[213, -57, 5, 131, -78]	[-207, 85, 91, 180, 19]	[10006, 10002, 10004, 10001, 9994]	[283, 227, 196, 289, 245]
277	28.0	[114, 153, 39, 93, -213]	[136, -152, -92, 79, 9]	[-36, -34, -47, 8, -200]	[59, -56, -53, 23, -113]	[146, -111, -64, 59, 64]	[-85, -27, -12, -64, -9]	[34, 46, 12, 51, -53]	[188, -182, -97, -128, -184]	[-127, -79, -29, -186, -115]	[213, -57, 6, 131, -78]	[-207, 85, 97, 180, 19]	[10006, 10002, 10004, 10000, 9997]	[283, 221, 196, 289, 245]
278	28.5	[114, 153, 39, 96, -213]	[133, -137, -65, 114, 12]	[-15, -34, -62, 28, -200]	[-41, -36, -51, 23, -113]	[166, -109, -56, 37, 87]	[-85, -30, -16, -61, -23]	[34, 54, 7, 51, -53]	[188, -186, -99, -128, -184]	[-129, -83, -27, -181, -115]	[213, -57, 6, 131, -72]	[-207, 85, 97, 180, 19]	[10006, 10002, 10004, 10000, 9996]	[283, 221, 196, 289, 245]
279	25.5	[114, 153, 39, 96, -213]	[136, -240, -97, 80, 9]	[-36, -34, -37, 22, -200]	[59, -56, -52, 27, -113]	[146, -108, -64, 40, 87]	[-85, -27, -14, -65, 26]	[40, 47, 15, 52, -54]	[188, -184, -97, -131, -184]	[-127, -79, -39, -176, -120]	[213, -57, 7, 131, -78]	[-207, 85, 97, 181, 19]	[10006, 10002, 10004, 10000, 9997]	[283, 221, 196, 289, 245]
280	24.5	[114, 153, 39, 96, -213]	[136, -240, -97, 80, 9]	[-35, -34, -36, 22, -200]	[59, -57, -52, 23, -112]	[138, -116, -52, 54, 87]	[-85, -27, -14, -64, -23]	[34, 66, 14, 51, -53]	[188, -180, -100, -132, -184]	[-127, -58, -50, -179, -115]	[213, -43, 6, 131, -78]	[-207, 85, 97, 195, -3]	[10006, 10002, 10004, 10006, 9997]	[283, 221, 196, 289, 245]
281	26.0	[114, 153, 39, 96, -213]	[133, -137, -65, 114, 12]	[-15, -34, -62, 28, -200]	[-41, -36, -51, 23, -113]	[166, -109, -56, 37, 87]	[-85, -30, -16, -61, -23]	[34, 54, 7, 51, -53]	[188, -186, -99, -128, -184]	[-129, -83, -27, -181, -115]	[213, -57, 6, 131, -72]	[-207, 85, 97, 180, 19]	[10006, 10002, 10004, 10000, 9996]	[283, 221, 196, 289, 245]
282	24.0	[114, 153, 39, 93, -213]	[136, -152, -92, 79, 9]	[-36, -34, -47, 8, -200]	[59, -56, -53, 23, -113]	[146, -111, -64, 59, 64]	[-85, -27, -12, -64, -9]	[34, 46, 12, 51, -53]	[188, -182, -97, -128, -184]	[-127, -79, -29, -186, -115]	[213, -57, 6, 131, -78]	[-207, 85, 97, 180, 19]	[10006, 10002, 10004, 10000, 9997]	[283, 221, 196, 289, 245]
283	26.0	[114, 153, 39, 96, -213]	[136, -240, -97, 80, 9]	[-36, -39, -63, 35, -200]	[59, -34, -52, 23, -112]	[159, -107, -59, 53, 84]	[-85, -27, -15, -64, -23]	[40, 47, 15, 52, -54]	[188, -184, -97, -131, -184]	[-127, -79, -39, -176, -115]	[213, -57, 7, 131, -78]	[-207, 85, 97, 181, 19]	[10006, 10002, 10004, 10000, 9997]	[283, 221, 196, 289, 245]
284	28.5	[114, 153, 39, 96, -213]	[136, -240, -97, 80, 9]	[-36, -39, -63, 35, -200]	[59, -34, -52, 23, -112]	[159, -107, -59, 53, 84]	[-85, -27, -15, -64, -23]	[40, 47, 15, 52, -54]	[188, -184, -97, -131, -184]	[-127, -79, -39, -176, -115]	[213, -63, 7, 131, -78]	[-207, 85, 97, 181, 19]	[10006, 10002, 10004, 10000, 9997]	[283, 221, 196, 289, 245]
285	28.5	[114, 153, 39, 96, -213]	[136, -240, -97, 80, 9]	[-36, -34, -37, 22, -200]	[59, -56, -52, 27, -113]	[146, -108, -64, 40, 87]	[-85, -27, -14, -65, 26]	[40, 47, 15, 52, -54]	[188, -184, -97, -131, -184]	[-127, -79, -39, -176, -120]	[213, -57, 7, 131, -78]	[-207, 85, 97, 181, 19]	[10006, 10002, 10004, 10000, 9997]	[283, 221, 196, 289, 245]
286	29.5	[114, 153, 39, 96, -213]	[136, -240, -97, 80, 9]	[-35, -34, -36, 22, -200]	[59, -57, -52, 23, -112]	[138, -111, -54, 43, 87]	[-85, -27, -14, -65, -3]	[34, 66, 14, 52, -53]	[188, -181, -100, -132, -184]	[-127, -63, -46, -179, -115]	[213, -52, 6, 131, -78]	[-207, 85, 97, 195, -3]	[10006, 10002, 10004, 10002, 9997]	[283, 221, 196, 289, 245]
287	25.0	[114, 153, 39, 96, -213]	[133, -143, -65, 114, 13]	[-34, -35, -30, 45, -200]	[55, -34, -51, 23, -113]	[166, -107, -67, 40, 87]	[-85, -29, -16, -69, -23]	[34, 47, 13, 60, -51]	[188, -185, -99, -128, -184]	[-129, -76, -21, -166, -118]	[213, -57, 12, 131, -78]	[-207, 88, 94, 180, 19]	[10012, 10002, 10004, 10000, 9997]	[283, 221, 196, 289, 245]
288	28.0	[122, 11, -2, 96, -213]	[136, -115, -65, 114, 13]	[-36, -44, -27, 66, -200]	[59, -6, -53, 32, -110]	[166, -99, -70, 41, 55]	[-85, -31, -16, -69, -17]	[34, 55, 14, 60, -51]	[188, -186, -102, -128, -184]	[-129, -73, -51, -192, -119]	[213, -57, 5, 131, -78]	[-207, 91, 91, 180, 19]	[10012, 10002, 10004, 10001, 9994]	[283, 227, 196, 289, 245]
289	23.5	[114, 153, 39, 96, -213]	[136, -240, -97, 80, 9]	[-36, -39, -63, 35, -200]	[59, -34, -52, 23, -112]	[159, -107, -59, 53, 84]	[-85, -27, -15, -64, -23]	[40, 47, 15, 52, -54]	[188, -184, -97, -131, -184]	[-127, -79, -39, -176, -115]	[213, -63, 7, 131, -78]	[-207, 85, 97, 181, 19]	[10006, 10002, 10004, 10000, 9997]	[283, 221, 196, 289, 245]
290	29.5	[114, 153, 39, 96, -213]	[136, -240, -97, 80, 9]	[-36, -34, -36, 22, -200]	[59, -56, -52, 27, -113]	[146, -109, -61, 40, 87]	[-85, -27, -14, -65, 26]	[40, 47, 15, 52, -54]	[188, -184, -97, -131, -184]	[-127, -79, -39, -176, -120]	[213, -57, 7, 131, -78]	[-207, 85, 97, 181, 19]	[10006, 10002, 10004, 10000, 9997]	[283, 221, 196, 289, 245]
291	26.0	[114, 153, 39, 96, -213]	[136, -240, -97, 80, 9]	[-35, -34, -36, 22, -200]	[59, -57, -52, 23, -112]	[138, -116, -52, 54, 87]	[-85, -27, -14, -64, -8]	[34, 55, 14, 52, -53]	[188, -181, -98, -132, -184]	[-127, -58, -50, -179, -115]	[213, -49, 6, 131, -78]	[-207, 85, 97, 195, -3]	[10006, 10002, 10004, 10006, 9997]	[283, 221, 196, 289, 245]
292	27.0	[114, 153, 39, 90, -213]	[133, -137, -65, 114, 12]	[-15, -28, -62, 28, -200]	[-41, -36, -51, 23, -113]	[166, -109, -56, 37, 87]	[-85, -27, -14, -59, -17]	[34, 53, 13, 51, -52]	[188, -185, -97, -128, -184]	[-129, -83, -29, -190, -118]	[213, -57, 5, 131, -78]	[-207, 85, 96, 181, 19]	[10006, 10002, 9998, 10000, 9997]	[283, 221, 196, 289, 245]
293	24.0	[114, 153, 39, 96, -213]	[136, -240, -97, 80, 9]	[-36, -34, -36, 22, -200]	[59, -56, -52, 27, -113]	[146, -109, -61, 40, 87]	[-85, -27, -14, -65, 26]	[40, 47, 15, 52, -54]	[188, -184, -97, -131, -184]	[-127, -79, -39, -176, -120]	[213, -57, 7, 131, -78]	[-207, 85, 97, 181, 19]	[10006, 10002, 10004, 10000, 9997]	[283, 221, 196, 289, 245]
294	25.5	[114, 153, 39, 96, -213]	[134, -186, -80, 94, 9]	[-35, -34, -48, 22, -200]	[59, -57, -52, 23, -113]	[138, -111, -54, 40, 87]	[-85, -30, -16, -61, -3]	[34, 54, 8, 51, -53]	[188, -186, -100, -129, -184]	[-127, -66, -46, -181, -115]	[213, -56, 6, 131, -78]	[-207, 85, 97, 195, -3]	[10006, 10002, 10004, 10000, 9997]	[283, 221, 196, 289, 245]
295	24.0	[114, 153, 39, 96, -213]	[133, -137, -65, 114, 12]	[-15, -34, -62, 28, -200]	[-41, -36, -51, 23, -113]	[166, -108, -60, 38, 87]	[-85, -30, -15, -61, -23]	[34, 54, 11, 51, -53]	[188, -185, -99, -132, -184]	[-129, -83, -36, -184, -115]	[213, -57, 6, 131, -76]	[-207, 85, 97, 180, 19]	[10006, 10002, 10004, 10001, 9997]	[283, 221, 196, 289, 245]
296	26.5	[122, 11, -2, 96, -213]	[136, -115, -65, 114, 13]	[-36, -44, -27, 66, -200]	[59, -6, -53, 32, -110]	[166, -99, -70, 41, 55]	[-85, -31, -16, -69, -17]	[34, 55, 14, 60, -51]	[188, -186, -102, -128, -184]	[-129, -77, -45, -192, -119]	[213, -59, 7, 131, -78]	[-207, 85, 92, 180, 19]	[10012, 10002, 10004, 10001, 9994]	[283, 227, 196, 289, 245]
297	24.0	[114, 153, 39, 96, -213]	[133, -143, -65, 114, 13]	[-34, -35, -30, 45, -200]	[55, -34, -51, 23, -113]	[166, -107, -67, 40, 87]	[-85, -29, -16, -69, -23]	[34, 47, 13, 60, -51]	[188, -185, -99, -128, -184]	[-129, -76, -21, -166, -118]	[213, -57, 12, 131, -78]	[-207, 88, 94, 180, 19]	[10012, 10002, 10004, 10000, 9997]	[283, 221, 196, 289, 245]
298	23.0	[114, 153, 39, 96, -213]	[134, -186, -80, 94, 9]	[-35, -34, -48, 22, -200]	[59, -57, -52, 23, -113]	[138, -111, -54, 40, 87]	[-85, -30, -16, -61, -3]	[34, 54, 8, 51, -53]	[188, -186, -100, -129, -184]	[-127, -66, -46, -181, -115]	[213, -56, 6, 131, -78]	[-207, 85, 97, 195, -3]	[10006, 10002, 10004, 10000, 9997]	[283, 221, 196, 289, 245]
299	24.5	[114, 153, 39, 96, -213]	[136, -240, -97, 80, 9]	[-36, -39, -63, 35, -200]	[59, -40, -52, 23, -112]	[159, -107, -59, 53, 84]	[-85, -27, -15, -64, -23]	[40, 47, 15, 52, -54]	[188, -184, -97, -131, -184]	[-127, -79, -39, -176, -115]	[213, -60, 6, 131, -78]	[-207, 85, 97, 181, 18]	[10006, 10002, 10004, 10000, 9997]	[283, 221, 196, 289, 245]
300	25.5	[114, 153, 14, 96, -213]	[135, -116, -65, 109, 12]	[-17, -38, -44, 29, -200]	[-41, -36, -52, 30, -111]	[166, -102, -66, 31, 87]	[-85, -29, -15, -66, -23]	[34, 56, 13, 50, -51]	[188, -187, -109, -128, -184]	[-129, -71, -28, -179, -119]	[213, -57, 13, 131, -66]	[-207, 91, 97, 180, 19]	[10006, 10002, 10004, 10000, 9996]	[289, 223, 192, 289, 245]
301	26.0	[122, 11, 23, 90, -213]	[136, -115, -65, 114, 13]	[-36, -44, -37, 40, -200]	[59, -4, -51, 24, -113]	[166, -101, -64, 36, 53]	[-85, -30, -16, -69, 7]	[34, 55, 13, 60, -52]	[188, -187, -100, -132, -184]	[-129, -73, -43, -185, -117]	[213, -57, 5, 131, -78]	[-207, 85, 91, 180, 19]	[10006, 10002, 10004, 10001, 9994]	[283, 233, 190, 289, 245]
302	27.0	[114, 153, 39, 96, -213]	[136, -240, -97, 80, 9]	[-36, -39, -63, 35, -200]	[59, -40, -52, 23, -112]	[159, -107, -59, 53, 84]	[-85, -27, -15, -64, -23]	[40, 47, 15, 52, -54]	[188, -184, -97, -131, -184]	[-127, -79, -39, -176, -115]	[213, -60, 6, 131, -78]	[-207, 85, 97, 181, 18]	[10006, 10002, 10004, 10000, 9997]	[283, 221, 171, 289, 245]
303	29.5	[89, 153, 39, 96, -213]	[136, -240, -97, 80, 9]	[-36, -34, -36, 22, -200]	[59, -56, -52, 27, -113]	[155, -109, -61, 40, 87]	[-85, -27, -14, -65, 26]	[40, 47, 15, 52, -54]	[188, -184, -97, -131, -184]	[-127, -79, -39, -176, -120]	[213, -57, 7, 131, -78]	[-207, 85, 97, 181, 19]	[10006, 10002, 10004, 10000, 9997]	[283, 221, 196, 289, 245]
304	26.0	[89, 153, 39, 96, -213]	[136, -240, -97, 80, 9]	[-36, -34, -36, 22, -200]	[59, -56, -52, 27, -113]	[155, -109, -61, 40, 87]	[-85, -27, -14, -65, 26]	[40, 47, 15, 52, -54]	[188, -184, -97, -131, -184]	[-127, -79, -39, -176, -120]	[213, -57, 7, 131, -78]	[-207, 85, 97, 181, 19]	[10006, 10002, 10004, 10000, 9997]	[283, 221, 196, 289, 245]
305	28.0	[114, 153, 39, 96, -213]	[134, -186, -86, 81, 9]	[-35, -39, -48, 22, -200]	[59, -42, -52, 23, -113]	[144, -107, -58, 40, 87]	[-85, -30, -16, -62, -20]	[34, 54, 8, 52, -53]	[188, -186, -98, -131, -184]	[-127, -80, -46, -181, -115]	[213, -56, 6, 131, -78]	[-207, 85, 97, 194, -1]	[10009, 10002, 10004, 10000, 9997]	[283, 221, 196, 289, 245]
306	29.5	[114, 153, 39, 93, -213]	[133, -152, -92, 73, 9]	[-36, -34, -53, 15, -195]	[54, -34, -51, 23, -113]	[146, -102, -60, 38, 64]	[-85, -27, -15, -62, -23]	[34, 51, 12, 51, -53]	[188, -184, -109, -132, -184]	[-127, -74, -40, -188, -115]	[213, -57, 5, 131, -76]	[-207, 85, 97, 180, 19]	[10006, 10002, 10004, 10001, 9997]	[283, 221, 196, 289, 245]
307	27.5	[114, 153, 39, 93, -213]	[133, -152, -92, 73, 9]	[-36, -34, -53, 15, -195]	[54, -34, -51, 23, -113]	[146, -102, -60, 38, 64]	[-85, -27, -15, -62, -23]	[34, 51, 12, 51, -53]	[188, -184, -109, -132, -184]	[-127, -74, -40, -188, -115]	[213, -57, 5, 131, -76]	[-207, 85, 97, 180, 19]	[10006, 10002, 10004, 10001, 9997]	[283, 221, 196, 289, 245]
308	26.5	[114, 153, 39, 93, -213]	[133, -152, -92, 73, 9]	[-36, -34, -53, 15, -195]	[54, -34, -51, 23, -113]	[146, -102, -60, 38, 64]	[-85, -27, -15, -62, -23]	[34, 51, 12, 51, -53]	[188, -184, -109, -132, -184]	[-127, -74, -40, -188, -115]	[213, -57, 5, 131, -76]	[-207, 85, 97, 180, 19]	[10006, 10002, 10004, 10001, 9997]	[283, 221, 196, 289, 245]
309	35.0	[114, 153, 39, 93, -213]	[133, -152, -92, 73, 9]	[-36, -34, -53, 15, -195]	[54, -34, -51, 23, -113]	[146, -102, -60, 38, 64]	[-85, -27, -15, -62, -23]	[34, 51, 12, 51, -53]	[188, -184, -109, -132, -184]	[-127, -74, -40, -188, -115]	[213, -57, 5, 131, -76]	[-207, 85, 97, 180, 19]	[10006, 10002, 10004, 10001, 9997]	[283, 221, 196, 289, 245]
310	26.5	[114, 153, 39, 93, -213]	[133, -152, -92, 73, 9]	[-36, -34, -53, 15, -195]	[54, -34, -51, 23, -113]	[146, -102, -60, 38, 64]	[-85, -27, -15, -62, -23]	[33, 50, 13, 51, -53]	[188, -185, -99, -132, -184]	[-127, -74, -36, -188, -115]	[213, -57, 5, 129, -76]	[-207, 85, 97, 180, 19]	[10006, 10002, 10004, 10001, 9997]	[283, 221, 196, 289, 245]
311	29.5	[89, 153, 39, 96, -213]	[136, -240, -97, 80, 9]	[-36, -34, -36, 22, -200]	[59, -56, -52, 27, -113]	[153, -107, -61, 38, 87]	[-85, -27, -15, -62, 26]	[40, 48, 15, 52, -54]	[188, -184, -98, -132, -184]	[-127, -79, -40, -181, -120]	[213, -57, 7, 131, -76]	[-207, 85, 97, 181, 19]	[10000, 10002, 10004, 10000, 9997]	[283, 221, 196, 289, 245]
312	26.5	[122, 11, -2, 96, -213]	[136, -115, -65, 114, 13]	[-36, -44, -27, 66, -200]	[59, -5, -53, 32, -110]	[166, -93, -70, 37, 54]	[-85, -31, -16, -69, 2]	[34, 55, 13, 60, -26]	[188, -186, -101, -128, -184]	[-129, -75, -44, -189, -119]	[213, -59, 7, 131, -78]	[-207, 85, 92, 180, 19]	[10012, 10002, 10004, 10001, 9994]	[283, 227, 196, 289, 245]
313	25.5	[114, 153, 39, 96, -213]	[136, -240, -97, 80, 9]	[-36, -39, -63, 17, -196]	[59, -46, -52, 23, -113]	[148, -111, -59, 53, 84]	[-85, -28, -11, -64, -19]	[40, 47, 11, 51, -54]	[188, -184, -100, -131, -184]	[-127, -74, -39, -181, -115]	[213, -57, 6, 131, -78]	[-207, 85, 97, 180, 18]	[10006, 10002, 10004, 10000, 9997]	[289, 221, 171, 289, 245]
314	27.5	[114, 153, 39, 93, -213]	[133, -152, -92, 83, 10]	[-36, -34, -51, 15, -195]	[54, -28, -51, 23, -113]	[146, -103, -60, 38, 82]	[-85, -27, -15, -62, -23]	[33, 50, 12, 51, -53]	[188, -185, -107, -132, -184]	[-127, -74, -36, -185, -115]	[213, -57, 5, 131, -76]	[-207, 85, 95, 180, 19]	[10006, 10002, 10004, 10001, 9997]	[283, 221, 196, 289, 245]
315	28.0	[122, 11, 23, 90, -213]	[136, -115, -65, 114, 13]	[-36, -44, -37, 40, -200]	[59, -4, -51, 24, -113]	[166, -101, -64, 34, 78]	[-85, -30, -16, -67, 3]	[34, 55, 13, 51, -52]	[188, -187, -102, -132, -184]	[-129, -73, -43, -185, -117]	[213, -57, 5, 131, -78]	[-207, 85, 91, 180, 19]	[10006, 10002, 10004, 10001, 9994]	[283, 233, 190, 289, 245]
316	31.0	[89, 153, 39, 96, -213]	[136, -240, -97, 80, 9]	[-36, -34, -36, 22, -200]	[59, -56, -52, 27, -107]	[155, -109, -61, 40, 87]	[-85, -27, -14, -65, 26]	[40, 47, 13, 52, -54]	[188, -184, -100, -132, -184]	[-127, -76, -39, -176, -120]	[213, -57, 5, 125, -78]	[-207, 85, 97, 181, 19]	[10006, 10002, 10004, 10000, 9997]	[283, 221, 196, 289, 245]
317	25.0	[114, 153, 39, 93, -213]	[133, -152, -92, 83, 10]	[-36, -34, -51, 15, -195]	[54, -28, -51, 23, -113]	[146, -103, -60, 38, 82]	[-85, -27, -15, -62, -23]	[33, 50, 12, 51, -53]	[188, -185, -107, -132, -184]	[-127, -74, -36, -185, -115]	[213, -57, 5, 131, -76]	[-207, 85, 95, 180, 19]	[10006, 10002, 10004, 10001, 9997]	[283, 221, 196, 289, 245]
318	26.0	[114, 153, 39, 96, -213]	[134, -186, -86, 81, 9]	[-35, -39, -48, 22, -200]	[59, -42, -52, 23, -113]	[144, -107, -58, 40, 87]	[-85, -30, -16, -62, -20]	[34, 54, 8, 52, -53]	[188, -186, -98, -131, -184]	[-127, -80, -46, -187, -115]	[213, -56, 6, 131, -78]	[-207, 85, 97, 194, -1]	[10009, 10002, 10004, 10000, 9997]	[283, 227, 196, 289, 245]
319	27.0	[114, 153, 39, 96, -213]	[136, -240, -87, 82, 9]	[-36, -41, -41, 17, -196]	[59, -46, -52, 23, -113]	[148, -111, -59, 53, 84]	[-85, -28, -11, -64, -19]	[40, 47, 11, 51, -54]	[188, -184, -100, -131, -184]	[-127, -74, -39, -181, -115]	[213, -57, 6, 131, -78]	[-207, 85, 97, 180, 18]	[10006, 10002, 10004, 10000, 9997]	[289, 227, 171, 289, 245]
320	26.5	[114, 153, 39, 96, -213]	[136, -240, -87, 82, 9]	[-36, -41, -41, 17, -196]	[59, -46, -52, 23, -113]	[148, -111, -59, 53, 84]	[-85, -28, -11, -64, -19]	[40, 47, 11, 51, -54]	[188, -184, -100, -131, -184]	[-127, -74, -39, -181, -115]	[213, -57, 6, 131, -78]	[-207, 85, 97, 180, 18]	[10006, 10002, 10004, 10000, 9997]	[289, 227, 171, 289, 245]
321	29.5	[114, 153, 39, 96, -213]	[133, -143, -75, 83, 13]	[-34, -35, -30, 45, -200]	[55, -34, -51, 23, -113]	[166, -107, -67, 40, 87]	[-60, -28, -16, -69, -23]	[34, 47, 13, 60, -51]	[188, -185, -99, -132, -184]	[-128, -73, -21, -179, -109]	[213, -57, 11, 131, -78]	[-207, 88, 94, 180, 19]	[10012, 10002, 10004, 10000, 10003]	[283, 221, 196, 289, 239]
322	28.5	[114, 153, 45, 93, -213]	[133, -152, -92, 73, 9]	[-36, -34, -53, 15, -195]	[54, -34, -51, 24, -113]	[146, -106, -60, 40, 64]	[-85, -27, -14, -65, -23]	[39, 47, 13, 52, -54]	[188, -185, -100, -132, -184]	[-127, -75, -38, -179, -115]	[213, -57, 5, 129, -76]	[-207, 85, 97, 180, 19]	[10006, 10002, 10004, 10001, 9997]	[283, 221, 196, 289, 245]
323	29.0	[114, 153, 39, 96, -213]	[136, -240, -87, 82, 9]	[-36, -41, -41, 17, -196]	[59, -46, -52, 23, -113]	[148, -111, -59, 53, 84]	[-85, -28, -11, -64, -19]	[40, 47, 11, 51, -54]	[188, -184, -100, -131, -184]	[-127, -74, -39, -181, -115]	[213, -57, 6, 131, -78]	[-207, 85, 97, 180, 18]	[10006, 10002, 10004, 10000, 9997]	[289, 227, 171, 289, 245]
324	30.0	[89, 153, 39, 96, -213]	[133, -221, -79, 80, 9]	[-34, -35, -36, 22, -200]	[59, -56, -52, 27, -113]	[155, -109, -61, 40, 87]	[-85, -27, -14, -65, 26]	[40, 47, 15, 52, -54]	[188, -184, -97, -131, -184]	[-127, -79, -39, -176, -120]	[213, -57, 7, 131, -78]	[-207, 85, 103, 181, 19]	[10006, 10002, 10004, 10000, 9997]	[283, 221, 196, 289, 245]
325	28.5	[114, 153, 45, 93, -213]	[133, -152, -92, 81, 9]	[-36, -34, -37, 16, -195]	[54, -34, -51, 27, -107]	[146, -107, -61, 40, 79]	[-85, -27, -14, -65, -23]	[39, 47, 13, 52, -54]	[188, -184, -100, -132, -184]	[-127, -75, -42, -186, -118]	[213, -57, 5, 130, -76]	[-207, 85, 96, 180, 19]	[10006, 10002, 10004, 10001, 9997]	[283, 221, 196, 289, 245]
326	31.0	[89, 153, 39, 96, -213]	[136, -181, -97, 80, 9]	[-36, -34, -34, 44, -200]	[58, -42, -52, 27, -113]	[155, -107, -66, 40, 87]	[-66, -27, -14, -65, 26]	[36, 47, 15, 53, -53]	[188, -184, -98, -131, -184]	[-129, -76, -33, -176, -115]	[213, -57, 9, 131, -78]	[-207, 85, 103, 181, 19]	[10006, 10002, 10004, 10000, 9997]	[283, 221, 196, 289, 245]
327	23.0	[114, 153, 39, 96, -213]	[136, -240, -87, 82, 9]	[-36, -41, -41, 17, -196]	[59, -46, -52, 23, -113]	[148, -111, -59, 53, 84]	[-85, -28, -11, -64, -19]	[40, 47, 11, 51, -54]	[188, -184, -100, -131, -184]	[-127, -74, -39, -181, -115]	[213, -57, 6, 131, -78]	[-207, 85, 97, 180, 18]	[10006, 10002, 10004, 10000, 9997]	[289, 227, 171, 289, 245]
328	31.5	[114, 153, 39, 93, -213]	[133, -162, -91, 83, 10]	[-36, -34, -45, 17, -196]	[54, -28, -52, 23, -113]	[147, -106, -60, 42, 82]	[-85, -28, -15, -62, -23]	[33, 50, 12, 51, -53]	[188, -185, -101, -132, -184]	[-127, -74, -36, -185, -115]	[213, -57, 5, 131, -76]	[-207, 85, 95, 180, 19]	[10006, 10002, 10004, 10001, 9997]	[283, 221, 196, 289, 245]
329	28.5	[114, 153, 39, 96, -219]	[134, -186, -86, 81, 9]	[-35, -39, -48, 22, -200]	[59, -42, -52, 23, -113]	[144, -107, -58, 40, 87]	[-85, -30, -16, -62, -20]	[34, 54, 8, 52, -53]	[188, -186, -98, -131, -184]	[-127, -80, -46, -187, -115]	[213, -56, 6, 131, -78]	[-207, 85, 97, 194, -1]	[10003, 10002, 10004, 10000, 9997]	[283, 227, 196, 289, 245]
330	27.5	[114, 153, 39, 96, -213]	[134, -132, -84, 81, 9]	[-36, -40, -29, 22, -200]	[59, -35, -53, 32, -113]	[144, -107, -59, 38, 74]	[-85, -31, -16, -67, -9]	[42, 61, 10, 57, -53]	[188, -187, -99, -131, -184]	[-127, -76, -36, -179, -117]	[213, -56, 9, 131, -78]	[-207, 85, 97, 194, -1]	[10009, 10002, 10004, 10000, 9997]	[283, 233, 196, 289, 245]
331	30.5	[114, 153, 39, 93, -213]	[133, -152, -92, 83, 10]	[-36, -34, -45, 15, -195]	[54, -28, -51, 23, -113]	[146, -110, -59, 42, 84]	[-85, -27, -14, -62, -23]	[33, 50, 12, 51, -53]	[188, -185, -100, -131, -184]	[-127, -74, -36, -185, -115]	[213, -57, 6, 131, -78]	[-207, 85, 95, 180, 19]	[10006, 10002, 10004, 10001, 9997]	[283, 221, 196, 289, 245]
332	30.0	[114, 153, 45, 93, -213]	[133, -152, -92, 73, 9]	[-36, -34, -53, 15, -195]	[54, -34, -51, 24, -113]	[146, -106, -60, 40, 64]	[-85, -27, -14, -65, -23]	[39, 47, 13, 52, -54]	[188, -185, -100, -132, -184]	[-127, -75, -42, -186, -118]	[213, -57, 5, 130, -76]	[-207, 85, 96, 180, 13]	[10006, 10002, 10004, 10001, 9997]	[283, 221, 196, 289, 245]
333	28.5	[114, 153, 39, 96, -213]	[136, -240, -97, 80, 9]	[-36, -39, -63, 17, -196]	[59, -46, -52, 23, -113]	[148, -111, -59, 53, 84]	[-85, -28, -11, -64, -19]	[40, 41, 11, 51, -54]	[188, -184, -100, -131, -184]	[-127, -74, -41, -181, -115]	[213, -57, 6, 131, -78]	[-207, 85, 97, 180, 18]	[10006, 10008, 10004, 10000, 9997]	[289, 227, 171, 289, 245]
334	25.0	[89, 153, 39, 96, -213]	[133, -221, -79, 80, 9]	[-34, -35, -36, 22, -200]	[59, -56, -52, 27, -113]	[155, -109, -61, 40, 87]	[-85, -27, -14, -65, 26]	[40, 47, 15, 52, -54]	[188, -184, -97, -131, -184]	[-127, -79, -39, -176, -120]	[213, -57, 7, 131, -78]	[-207, 85, 103, 181, 19]	[10006, 10002, 10004, 10000, 9997]	[283, 221, 196, 289, 245]
335	24.0	[114, 153, 45, 93, -213]	[133, -152, -92, 73, 9]	[-36, -34, -53, 15, -195]	[54, -34, -51, 24, -113]	[146, -106, -60, 40, 64]	[-85, -27, -14, -65, -23]	[39, 47, 13, 52, -54]	[188, -185, -100, -132, -184]	[-127, -75, -42, -186, -118]	[213, -57, 5, 130, -76]	[-207, 85, 96, 180, 13]	[10006, 10002, 10004, 10001, 9997]	[283, 221, 196, 289, 245]
336	29.0	[114, 153, 39, 96, -213]	[136, -240, -97, 80, 9]	[-36, -39, -63, 17, -196]	[59, -46, -52, 23, -113]	[148, -111, -59, 53, 84]	[-85, -28, -11, -64, -19]	[40, 41, 11, 51, -54]	[188, -184, -100, -131, -184]	[-127, -74, -41, -181, -115]	[213, -57, 6, 131, -78]	[-207, 85, 97, 180, 18]	[10006, 10008, 10004, 10000, 9997]	[289, 227, 171, 289, 245]
337	23.0	[114, 153, 39, 96, -213]	[134, -132, -84, 87, 9]	[-36, -40, -29, 22, -200]	[59, -35, -53, 32, -113]	[144, -107, -59, 38, 74]	[-85, -31, -16, -67, -9]	[42, 61, 10, 57, -53]	[188, -187, -99, -131, -184]	[-127, -79, -45, -187, -118]	[213, -56, 6, 131, -78]	[-207, 85, 97, 194, -1]	[10009, 10002, 10004, 10000, 9997]	[283, 227, 196, 289, 245]
338	27.0	[89, 153, 39, 96, -213]	[133, -221, -79, 80, 9]	[-34, -35, -36, 22, -200]	[59, -56, -52, 27, -113]	[155, -109, -61, 40, 87]	[-85, -27, -14, -65, 26]	[40, 47, 14, 52, -54]	[188, -184, -97, -131, -184]	[-127, -79, -39, -176, -120]	[213, -57, 7, 131, -78]	[-207, 85, 103, 181, 19]	[10006, 10002, 10004, 10000, 9997]	[283, 221, 196, 289, 245]
339	24.5	[114, 153, 39, 96, -219]	[134, -173, -92, 82, 10]	[-36, -38, -46, 17, -200]	[59, -40, -52, 23, -113]	[144, -107, -58, 40, 87]	[-85, -30, -16, -62, -20]	[34, 54, 8, 52, -53]	[188, -186, -98, -131, -184]	[-133, -80, -46, -187, -115]	[213, -56, 6, 131, -78]	[-207, 85, 97, 194, -1]	[10003, 10002, 10004, 10000, 9997]	[283, 227, 196, 289, 245]
340	27.0	[114, 153, 42, 93, -213]	[139, -152, -92, 77, 9]	[-36, -34, -52, 16, -195]	[54, -34, -51, 25, -112]	[146, -107, -61, 35, 72]	[-85, -27, -14, -65, -23]	[39, 47, 13, 52, -51]	[188, -185, -100, -132, -184]	[-127, -75, -51, -186, -118]	[213, -57, 5, 131, -74]	[-207, 85, 95, 180, 19]	[10006, 10002, 10004, 10001, 9997]	[283, 221, 196, 289, 245]
341	26.0	[114, 153, 42, 93, -213]	[133, -137, -86, 80, 9]	[-36, -34, -51, 18, -195]	[57, -35, -53, 26, -113]	[145, -107, -60, 35, 72]	[-85, -27, -14, -65, -23]	[39, 47, 13, 52, -51]	[188, -185, -100, -132, -184]	[-127, -75, -45, -186, -118]	[213, -57, 5, 131, -74]	[-207, 85, 95, 180, 19]	[10006, 10002, 10004, 10001, 9997]	[283, 221, 196, 289, 245]
342	25.5	[114, 153, 39, 93, -213]	[133, -162, -91, 81, 10]	[-36, -34, -39, 18, -196]	[54, -31, -53, 23, -113]	[144, -106, -60, 42, 82]	[-85, -27, -15, -62, -14]	[33, 49, 12, 54, -53]	[188, -187, -100, -132, -184]	[-127, -74, -44, -185, -115]	[213, -56, 5, 131, -76]	[-207, 85, 97, 180, 19]	[10006, 10002, 10007, 10001, 9997]	[283, 221, 196, 289, 245]
343	28.0	[114, 153, 39, 96, -219]	[134, -173, -92, 82, 10]	[-36, -38, -46, 17, -200]	[59, -40, -52, 23, -113]	[144, -107, -58, 40, 87]	[-85, -30, -16, -62, -20]	[34, 54, 8, 52, -53]	[188, -186, -98, -131, -184]	[-133, -80, -46, -187, -115]	[213, -56, 6, 125, -78]	[-207, 85, 97, 194, -1]	[10003, 10002, 10004, 10000, 9997]	[283, 227, 196, 289, 245]
344	28.5	[114, 153, 39, 93, -213]	[133, -182, -92, 83, 9]	[-36, -38, -45, 15, -195]	[56, -28, -45, 23, -113]	[146, -107, -60, 40, 84]	[-85, -28, -16, -62, -17]	[33, 47, 13, 52, -53]	[188, -186, -100, -132, -184]	[-129, -75, -41, -185, -115]	[213, -56, 8, 131, -77]	[-207, 85, 96, 193, 8]	[10006, 10002, 10006, 10001, 9997]	[283, 223, 196, 289, 245]
345	29.0	[114, 153, 39, 93, -213]	[133, -162, -91, 81, 10]	[-36, -34, -39, 18, -196]	[54, -25, -53, 23, -113]	[144, -106, -60, 42, 82]	[-85, -27, -15, -62, -14]	[33, 49, 12, 54, -53]	[188, -187, -100, -132, -184]	[-127, -74, -44, -185, -115]	[213, -56, 5, 131, -76]	[-207, 85, 97, 180, 19]	[10006, 10002, 10007, 10001, 9997]	[283, 221, 196, 289, 245]
346	27.5	[114, 153, 39, 93, -213]	[133, -162, -91, 81, 10]	[-36, -34, -39, 18, -196]	[54, -25, -53, 23, -113]	[144, -106, -60, 42, 82]	[-85, -27, -15, -62, -14]	[33, 49, 12, 54, -53]	[188, -187, -100, -132, -184]	[-127, -74, -44, -185, -115]	[213, -56, 5, 131, -76]	[-207, 85, 97, 180, 19]	[10006, 10002, 10007, 10001, 9997]	[283, 221, 196, 289, 245]
347	29.0	[114, 153, 39, 93, -213]	[133, -162, -91, 81, 10]	[-36, -34, -39, 18, -196]	[54, -25, -53, 23, -113]	[144, -106, -60, 42, 82]	[-85, -27, -15, -62, -14]	[33, 49, 12, 54, -53]	[188, -187, -100, -132, -184]	[-127, -74, -44, -185, -115]	[213, -56, 5, 131, -76]	[-207, 85, 97, 180, 19]	[10006, 10002, 10007, 10001, 9997]	[283, 221, 196, 289, 245]
348	28.5	[114, 153, 39, 96, -213]	[136, -240, -97, 80, 9]	[-36, -35, -56, 16, -196]	[58, -40, -52, 23, -113]	[148, -109, -59, 53, 84]	[-85, -27, -11, -64, -19]	[40, 42, 12, 52, -54]	[188, -184, -100, -131, -184]	[-127, -74, -41, -181, -115]	[213, -57, 6, 131, -78]	[-207, 85, 97, 180, 18]	[10006, 10008, 10004, 10000, 9997]	[289, 227, 171, 289, 245]
349	28.0	[114, 153, 39, 96, -219]	[134, -173, -92, 82, 10]	[-36, -38, -46, 17, -200]	[59, -40, -52, 23, -113]	[144, -107, -58, 40, 87]	[-79, -30, -16, -62, -20]	[34, 54, 8, 52, -53]	[188, -186, -98, -131, -184]	[-133, -77, -46, -187, -115]	[213, -56, 7, 127, -78]	[-207, 85, 97, 194, -1]	[10003, 10002, 10004, 10001, 9997]	[283, 224, 196, 289, 245]
350	23.5	[114, 153, 39, 93, -213]	[133, -164, -91, 81, 10]	[-36, -34, -39, 18, -196]	[54, -31, -53, 23, -113]	[144, -106, -60, 42, 82]	[-85, -29, -16, -62, -14]	[39, 57, 12, 54, -53]	[188, -187, -100, -132, -184]	[-127, -74, -45, -185, -115]	[213, -56, 5, 131, -76]	[-207, 85, 97, 180, 19]	[10006, 10002, 10007, 10001, 9997]	[283, 221, 196, 289, 245]
351	26.5	[114, 153, 39, 96, -219]	[134, -173, -92, 82, 10]	[-36, -38, -46, 17, -200]	[59, -40, -52, 23, -113]	[144, -107, -58, 40, 87]	[-79, -30, -16, -62, -20]	[34, 54, 8, 52, -53]	[188, -186, -98, -131, -184]	[-133, -77, -46, -187, -115]	[213, -56, 7, 127, -78]	[-207, 85, 97, 194, -1]	[10003, 10002, 10004, 10001, 9997]	[283, 224, 196, 289, 245]
352	27.5	[114, 153, 39, 96, -219]	[134, -173, -92, 82, 10]	[-36, -38, -46, 17, -200]	[59, -40, -52, 23, -113]	[144, -107, -58, 40, 87]	[-79, -30, -16, -62, -20]	[34, 54, 8, 52, -53]	[188, -186, -98, -131, -184]	[-133, -77, -46, -187, -115]	[213, -56, 7, 127, -78]	[-207, 85, 97, 194, -1]	[10003, 10002, 10004, 10001, 9997]	[283, 224, 196, 289, 245]
353	25.0	[114, 153, 40, 93, -219]	[134, -173, -92, 81, 9]	[-36, -38, -46, 17, -195]	[59, -40, -51, 24, -113]	[146, -107, -60, 40, 87]	[-79, -30, -15, -62, -20]	[34, 54, 8, 52, -51]	[188, -186, -98, -131, -184]	[-133, -78, -44, -187, -115]	[213, -56, 6, 125, -78]	[-207, 85, 96, 194, -1]	[10003, 10002, 10004, 10000, 9997]	[283, 227, 196, 289, 245]
354	26.5	[114, 153, 42, 93, -207]	[133, -137, -86, 80, 9]	[-36, -34, -51, 18, -195]	[57, -35, -53, 26, -113]	[145, -107, -60, 35, 72]	[-85, -27, -14, -65, -23]	[39, 47, 13, 52, -51]	[188, -185, -100, -132, -184]	[-127, -75, -45, -186, -118]	[213, -57, 5, 137, -74]	[-207, 85, 95, 180, 19]	[10006, 10002, 10004, 10001, 9997]	[283, 221, 196, 289, 245]
355	24.5	[114, 153, 42, 93, -213]	[139, -152, -92, 77, 9]	[-36, -34, -52, 16, -195]	[54, -34, -51, 25, -112]	[146, -101, -61, 35, 72]	[-85, -27, -14, -65, -23]	[39, 47, 12, 53, -52]	[188, -184, -99, -131, -184]	[-127, -78, -51, -182, -118]	[213, -57, 5, 131, -78]	[-207, 85, 95, 180, 19]	[10006, 10002, 10004, 10000, 9997]	[283, 221, 196, 289, 245]
356	29.5	[114, 153, 39, 94, -213]	[133, -166, -77, 83, 11]	[-34, -38, -34, 27, -200]	[55, -34, -51, 23, -113]	[166, -107, -67, 40, 87]	[-60, -28, -16, -69, -23]	[34, 47, 13, 60, -51]	[188, -185, -99, -132, -184]	[-128, -73, -21, -179, -109]	[213, -57, 11, 131, -78]	[-207, 88, 94, 180, 19]	[10012, 10002, 10004, 10000, 10003]	[283, 221, 196, 289, 239]
357	30.0	[114, 153, 42, 93, -207]	[133, -140, -90, 81, 9]	[-36, -38, -51, 17, -195]	[57, -35, -51, 26, -113]	[145, -107, -60, 36, 82]	[-85, -27, -14, -64, -23]	[39, 47, 11, 52, -51]	[188, -185, -98, -132, -184]	[-131, -75, -45, -186, -118]	[213, -57, 5, 137, -74]	[-207, 85, 95, 180, 19]	[10006, 10002, 10004, 10001, 9997]	[283, 221, 196, 289, 245]
358	25.5	[114, 153, 39, 93, -213]	[133, -164, -91, 81, 10]	[-36, -34, -39, 18, -196]	[54, -39, -53, 23, -113]	[144, -106, -60, 42, 82]	[-85, -27, -16, -62, -14]	[40, 43, 12, 54, -53]	[182, -187, -100, -131, -184]	[-127, -74, -45, -181, -115]	[213, -56, 6, 131, -76]	[-207, 85, 97, 180, 19]	[10006, 10002, 10007, 10001, 9997]	[283, 221, 196, 289, 245]
359	29.5	[114, 153, 42, 93, -207]	[133, -140, -90, 81, 9]	[-36, -38, -51, 17, -195]	[57, -35, -51, 26, -113]	[145, -107, -60, 36, 82]	[-85, -27, -14, -64, -23]	[39, 47, 11, 52, -51]	[188, -185, -98, -132, -184]	[-131, -75, -45, -186, -118]	[213, -57, 5, 137, -74]	[-207, 85, 95, 180, 19]	[10006, 10002, 10004, 10001, 9997]	[283, 221, 196, 289, 245]
360	27.0	[114, 153, 39, 96, -213]	[134, -132, -84, 87, 9]	[-30, -40, -29, 22, -200]	[59, -35, -53, 32, -113]	[144, -107, -59, 38, 74]	[-85, -31, -16, -67, -9]	[42, 61, 10, 57, -59]	[188, -187, -99, -131, -184]	[-127, -79, -45, -187, -118]	[213, -56, 6, 131, -78]	[-207, 85, 97, 188, -1]	[10009, 10002, 10004, 10000, 9997]	[283, 227, 196, 289, 245]
361	29.5	[114, 153, 39, 93, -213]	[133, -170, -89, 83, 10]	[-36, -38, -45, 24, -195]	[58, -40, -50, 23, -113]	[145, -107, -60, 40, 84]	[-83, -30, -16, -62, -17]	[33, 53, 8, 52, -53]	[188, -192, -99, -131, -184]	[-129, -77, -44, -186, -115]	[213, -56, 8, 131, -78]	[-207, 85, 96, 194, 8]	[10006, 10002, 10006, 10001, 9997]	[283, 223, 196, 289, 245]
362	27.5	[114, 153, 42, 93, -207]	[133, -140, -90, 81, 9]	[-36, -38, -51, 17, -195]	[57, -35, -51, 26, -113]	[145, -107, -60, 36, 82]	[-85, -27, -14, -64, -23]	[39, 47, 11, 52, -51]	[188, -185, -98, -132, -184]	[-131, -75, -45, -186, -118]	[213, -57, 5, 137, -74]	[-207, 85, 95, 180, 19]	[10006, 10002, 10004, 10001, 9997]	[283, 221, 196, 289, 245]
363	24.5	[114, 153, 39, 93, -213]	[133, -164, -91, 81, 16]	[-36, -34, -44, 18, -196]	[54, -36, -53, 23, -113]	[144, -107, -60, 38, 82]	[-85, -27, -16, -67, -14]	[40, 57, 12, 54, -59]	[184, -186, -100, -131, -184]	[-127, -76, -45, -182, -115]	[213, -55, 6, 131, -78]	[-207, 85, 97, 188, 19]	[10006, 10002, 10006, 10001, 9997]	[283, 227, 196, 289, 245]
364	23.5	[114, 153, 39, 93, -213]	[133, -164, -91, 81, 10]	[-36, -34, -39, 18, -196]	[60, -31, -52, 24, -113]	[146, -108, -60, 42, 82]	[-85, -28, -13, -62, -14]	[46, 56, 12, 54, -53]	[182, -187, -100, -132, -184]	[-127, -74, -45, -185, -115]	[213, -57, 11, 131, -76]	[-207, 79, 97, 180, 19]	[10006, 10002, 10007, 10001, 9997]	[283, 221, 196, 289, 245]
365	26.0	[114, 153, 42, 93, -213]	[139, -152, -92, 77, 9]	[-36, -34, -52, 16, -195]	[54, -34, -51, 25, -112]	[146, -101, -61, 35, 73]	[-85, -29, -8, -65, -23]	[41, 57, 12, 53, -52]	[188, -184, -99, -131, -184]	[-127, -78, -51, -184, -118]	[213, -57, 6, 131, -78]	[-207, 85, 96, 188, 2]	[10006, 10002, 10004, 10000, 9997]	[283, 221, 196, 289, 245]
366	22.0	[114, 153, 42, 93, -207]	[133, -158, -91, 82, 9]	[-36, -38, -47, 18, -195]	[57, -36, -52, 26, -113]	[145, -107, -60, 35, 82]	[-85, -29, -16, -63, -20]	[39, 51, 10, 52, -51]	[188, -185, -99, -132, -184]	[-131, -76, -46, -187, -118]	[213, -57, 7, 137, -74]	[-207, 85, 96, 181, 19]	[10005, 10002, 10004, 10001, 9997]	[283, 221, 196, 289, 245]
367	32.0	[114, 153, 42, 93, -207]	[133, -158, -91, 82, 9]	[-36, -38, -47, 18, -195]	[57, -36, -52, 26, -113]	[145, -107, -60, 35, 82]	[-85, -29, -16, -63, -20]	[39, 51, 10, 52, -51]	[188, -185, -99, -132, -184]	[-131, -76, -46, -187, -118]	[213, -57, 7, 137, -74]	[-207, 85, 96, 181, 19]	[10005, 10002, 10004, 10001, 9997]	[283, 221, 196, 289, 245]
368	24.5	[114, 153, 39, 102, -219]	[134, -173, -92, 82, 10]	[-36, -38, -46, 17, -200]	[59, -40, -52, 23, -113]	[144, -107, -58, 40, 87]	[-82, -27, -15, -64, -20]	[34, 54, 8, 52, -52]	[188, -186, -99, -131, -184]	[-133, -77, -46, -186, -115]	[213, -56, 7, 132, -74]	[-207, 85, 97, 194, 9]	[10003, 10002, 10004, 10001, 9997]	[283, 224, 196, 289, 245]
369	32.0	[114, 153, 42, 93, -207]	[133, -140, -90, 81, 9]	[-36, -38, -50, 17, -195]	[57, -35, -51, 25, -113]	[145, -107, -60, 36, 82]	[-85, -27, -14, -66, -23]	[39, 47, 12, 53, -51]	[185, -186, -98, -132, -184]	[-131, -76, -45, -184, -116]	[213, -57, 5, 137, -74]	[-207, 85, 95, 180, 19]	[10006, 10002, 10004, 10001, 9997]	[283, 221, 196, 289, 245]
370	24.0	[114, 153, 39, 102, -219]	[134, -173, -92, 82, 10]	[-42, -38, -46, 17, -200]	[59, -40, -52, 23, -113]	[144, -107, -58, 40, 87]	[-82, -27, -15, -64, -20]	[34, 54, 8, 52, -52]	[188, -186, -99, -131, -184]	[-133, -77, -46, -186, -115]	[213, -56, 7, 132, -74]	[-207, 85, 97, 194, 9]	[10003, 10002, 10004, 10001, 9997]	[283, 224, 196, 289, 245]
371	26.5	[114, 153, 39, 99, -213]	[133, -164, -91, 81, 10]	[-36, -34, -39, 18, -196]	[54, -31, -52, 24, -113]	[146, -108, -60, 42, 82]	[-85, -28, -13, -62, -14]	[46, 56, 12, 54, -53]	[182, -187, -100, -132, -184]	[-127, -74, -45, -185, -115]	[213, -57, 11, 131, -76]	[-207, 85, 97, 180, 19]	[10006, 10002, 10007, 10001, 9997]	[283, 221, 196, 289, 245]
372	26.0	[114, 153, 42, 93, -207]	[133, -140, -90, 81, 10]	[-36, -35, -44, 11, -195]	[54, -35, -52, 23, -113]	[144, -107, -60, 36, 76]	[-85, -27, -14, -64, -23]	[39, 48, 11, 52, -51]	[185, -185, -99, -132, -184]	[-130, -75, -45, -186, -118]	[213, -57, 5, 137, -74]	[-207, 85, 97, 187, 19]	[10006, 10002, 10004, 10001, 9997]	[283, 221, 196, 289, 245]
373	28.5	[114, 153, 42, 93, -213]	[139, -152, -92, 77, 9]	[-36, -34, -52, 16, -195]	[54, -39, -51, 23, -113]	[146, -101, -60, 40, 73]	[-85, -29, -8, -65, -23]	[41, 47, 12, 53, -52]	[188, -184, -99, -131, -184]	[-127, -78, -51, -184, -118]	[213, -57, 6, 131, -78]	[-207, 85, 96, 188, 2]	[10006, 10002, 10004, 10000, 9997]	[283, 221, 196, 289, 245]
374	25.0	[114, 153, 39, 93, -213]	[133, -164, -91, 81, 4]	[-36, -34, -39, 18, -196]	[54, -31, -53, 23, -113]	[146, -106, -60, 42, 82]	[-85, -28, -11, -62, -14]	[45, 57, 12, 54, -53]	[182, -187, -100, -132, -184]	[-127, -74, -45, -185, -115]	[213, -57, 11, 131, -76]	[-207, 85, 97, 180, 19]	[10006, 10002, 10007, 10001, 9997]	[283, 221, 196, 289, 251]
375	30.5	[114, 153, 42, 93, -210]	[133, -158, -91, 78, 9]	[-36, -38, -47, 18, -195]	[57, -36, -51, 26, -113]	[145, -103, -60, 35, 82]	[-85, -29, -16, -63, -20]	[39, 51, 10, 52, -51]	[188, -185, -99, -132, -184]	[-131, -76, -46, -187, -118]	[213, -57, 7, 137, -74]	[-207, 85, 96, 181, 19]	[10005, 10002, 10004, 10001, 9997]	[283, 221, 196, 289, 245]
376	30.0	[114, 153, 39, 93, -213]	[133, -164, -91, 81, 4]	[-36, -34, -39, 18, -196]	[54, -31, -53, 23, -113]	[146, -106, -60, 42, 82]	[-85, -28, -11, -62, -14]	[51, 57, 12, 54, -53]	[182, -187, -100, -132, -184]	[-127, -74, -45, -185, -115]	[213, -57, 11, 131, -76]	[-207, 85, 97, 180, 19]	[10006, 10002, 10007, 10001, 9997]	[283, 221, 196, 289, 251]
377	27.5	[114, 153, 39, 102, -219]	[134, -173, -92, 82, 10]	[-42, -38, -46, 17, -200]	[59, -40, -52, 23, -113]	[144, -107, -58, 40, 87]	[-82, -27, -15, -64, -20]	[34, 54, 8, 52, -52]	[188, -186, -99, -131, -184]	[-133, -77, -46, -186, -115]	[213, -56, 7, 132, -74]	[-207, 85, 97, 194, 9]	[10003, 10002, 10004, 10001, 9997]	[283, 224, 196, 289, 245]
378	28.5	[114, 153, 42, 93, -207]	[133, -140, -90, 81, 10]	[-36, -35, -44, 11, -195]	[54, -35, -52, 23, -113]	[144, -107, -60, 36, 76]	[-85, -27, -14, -64, -23]	[39, 48, 11, 52, -51]	[185, -185, -99, -132, -184]	[-130, -75, -45, -186, -118]	[213, -57, 5, 137, -74]	[-207, 85, 97, 187, 19]	[10006, 10002, 10004, 10001, 9997]	[283, 221, 196, 289, 245]
379	29.5	[114, 153, 45, 99, -213]	[133, -164, -91, 81, 10]	[-36, -34, -39, 24, -196]	[54, -31, -52, 24, -113]	[146, -108, -60, 42, 82]	[-85, -28, -13, -62, -14]	[46, 56, 12, 54, -53]	[182, -187, -100, -132, -184]	[-127, -74, -45, -185, -115]	[213, -57, 11, 131, -76]	[-207, 85, 97, 180, 19]	[10006, 10002, 10007, 10001, 9997]	[283, 221, 196, 289, 245]
380	27.0	[114, 153, 39, 93, -213]	[133, -164, -91, 81, 10]	[-36, -34, -39, 18, -196]	[60, -31, -52, 24, -113]	[146, -108, -60, 42, 82]	[-85, -28, -13, -62, -14]	[46, 56, 6, 54, -53]	[182, -187, -100, -132, -184]	[-127, -74, -45, -185, -115]	[213, -57, 11, 131, -76]	[-207, 79, 97, 180, 19]	[10006, 10002, 10007, 10001, 9997]	[283, 221, 196, 289, 245]
381	29.0	[114, 153, 40, 99, -215]	[133, -162, -90, 83, 9]	[-36, -38, -47, 17, -200]	[55, -36, -49, 23, -113]	[144, -107, -63, 35, 86]	[-71, -29, -15, -64, -20]	[34, 50, 12, 56, -51]	[188, -185, -99, -131, -184]	[-133, -77, -46, -186, -115]	[213, -56, 7, 132, -74]	[-207, 85, 97, 194, 9]	[10003, 10002, 10004, 10001, 9997]	[283, 230, 196, 289, 245]
382	23.0	[114, 153, 42, 93, -210]	[133, -158, -91, 72, 9]	[-36, -38, -47, 18, -195]	[57, -36, -51, 26, -113]	[145, -103, -60, 35, 82]	[-85, -29, -16, -63, -20]	[39, 51, 10, 52, -51]	[188, -185, -99, -132, -184]	[-131, -76, -46, -187, -118]	[213, -57, 7, 137, -74]	[-207, 85, 96, 181, 19]	[10005, 10002, 10004, 10001, 9997]	[283, 221, 196, 289, 245]
383	29.5	[114, 153, 42, 93, -210]	[133, -158, -91, 78, 9]	[-36, -38, -47, 18, -195]	[57, -35, -51, 26, -113]	[145, -103, -60, 35, 82]	[-91, -29, -16, -63, -20]	[39, 57, 10, 52, -51]	[188, -179, -99, -132, -184]	[-131, -76, -46, -187, -118]	[213, -57, 7, 137, -74]	[-207, 85, 96, 181, 19]	[10005, 10002, 10004, 10001, 9997]	[283, 221, 196, 289, 245]
384	23.5	[114, 153, 39, 93, -213]	[133, -164, -91, 81, 10]	[-36, -34, -39, 18, -196]	[60, -31, -52, 24, -113]	[146, -108, -60, 42, 82]	[-85, -28, -13, -62, -14]	[46, 56, 6, 53, -53]	[182, -187, -100, -132, -184]	[-127, -74, -45, -185, -115]	[213, -57, 11, 131, -76]	[-207, 79, 97, 180, 19]	[10006, 10002, 10007, 10001, 9997]	[283, 221, 196, 289, 245]
385	26.5	[114, 153, 42, 93, -210]	[133, -158, -91, 72, 9]	[-36, -38, -40, 17, -198]	[56, -38, -51, 26, -113]	[145, -103, -60, 35, 82]	[-85, -29, -16, -63, -20]	[39, 51, 10, 52, -51]	[188, -185, -99, -132, -184]	[-131, -76, -46, -187, -118]	[213, -57, 7, 137, -74]	[-207, 85, 96, 181, 19]	[10005, 10002, 10004, 10001, 9997]	[283, 221, 196, 289, 245]
386	29.5	[114, 153, 39, 93, -213]	[133, -164, -91, 81, 10]	[-36, -34, -39, 18, -196]	[60, -31, -52, 24, -113]	[146, -108, -60, 42, 82]	[-85, -28, -13, -62, -14]	[46, 56, 6, 53, -53]	[182, -187, -100, -132, -184]	[-127, -74, -45, -185, -115]	[213, -57, 11, 131, -76]	[-207, 79, 97, 180, 19]	[10006, 10002, 10007, 10001, 9997]	[283, 221, 196, 289, 245]
387	31.5	[114, 153, 42, 93, -210]	[133, -158, -91, 72, 9]	[-36, -38, -45, 17, -196]	[57, -33, -49, 25, -113]	[145, -106, -60, 37, 86]	[-82, -27, -13, -63, -18]	[41, 56, 11, 55, -51]	[188, -185, -99, -132, -184]	[-133, -76, -46, -187, -117]	[213, -56, 6, 135, -74]	[-207, 85, 96, 188, 19]	[10005, 10002, 10004, 10001, 9997]	[283, 221, 196, 289, 245]
388	26.5	[114, 153, 39, 93, -213]	[133, -164, -91, 81, 4]	[-36, -34, -39, 18, -190]	[54, -31, -53, 23, -113]	[146, -106, -60, 42, 82]	[-85, -28, -11, -62, -14]	[51, 57, 12, 54, -59]	[182, -187, -100, -132, -184]	[-127, -74, -45, -185, -115]	[213, -57, 11, 131, -76]	[-207, 85, 97, 180, 19]	[10006, 10002, 10007, 10001, 9997]	[283, 221, 196, 289, 251]
389	26.0	[114, 153, 39, 93, -210]	[133, -159, -91, 78, 9]	[-36, -38, -41, 18, -195]	[57, -35, -51, 26, -113]	[145, -103, -60, 35, 82]	[-91, -29, -16, -63, -20]	[39, 57, 10, 52, -51]	[188, -179, -99, -132, -184]	[-131, -76, -46, -187, -118]	[213, -57, 7, 137, -74]	[-207, 85, 96, 181, 19]	[10005, 10002, 10004, 10001, 9997]	[283, 221, 196, 289, 245]
390	24.0	[114, 153, 39, 102, -215]	[134, -167, -91, 83, 10]	[-36, -38, -40, 17, -200]	[59, -39, -47, 23, -113]	[144, -107, -58, 40, 87]	[-82, -27, -15, -64, -20]	[34, 53, 12, 55, -52]	[188, -186, -99, -131, -184]	[-133, -77, -46, -180, -115]	[213, -56, 7, 132, -74]	[-207, 85, 97, 194, 9]	[10003, 10002, 10004, 10001, 9997]	[283, 224, 196, 289, 245]
391	23.0	[114, 159, 39, 93, -213]	[133, -163, -91, 72, 9]	[-36, -34, -45, 18, -196]	[60, -36, -52, 25, -113]	[145, -106, -60, 42, 82]	[-85, -28, -13, -63, -14]	[46, 57, 7, 54, -53]	[185, -187, -100, -132, -184]	[-129, -74, -45, -186, -115]	[213, -57, 11, 131, -76]	[-207, 82, 97, 180, 19]	[10006, 10002, 10007, 10001, 9997]	[283, 221, 196, 289, 245]
392	31.5	[114, 159, 39, 93, -213]	[133, -163, -91, 72, 9]	[-36, -34, -45, 18, -196]	[60, -36, -52, 25, -113]	[145, -106, -60, 42, 82]	[-85, -28, -13, -63, -14]	[46, 57, 7, 54, -53]	[185, -187, -100, -132, -184]	[-129, -74, -45, -186, -115]	[213, -57, 11, 131, -76]	[-207, 82, 97, 180, 19]	[10006, 10002, 10007, 10001, 9997]	[283, 221, 196, 289, 245]
393	27.0	[114, 159, 39, 93, -213]	[133, -163, -91, 72, 9]	[-36, -34, -45, 18, -196]	[60, -36, -52, 25, -113]	[145, -106, -60, 42, 82]	[-85, -28, -13, -63, -14]	[46, 57, 7, 54, -53]	[185, -187, -100, -132, -184]	[-129, -74, -45, -186, -115]	[213, -57, 11, 131, -76]	[-207, 82, 97, 180, 19]	[10006, 10002, 10007, 10001, 9997]	[283, 221, 196, 289, 245]
394	24.5	[114, 153, 42, 87, -210]	[133, -158, -91, 78, 9]	[-36, -38, -47, 18, -195]	[57, -36, -51, 26, -113]	[145, -103, -59, 36, 82]	[-85, -30, -16, -67, -20]	[39, 51, 10, 52, -51]	[188, -185, -99, -132, -184]	[-131, -76, -46, -187, -118]	[213, -57, 7, 137, -74]	[-207, 85, 96, 181, 19]	[10005, 10002, 10004, 10001, 9997]	[283, 221, 196, 289, 245]
395	23.0	[114, 153, 42, 87, -210]	[133, -158, -91, 78, 9]	[-36, -38, -47, 18, -195]	[57, -36, -51, 25, -113]	[145, -103, -59, 35, 84]	[-85, -30, -16, -67, -22]	[39, 51, 11, 53, -51]	[188, -185, -99, -132, -184]	[-131, -76, -46, -187, -118]	[213, -57, 7, 137, -74]	[-207, 85, 96, 181, 19]	[10005, 10002, 10004, 10001, 9997]	[283, 221, 196, 289, 245]
396	32.0	[114, 153, 40, 99, -215]	[133, -160, -90, 83, 9]	[-36, -38, -47, 17, -199]	[55, -38, -49, 23, -113]	[144, -107, -63, 35, 86]	[-71, -29, -15, -64, -22]	[37, 48, 11, 55, -51]	[188, -185, -99, -131, -184]	[-133, -77, -46, -186, -115]	[213, -56, 7, 132, -74]	[-207, 85, 97, 194, 9]	[10003, 10002, 10004, 10001, 9997]	[283, 230, 196, 283, 245]
397	23.5	[114, 153, 39, 93, -213]	[133, -164, -91, 81, 10]	[-36, -34, -39, 18, -196]	[60, -31, -52, 24, -113]	[146, -104, -54, 40, 82]	[-85, -28, -13, -62, -23]	[46, 54, 10, 53, -53]	[182, -184, -100, -132, -184]	[-127, -74, -45, -185, -115]	[213, -57, 11, 131, -76]	[-207, 79, 97, 180, 19]	[10006, 10002, 10007, 10001, 9997]	[283, 221, 196, 289, 245]
398	30.5	[114, 153, 40, 97, -213]	[133, -164, -91, 81, 10]	[-36, -34, -39, 22, -196]	[60, -37, -52, 24, -113]	[146, -108, -60, 42, 82]	[-85, -28, -13, -62, -14]	[46, 56, 8, 54, -53]	[182, -187, -100, -132, -184]	[-129, -74, -45, -187, -115]	[213, -56, 11, 131, -76]	[-207, 85, 97, 181, 19]	[10006, 10002, 10007, 10001, 9997]	[283, 221, 196, 289, 245]
399	30.0	[114, 153, 39, 93, -213]	[133, -166, -85, 81, 4]	[-36, -34, -40, 18, -190]	[54, -32, -48, 24, -113]	[146, -106, -60, 42, 82]	[-83, -27, -13, -63, -17]	[30, 55, 12, 52, -55]	[186, -187, -99, -131, -184]	[-127, -74, -46, -185, -115]	[213, -58, 8, 131, -76]	[-207, 85, 96, 182, 19]	[10003, 10002, 10005, 10001, 9997]	[283, 221, 196, 289, 251]
