generation	fitness	corner	c	a1	a2	b1	b2	b3	x	o1	o2	wp	ww	we
400	31.5	[-55, 86, -42, -48, -81]	[117, -220, -41, 57, -132]	[-79, -92, -9, -53, -197]	[-36, -12, -133, -61, -69]	[108, -138, -158, 100, -136]	[-26, -73, 27, -77, 37]	[60, 82, -5, 79, 155]	[46, -154, -128, -95, -177]	[-163, -95, -141, -89, -135]	[128, -5, -61, -88, -28]	[240, 114, 126, 180, 180]	[10000, 10002, 9999, 9999, 10000]	[228, 208, 200, 221, 157]
401	32.5	[209, 193, 39, 119, -115]	[-156, -95, -116, 9, -142]	[-174, -22, 17, -6, -169]	[45, 73, 22, -62, -120]	[151, -48, -51, -18, 178]	[-137, 0, 11, 15, 146]	[-154, 13, 12, 112, 201]	[-191, 53, -142, -51, -16]	[-174, -212, -162, -94, -106]	[11, -28, -120, 39, -49]	[-4, 141, 123, 173, -44]	[10005, 10001, 9999, 10000, 10003]	[150, 139, 136, 162, 277]
402	28.0	[208, 193, 42, 106, -115]	[-158, -102, -121, 9, -136]	[-174, -18, 15, -6, -169]	[45, 65, 27, -62, -121]	[153, -38, -54, -19, 176]	[-155, -1, 5, 17, 146]	[-148, 13, 13, 127, 200]	[-187, 53, -142, -48, -16]	[-174, -212, -168, -99, -111]	[-66, -20, -121, 34, -49]	[-8, 146, 127, 169, -44]	[10005, 10001, 9999, 9998, 9997]	[150, 158, 132, 162, 277]
403	27.5	[-55, 86, -42, -73, -81]	[117, -220, -41, 57, -132]	[-79, -92, -3, -53, -197]	[-36, -12, -139, -61, -75]	[108, -138, -158, 100, -136]	[-26, -73, 27, -77, 12]	[60, 82, -5, 79, 155]	[46, -154, -128, -95, -177]	[-163, -98, -141, -92, -112]	[127, -7, -61, -88, -28]	[240, 114, 126, 180, 186]	[10000, 10002, 9999, 9999, 10000]	[228, 214, 200, 215, 157]
404	28.5	[-40, -12, -205, 128, -148]	[0, -158, 1, -28, -236]	[-204, -153, 88, -24, -73]	[-39, 13, -119, -96, 60]	[142, -79, -99, -49, -34]	[-133, -3, 20, -14, 138]	[-136, 34, 1, 39, 248]	[-171, -79, -82, -141, 26]	[-118, -78, -114, -49, -222]	[-12, 30, 2, -39, -70]	[4, 121, 171, 155, 60]	[10000, 10000, 10000, 9987, 10004]	[-62, 190, 161, 148, 155]
405	34.0	[209, 193, 45, 119, -109]	[-144, -93, -113, 9, -136]	[-174, -18, 16, -6, -169]	[46, 69, 27, -62, -120]	[151, -48, -50, -18, 176]	[-159, 0, 16, 15, 146]	[-148, 13, 12, 112, 201]	[-184, 54, -142, -48, -15]	[-171, -238, -174, -94, -106]	[-25, -22, -121, 33, -49]	[-2, 139, 123, 168, -44]	[10002, 10001, 9999, 10000, 9976]	[150, 133, 136, 162, 277]
406	27.5	[-55, 86, -42, -73, -81]	[117, -220, -41, 57, -132]	[-79, -92, -3, -53, -197]	[-36, -12, -139, -61, -75]	[108, -138, -158, 100, -136]	[-26, -73, 27, -77, 12]	[60, 82, -5, 79, 155]	[46, -154, -128, -95, -177]	[-163, -98, -141, -92, -112]	[127, -7, -61, -88, -28]	[240, 114, 126, 180, 186]	[10000, 10002, 9999, 9999, 10000]	[228, 214, 200, 215, 157]
407	29.5	[209, 193, 45, 119, -109]	[-144, -93, -113, 9, -136]	[-174, -18, 16, -6, -169]	[46, 69, 27, -62, -120]	[151, -48, -50, -18, 176]	[-159, 0, 16, 15, 146]	[-148, 13, 12, 112, 201]	[-184, 54, -142, -48, -15]	[-171, -238, -174, -94, -106]	[-25, -22, -103, -15, -87]	[-2, 136, 120, 168, -44]	[10002, 10005, 10001, 10000, 9976]	[150, 133, 136, 162, 277]
408	30.0	[-40, -10, -205, 128, -148]	[0, -158, 1, -28, -236]	[-202, -153, 88, -24, -73]	[-39, 13, -119, -80, -63]	[151, -55, -88, -49, -34]	[-133, -4, 23, 12, 146]	[-11, 36, 1, 39, 248]	[-171, -79, -82, -141, 26]	[-118, -78, -114, -49, -222]	[-12, 30, 2, -39, -70]	[4, 121, 171, 155, 60]	[10000, 10000, 10000, 9987, 10004]	[-62, 190, 161, 148, 155]
409	26.0	[209, 193, 45, 119, -109]	[-144, -93, -113, 9, -136]	[-174, -18, 16, -6, -169]	[46, 69, 27, -62, -120]	[151, -48, -50, -18, 176]	[-159, 0, 16, 15, 146]	[-148, 13, 12, 112, 201]	[-184, 54, -142, -48, -15]	[-171, -238, -174, -94, -106]	[-25, -22, -121, 33, -49]	[-2, 139, 123, 168, -44]	[10002, 10001, 9999, 10000, 9976]	[150, 133, 136, 162, 277]
410	31.0	[-40, -12, -205, 128, -148]	[0, -158, 1, -28, -236]	[-204, -153, 88, -24, -73]	[-39, 13, -119, -96, 60]	[142, -79, -99, -49, -34]	[-133, -3, 20, -14, 138]	[-136, 34, 1, 39, 248]	[-171, -79, -82, -141, 32]	[-118, -78, -114, -49, -222]	[-12, 30, 2, -39, -70]	[4, 121, 171, 155, 60]	[10000, 10000, 10000, 9987, 10004]	[-62, 190, 161, 148, 155]
411	27.5	[-40, -12, -205, 128, -148]	[0, -158, 1, -28, -236]	[-204, -153, 88, -24, -73]	[-39, 13, -119, -96, 60]	[142, -79, -99, -49, -34]	[-133, -3, 20, -14, 138]	[-136, 34, 1, 39, 248]	[-171, -79, -82, -141, 32]	[-118, -78, -114, -49, -222]	[-12, 30, 2, -39, -70]	[4, 121, 171, 155, 60]	[10000, 10000, 10000, 9987, 10004]	[-62, 190, 161, 148, 155]
412	25.5	[-40, -12, -205, 128, -148]	[0, -158, 1, -28, -236]	[-204, -153, 88, -24, -73]	[-39, 13, -119, -96, 60]	[142, -79, -99, -49, -34]	[-133, -3, 20, -14, 138]	[-136, 34, 1, 39, 248]	[-171, -79, -82, -141, 32]	[-118, -78, -114, -49, -222]	[-12, 30, 2, -39, -70]	[4, 121, 171, 155, 60]	[10000, 10000, 10000, 9987, 10004]	[-62, 190, 161, 148, 155]
413	31.5	[-55, 86, -42, -48, -81]	[117, -220, -41, 57, -132]	[-79, -92, -9, -53, -197]	[-36, -12, -133, -61, -69]	[108, -138, -158, 100, -136]	[-26, -73, 27, -77, 37]	[60, 82, -5, 79, 155]	[46, -154, -128, -95, -177]	[-163, -95, -141, -89, -135]	[128, -5, -55, -88, -28]	[240, 114, 132, 180, 180]	[10000, 10002, 9999, 9999, 10000]	[228, 208, 200, 221, 157]
414	30.5	[-55, 86, -42, -48, -81]	[117, -220, -41, 57, -132]	[-79, -92, -9, -53, -197]	[-36, -12, -133, -61, -69]	[108, -138, -158, 100, -136]	[-26, -73, 27, -77, 37]	[60, 82, -5, 79, 155]	[46, -154, -128, -95, -177]	[-163, -95, -141, -89, -135]	[128, -5, -55, -88, -28]	[240, 114, 132, 180, 180]	[10000, 10002, 9999, 9999, 10000]	[228, 208, 200, 221, 157]
415	27.0	[-55, 86, -42, -73, -81]	[117, -220, -41, 57, -132]	[-79, -92, -3, -53, -197]	[-36, -12, -139, -61, -75]	[108, -138, -158, 100, -136]	[-26, -73, 27, -77, 12]	[60, 82, -5, 79, 155]	[46, -154, -128, -95, -177]	[-163, -98, -141, -92, -112]	[127, -7, -61, -88, -28]	[240, 114, 126, 180, 186]	[10000, 10002, 9999, 9999, 10000]	[228, 214, 200, 215, 157]
416	29.5	[209, 193, 45, 119, -109]	[-144, -93, -113, 9, -136]	[-174, -18, 16, -6, -169]	[46, 69, 27, -62, -120]	[151, -48, -50, -18, 176]	[-159, 0, 16, 15, 146]	[-148, 13, 12, 112, 201]	[-178, 54, -142, -48, -15]	[-171, -238, -174, -94, -106]	[-25, -22, -121, 33, -49]	[-2, 139, 123, 168, -44]	[10002, 10001, 9999, 10000, 9976]	[150, 133, 136, 162, 277]
417	32.0	[209, 193, 45, 119, -109]	[-144, -93, -113, 9, -136]	[-174, -18, 16, -6, -169]	[46, 69, 27, -62, -120]	[151, -48, -50, -18, 176]	[-159, 0, 16, 15, 146]	[-148, 13, 12, 112, 201]	[-178, 54, -142, -48, -15]	[-171, -238, -174, -94, -106]	[-25, -22, -121, 33, -49]	[-2, 139, 123, 168, -44]	[10002, 10001, 9999, 10000, 9976]	[150, 133, 136, 162, 277]
418	29.5	[-40, -15, -187, 242, -184]	[0, -158, 7, -28, -236]	[-202, -153, 87, -19, -73]	[-32, 30, -134, -96, -46]	[115, -46, -105, -49, -34]	[-130, 8, 44, -23, 138]	[11, 35, 7, 38, 248]	[-172, -36, -76, -141, 26]	[-129, -114, -98, -49, -220]	[-10, 0, 6, -26, -76]	[-22, 112, 163, 163, 60]	[10000, 10025, 10000, 9987, 9997]	[-54, 190, 161, 148, 155]
419	32.5	[-40, -12, -205, 128, -148]	[0, -158, 1, -28, -236]	[-204, -153, 88, -24, -73]	[-39, 13, -119, -96, 60]	[142, -79, -99, -49, -34]	[-133, -3, 20, -14, 138]	[-136, 34, 1, 39, 248]	[-171, -79, -82, -141, 32]	[-118, -111, -130, -57, -222]	[-12, 30, 2, -18, -64]	[4, 132, 139, 164, -12]	[10000, 10000, 10000, 9987, 10004]	[-62, 190, 161, 148, 155]
420	29.5	[-40, -12, -211, 128, -148]	[0, -164, 1, -28, -236]	[-204, -153, 88, -24, -73]	[-39, 22, -142, -100, 60]	[142, -102, -99, -49, -34]	[-133, -3, 20, -15, 140]	[-136, 53, 1, 45, 248]	[-126, -206, -82, -141, 26]	[-118, -71, -114, -52, -148]	[-11, -39, 6, -36, -70]	[4, 115, 171, 155, 60]	[10000, 10000, 10006, 9987, 10004]	[-62, 190, 161, 148, 155]
421	29.5	[-55, 86, -42, -48, -81]	[10, -160, -10, 57, -132]	[-79, -133, 59, -31, -143]	[-36, -12, -133, -70, -69]	[108, -138, -124, -35, -136]	[-26, -73, 27, -77, 70]	[27, 62, -3, 41, 220]	[-31, -115, -86, -95, -177]	[-118, -124, -147, -74, -142]	[128, 30, -48, -40, -28]	[240, 114, 132, 180, 180]	[10000, 10002, 9999, 9999, 10000]	[228, 208, 200, 221, 157]
422	29.0	[-55, 86, -42, -48, -81]	[10, -160, -10, 57, -132]	[-79, -133, 59, -31, -143]	[-36, -12, -133, -70, -69]	[108, -138, -124, -35, -136]	[-26, -73, 27, -77, 70]	[27, 62, -3, 41, 220]	[-31, -115, -86, -95, -177]	[-118, -124, -147, -74, -142]	[128, 30, -48, -40, -28]	[240, 114, 132, 180, 180]	[10000, 10002, 9999, 9999, 10006]	[228, 208, 200, 221, 157]
423	28.5	[-55, 86, -42, -48, -81]	[10, -160, -4, 7, -221]	[-79, -133, 59, -27, -143]	[-38, 11, -134, -70, -69]	[108, -119, -110, -45, -35]	[-26, -9, 22, -34, 85]	[27, 62, -3, 41, 226]	[-107, -136, -86, -131, -173]	[-118, -81, -117, -74, -142]	[128, -37, 5, -37, -28]	[240, 114, 132, 180, 180]	[10000, 10002, 9999, 9999, 10006]	[228, 208, 200, 221, 157]
424	24.5	[209, 193, 45, 119, -109]	[-144, -93, -113, 9, -136]	[-174, -18, 16, -6, -169]	[46, 69, 27, -62, -120]	[151, -48, -50, -18, 176]	[-159, 0, 16, 15, 146]	[-148, 13, 12, 112, 201]	[-178, 54, -142, -48, -15]	[-171, -238, -174, -94, -106]	[-25, -22, -121, 33, -49]	[-2, 139, 123, 168, -44]	[10002, 10001, 9999, 10000, 9976]	[150, 133, 136, 162, 277]
425	28.0	[-40, -12, -205, 128, -148]	[0, -158, 1, -28, -236]	[-204, -153, 88, -24, -73]	[-39, 13, -119, -96, 60]	[142, -79, -99, -43, -34]	[-133, -3, 20, -14, 138]	[-136, 40, 1, 39, 248]	[-171, -79, -82, -141, 32]	[-118, -111, -130, -57, -222]	[-12, 30, 8, -18, -64]	[4, 132, 139, 164, -12]	[10000, 10000, 10000, 9987, 10004]	[-62, 190, 161, 148, 155]
426	26.0	[-55, 86, -42, -48, -81]	[10, -160, -10, 57, -132]	[-79, -133, 59, -31, -143]	[-36, -12, -133, -70, -69]	[108, -138, -124, -35, -136]	[-26, -73, 27, -77, 70]	[27, 62, -3, 41, 220]	[-31, -115, -86, -95, -177]	[-118, -124, -147, -74, -142]	[128, 30, -48, -40, -28]	[240, 114, 132, 180, 180]	[10000, 10002, 9999, 9999, 10006]	[228, 208, 200, 221, 157]
427	38.0	[-55, 86, -42, -48, -81]	[10, -160, -4, 7, -221]	[-79, -133, 59, -27, -143]	[-38, 11, -134, -70, -69]	[108, -119, -110, -45, -35]	[-26, -9, 22, -34, 85]	[27, 62, 1, 41, 226]	[-128, -116, -82, -131, -173]	[-118, -81, -117, -61, -142]	[128, -37, 5, -32, -28]	[106, 123, 132, 169, 180]	[10000, 10002, 9999, 9999, 10006]	[228, 208, 200, 221, 157]
428	29.5	[-55, 86, -42, -73, -81]	[117, -220, -41, 57, -132]	[-79, -92, -3, -53, -197]	[-36, -12, -139, -61, -75]	[108, -138, -158, 100, -136]	[-26, -73, 27, -77, 12]	[60, 82, -5, 85, 155]	[46, -154, -128, -95, -177]	[-163, -98, -141, -92, -112]	[127, -7, -61, -88, -28]	[240, 114, 126, 180, 186]	[10000, 10002, 9999, 9999, 10000]	[228, 214, 200, 215, 157]
429	30.0	[-55, 86, -42, -48, -81]	[10, -160, -4, 7, -221]	[-79, -133, 59, -27, -143]	[-38, 11, -122, -80, -69]	[131, -111, -101, -43, -35]	[-34, -7, 22, -34, 132]	[27, 62, -3, 40, 236]	[-107, -136, -83, -137, -26]	[-118, -81, -129, -62, -142]	[-7, -34, 5, -37, -28]	[207, 121, 135, 180, 180]	[10000, 10002, 9999, 9999, 10006]	[228, 208, 200, 221, 157]
430	25.0	[-40, -15, -193, 242, -184]	[0, -158, 13, -28, -236]	[-204, -142, 83, -23, -96]	[-30, 30, -111, -92, -46]	[115, -46, -88, -49, -34]	[-132, -1, 44, -23, 138]	[11, 35, 9, 38, 248]	[-172, -36, -76, -141, 23]	[-136, -115, -139, -49, -220]	[-11, 5, 6, -26, -76]	[-22, 112, 166, 163, 60]	[10000, 10009, 10000, 9987, 9997]	[-54, 190, 161, 148, 155]
431	30.5	[-55, 86, -42, -48, -81]	[10, -160, -4, 7, -215]	[-79, -133, 59, -27, -143]	[-38, -3, -133, -70, -69]	[108, -121, -123, -45, -35]	[-26, -11, 22, -34, 85]	[40, 46, -3, 41, 232]	[-107, -103, -54, -139, -173]	[-118, -81, -117, -74, -142]	[128, -37, 5, -37, -28]	[240, 114, 132, 180, 180]	[10000, 10002, 9999, 9999, 10006]	[228, 208, 200, 221, 157]
432	28.0	[-40, -12, -205, 128, -148]	[0, -167, 1, -28, -236]	[-204, -138, 81, -24, -96]	[-15, 16, -114, -77, 60]	[148, -71, -71, -49, -34]	[-129, -2, 21, -17, 138]	[-143, 45, 1, 49, 248]	[28, -150, -82, -113, 32]	[-118, -144, -129, -54, -221]	[-14, 30, 2, -36, -76]	[1, 125, 162, 162, -25]	[10000, 10000, 10000, 9987, 10004]	[13, 181, 161, 153, 155]
433	28.0	[-55, 86, -42, -48, -81]	[10, -160, -4, 7, -221]	[-79, -133, 59, -27, -143]	[-38, 11, -122, -80, -69]	[131, -111, -101, -43, -35]	[-34, -7, 22, -34, 132]	[27, 62, -3, 40, 242]	[-107, -136, -83, -137, -26]	[-118, -81, -129, -62, -142]	[-7, -34, 5, -37, -28]	[207, 121, 135, 180, 180]	[10000, 10002, 9999, 9999, 10006]	[228, 208, 200, 221, 157]
434	37.5	[-55, 86, -42, -48, -81]	[10, -160, -4, 7, -221]	[-79, -133, 59, -27, -143]	[-38, 11, -125, -70, -69]	[142, -119, -110, -45, -35]	[-26, -9, 22, -17, 93]	[27, 45, 1, 41, 226]	[-128, -116, -82, -122, -173]	[-118, -81, -117, -61, -142]	[128, -37, 5, -32, -28]	[106, 123, 132, 169, 180]	[9994, 10002, 9999, 9999, 10006]	[228, 208, 200, 221, 157]
435	33.0	[-55, 86, -42, -48, -81]	[10, -160, -4, 7, -221]	[-79, -133, 59, -27, -143]	[-38, 11, -122, -80, -69]	[131, -111, -101, -43, -35]	[-34, -7, 22, -34, 132]	[27, 62, -3, 40, 242]	[-107, -136, -83, -137, -26]	[-118, -81, -129, -62, -142]	[-7, -34, 5, -37, -28]	[207, 121, 135, 180, 180]	[10000, 10002, 9999, 9999, 10006]	[228, 208, 200, 221, 157]
436	31.0	[-55, 86, -42, -48, -81]	[10, -160, -4, 7, -221]	[-79, -133, 59, -27, -143]	[-38, 11, -122, -80, -69]	[131, -111, -101, -43, -35]	[-34, -7, 22, -34, 132]	[27, 62, -3, 40, 242]	[-107, -136, -83, -137, -26]	[-118, -81, -129, -62, -142]	[-7, -34, 5, -37, -28]	[207, 121, 135, 180, 180]	[10000, 10002, 9999, 9999, 10006]	[228, 208, 200, 221, 157]
437	27.5	[-55, 86, -42, -48, -81]	[10, -160, -4, 7, -221]	[-79, -133, 59, -27, -143]	[-38, 11, -122, -80, -69]	[131, -111, -101, -43, -35]	[-34, -7, 22, -34, 132]	[27, 62, -3, 40, 242]	[-107, -136, -83, -137, -26]	[-118, -81, -129, -62, -142]	[-7, -34, 5, -37, -28]	[207, 121, 135, 180, 180]	[10000, 10002, 9999, 9999, 10006]	[228, 208, 200, 221, 157]
438	29.5	[-55, 86, -42, -48, -81]	[10, -160, -4, 7, -215]	[-156, -136, 59, -27, -143]	[-38, -3, -133, -70, -69]	[108, -121, -123, -51, -35]	[-26, -11, 22, -34, 85]	[40, 46, -3, 41, 232]	[-107, -103, -54, -139, -173]	[-118, -81, -117, -74, -142]	[128, -37, 11, -37, -28]	[240, 114, 132, 180, 180]	[10000, 10002, 9999, 9999, 10006]	[228, 208, 200, 221, 157]
439	30.5	[-40, -12, -205, 128, -148]	[0, -158, 1, -28, -236]	[-204, -153, 88, -24, -73]	[-39, 13, -119, -96, 60]	[142, -79, -99, -49, -34]	[-133, -3, 20, -14, 138]	[-136, 34, 1, 39, 248]	[-165, -79, -82, -141, 32]	[-128, -99, -130, -89, -222]	[-12, 30, 2, -38, -64]	[4, 126, 144, 163, -12]	[10000, 10000, 10000, 9987, 10004]	[-62, 190, 161, 148, 155]
440	28.0	[-55, 86, -42, -48, -81]	[10, -160, -4, 7, -215]	[-79, -133, 59, -27, -143]	[-38, -3, -133, -70, -69]	[108, -121, -123, -51, -35]	[-26, -11, 22, -34, 85]	[40, 46, -3, 41, 232]	[-107, -103, -54, -139, -173]	[-118, -113, -143, -74, -142]	[128, -37, 3, -37, -28]	[240, 114, 132, 180, 174]	[10000, 10002, 9999, 9999, 10006]	[228, 208, 200, 221, 157]
441	34.0	[-55, 86, -42, -50, -81]	[10, -160, -16, 37, -221]	[-79, -133, 59, -42, -143]	[-37, -5, -128, -87, 25]	[114, -116, -101, -43, -35]	[-83, -72, 25, -33, 132]	[44, 58, -1, 40, 242]	[-107, -143, -85, -140, -26]	[-118, -104, -139, -80, -142]	[-7, -29, -1, -60, -76]	[207, 121, 135, 180, 180]	[10000, 10002, 9999, 9999, 10004]	[228, 209, 200, 221, 157]
442	31.5	[-55, 86, -42, -48, -81]	[10, -160, -4, 7, -221]	[-79, -133, 59, -27, -143]	[-38, 11, -122, -80, -69]	[131, -111, -101, -43, -35]	[-34, -7, 22, -34, 132]	[27, 62, -3, 40, 242]	[-107, -136, -83, -137, -26]	[-118, -81, -129, -62, -142]	[-7, -34, 5, -37, -28]	[207, 121, 135, 180, 180]	[10000, 10002, 9999, 9999, 10006]	[228, 208, 200, 221, 157]
443	24.5	[-55, 86, -42, -48, -81]	[10, -160, -35, 13, -221]	[-79, -133, 59, -38, -149]	[-31, 41, -122, -87, 25]	[117, -89, -158, -33, -38]	[-29, -18, 23, -35, 132]	[27, 62, -8, 60, 227]	[-81, -136, -83, -135, -162]	[-122, -104, -136, -62, -142]	[-7, -34, 1, -85, -76]	[207, 121, 130, 180, 182]	[10000, 10002, 9999, 9999, 10006]	[228, 212, 200, 217, 157]
444	29.5	[-48, 28, -187, 242, -184]	[5, -159, -2, 0, -231]	[-202, -153, 87, -19, -73]	[-32, 27, -129, -102, 60]	[113, -113, -107, -49, -34]	[-127, 12, 27, -29, 138]	[32, 31, 3, 40, 225]	[-172, -30, -76, -141, -6]	[-127, -100, -144, -50, -178]	[83, -26, -15, -30, -45]	[-20, 123, 146, 180, 126]	[10001, 10002, 9999, 9987, 9997]	[-54, 190, 161, 148, 155]
445	25.0	[-55, 86, -42, -48, -81]	[10, -160, -4, 7, -221]	[-79, -133, 59, -27, -143]	[-38, 11, -122, -80, -69]	[131, -111, -101, -43, -35]	[-34, -7, 22, -34, 132]	[27, 62, -3, 40, 242]	[-107, -136, -83, -137, -26]	[-118, -81, -129, -62, -142]	[-7, -34, 5, -37, -28]	[207, 121, 135, 180, 180]	[10000, 10002, 9999, 9999, 10006]	[228, 208, 200, 221, 157]
446	31.5	[-55, 86, -42, -48, -81]	[10, -160, -35, 13, -221]	[-79, -133, 59, -38, -149]	[-31, 41, -123, -79, 25]	[128, -107, -141, -33, -38]	[-29, -7, 23, -35, 132]	[27, 54, -8, 60, 227]	[-81, -136, -83, -135, -162]	[-122, -104, -136, -62, -142]	[-7, -34, 1, -41, -76]	[207, 121, 132, 180, 174]	[10000, 10002, 9999, 9999, 10006]	[228, 212, 200, 217, 157]
447	31.0	[-55, 86, -42, -48, -81]	[10, -160, -4, 7, -221]	[-79, -133, 59, -27, -143]	[-38, 11, -122, -80, -69]	[137, -111, -101, -43, -35]	[-34, -7, 22, -34, 132]	[27, 62, -3, 40, 242]	[-107, -136, -83, -137, -26]	[-118, -81, -129, -62, -142]	[-7, -34, 5, -37, -28]	[207, 121, 135, 180, 180]	[10000, 10002, 9999, 9999, 10006]	[228, 208, 200, 221, 157]
448	31.0	[-55, 86, -42, -73, -81]	[117, -220, -41, 57, -132]	[-79, -92, 3, -53, -197]	[-36, -11, -127, -69, -61]	[110, -112, -158, 100, -136]	[-26, -36, 23, -33, 46]	[60, 82, -5, 47, 190]	[40, -125, -58, -124, -177]	[-163, -92, -125, -83, -131]	[127, -24, -54, -67, -28]	[238, 123, 126, 180, 184]	[10000, 10002, 9999, 9999, 10001]	[228, 214, 200, 220, 157]
449	26.5	[-55, 86, -42, -73, -81]	[117, -220, -41, 57, -132]	[-79, -92, 4, -51, -197]	[-1, 46, -84, -62, -75]	[119, -70, -158, 100, -136]	[-26, -49, 23, -40, 12]	[60, 82, -11, 85, 155]	[46, -154, -128, -95, -177]	[-163, -98, -141, -92, -112]	[127, -7, -61, -88, -28]	[234, 114, 126, 180, 186]	[10000, 10002, 9999, 9999, 10000]	[228, 214, 194, 215, 157]
450	34.5	[-55, 86, -42, -48, -81]	[10, -160, -4, 7, -221]	[-79, -133, 59, -27, -143]	[-38, 11, -122, -80, -69]	[137, -111, -101, -43, -35]	[-34, -7, 22, -34, 132]	[27, 62, -3, 40, 242]	[-107, -136, -83, -137, -26]	[-118, -81, -129, -62, -142]	[-7, -34, 5, -37, -28]	[207, 121, 135, 180, 180]	[10000, 10002, 9999, 9999, 10006]	[228, 208, 200, 221, 157]
451	30.0	[-55, 86, -42, -73, -81]	[117, -220, -21, 38, -132]	[-79, -92, 31, -27, -197]	[-36, 3, -121, -69, -61]	[110, -109, -158, 53, -52]	[-29, -48, 22, -33, 23]	[51, 82, -8, 53, 150]	[-3, -136, -67, -122, -177]	[-163, -95, -134, -62, -136]	[127, -7, -61, -56, -28]	[224, 123, 131, 180, 186]	[10000, 10002, 9999, 9999, 10000]	[228, 214, 200, 215, 157]
452	31.5	[-55, 86, -42, -48, -81]	[10, -160, -35, 13, -221]	[-79, -133, 59, -38, -149]	[-31, 41, -122, -87, 25]	[117, -89, -158, -33, -38]	[-29, -18, 23, -35, 132]	[27, 62, -8, 60, 227]	[-81, -136, -83, -135, -162]	[-122, -104, -136, -62, -142]	[-7, -34, 1, -85, -76]	[207, 121, 138, 164, 20]	[10000, 10002, 9999, 9999, 10006]	[228, 212, 200, 217, 157]
453	29.5	[-55, 86, -42, -73, -81]	[117, -220, -21, 38, -132]	[-79, -92, 31, -27, -197]	[-36, 3, -121, -69, -61]	[110, -109, -158, 53, -52]	[-29, -48, 22, -33, 23]	[51, 82, -8, 53, 150]	[-3, -136, -67, -122, -177]	[-163, -95, -134, -62, -136]	[127, -7, -61, -56, -28]	[224, 123, 131, 180, 186]	[10000, 10002, 9999, 9999, 10000]	[228, 214, 200, 215, 157]
454	29.5	[-55, 86, -42, -48, -81]	[10, -160, -4, 7, -221]	[-79, -133, 59, -27, -143]	[-38, 11, -122, -80, -69]	[137, -111, -101, -43, -35]	[-34, -7, 22, -34, 132]	[27, 62, -3, 40, 242]	[-107, -136, -83, -137, -26]	[-118, -81, -129, -62, -142]	[-7, -34, 5, -37, -28]	[207, 121, 135, 180, 180]	[10000, 9996, 9999, 9999, 10006]	[228, 208, 200, 221, 157]
455	30.0	[-55, 86, -42, -48, -81]	[10, -160, -4, 7, -221]	[-79, -133, 59, -27, -143]	[-38, 11, -122, -80, -69]	[137, -111, -101, -43, -35]	[-34, -7, 22, -34, 132]	[27, 62, -3, 40, 242]	[-105, -136, -83, -137, -26]	[-118, -82, -131, -62, -142]	[-7, -34, 2, -37, -28]	[207, 121, 135, 171, 180]	[10000, 9996, 9999, 9999, 10006]	[228, 208, 200, 221, 157]
456	31.0	[-55, 86, -42, -50, -81]	[10, -160, -16, 37, -221]	[-79, -133, 59, -42, -143]	[-37, -5, -128, -87, 25]	[114, -116, -101, -43, -35]	[-83, -72, 25, -33, 132]	[44, 58, -1, 40, 242]	[-107, -143, -85, -140, -26]	[-118, -104, -139, -74, -142]	[-7, -29, -1, -60, -76]	[207, 121, 135, 180, 180]	[10000, 10002, 9999, 9999, 10004]	[228, 209, 200, 221, 157]
457	34.5	[-48, 28, -187, 242, -184]	[5, -159, -2, 0, -231]	[-202, -153, 87, -19, -73]	[-32, 27, -129, -102, 60]	[113, -113, -107, -49, -34]	[-127, 12, 27, -29, 138]	[32, 31, 3, 40, 225]	[-172, -30, -76, -141, -6]	[-127, -100, -144, -50, -172]	[83, -26, -15, -30, -45]	[-20, 123, 146, 180, 126]	[10001, 10002, 9999, 9987, 9997]	[-54, 190, 161, 148, 155]
458	27.0	[-55, 86, -42, -48, -81]	[10, -160, -35, 13, -221]	[-79, -133, 59, -38, -149]	[-31, 41, -122, -87, 25]	[134, -89, -158, -33, -38]	[-29, -18, 21, -29, 132]	[13, 57, -1, 55, 227]	[-114, -127, -82, -135, -162]	[-118, -89, -139, -62, -142]	[-7, -36, 4, -38, -76]	[207, 121, 132, 170, 177]	[10000, 10002, 9999, 9999, 10006]	[228, 212, 200, 219, 157]
459	26.0	[-55, 86, -42, -48, -81]	[10, -160, -4, 7, -221]	[-79, -133, 59, -27, -143]	[-38, 11, -125, -70, -69]	[142, -105, -140, -45, -35]	[-26, -45, 24, -24, 93]	[25, 45, -1, 48, 236]	[-128, -122, -81, -122, -173]	[-118, -93, -126, -61, -142]	[128, -37, 5, -41, -28]	[161, 123, 132, 169, 180]	[9994, 10002, 9999, 9999, 10006]	[228, 208, 200, 221, 157]
460	30.0	[-55, 86, -42, -48, -81]	[10, -160, -4, 7, -221]	[-79, -133, 59, -27, -143]	[-38, 11, -125, -70, -69]	[142, -105, -140, -45, -35]	[-26, -45, 24, -24, 93]	[25, 45, -1, 48, 236]	[-128, -122, -81, -122, -173]	[-118, -93, -126, -61, -142]	[128, -37, 5, -41, -28]	[161, 123, 132, 169, 180]	[9994, 10002, 9999, 9999, 10006]	[228, 208, 200, 221, 157]
461	32.5	[-55, 86, -42, -48, -81]	[10, -160, -35, 13, -221]	[-79, -133, 59, -38, -149]	[-31, 24, -120, -87, 25]	[117, -90, -146, -33, -38]	[-29, -11, 20, -35, 132]	[27, 60, -8, 44, 240]	[-81, -136, -83, -135, -135]	[-126, -104, -135, -62, -142]	[-7, 15, 2, -54, -68]	[207, 121, 130, 170, 182]	[10000, 10002, 9999, 9999, 10006]	[222, 212, 200, 217, 157]
462	29.0	[-55, 86, -42, -48, -81]	[10, -160, -4, 7, -221]	[-79, -133, 59, -27, -143]	[-38, 11, -122, -80, -69]	[137, -111, -101, -43, -35]	[-34, -7, 22, -34, 132]	[27, 62, -3, 40, 242]	[-105, -136, -83, -137, -26]	[-118, -82, -131, -62, -142]	[-7, -34, 2, -37, -28]	[207, 121, 135, 171, 180]	[10000, 9996, 9999, 9999, 10006]	[228, 208, 200, 221, 157]
463	30.5	[-55, 86, -42, -48, -81]	[10, -160, -35, 13, -221]	[-79, -133, 59, -38, -149]	[-31, 24, -120, -87, 25]	[117, -90, -146, -33, -38]	[-29, -11, 20, -35, 132]	[27, 60, -8, 44, 240]	[-81, -136, -83, -135, -135]	[-126, -104, -135, -62, -142]	[-7, 15, 2, -54, -68]	[207, 121, 130, 170, 182]	[10000, 10002, 9999, 9999, 10006]	[222, 212, 200, 217, 157]
464	28.5	[-55, 86, -42, -73, -81]	[117, -220, -41, 57, -132]	[-79, -92, 4, -51, -197]	[-1, 46, -84, -62, -75]	[119, -70, -158, 100, -136]	[-26, -49, 23, -40, 12]	[60, 82, -11, 85, 155]	[46, -154, -128, -95, -177]	[-163, -98, -141, -92, -112]	[76, 7, -11, -72, -61]	[224, 114, 129, 177, 186]	[10000, 10002, 9999, 9999, 10000]	[228, 214, 194, 215, 157]
465	27.5	[-55, 86, -42, -73, -81]	[117, -220, -41, 57, -132]	[-79, -92, 4, -51, -197]	[-1, 46, -84, -62, -81]	[117, -88, -149, -10, -136]	[-26, -49, 23, -40, 12]	[60, 82, -11, 85, 155]	[46, -154, -128, -95, -177]	[-169, -98, -141, -92, -112]	[127, -7, -61, -88, -28]	[234, 114, 126, 174, 186]	[10000, 10002, 9999, 9999, 10000]	[228, 214, 194, 215, 157]
466	27.5	[-48, 28, -187, 242, -184]	[5, -159, -2, 0, -231]	[-202, -153, 87, -19, -73]	[-32, 37, -122, -98, 60]	[128, -113, -107, -49, -34]	[-127, -9, 24, -29, 138]	[21, 31, 3, 40, 225]	[-172, -95, -77, -141, -72]	[-127, -90, -144, -50, -172]	[67, -32, -1, -30, -45]	[-20, 123, 134, 180, 126]	[10001, 10002, 9999, 9987, 9997]	[-54, 190, 161, 148, 155]
467	32.5	[-55, 86, -42, -48, -81]	[10, -160, -35, 13, -221]	[-79, -133, 59, -38, -149]	[-36, 17, -122, -84, 25]	[134, -89, -158, -42, -36]	[-29, -18, 21, -34, 132]	[19, 59, -1, 49, 227]	[-111, -133, -82, -137, -148]	[-118, -89, -137, -62, -142]	[-7, -36, 3, -37, -29]	[192, 122, 132, 169, 177]	[10000, 10002, 9999, 9999, 10006]	[228, 212, 200, 220, 157]
468	31.5	[-55, 86, -42, -48, -81]	[10, -160, -35, 13, -221]	[-193, -148, 59, -38, -149]	[-31, 41, -122, -87, 33]	[134, -89, -158, -33, -38]	[-29, -18, 21, -29, 132]	[13, 57, -1, 55, 227]	[-120, -127, -82, -135, -162]	[-118, -89, -139, -62, -142]	[-7, -36, 4, -38, -76]	[207, 121, 132, 170, 177]	[10000, 10002, 9999, 9999, 10006]	[228, 212, 200, 219, 157]
469	32.0	[-55, 86, -42, -48, -81]	[10, -160, -35, 13, -221]	[-79, -133, 59, -38, -149]	[-31, 24, -120, -87, 25]	[117, -90, -146, -33, -38]	[-29, -11, 20, -35, 126]	[27, 60, -8, 44, 240]	[-81, -136, -83, -135, -135]	[-126, -104, -135, -62, -142]	[-7, 15, 2, -54, -68]	[207, 121, 130, 170, 182]	[10000, 10002, 9999, 9999, 10006]	[222, 212, 200, 217, 157]
470	28.5	[-55, 86, -42, -48, -81]	[10, -160, -4, 7, -221]	[-79, -117, 17, -47, -143]	[-38, 29, -124, -73, -40]	[123, -111, -146, -43, -35]	[-34, -7, 23, -34, 99]	[-38, 58, -3, 46, 242]	[-34, -132, -63, -136, -117]	[-145, -82, -131, -62, -142]	[-7, -27, -49, -61, -28]	[207, 121, 135, 174, 182]	[10000, 9996, 9999, 9999, 10006]	[228, 208, 200, 215, 157]
471	27.5	[-55, 86, -42, -48, -81]	[10, -160, -4, 7, -221]	[-79, -104, 37, -33, -195]	[-38, 12, -122, -75, -40]	[137, -110, -123, -43, -35]	[-90, -35, 21, -33, 132]	[25, 58, -3, 47, 242]	[-105, -132, -83, -136, -117]	[-118, -82, -131, -62, -142]	[-7, -34, 2, -37, -28]	[207, 121, 135, 171, 180]	[10000, 9996, 9999, 9999, 10006]	[228, 208, 200, 215, 157]
472	35.5	[-55, 86, -42, -48, -81]	[10, -160, -35, 13, -221]	[-79, -133, 59, -38, -149]	[-36, 17, -122, -84, 25]	[134, -89, -157, -42, -36]	[-29, -18, 23, -25, 99]	[19, 59, -1, 49, 227]	[-111, -133, -82, -137, -148]	[-118, -89, -137, -62, -142]	[-7, -36, 3, -37, -29]	[207, 121, 132, 170, 177]	[10000, 10002, 9999, 9999, 10006]	[228, 212, 200, 220, 157]
473	30.0	[-55, 86, -42, -48, -81]	[10, -160, -35, 13, -221]	[-79, -133, 59, -38, -149]	[-36, 17, -122, -84, 25]	[128, -89, -158, -42, -36]	[-29, -18, 21, -34, 132]	[19, 59, -1, 49, 227]	[-111, -133, -82, -137, -148]	[-118, -89, -137, -62, -142]	[-7, -36, 3, -37, -29]	[192, 122, 132, 169, 177]	[10000, 10002, 9999, 9999, 10006]	[228, 212, 200, 220, 157]
474	30.5	[-55, 86, -42, -48, -81]	[10, -160, -35, 13, -221]	[-79, -133, 59, -38, -149]	[-31, 24, -120, -87, 25]	[117, -90, -146, -33, -38]	[-29, -5, 20, -35, 126]	[27, 60, -8, 44, 240]	[-81, -136, -83, -135, -135]	[-126, -104, -135, -62, -142]	[-7, 15, 2, -54, -68]	[207, 121, 130, 170, 182]	[10000, 10002, 9999, 9999, 10006]	[222, 212, 200, 217, 157]
475	25.5	[-55, 86, -42, -48, -81]	[10, -160, -35, 13, -221]	[-79, -133, 59, -38, -149]	[-36, 17, -122, -84, 25]	[134, -89, -157, -42, -36]	[-29, -18, 23, -25, 99]	[19, 59, -1, 49, 227]	[-111, -133, -82, -137, -148]	[-118, -89, -137, -62, -142]	[-7, -36, 3, -37, -29]	[207, 121, 132, 170, 177]	[10000, 10002, 9999, 9999, 10006]	[228, 212, 200, 220, 157]
476	35.0	[-55, 86, -42, -73, -81]	[117, -220, -41, 57, -132]	[-79, -92, 4, -51, -197]	[-1, 46, -84, -62, -81]	[117, -88, -149, -10, -136]	[-26, -49, 23, -40, 12]	[60, 82, -11, 85, 149]	[46, -154, -128, -89, -177]	[-163, -98, -141, -92, -112]	[127, -7, -56, -64, -28]	[234, 119, 127, 175, 186]	[10000, 10008, 9999, 9999, 10000]	[228, 214, 194, 215, 157]
477	33.5	[-55, 86, -42, -48, -81]	[10, -160, -4, 7, -221]	[-79, -117, 17, -47, -143]	[-38, 29, -124, -73, -46]	[123, -111, -146, -33, -42]	[-34, -7, 23, -34, 99]	[-38, 58, -3, 46, 242]	[-34, -132, -63, -136, -117]	[-145, -82, -131, -68, -142]	[67, -27, -49, -61, -28]	[210, 122, 135, 174, 182]	[10000, 9996, 9999, 9999, 10006]	[228, 208, 200, 215, 157]
478	33.0	[-55, 86, -42, -48, -81]	[10, -160, -4, 7, -221]	[-79, -104, 52, -38, -176]	[-38, 20, -120, -75, -40]	[117, -92, -144, -39, -37]	[-87, -28, 21, -35, 129]	[10, 58, -6, 45, 242]	[-105, -132, -83, -136, -117]	[-126, -86, -131, -63, -142]	[-7, -34, 2, -51, -28]	[207, 121, 130, 171, 180]	[10000, 10001, 9999, 9999, 10005]	[228, 212, 196, 215, 157]
479	33.0	[-55, 86, -42, -73, -81]	[117, -220, -41, 57, -132]	[-79, -92, 6, -28, -203]	[-26, 35, -84, -62, -81]	[117, -88, -156, -10, -136]	[-38, -23, 23, -40, 12]	[55, 82, -6, 51, 155]	[-51, -115, -128, -95, -177]	[-169, -98, -135, -92, -112]	[127, -7, -50, -63, -28]	[234, 114, 142, 174, 186]	[10000, 10006, 9999, 9999, 10000]	[228, 214, 195, 215, 153]
480	30.5	[-55, 86, -42, -48, -81]	[10, -160, -9, 6, -221]	[-79, -133, 59, -27, -151]	[-37, 12, -122, -94, -56]	[142, -105, -140, -45, -35]	[-29, -47, 22, -24, 93]	[25, 45, -1, 47, 209]	[-109, -102, -74, -116, -145]	[-119, -94, -126, -61, -142]	[128, -37, 5, -41, -28]	[161, 123, 132, 169, 180]	[9994, 10002, 9999, 9999, 10006]	[228, 208, 200, 221, 163]
481	32.0	[-55, 86, -42, -48, -75]	[10, -160, -4, 7, -221]	[-79, -104, 52, -38, -176]	[-38, 20, -121, -75, -40]	[117, -92, -150, -39, -37]	[-80, -19, 21, -35, 127]	[26, 58, -4, 46, 230]	[-98, -135, -83, -136, -117]	[-126, -89, -133, -63, -142]	[-7, -34, 2, -51, -28]	[207, 121, 130, 171, 180]	[10000, 10001, 9999, 9999, 10005]	[228, 212, 196, 215, 157]
482	27.5	[-55, 86, -42, -48, -81]	[10, -160, -4, 7, -221]	[-79, -117, 17, -47, -143]	[-44, 29, -124, -79, -46]	[123, -111, -149, 4, -35]	[-34, -7, 23, -34, 29]	[-11, 60, 0, 54, 231]	[-34, -132, -63, -136, -117]	[-145, -82, -131, -68, -142]	[67, -27, -49, -61, -28]	[210, 122, 135, 174, 182]	[10000, 9996, 9999, 9999, 10006]	[228, 208, 200, 215, 157]
483	28.5	[-55, 86, -42, -48, -81]	[10, -160, -4, 7, -221]	[-79, -117, 17, -47, -143]	[-38, 29, -124, -73, -46]	[123, -111, -146, -33, -42]	[-34, -7, 23, -34, 99]	[-38, 58, -3, 46, 242]	[-34, -132, -63, -136, -117]	[-145, -82, -131, -68, -142]	[67, -27, -49, -61, -28]	[210, 122, 135, 174, 182]	[10000, 9996, 9999, 9999, 10006]	[228, 208, 200, 215, 157]
484	32.5	[-55, 86, -42, -48, -81]	[10, -160, -4, 7, -221]	[-79, -117, 17, -47, -143]	[-44, 29, -124, -79, -46]	[123, -111, -149, 4, -35]	[-34, -7, 23, -34, 29]	[-11, 60, 0, 54, 231]	[-34, -132, -63, -136, -117]	[-145, -82, -131, -68, -142]	[67, -27, -49, -61, -28]	[210, 122, 135, 174, 182]	[10000, 9996, 9999, 9999, 10006]	[228, 208, 200, 215, 157]
485	28.0	[-55, 86, -42, -48, -81]	[10, -160, -4, 7, -221]	[-79, -117, 17, -47, -143]	[-38, 29, -124, -73, -46]	[123, -111, -146, -33, -42]	[-34, -7, 23, -34, 99]	[-38, 58, -3, 46, 242]	[-34, -132, -63, -136, -117]	[-145, -82, -131, -68, -142]	[67, -27, -49, -61, -28]	[210, 122, 135, 174, 182]	[10000, 9996, 9999, 9999, 10006]	[228, 208, 200, 215, 157]
486	28.5	[-55, 86, -42, -48, -81]	[10, -160, -9, 7, -225]	[-79, -111, 20, -39, -156]	[-38, 26, -124, -78, -45]	[134, -101, -153, -10, -37]	[-45, -17, 23, -33, 108]	[22, 58, 0, 44, 240]	[-106, -134, -78, -136, -117]	[-126, -89, -134, -66, -142]	[-7, -32, -13, -42, -29]	[207, 121, 130, 170, 180]	[10000, 9999, 9999, 9999, 10006]	[228, 212, 199, 215, 157]
487	33.5	[-55, 86, -42, -48, -81]	[10, -160, -4, 7, -221]	[-79, -117, 17, -47, -143]	[-44, 29, -124, -79, -46]	[123, -111, -149, 4, -35]	[-34, -7, 23, -34, 29]	[-11, 60, 0, 54, 231]	[-34, -132, -63, -136, -117]	[-139, -82, -131, -68, -142]	[67, -27, -49, -61, -28]	[210, 122, 135, 174, 182]	[10000, 9996, 9999, 9994, 10006]	[111, 208, 171, 215, 157]
488	28.0	[-55, 86, -42, -48, -81]	[10, -160, -4, 7, -221]	[-79, -117, 17, -47, -143]	[-38, 29, -124, -73, -46]	[123, -111, -146, -33, -42]	[-34, -7, 17, -34, 99]	[-38, 58, -3, 46, 242]	[-34, -132, -63, -136, -117]	[-145, -82, -131, -68, -142]	[67, -27, -49, -61, -28]	[210, 122, 135, 174, 182]	[10000, 9996, 9999, 9999, 10006]	[228, 208, 200, 215, 157]
489	29.0	[-55, 86, -42, -48, -81]	[10, -160, -14, 7, -227]	[-79, -110, 45, -39, -156]	[-38, 20, -120, -75, -40]	[134, -95, -150, 1, -37]	[-80, -18, 22, -34, 108]	[0, 59, -1, 44, 240]	[-64, -133, -78, -136, -117]	[-126, -89, -134, -63, -142]	[-7, -34, 3, -42, -29]	[207, 121, 130, 170, 180]	[10000, 10001, 9999, 9999, 10006]	[228, 212, 196, 215, 157]
490	31.0	[-55, 86, -36, -48, -81]	[10, -160, -4, 7, -221]	[-79, -117, 17, -47, -143]	[-38, 29, -124, -73, -46]	[123, -111, -146, -33, -42]	[-34, -7, 17, -34, 99]	[-38, 58, -3, 46, 242]	[-34, -132, -63, -136, -117]	[-145, -82, -131, -68, -142]	[67, -27, -49, -61, -28]	[210, 122, 135, 174, 182]	[10000, 9996, 9999, 9999, 10006]	[228, 208, 200, 215, 157]
491	28.0	[-55, 86, -36, -48, -81]	[10, -160, -4, 7, -221]	[-79, -117, 17, -47, -143]	[-38, 29, -124, -73, -46]	[123, -111, -146, -33, -42]	[-34, -7, 17, -34, 99]	[-38, 58, -3, 46, 242]	[-34, -132, -63, -136, -117]	[-145, -82, -131, -68, -142]	[67, -27, -49, -61, -28]	[210, 122, 135, 174, 182]	[10000, 9996, 9999, 9999, 10006]	[228, 208, 200, 215, 157]
492	31.0	[-55, 86, -42, -73, -81]	[117, -214, -41, 57, -132]	[-79, -92, 10, -49, -197]	[-1, 46, -84, -71, -75]	[119, -70, -158, 2, -142]	[-27, -48, 23, -40, 12]	[60, 82, -11, 85, 155]	[46, -154, -128, -95, -177]	[-156, -98, -141, -92, -112]	[76, 7, -11, -72, -61]	[224, 114, 129, 177, 186]	[10000, 10002, 9999, 9993, 10000]	[228, 214, 194, 215, 157]
493	33.0	[-55, 86, -42, -73, -81]	[117, -220, -41, 57, -132]	[-79, -92, 12, -39, -189]	[-26, 35, -84, -68, -81]	[117, -106, -156, -10, -136]	[-37, -18, 23, -40, 83]	[55, 65, -6, 51, 192]	[-51, -115, -128, -96, -154]	[-163, -98, -135, -90, -112]	[61, -21, -13, -51, -28]	[234, 114, 142, 171, 186]	[10000, 10005, 9999, 9999, 10003]	[228, 214, 195, 215, 153]
494	31.0	[-55, 86, -42, -42, -81]	[10, -160, -4, 7, -221]	[-79, -117, 17, -47, -143]	[-38, 29, -124, -73, -40]	[123, -111, -146, -43, -35]	[-34, -7, 23, -34, 99]	[-38, 64, -3, 47, 242]	[-34, -132, -63, -101, -160]	[-155, -87, -140, -80, -142]	[37, -23, -23, -61, -28]	[207, 121, 135, 174, 182]	[10000, 9996, 9999, 9999, 10006]	[228, 208, 200, 215, 157]
495	32.0	[-55, 86, -42, -42, -81]	[10, -160, -4, 7, -221]	[-79, -117, 17, -47, -143]	[-38, 29, -124, -73, -40]	[123, -111, -146, -43, -35]	[-34, -7, 23, -34, 99]	[-38, 64, -3, 47, 242]	[-34, -132, -63, -101, -160]	[-155, -87, -140, -80, -142]	[37, -23, -23, -61, -28]	[207, 121, 135, 174, 182]	[10000, 9996, 9999, 9999, 10006]	[228, 208, 200, 215, 157]
496	31.0	[-61, 86, -36, -48, -81]	[10, -160, -4, 7, -221]	[-79, -117, 17, -47, -143]	[-38, 29, -124, -73, -46]	[123, -111, -146, -33, -42]	[-34, -7, 17, -34, 99]	[-38, 58, -3, 46, 248]	[-34, -132, -63, -136, -117]	[-139, -84, -131, -68, -142]	[67, -27, -49, -61, -28]	[210, 122, 135, 174, 182]	[10000, 9996, 9999, 9999, 10006]	[228, 208, 200, 215, 157]
497	31.0	[-61, 86, -36, -48, -81]	[10, -160, -4, 7, -221]	[-79, -117, 17, -47, -143]	[-38, 29, -124, -73, -46]	[123, -111, -146, -33, -42]	[-34, -7, 17, -34, 99]	[-38, 58, -3, 46, 248]	[-34, -132, -63, -136, -117]	[-139, -84, -131, -68, -142]	[67, -27, -49, -61, -28]	[210, 122, 135, 174, 182]	[10000, 9996, 9999, 9999, 10006]	[228, 208, 200, 215, 157]
498	31.5	[-55, 86, -42, -73, -81]	[117, -220, -41, 57, -132]	[-79, -92, 12, -39, -189]	[-26, 35, -84, -68, -81]	[117, -106, -156, -10, -136]	[-37, -18, 23, -40, 83]	[55, 65, -6, 51, 192]	[-51, -115, -128, -96, -154]	[-163, -98, -135, -90, -112]	[61, -21, -13, -51, -28]	[234, 114, 142, 171, 186]	[10000, 10005, 9999, 9999, 10006]	[228, 214, 198, 215, 153]
499	29.5	[-55, 86, -42, -42, -81]	[10, -160, -4, 7, -221]	[-79, -117, 17, -47, -143]	[-38, 19, -124, -74, -40]	[123, -111, -148, -39, -36]	[-34, -8, 23, -34, 103]	[-38, 63, -4, 47, 242]	[-71, -132, -63, -101, -160]	[-155, -86, -133, -64, -142]	[37, -23, 1, -61, -26]	[207, 121, 135, 174, 182]	[10000, 9996, 9999, 9999, 10006]	[228, 208, 200, 215, 157]
500	28.0	[-55, 86, -36, -48, -50]	[10, -160, -4, 7, -221]	[-79, -117, 17, -47, -143]	[-38, 29, -124, -75, -42]	[123, -111, -146, -9, -38]	[-34, -7, 17, -34, 99]	[-38, 58, -3, 44, 241]	[-34, -133, -73, -136, -117]	[-145, -83, -131, -68, -142]	[67, -27, -49, -61, -28]	[210, 122, 135, 174, 182]	[10000, 9996, 9999, 9999, 10006]	[228, 208, 200, 215, 157]
501	29.0	[-61, 86, -36, -48, -81]	[10, -160, -4, 7, -221]	[-79, -117, 42, -47, -143]	[-38, 29, -124, -73, -46]	[123, -111, -146, -33, -42]	[-34, -7, 17, -34, 99]	[-38, 58, -3, 46, 242]	[-34, -132, -63, -136, -117]	[-145, -82, -131, -68, -142]	[67, -27, -49, -61, -28]	[210, 122, 135, 174, 182]	[10000, 9996, 9999, 9999, 10006]	[228, 208, 200, 215, 157]
502	32.0	[-55, 86, -42, -73, -81]	[117, -220, -41, 57, -132]	[-79, -92, 12, -39, -189]	[-26, 35, -84, -68, -81]	[117, -81, -156, -10, -136]	[-37, -18, 23, -40, 83]	[55, 65, -6, 51, 192]	[-51, -115, -128, -96, -154]	[-163, -98, -135, -90, -112]	[61, -21, -13, -51, -28]	[234, 114, 142, 171, 186]	[10000, 10005, 9999, 9999, 10006]	[228, 214, 198, 215, 153]
503	28.0	[-55, 86, -42, -42, -81]	[10, -154, -4, 7, -221]	[-79, -117, 17, -69, -143]	[-38, 26, -124, -71, -42]	[123, -111, -146, -24, -36]	[-34, -42, 23, -33, 99]	[-6, 67, -6, 84, 237]	[-47, -138, -89, -117, -160]	[-163, -87, -140, -81, -142]	[90, -13, -23, -61, -28]	[207, 121, 135, 174, 182]	[10000, 9996, 9999, 9999, 10006]	[228, 208, 200, 215, 157]
504	28.0	[-55, 86, -36, -48, -50]	[10, -160, -4, 7, -221]	[-79, -117, 17, -47, -143]	[-38, 29, -124, -75, -42]	[123, -111, -146, -9, -38]	[-34, -7, 17, -34, 99]	[-38, 58, -3, 44, 241]	[-34, -133, -73, -136, -117]	[-145, -83, -131, -68, -142]	[67, -27, -49, -61, -28]	[210, 122, 135, 174, 182]	[10000, 9996, 9999, 9999, 10006]	[228, 208, 200, 215, 157]
505	30.0	[-55, 86, -42, -47, -81]	[10, -160, -4, 7, -196]	[-79, -117, 17, -47, -143]	[-38, 19, -124, -74, -40]	[123, -111, -148, -39, -36]	[-34, -8, 23, -34, 103]	[-38, 63, -4, 47, 242]	[-71, -132, -63, -101, -160]	[-155, -86, -133, -64, -142]	[37, -23, 1, -61, -26]	[207, 121, 135, 174, 182]	[10000, 9996, 9999, 9999, 10006]	[228, 208, 200, 215, 157]
506	29.5	[-61, 86, -36, -48, -81]	[10, -160, -4, 7, -221]	[-79, -102, 16, -42, -179]	[-38, 29, -124, -73, -46]	[123, -111, -148, -12, -42]	[-34, -12, 17, -34, 99]	[-38, 60, -3, 46, 248]	[-34, -132, -63, -108, -152]	[-139, -84, -131, -82, -129]	[67, -27, -49, -61, -28]	[210, 122, 135, 174, 182]	[10000, 9996, 9999, 9999, 10006]	[228, 208, 200, 215, 157]
507	33.0	[-61, 86, -36, -48, -81]	[10, -160, -4, 7, -221]	[-79, -117, 17, -47, -143]	[-38, 29, -124, -73, -46]	[123, -111, -146, -33, -42]	[-34, -7, 17, -34, 99]	[-38, 58, -3, 46, 248]	[-34, -132, -63, -136, -142]	[-147, -84, -131, -62, -142]	[67, -27, -49, -63, -28]	[211, 120, 135, 174, 182]	[10000, 9998, 9999, 9999, 10006]	[228, 208, 200, 215, 157]
508	33.5	[-55, 86, -42, -42, -81]	[10, -154, -4, 7, -221]	[-79, -117, 17, -47, -143]	[-38, 29, -103, -64, -40]	[123, -111, -146, 4, -35]	[-34, -7, 23, -38, 99]	[-38, 64, -3, 47, 242]	[-34, -132, -63, -101, -160]	[-155, -87, -140, -80, -142]	[37, -23, -23, -61, -28]	[207, 121, 135, 174, 182]	[10000, 9996, 9999, 9999, 10006]	[228, 208, 200, 215, 157]
509	34.0	[-55, 86, -42, -42, -81]	[10, -163, -17, 7, -221]	[-79, -95, 14, -50, -143]	[-38, 20, -100, -68, -58]	[123, -111, -146, -24, -36]	[-34, -42, 23, -33, 99]	[-6, 67, -6, 84, 237]	[-47, -138, -89, -117, -160]	[-163, -87, -140, -81, -142]	[90, -13, -23, -56, -28]	[223, 115, 135, 174, 182]	[10000, 9997, 9999, 9999, 10006]	[228, 208, 200, 215, 157]
510	34.0	[-55, 86, -42, -42, -81]	[10, -160, -4, 7, -196]	[-79, -117, 17, -47, -143]	[-32, 19, -124, -74, -40]	[123, -111, -148, -39, -36]	[-34, -7, 23, -34, 103]	[-38, 64, -4, 47, 242]	[-71, -132, -63, -101, -160]	[-155, -87, -133, -73, -142]	[37, -23, 1, -61, -26]	[207, 121, 135, 174, 182]	[10000, 9996, 9999, 9999, 10006]	[228, 208, 200, 215, 157]
511	33.0	[-55, 86, -42, -42, -81]	[10, -163, -25, 13, -221]	[-79, -95, 14, -50, -171]	[-32, 30, -100, -68, -58]	[119, -101, -153, -24, -36]	[-34, -41, 23, -33, 99]	[-6, 66, -6, 84, 237]	[-53, -138, -89, -117, -160]	[-163, -87, -140, -81, -142]	[90, -13, -23, -61, -28]	[207, 121, 135, 174, 182]	[10000, 9996, 9999, 9999, 10006]	[228, 208, 200, 215, 157]
512	28.5	[-55, 86, -42, -48, -81]	[10, -160, -9, 7, -225]	[-79, -115, 14, -64, -156]	[-38, 26, -124, -70, -45]	[127, -103, -152, -13, -37]	[-45, -16, 23, -34, 100]	[22, 58, -6, 48, 240]	[-53, -134, -64, -136, -117]	[-126, -89, -135, -78, -133]	[12, -24, -13, -46, -29]	[207, 121, 130, 170, 180]	[10000, 9999, 9999, 9999, 10006]	[228, 212, 199, 215, 157]
513	27.0	[-55, 86, -42, -48, -81]	[10, -160, -9, 7, -225]	[-79, -115, 14, -64, -156]	[-38, 26, -124, -70, -45]	[127, -103, -152, -13, -37]	[-45, -16, 23, -34, 100]	[22, 58, -6, 48, 240]	[-53, -134, -64, -136, -117]	[-126, -89, -135, -78, -133]	[12, -24, -13, -46, -29]	[207, 121, 130, 170, 180]	[10000, 9999, 9999, 9999, 10006]	[228, 212, 199, 215, 157]
514	30.5	[-61, 86, -36, -48, -81]	[10, -160, -4, 7, -221]	[-79, -117, 17, -47, -143]	[-38, 29, -124, -73, -46]	[123, -111, -146, -33, -42]	[-34, -7, 17, -34, 99]	[-38, 58, -3, 46, 248]	[-34, -132, -63, -136, -142]	[-147, -84, -131, -62, -142]	[67, -27, -49, -63, -28]	[211, 120, 135, 174, 182]	[10000, 9998, 9999, 9999, 10006]	[228, 208, 200, 215, 157]
515	28.5	[-61, 86, -36, -48, -81]	[10, -160, -19, 8, -221]	[-79, -105, 29, -49, -161]	[-38, 29, -124, -71, -48]	[121, -108, -153, -13, -41]	[-34, -7, 17, -34, 99]	[-38, 58, -3, 46, 245]	[-34, -132, -63, -136, -117]	[-140, -82, -131, -79, -142]	[67, -27, -49, -61, -28]	[210, 122, 135, 174, 182]	[10000, 9996, 9999, 9999, 10006]	[228, 208, 200, 215, 157]
516	31.0	[-55, 86, -42, -47, -81]	[10, -160, -4, 7, -196]	[-79, -117, 17, -47, -143]	[-38, 19, -124, -74, -40]	[123, -111, -148, -39, -36]	[-34, -8, 23, -34, 103]	[-38, 63, -4, 47, 242]	[-71, -132, -63, -101, -160]	[-155, -86, -133, -64, -142]	[37, -23, 1, -61, -26]	[207, 121, 135, 174, 182]	[10000, 9996, 9999, 9999, 10006]	[228, 208, 200, 215, 157]
517	29.0	[-55, 86, -42, -42, -81]	[10, -160, -29, 7, -196]	[-79, -112, 16, -43, -175]	[-38, 10, -98, -71, -40]	[123, -111, -148, -33, -38]	[-34, -7, 23, -35, 79]	[-38, 65, -4, 47, 242]	[-71, -133, -66, -101, -166]	[-157, -87, -137, -80, -142]	[37, -23, 1, -61, -26]	[207, 121, 135, 174, 182]	[10000, 9996, 9999, 9999, 10006]	[228, 208, 200, 215, 157]
518	29.5	[-55, 86, -42, -42, -81]	[10, -160, -6, 7, -215]	[-79, -117, 16, -47, -143]	[-63, 26, -109, -73, -40]	[123, -111, -148, -36, -38]	[-34, -8, 23, -35, 84]	[-1, 62, -4, 68, 240]	[-57, -132, -67, -101, -138]	[-126, -93, -134, -88, -142]	[16, -30, -19, -56, -29]	[207, 121, 135, 174, 182]	[10000, 9996, 9999, 9999, 10006]	[228, 208, 200, 215, 157]
519	28.0	[-61, 86, -36, -48, -81]	[10, -160, -5, 7, -221]	[-79, -102, 30, -46, -179]	[-38, 29, -124, -72, -49]	[121, -110, -148, -12, -42]	[-34, -7, 17, -34, 99]	[-38, 60, -3, 46, 245]	[-68, -132, -63, -110, -157]	[-139, -86, -131, -82, -129]	[33, -24, -34, -52, -29]	[210, 122, 133, 174, 182]	[10000, 9996, 9999, 9999, 10006]	[228, 214, 200, 215, 157]
520	29.5	[-55, 86, -42, -42, -81]	[10, -163, -25, 13, -221]	[-79, -95, 14, -50, -171]	[-32, 30, -100, -68, -58]	[119, -101, -153, -24, -36]	[-34, -26, 23, -34, 80]	[-8, 66, -6, 84, 237]	[-53, -138, -79, -109, -165]	[-163, -87, -140, -78, -142]	[78, -22, -6, -61, -28]	[207, 121, 135, 174, 182]	[10000, 9996, 9999, 9999, 10006]	[228, 208, 200, 215, 157]
521	31.5	[-55, 86, -42, -42, -81]	[10, -160, -29, 7, -196]	[-79, -112, 16, -43, -175]	[-38, 10, -98, -71, -40]	[123, -111, -148, -33, -38]	[-34, -7, 23, -35, 79]	[-38, 65, -4, 47, 242]	[-71, -133, -66, -101, -166]	[-157, -87, -137, -80, -142]	[37, -23, 1, -61, -26]	[207, 121, 135, 174, 182]	[10000, 9996, 9999, 9999, 10006]	[228, 208, 200, 215, 157]
522	32.0	[-55, 86, -42, -42, -81]	[10, -160, -29, 7, -196]	[-79, -112, 16, -43, -175]	[-38, 10, -98, -71, -40]	[123, -111, -148, -33, -38]	[-34, -7, 23, -35, 79]	[-38, 65, -4, 47, 242]	[-71, -133, -66, -101, -166]	[-157, -87, -137, -80, -142]	[37, -23, 1, -61, -26]	[207, 121, 135, 174, 182]	[10000, 9996, 9999, 9999, 10006]	[228, 208, 200, 215, 157]
523	28.0	[-55, 86, -36, -48, -50]	[10, -160, -4, 7, -221]	[-79, -117, 17, -47, -143]	[-38, 29, -124, -75, -42]	[123, -111, -146, -9, -38]	[-34, -7, 17, -34, 99]	[-38, 58, -3, 44, 241]	[-34, -133, -73, -136, -117]	[-145, -83, -131, -68, -142]	[67, -23, 0, -61, -28]	[210, 122, 135, 174, 182]	[10000, 9996, 10005, 9999, 10006]	[228, 208, 200, 215, 157]
524	30.5	[-55, 86, -36, -48, -50]	[10, -160, -4, 7, -221]	[-79, -117, 17, -47, -143]	[-38, 29, -124, -75, -42]	[123, -111, -146, -13, -37]	[-34, -7, 18, -34, 99]	[-38, 58, -3, 45, 241]	[-68, -132, -64, -112, -128]	[-145, -83, -133, -68, -142]	[67, -23, 0, -61, -27]	[210, 122, 135, 174, 182]	[10000, 9996, 10003, 9999, 10006]	[228, 208, 200, 215, 157]
525	35.0	[-55, 86, -36, -48, -50]	[10, -160, -4, 7, -215]	[-79, -117, 17, -47, -143]	[-38, 29, -124, -75, -42]	[123, -111, -146, -9, -38]	[-34, -7, 17, -34, 99]	[-38, 58, -3, 44, 241]	[-34, -133, -73, -136, -117]	[-145, -83, -131, -68, -142]	[67, -23, 0, -61, -28]	[210, 122, 135, 174, 182]	[10000, 9996, 10005, 9999, 10006]	[228, 214, 200, 215, 157]
526	31.0	[-55, 86, -42, -42, -81]	[10, -163, -17, 7, -221]	[-79, -95, 14, -50, -143]	[-38, 20, -100, -68, -58]	[123, -111, -146, -24, -36]	[-34, -42, 23, -33, 99]	[-6, 67, -6, 84, 237]	[-47, -138, -89, -117, -160]	[-163, -87, -140, -81, -142]	[90, -13, -23, -56, -28]	[223, 115, 135, 174, 182]	[10000, 9997, 9999, 9999, 10006]	[228, 208, 200, 215, 157]
527	33.0	[-58, 86, -30, -48, -81]	[10, -160, -5, 7, -221]	[-79, -110, 21, -47, -172]	[-38, 29, -124, -73, -48]	[121, -110, -148, -12, -42]	[-34, -7, 17, -34, 99]	[-32, 60, -3, 46, 245]	[-68, -132, -63, -110, -157]	[-139, -86, -131, -82, -129]	[38, -25, -45, -54, -28]	[210, 122, 135, 174, 182]	[10000, 9996, 9999, 9999, 10006]	[228, 214, 200, 215, 157]
528	31.0	[-61, 86, -36, -48, -81]	[10, -160, -4, 7, -221]	[-79, -105, 28, -49, -143]	[-38, 29, -124, -71, -46]	[123, -111, -146, -28, -41]	[-34, -7, 17, -34, 99]	[-38, 58, -3, 46, 246]	[-34, -132, -63, -136, -117]	[-147, -84, -131, -62, -142]	[67, -27, -49, -63, -28]	[211, 120, 135, 174, 182]	[10000, 9998, 9999, 9999, 10006]	[228, 208, 200, 215, 157]
529	33.5	[-61, 86, -36, -42, -81]	[10, -160, -4, 7, -221]	[-79, -102, 16, -42, -179]	[-38, 29, -124, -73, -46]	[123, -111, -148, -12, -42]	[-34, -12, 17, -34, 99]	[-38, 60, -3, 46, 248]	[-34, -132, -63, -108, -152]	[-139, -78, -131, -82, -129]	[67, -25, -26, -61, -34]	[210, 122, 135, 174, 182]	[10000, 9996, 9999, 9999, 10006]	[228, 208, 200, 215, 157]
530	28.5	[-55, 86, -42, -42, -81]	[10, -163, -17, 7, -221]	[-79, -95, 14, -50, -143]	[-38, 20, -100, -68, -58]	[123, -111, -146, -24, -36]	[-34, -42, 23, -33, 99]	[-6, 67, -6, 84, 237]	[-47, -138, -89, -117, -160]	[-163, -87, -140, -81, -142]	[90, -13, -23, -56, -28]	[223, 115, 135, 174, 182]	[10000, 9997, 9999, 9999, 10006]	[228, 208, 200, 215, 157]
531	29.0	[-55, 86, -42, -48, -81]	[10, -160, -6, 7, -215]	[-79, -117, 16, -47, -143]	[-63, 26, -109, -73, -40]	[123, -111, -148, -36, -38]	[-34, -8, 23, -35, 84]	[-1, 62, -4, 68, 240]	[-57, -132, -67, -101, -138]	[-126, -93, -134, -88, -142]	[16, -30, -19, -56, -29]	[207, 121, 135, 174, 182]	[10000, 9996, 9999, 9999, 10006]	[228, 208, 200, 215, 157]
532	31.5	[-61, 86, -33, -48, -87]	[10, -160, -5, 7, -221]	[-79, -102, 30, -46, -179]	[-38, 29, -124, -72, -49]	[121, -110, -148, -12, -40]	[-34, -7, 17, -34, 99]	[-38, 60, -3, 46, 242]	[-68, -132, -63, -112, -150]	[-139, -86, -131, -82, -129]	[38, -25, -33, -56, -28]	[210, 122, 135, 174, 182]	[10000, 9996, 9999, 9999, 10006]	[228, 214, 200, 215, 157]
533	26.5	[-64, 92, -36, -48, -81]	[10, -160, -5, 7, -221]	[-79, -110, 21, -47, -172]	[-38, 29, -124, -73, -48]	[121, -110, -148, -12, -42]	[-34, -7, 17, -34, 99]	[-32, 60, -3, 46, 245]	[-68, -132, -63, -110, -157]	[-139, -86, -131, -82, -129]	[38, -25, -45, -54, -28]	[210, 122, 135, 174, 182]	[10000, 9996, 9999, 9999, 10006]	[228, 214, 200, 215, 157]
534	32.5	[-64, 92, -36, -48, -81]	[16, -160, -5, 7, -221]	[-79, -110, 21, -47, -172]	[-38, 29, -124, -73, -48]	[121, -110, -148, -12, -42]	[-34, -7, 17, -34, 99]	[-32, 60, -3, 46, 245]	[-68, -132, -63, -110, -157]	[-139, -86, -131, -82, -129]	[38, -25, -45, -54, -28]	[210, 122, 135, 174, 182]	[10000, 9996, 9999, 9999, 10006]	[228, 214, 200, 215, 157]
535	26.5	[-64, 92, -36, -48, -81]	[16, -160, -5, 7, -221]	[-79, -110, 21, -47, -172]	[-38, 29, -124, -73, -48]	[121, -110, -148, -12, -42]	[-34, -7, 17, -34, 99]	[-32, 60, -3, 46, 245]	[-68, -132, -63, -110, -157]	[-139, -86, -131, -82, -129]	[38, -25, -45, -54, -28]	[210, 122, 135, 174, 182]	[10000, 9996, 9999, 9999, 10006]	[228, 214, 200, 215, 157]
536	33.5	[-64, 92, -36, -48, -81]	[16, -160, -5, 7, -221]	[-79, -110, 21, -47, -172]	[-38, 29, -124, -73, -48]	[121, -110, -148, -12, -42]	[-34, -7, 17, -34, 99]	[-32, 60, -3, 46, 245]	[-68, -132, -63, -110, -157]	[-139, -86, -131, -82, -129]	[38, -25, -45, -54, -28]	[210, 122, 135, 174, 182]	[10000, 9996, 9999, 9999, 10006]	[228, 214, 200, 215, 157]
537	28.5	[-55, 86, -42, -42, -81]	[10, -160, -10, 7, -221]	[-79, -99, 25, -49, -143]	[-38, 23, -116, -68, -58]	[123, -111, -147, -17, -36]	[-34, -42, 23, -33, 99]	[-6, 67, -6, 84, 237]	[-47, -138, -89, -117, -160]	[-163, -87, -140, -81, -142]	[90, -13, -23, -56, -28]	[223, 115, 135, 174, 182]	[10000, 9997, 9999, 9999, 10006]	[228, 208, 200, 215, 157]
538	27.5	[-55, 86, -36, -48, -50]	[10, -160, -4, 7, -221]	[-79, -117, 17, -47, -143]	[-38, 24, -124, -75, -42]	[124, -107, -147, -9, -38]	[-34, -1, 18, -34, 99]	[-38, 58, -4, 47, 241]	[-34, -133, -70, -124, -146]	[-145, -83, -132, -72, -142]	[61, -27, -49, -61, -28]	[210, 122, 135, 174, 182]	[10000, 9996, 10005, 9999, 10006]	[228, 208, 200, 215, 157]
539	38.5	[-55, 86, -42, -42, -81]	[10, -160, -10, 7, -221]	[-79, -99, 25, -49, -143]	[-38, 23, -116, -68, -58]	[123, -111, -147, -17, -36]	[-34, -42, 23, -33, 99]	[-6, 67, -6, 84, 237]	[-47, -138, -89, -117, -160]	[-163, -87, -140, -81, -142]	[90, -13, -23, -56, -28]	[223, 115, 135, 174, 182]	[10000, 9997, 9999, 9999, 10006]	[228, 208, 200, 215, 157]
540	32.0	[-64, 92, -36, -48, -81]	[16, -160, -5, 7, -221]	[-79, -110, 21, -47, -172]	[-38, 29, -124, -73, -48]	[121, -110, -148, -12, -42]	[-34, -7, 17, -34, 99]	[-32, 60, -3, 46, 245]	[-68, -132, -64, -113, -157]	[-136, -92, -131, -82, -129]	[38, -25, -45, -54, -28]	[210, 122, 135, 174, 182]	[10000, 9996, 9999, 9999, 10006]	[228, 214, 200, 215, 157]
541	26.5	[-61, 86, -36, -48, -81]	[10, -160, -4, 7, -215]	[-79, -105, 24, -49, -143]	[-38, 29, -124, -71, -46]	[123, -111, -146, -20, -41]	[-34, -9, 17, -34, 99]	[-38, 59, -3, 46, 248]	[-34, -132, -63, -136, -117]	[-147, -84, -131, -62, -142]	[67, -27, -49, -63, -28]	[211, 120, 135, 174, 182]	[10000, 9998, 9999, 9999, 10006]	[222, 208, 200, 215, 157]
542	29.0	[-55, 86, -33, -43, -85]	[10, -162, -17, 7, -221]	[-79, -100, 24, -50, -143]	[-38, 24, -130, -70, -58]	[121, -111, -148, -18, -36]	[-34, -22, 17, -33, 99]	[-38, 65, -5, 46, 237]	[-46, -136, -70, -123, -156]	[-140, -87, -136, -81, -142]	[90, -26, -23, -56, -28]	[220, 118, 135, 174, 182]	[10000, 9996, 9999, 9999, 10006]	[228, 208, 200, 215, 157]
543	27.5	[-49, 86, -36, -48, -50]	[10, -160, -4, 7, -221]	[-79, -112, 20, -47, -147]	[-38, 24, -130, -72, -42]	[122, -107, -146, -9, -38]	[-34, -13, 17, -34, 99]	[-38, 58, -2, 47, 241]	[-34, -133, -73, -132, -146]	[-145, -83, -131, -72, -142]	[52, -26, 0, -61, -28]	[210, 122, 135, 174, 182]	[10000, 9996, 10005, 9999, 10006]	[228, 208, 200, 215, 157]
544	31.5	[-55, 86, -36, -48, -50]	[10, -160, -5, 7, -222]	[-79, -114, 21, -47, -143]	[-48, 26, -122, -72, -47]	[123, -111, -147, -17, -38]	[-34, -7, 21, -34, 99]	[-38, 58, -3, 43, 241]	[-53, -133, -69, -124, -146]	[-145, -83, -132, -73, -142]	[57, -24, -32, -58, -28]	[210, 122, 134, 174, 182]	[10000, 9996, 10003, 9999, 10006]	[228, 208, 200, 215, 157]
545	29.5	[-55, 86, -36, -48, -50]	[10, -160, -4, 7, -221]	[-79, -105, 22, -49, -147]	[-38, 26, -120, -72, -42]	[122, -108, -147, -14, -40]	[-34, -9, 17, -33, 99]	[-38, 58, -3, 47, 241]	[-34, -134, -82, -114, -137]	[-139, -83, -132, -76, -142]	[55, -27, -55, -63, -28]	[210, 121, 135, 174, 182]	[10000, 9996, 10000, 9999, 10006]	[228, 208, 200, 215, 157]
546	30.0	[-55, 86, -42, -42, -81]	[10, -160, -10, 7, -221]	[-79, -99, 25, -49, -143]	[-38, 23, -116, -68, -58]	[123, -111, -147, -17, -36]	[-34, -42, 23, -33, 99]	[-6, 67, -6, 84, 237]	[-47, -138, -89, -117, -160]	[-157, -87, -140, -81, -142]	[90, -13, -23, -56, -28]	[223, 115, 135, 174, 182]	[10000, 9997, 9999, 9999, 10006]	[228, 208, 200, 215, 157]
547	29.5	[-64, 92, -36, -48, -81]	[16, -160, -5, 7, -221]	[-79, -110, 21, -47, -172]	[-38, 29, -124, -73, -48]	[115, -110, -148, -12, -42]	[-34, -7, 17, -34, 99]	[-32, 60, -3, 46, 245]	[-68, -132, -64, -113, -157]	[-136, -92, -125, -82, -129]	[38, -25, -45, -54, -28]	[210, 122, 135, 174, 182]	[10000, 9996, 9999, 9999, 10006]	[228, 214, 200, 215, 157]
548	34.5	[-55, 86, -33, -43, -85]	[10, -162, -6, 7, -221]	[-79, -106, 24, -49, -146]	[-38, 24, -114, -70, -58]	[122, -107, -147, -14, -36]	[-34, -8, 21, -33, 99]	[-34, 61, -4, 48, 240]	[-50, -134, -82, -122, -154]	[-140, -83, -132, -78, -142]	[55, -25, -53, -59, -28]	[220, 115, 135, 174, 182]	[10000, 9997, 9999, 9999, 10006]	[222, 208, 200, 215, 157]
549	32.0	[-64, 92, -36, -48, -81]	[16, -160, -5, 1, -221]	[-79, -110, 21, -47, -172]	[-38, 29, -124, -73, -48]	[121, -110, -148, -12, -42]	[-34, -7, 17, -34, 99]	[-32, 60, -3, 46, 245]	[-68, -132, -63, -110, -157]	[-139, -86, -131, -82, -123]	[38, -25, -45, -54, -28]	[210, 122, 135, 174, 182]	[10000, 9996, 9999, 9999, 10006]	[228, 214, 200, 215, 157]
550	30.5	[-61, 86, -36, -48, -81]	[10, -160, -4, 7, -215]	[-79, -105, 24, -49, -143]	[-38, 29, -124, -71, -46]	[123, -111, -146, -20, -41]	[-34, -9, 17, -34, 99]	[-38, 59, -3, 46, 248]	[-34, -132, -63, -136, -117]	[-147, -84, -131, -62, -142]	[67, -27, -49, -63, -28]	[211, 120, 135, 174, 176]	[10000, 9998, 9999, 9999, 10006]	[222, 208, 200, 215, 157]
551	35.0	[-55, 86, -36, -48, -50]	[10, -160, -23, 7, -222]	[-79, -109, 22, -47, -143]	[-48, 26, -127, -72, -47]	[123, -111, -148, -17, -38]	[-34, -15, 18, -34, 99]	[-38, 65, -5, 46, 241]	[-53, -133, -69, -124, -146]	[-145, -83, -132, -73, -142]	[57, -30, -32, -58, -28]	[210, 122, 134, 174, 182]	[10000, 9996, 10003, 9999, 10006]	[228, 208, 200, 215, 157]
552	31.0	[-55, 86, -36, -48, -50]	[10, -160, -8, 7, -222]	[-79, -111, 21, -47, -149]	[-38, 28, -124, -72, -47]	[129, -111, -148, -9, -38]	[-34, -7, 17, -34, 99]	[-38, 58, -3, 46, 241]	[-51, -133, -71, -126, -146]	[-145, -83, -132, -76, -142]	[57, -24, -38, -58, -28]	[210, 122, 134, 174, 182]	[10006, 9996, 10005, 9999, 10006]	[228, 208, 200, 215, 157]
553	32.0	[-55, 86, -33, -47, -68]	[10, -161, -15, 7, -221]	[-79, -101, 23, -47, -143]	[-38, 24, -129, -70, -58]	[121, -111, -146, -10, -36]	[-34, -8, 20, -33, 99]	[-34, 65, -5, 50, 237]	[-50, -128, -83, -115, -156]	[-140, -83, -137, -78, -142]	[82, -24, -39, -59, -28]	[220, 115, 135, 174, 182]	[10000, 9997, 9999, 9999, 10006]	[228, 208, 200, 215, 157]
554	29.0	[-55, 86, -42, -42, -81]	[10, -160, -10, 7, -221]	[-79, -99, 25, -49, -143]	[-38, 23, -116, -68, -58]	[123, -111, -147, -17, -36]	[-34, -42, 23, -33, 99]	[-6, 67, -6, 84, 237]	[-36, -136, -89, -117, -160]	[-157, -87, -140, -81, -133]	[90, -13, -38, -57, -28]	[223, 120, 135, 174, 182]	[10000, 9997, 9999, 9999, 10006]	[228, 208, 200, 215, 157]
555	30.5	[-57, 92, -36, -48, -81]	[12, -160, -12, 7, -221]	[-79, -106, 22, -47, -172]	[-38, 29, -123, -71, -48]	[120, -108, -146, -12, -37]	[-34, -8, 19, -33, 99]	[-37, 61, -4, 46, 245]	[-62, -132, -67, -119, -157]	[-136, -84, -132, -78, -133]	[38, -29, -40, -59, -28]	[212, 122, 135, 174, 182]	[10000, 9996, 9999, 9999, 10006]	[228, 214, 200, 215, 157]
556	31.5	[-55, 86, -33, -47, -68]	[10, -161, -15, 7, -221]	[-79, -101, 23, -47, -143]	[-38, 24, -129, -70, -58]	[121, -111, -146, -10, -36]	[-34, -8, 26, -33, 99]	[-34, 65, -5, 50, 237]	[-50, -128, -83, -115, -156]	[-140, -83, -137, -78, -142]	[82, -24, -39, -59, -28]	[220, 115, 135, 174, 182]	[10000, 9997, 9999, 9999, 10006]	[228, 208, 200, 215, 157]
557	30.5	[-55, 86, -33, -43, -85]	[10, -162, -6, 7, -221]	[-79, -106, 21, -49, -158]	[-38, 29, -118, -72, -58]	[121, -107, -146, -14, -38]	[-34, -8, 21, -33, 99]	[-34, 65, -4, 48, 238]	[-53, -134, -71, -118, -147]	[-137, -83, -135, -76, -142]	[55, -27, -34, -59, -28]	[218, 117, 135, 174, 182]	[10000, 9997, 10002, 9999, 10006]	[228, 208, 200, 215, 157]
558	33.5	[-55, 86, -33, -43, -85]	[10, -162, -6, 7, -221]	[-79, -106, 21, -49, -158]	[-38, 29, -118, -72, -58]	[121, -107, -146, -14, -38]	[-34, -8, 21, -33, 99]	[-34, 65, -4, 48, 238]	[-53, -134, -71, -118, -147]	[-137, -83, -135, -76, -142]	[55, -27, -34, -59, -28]	[218, 117, 135, 174, 182]	[10000, 9997, 10002, 9999, 10006]	[228, 208, 200, 215, 157]
559	32.0	[-55, 86, -36, -48, -50]	[10, -160, -4, 7, -221]	[-79, -117, 17, -47, -143]	[-38, 24, -124, -75, -42]	[124, -107, -147, -9, -38]	[-34, -1, 18, -34, 99]	[-38, 58, -4, 47, 235]	[-34, -133, -70, -124, -146]	[-145, -83, -132, -72, -142]	[61, -27, -49, -61, -28]	[210, 122, 135, 174, 182]	[10000, 9996, 10005, 9999, 10006]	[228, 208, 200, 215, 157]
560	31.0	[-55, 86, -33, -47, -68]	[10, -161, -15, 7, -221]	[-79, -101, 23, -47, -143]	[-38, 24, -129, -70, -58]	[121, -111, -146, -10, -36]	[-34, -8, 26, -33, 99]	[-34, 65, -5, 50, 237]	[-50, -128, -83, -115, -156]	[-140, -83, -137, -78, -142]	[82, -24, -39, -59, -28]	[220, 115, 135, 174, 182]	[10000, 9997, 9999, 9999, 10006]	[228, 208, 200, 215, 157]
561	31.0	[-55, 86, -36, -48, -50]	[10, -160, -23, 7, -222]	[-79, -109, 22, -47, -143]	[-48, 26, -127, -75, -47]	[123, -111, -147, -15, -38]	[-34, -15, 18, -34, 99]	[-38, 66, -5, 46, 243]	[-38, -133, -80, -124, -146]	[-145, -83, -138, -75, -142]	[60, -29, -38, -58, -28]	[210, 122, 134, 174, 182]	[10000, 9996, 10003, 9999, 10006]	[228, 208, 200, 215, 157]
562	28.5	[-55, 86, -33, -47, -68]	[10, -161, -15, 7, -221]	[-79, -101, 23, -47, -143]	[-38, 24, -129, -70, -58]	[121, -111, -146, -10, -36]	[-34, -8, 26, -33, 99]	[-34, 65, -5, 50, 237]	[-50, -128, -83, -115, -156]	[-140, -83, -137, -78, -142]	[82, -24, -39, -59, -28]	[220, 115, 135, 174, 182]	[10000, 9997, 9999, 9999, 10006]	[228, 208, 200, 215, 157]
563	31.0	[-55, 86, -33, -43, -85]	[10, -162, -6, 7, -221]	[-79, -106, 24, -49, -146]	[-38, 24, -114, -70, -58]	[122, -107, -153, -14, -36]	[-34, -8, 21, -33, 99]	[-34, 61, -4, 48, 240]	[-50, -134, -82, -122, -154]	[-140, -83, -132, -78, -142]	[55, -25, -53, -59, -28]	[220, 115, 135, 174, 182]	[10000, 9997, 9999, 9993, 10006]	[222, 208, 200, 215, 157]
564	31.5	[-57, 92, -36, -48, -81]	[12, -160, -12, 7, -221]	[-79, -106, 22, -47, -172]	[-38, 29, -123, -71, -48]	[120, -108, -146, -13, -37]	[-34, -8, 21, -33, 99]	[-35, 62, -4, 47, 240]	[-62, -132, -70, -119, -157]	[-136, -84, -135, -77, -133]	[38, -27, -37, -59, -28]	[206, 122, 135, 174, 182]	[10000, 9996, 9999, 9999, 10006]	[228, 214, 200, 215, 157]
565	30.5	[-55, 86, -36, -48, -50]	[10, -160, -23, 7, -222]	[-79, -109, 22, -47, -143]	[-48, 26, -127, -72, -47]	[123, -111, -148, -17, -38]	[-34, -13, 17, -34, 99]	[-34, 61, -4, 46, 241]	[-53, -132, -63, -113, -146]	[-145, -83, -131, -70, -142]	[57, -30, -32, -58, -28]	[210, 122, 134, 174, 182]	[10000, 9996, 10003, 9999, 10006]	[222, 208, 200, 215, 157]
566	30.0	[-55, 86, -33, -47, -68]	[10, -161, -15, 7, -221]	[-79, -101, 23, -47, -143]	[-38, 24, -129, -70, -58]	[121, -111, -146, -10, -36]	[-34, -8, 26, -33, 99]	[-34, 65, -5, 50, 237]	[-50, -128, -83, -115, -156]	[-140, -83, -137, -78, -142]	[82, -24, -39, -59, -28]	[220, 115, 135, 174, 182]	[10000, 9997, 9999, 9999, 10006]	[228, 208, 200, 215, 157]
567	31.5	[-61, 86, -36, -48, -81]	[10, -160, -4, 7, -215]	[-79, -106, 20, -47, -143]	[-38, 28, -124, -71, -46]	[123, -108, -147, -17, -41]	[-34, -4, 18, -34, 99]	[-38, 59, -3, 46, 244]	[-34, -132, -63, -136, -117]	[-147, -84, -131, -62, -142]	[67, -27, -49, -63, -28]	[211, 120, 135, 174, 176]	[10000, 9998, 9999, 9999, 10006]	[222, 208, 200, 215, 157]
568	29.5	[-55, 86, -42, -42, -81]	[10, -160, -10, 7, -221]	[-79, -99, 25, -49, -143]	[-38, 23, -116, -68, -58]	[123, -111, -147, -17, -36]	[-34, -42, 23, -33, 99]	[-6, 67, -6, 84, 237]	[-47, -138, -89, -117, -160]	[-157, -87, -140, -81, -142]	[90, -7, -23, -56, -28]	[223, 115, 135, 174, 182]	[10000, 9997, 9999, 9999, 10006]	[228, 208, 200, 215, 157]
569	26.0	[-55, 86, -36, -48, -50]	[10, -160, -23, 7, -222]	[-79, -109, 22, -47, -143]	[-48, 26, -127, -72, -47]	[123, -111, -148, -17, -38]	[-34, -13, 17, -34, 99]	[-34, 61, -4, 46, 241]	[-53, -132, -63, -113, -146]	[-145, -83, -131, -70, -142]	[57, -30, -32, -58, -28]	[210, 122, 134, 174, 182]	[10000, 9996, 10003, 9999, 10006]	[222, 208, 200, 215, 157]
570	33.0	[-55, 86, -33, -43, -85]	[10, -162, -6, 7, -221]	[-79, -106, 21, -48, -145]	[-38, 25, -120, -72, -58]	[121, -111, -146, -14, -38]	[-34, -5, 21, -33, 99]	[-34, 60, -4, 48, 238]	[-62, -134, -67, -117, -156]	[-137, -84, -132, -76, -142]	[55, -29, -34, -59, -28]	[218, 117, 135, 174, 182]	[10000, 9997, 10002, 9999, 10006]	[228, 208, 200, 215, 157]
571	29.0	[-55, 86, -36, -48, -50]	[10, -160, -4, 7, -221]	[-79, -116, 19, -47, -143]	[-38, 24, -124, -75, -42]	[124, -107, -147, -11, -38]	[-34, -1, 21, -34, 99]	[-14, 67, -4, 49, 235]	[-34, -133, -87, -124, -146]	[-145, -85, -137, -80, -142]	[61, -29, -37, -59, -28]	[211, 121, 135, 174, 182]	[10000, 9996, 10005, 9999, 10006]	[228, 208, 200, 215, 157]
572	32.0	[-55, 86, -36, -48, -50]	[10, -160, -9, 7, -221]	[-79, -113, 19, -47, -143]	[-38, 26, -127, -75, -42]	[121, -107, -147, -11, -38]	[-34, -8, 17, -34, 99]	[-14, 67, -4, 50, 236]	[-37, -133, -87, -124, -146]	[-145, -85, -133, -79, -142]	[58, -29, -33, -65, -28]	[213, 121, 134, 174, 182]	[10000, 9996, 10005, 9999, 10006]	[228, 208, 200, 215, 157]
573	28.0	[-55, 86, -33, -43, -85]	[10, -162, -6, 7, -221]	[-79, -106, 21, -49, -158]	[-38, 29, -118, -72, -58]	[121, -107, -146, -14, -38]	[-34, -8, 21, -33, 99]	[-34, 65, -4, 48, 238]	[-53, -134, -71, -115, -147]	[-137, -83, -134, -78, -142]	[55, -25, -32, -58, -28]	[218, 117, 135, 174, 182]	[10000, 9997, 10002, 9999, 10006]	[228, 208, 200, 215, 157]
574	31.5	[-55, 86, -33, -47, -68]	[10, -161, -15, 7, -221]	[-79, -101, 23, -47, -143]	[-38, 24, -129, -70, -58]	[121, -111, -146, -10, -36]	[-34, -8, 26, -33, 99]	[-34, 65, -5, 50, 237]	[-50, -128, -83, -115, -156]	[-140, -83, -137, -78, -142]	[82, -24, -39, -59, -28]	[220, 115, 135, 174, 182]	[10000, 9997, 9999, 9999, 10006]	[228, 208, 200, 215, 157]
575	30.5	[-55, 86, -33, -47, -68]	[10, -161, -15, 7, -221]	[-79, -101, 23, -47, -143]	[-38, 24, -129, -72, -58]	[121, -111, -146, -11, -37]	[-34, -2, 25, -33, 99]	[-28, 60, -5, 50, 237]	[-50, -130, -71, -117, -148]	[-138, -83, -132, -78, -142]	[82, -27, -40, -60, -28]	[217, 115, 135, 174, 182]	[10000, 9997, 9999, 9999, 10006]	[234, 208, 200, 215, 157]
576	30.0	[-55, 86, -36, -48, -50]	[10, -160, -9, 7, -221]	[-79, -113, 19, -47, -143]	[-38, 26, -127, -75, -42]	[121, -107, -147, -11, -38]	[-34, -8, 17, -34, 99]	[-14, 67, -4, 50, 236]	[-37, -133, -87, -124, -146]	[-145, -85, -133, -79, -142]	[58, -29, -33, -65, -28]	[213, 121, 134, 174, 182]	[10000, 9996, 10005, 9999, 10006]	[228, 208, 200, 215, 157]
577	28.5	[-61, 86, -36, -48, -81]	[10, -161, -4, 7, -215]	[-79, -106, 20, -48, -145]	[-38, 29, -124, -71, -58]	[122, -108, -147, -17, -41]	[-34, -7, 21, -34, 99]	[-37, 65, -3, 46, 244]	[-40, -133, -63, -136, -117]	[-147, -84, -128, -62, -142]	[67, -27, -38, -59, -28]	[211, 120, 135, 174, 176]	[10000, 9998, 9999, 9999, 10006]	[222, 208, 200, 215, 157]
578	32.5	[-55, 86, -33, -43, -85]	[12, -161, -10, 7, -221]	[-79, -106, 20, -49, -151]	[-38, 29, -122, -72, -47]	[122, -108, -146, -13, -38]	[-34, -5, 24, -33, 99]	[-36, 60, -4, 46, 238]	[-57, -132, -71, -115, -147]	[-138, -83, -129, -77, -142]	[55, -25, -35, -60, -28]	[215, 119, 135, 174, 182]	[10000, 9996, 10002, 9999, 10006]	[228, 208, 200, 215, 157]
579	30.5	[-55, 86, -36, -48, -50]	[10, -160, -9, 7, -221]	[-79, -113, 19, -47, -143]	[-38, 26, -127, -75, -42]	[121, -107, -147, -11, -38]	[-34, -8, 17, -34, 99]	[-14, 67, -4, 50, 236]	[-37, -133, -87, -124, -146]	[-145, -85, -133, -79, -142]	[58, -29, -33, -65, -28]	[213, 121, 134, 174, 182]	[10000, 9996, 10005, 9999, 10006]	[228, 208, 200, 215, 157]
580	29.5	[-55, 86, -33, -47, -68]	[10, -161, -15, 7, -221]	[-79, -101, 23, -47, -143]	[-38, 24, -129, -72, -58]	[121, -111, -146, -11, -37]	[-34, -2, 25, -33, 99]	[-28, 60, -5, 50, 237]	[-50, -130, -71, -117, -148]	[-138, -83, -132, -78, -142]	[82, -27, -40, -60, -28]	[217, 115, 135, 174, 182]	[10000, 9997, 9999, 9999, 10006]	[234, 208, 200, 215, 157]
581	31.5	[-55, 86, -42, -42, -81]	[10, -160, -10, 7, -221]	[-79, -99, 25, -49, -143]	[-38, 23, -122, -68, -64]	[123, -111, -147, -17, -36]	[-34, -42, 23, -33, 99]	[-6, 67, -6, 84, 237]	[-47, -138, -89, -117, -160]	[-157, -87, -140, -81, -142]	[90, -7, -23, -56, -28]	[223, 115, 135, 174, 182]	[10000, 9997, 9999, 9999, 10006]	[228, 208, 200, 215, 157]
582	31.0	[-55, 86, -33, -43, -85]	[11, -161, -6, 7, -221]	[-79, -106, 20, -48, -151]	[-38, 29, -122, -72, -57]	[122, -108, -147, -13, -38]	[-34, -5, 24, -33, 99]	[-36, 60, -4, 46, 238]	[-57, -132, -71, -115, -147]	[-138, -83, -129, -77, -142]	[55, -25, -35, -60, -28]	[215, 119, 135, 174, 182]	[10000, 9996, 10002, 9999, 10006]	[228, 208, 200, 215, 157]
583	28.5	[-55, 86, -42, -42, -81]	[10, -160, -10, 7, -221]	[-79, -99, 25, -49, -143]	[-38, 23, -122, -68, -64]	[123, -111, -147, -17, -36]	[-34, -42, 23, -33, 99]	[-6, 67, -6, 84, 237]	[-47, -138, -89, -117, -160]	[-157, -87, -140, -81, -142]	[90, -7, -23, -56, -28]	[223, 115, 135, 174, 182]	[10000, 9997, 9999, 9999, 10006]	[228, 208, 200, 215, 157]
584	30.5	[-55, 86, -33, -43, -85]	[12, -161, -10, 7, -221]	[-79, -106, 20, -48, -151]	[-38, 29, -122, -72, -54]	[122, -108, -146, -14, -38]	[-34, -5, 21, -33, 99]	[-36, 60, -4, 47, 238]	[-59, -126, -71, -115, -154]	[-138, -83, -129, -76, -142]	[55, -25, -35, -60, -28]	[215, 119, 135, 174, 182]	[10000, 9996, 10002, 9999, 10006]	[228, 208, 200, 215, 157]
585	33.0	[-55, 86, -36, -48, -50]	[10, -160, -9, 7, -221]	[-79, -113, 19, -47, -143]	[-38, 26, -127, -75, -42]	[121, -107, -147, -11, -38]	[-34, -8, 17, -34, 99]	[-14, 67, -4, 50, 236]	[-43, -133, -87, -124, -146]	[-145, -85, -133, -79, -142]	[58, -29, -33, -65, -28]	[213, 121, 134, 174, 182]	[10000, 9996, 10005, 9999, 10006]	[228, 208, 200, 215, 157]
586	30.5	[-55, 86, -42, -42, -81]	[10, -160, -10, 7, -221]	[-79, -99, 25, -49, -143]	[-38, 23, -122, -68, -64]	[123, -111, -147, -17, -36]	[-34, -42, 23, -33, 99]	[-6, 67, -6, 84, 237]	[-47, -138, -89, -117, -160]	[-157, -87, -140, -81, -142]	[90, -7, -23, -56, -28]	[223, 115, 135, 174, 182]	[10000, 9997, 9999, 9999, 10006]	[228, 208, 200, 215, 157]
587	29.0	[-55, 86, -33, -47, -85]	[12, -161, -10, 7, -221]	[-79, -106, 20, -49, -143]	[-38, 25, -128, -72, -47]	[121, -109, -146, -13, -38]	[-34, -4, 24, -39, 99]	[-36, 60, -4, 50, 238]	[-57, -130, -71, -117, -147]	[-138, -83, -130, -77, -142]	[57, -27, -35, -60, -28]	[215, 119, 135, 174, 182]	[10000, 9996, 10002, 9999, 10006]	[228, 208, 200, 215, 157]
588	30.5	[-55, 86, -33, -47, -68]	[10, -161, -4, 7, -221]	[-79, -112, 22, -47, -143]	[-38, 25, -124, -74, -58]	[122, -109, -146, -10, -36]	[-34, -3, 24, -35, 99]	[-35, 64, -5, 44, 243]	[-35, -131, -86, -115, -149]	[-140, -83, -131, -78, -142]	[82, -24, -39, -59, -28]	[220, 115, 135, 174, 182]	[10000, 9997, 9999, 9999, 10006]	[228, 208, 200, 215, 157]
589	32.0	[-55, 86, -33, -43, -85]	[11, -161, -6, 7, -221]	[-79, -106, 20, -48, -151]	[-38, 29, -122, -72, -57]	[122, -108, -146, -14, -38]	[-34, -5, 23, -33, 99]	[-36, 60, -4, 46, 238]	[-57, -129, -71, -115, -147]	[-138, -83, -129, -77, -142]	[55, -25, -35, -60, -28]	[215, 119, 135, 174, 182]	[10000, 9996, 10002, 9999, 10006]	[228, 208, 200, 215, 157]
590	34.0	[-55, 86, -42, -42, -81]	[10, -160, -10, 7, -221]	[-79, -99, 25, -49, -143]	[-38, 23, -122, -68, -64]	[123, -111, -147, -15, -36]	[-34, -18, 23, -33, 99]	[-36, 61, -6, 84, 237]	[-48, -134, -82, -117, -156]	[-157, -87, -140, -81, -142]	[82, -27, -35, -56, -28]	[223, 115, 135, 174, 182]	[10000, 9997, 9999, 9999, 10006]	[228, 208, 200, 215, 157]
591	32.0	[-61, 86, -36, -48, -81]	[10, -160, -4, 7, -215]	[-79, -106, 20, -47, -143]	[-38, 28, -126, -65, -46]	[121, -110, -146, -16, -38]	[-34, -9, 19, -34, 99]	[-36, 60, -5, 46, 243]	[-53, -132, -73, -136, -117]	[-147, -84, -125, -70, -142]	[60, -29, -48, -61, -28]	[211, 120, 134, 174, 181]	[9994, 9996, 9997, 9999, 10006]	[222, 208, 200, 215, 157]
592	35.5	[-55, 86, -42, -42, -81]	[10, -160, -10, 7, -221]	[-79, -99, 25, -49, -143]	[-38, 23, -122, -68, -64]	[123, -111, -147, -15, -36]	[-34, -18, 23, -33, 99]	[-36, 61, -6, 84, 237]	[-48, -134, -82, -117, -156]	[-157, -87, -140, -81, -142]	[82, -27, -35, -56, -28]	[223, 115, 135, 174, 182]	[10000, 9997, 9999, 9999, 10006]	[228, 208, 200, 215, 157]
593	31.0	[-55, 86, -42, -42, -81]	[10, -160, -10, 7, -221]	[-79, -99, 25, -49, -143]	[-38, 23, -122, -68, -64]	[123, -111, -147, -15, -36]	[-34, -18, 23, -33, 99]	[-36, 61, -6, 84, 237]	[-48, -134, -82, -117, -156]	[-157, -87, -140, -81, -142]	[82, -27, -35, -56, -28]	[223, 115, 135, 174, 182]	[10000, 9997, 9999, 9999, 10006]	[228, 208, 200, 215, 157]
594	31.0	[-55, 86, -33, -43, -85]	[11, -161, -6, 7, -221]	[-79, -106, 20, -48, -151]	[-38, 29, -122, -72, -57]	[122, -108, -146, -14, -38]	[-34, -5, 23, -33, 99]	[-36, 60, -4, 46, 238]	[-57, -129, -71, -115, -147]	[-138, -83, -129, -77, -142]	[55, -25, -35, -60, -28]	[215, 119, 135, 174, 182]	[10000, 9996, 10002, 9999, 10006]	[228, 208, 200, 215, 157]
595	32.5	[-55, 86, -33, -47, -68]	[10, -161, -9, 7, -221]	[-79, -101, 20, -48, -151]	[-38, 25, -128, -72, -53]	[122, -111, -146, -11, -37]	[-34, -4, 25, -33, 99]	[-28, 63, -4, 50, 237]	[-50, -130, -87, -117, -150]	[-140, -83, -129, -78, -142]	[82, -27, -40, -62, -28]	[217, 121, 134, 174, 182]	[10000, 9996, 10002, 9999, 10006]	[234, 208, 200, 215, 157]
596	31.0	[-55, 86, -42, -42, -81]	[10, -160, -10, 7, -227]	[-79, -99, 25, -49, -143]	[-38, 23, -122, -68, -64]	[123, -111, -147, -15, -36]	[-34, -18, 23, -33, 99]	[-36, 61, -6, 84, 237]	[-48, -134, -82, -117, -156]	[-157, -87, -140, -81, -142]	[82, -27, -35, -56, -28]	[223, 115, 135, 174, 182]	[10000, 9997, 9999, 9999, 10006]	[228, 208, 200, 215, 157]
597	32.5	[-55, 86, -34, -48, -56]	[10, -161, -9, 7, -221]	[-79, -102, 19, -48, -143]	[-38, 24, -125, -71, -42]	[124, -107, -147, -11, -37]	[-34, -6, 24, -33, 99]	[-28, 62, -4, 49, 235]	[-34, -133, -78, -116, -152]	[-145, -84, -137, -80, -142]	[61, -26, -39, -59, -28]	[211, 121, 135, 174, 182]	[10000, 9996, 10005, 9999, 10006]	[228, 208, 200, 215, 157]
598	31.0	[-55, 86, -33, -47, -68]	[10, -161, -4, 7, -221]	[-79, -112, 22, -47, -143]	[-38, 25, -124, -74, -58]	[122, -109, -146, -10, -36]	[-34, -3, 24, -35, 99]	[-35, 64, -5, 44, 243]	[-35, -131, -86, -115, -149]	[-140, -83, -131, -78, -142]	[82, -24, -39, -59, -28]	[220, 115, 135, 174, 182]	[10000, 9997, 9999, 9999, 10012]	[228, 208, 200, 215, 157]
599	29.0	[-55, 86, -33, -47, -68]	[10, -161, -9, 7, -221]	[-79, -101, 20, -48, -151]	[-38, 25, -128, -72, -53]	[122, -111, -146, -11, -37]	[-28, -4, 25, -33, 99]	[-28, 63, -4, 50, 237]	[-50, -130, -87, -117, -150]	[-140, -83, -129, -78, -142]	[82, -27, -40, -62, -28]	[217, 121, 134, 174, 182]	[10000, 9996, 10002, 9999, 10006]	[234, 208, 200, 215, 157]
