generation	fitness	corner	c	a1	a2	b1	b2	b3	x	o1	o2	wp	ww	we
400	25.5	[113, -10, -55, -9, 98]	[-102, -146, -90, 20, 186]	[-170, -38, 15, 9, -167]	[-45, -194, -107, -141, -106]	[141, -75, -105, 44, -3]	[-185, -27, 13, -83, 182]	[-125, 64, 7, 88, 227]	[-186, -63, -115, -115, -180]	[-177, -69, -96, -117, -99]	[-63, -18, 11, -113, -116]	[86, 173, 105, 185, 2]	[10006, 10003, 10000, 9982, 10000]	[221, -53, 183, 287, 269]
401	26.0	[209, 168, 27, 112, -115]	[-156, -97, -116, 9, -136]	[-169, -22, 17, -4, -169]	[41, 62, 23, -62, -118]	[157, -38, -57, -19, 177]	[-159, -1, 10, 14, 146]	[-154, 13, 11, 126, 200]	[-190, 53, -142, -50, -16]	[-174, -212, -177, -94, -105]	[-14, -21, -121, 39, -49]	[-2, 147, 119, 168, -44]	[10000, 10001, 9999, 9993, 10003]	[150, 133, 136, 168, 277]
402	29.0	[-55, 118, 18, 74, -81]	[117, -220, -41, 67, -50]	[-79, -67, -26, 16, -198]	[-36, -12, -133, -61, -69]	[108, -138, -158, 100, -136]	[-26, -73, 27, -77, 37]	[60, 82, -5, 79, 155]	[46, -154, -128, -95, -177]	[-163, -95, -141, -89, -135]	[128, -5, -61, -88, -28]	[240, 114, 126, 180, 180]	[10000, 10002, 9999, 9999, 10000]	[228, 208, 200, 221, 157]
403	27.0	[209, 168, 27, 112, -115]	[-156, -97, -116, 9, -136]	[-169, -22, 17, -4, -169]	[41, 62, 23, -62, -118]	[157, -38, -57, -19, 177]	[-159, -1, 10, 14, 146]	[-154, 13, 11, 126, 200]	[-190, 53, -142, -50, -16]	[-174, -212, -177, -94, -105]	[-14, -21, -121, 39, -49]	[-2, 147, 119, 168, -44]	[10000, 10001, 9999, 9993, 10003]	[150, 133, 136, 168, 277]
404	30.0	[88, -12, -55, -9, 98]	[-111, -145, -85, 21, 165]	[-170, -38, 38, 9, -167]	[-51, -194, -104, -130, -106]	[133, -72, -108, 20, -3]	[-184, -31, 13, -20, 170]	[-125, 48, 2, 84, 228]	[-187, -83, -115, -115, -174]	[-120, -65, -96, -126, -110]	[-33, -33, 15, -88, -116]	[86, 172, 99, 180, -3]	[10006, 10003, 10000, 9982, 10000]	[221, -53, 183, 312, 269]
405	23.5	[113, -10, -55, -9, 98]	[-102, -146, -90, 20, 186]	[-170, -38, 15, 9, -167]	[-45, -194, -101, -141, -106]	[141, -75, -105, 44, -3]	[-185, -27, 13, -83, 182]	[-125, 64, 7, 88, 227]	[-186, -63, -115, -115, -180]	[-177, -69, -96, -117, -99]	[-63, -18, 11, -113, -116]	[86, 173, 105, 185, 2]	[10006, 10003, 10000, 9982, 10000]	[227, -53, 183, 287, 269]
406	30.5	[113, -10, -55, -9, 98]	[-102, -146, -90, 20, 186]	[-170, -38, 15, 9, -167]	[-45, -194, -107, -141, -106]	[141, -75, -105, 44, -3]	[-185, -27, 13, -83, 182]	[-125, 64, 7, 88, 227]	[-186, -63, -115, -115, -180]	[-177, -69, -96, -117, -99]	[-63, -18, 11, -113, -116]	[86, 173, 105, 185, 2]	[10006, 10003, 10000, 9982, 10000]	[221, -53, 183, 287, 269]
407	24.0	[113, -10, -55, -9, 98]	[-102, -146, -90, 20, 186]	[-170, -38, 15, 9, -167]	[-45, -194, -101, -141, -106]	[141, -75, -105, 44, -3]	[-185, -27, 13, -83, 182]	[-125, 64, 7, 88, 227]	[-186, -63, -115, -109, -180]	[-177, -69, -96, -117, -99]	[-63, -18, 11, -113, -116]	[86, 173, 105, 185, 2]	[10006, 10003, 10000, 9982, 10000]	[227, -53, 183, 287, 269]
408	30.5	[114, 153, 39, 93, -213]	[73, -163, -85, 35, 4]	[-138, -35, 15, 9, -190]	[49, -32, -48, -20, -110]	[146, -105, -105, 34, 82]	[-83, -30, 11, -63, -17]	[-112, 44, 8, 66, -55]	[186, -102, -119, -131, -178]	[-127, -74, -99, -132, -115]	[213, -58, 8, -49, -110]	[-207, 87, 101, 184, 19]	[10004, 10002, 9999, 9991, 10000]	[283, 221, 196, 289, 251]
409	27.0	[203, 46, -204, 5, -125]	[-114, -188, -24, -35, 5]	[-170, -40, 43, -38, -186]	[-71, -161, -172, -110, -173]	[139, -82, -87, 26, -158]	[-176, -64, -1, -15, 176]	[-139, 70, 0, 82, -57]	[-64, -210, -134, -89, -90]	[-114, -162, -120, -66, -125]	[40, -52, 11, -14, -71]	[-211, 138, 117, 179, 11]	[10005, 10001, 10002, 9997, 10000]	[290, 211, 181, 241, 265]
410	25.5	[203, 46, -204, 5, -125]	[-149, -188, -24, -35, 5]	[8, -132, 55, -46, -192]	[-108, 117, -206, -101, -173]	[110, -123, -79, 12, -158]	[-176, -64, -1, -15, 162]	[-139, 70, 0, 73, -57]	[-64, -210, -134, -89, -90]	[-114, -162, -120, -66, -125]	[40, -52, 11, -75, -71]	[-66, 142, 106, 180, 11]	[10006, 10003, 10002, 9984, 10000]	[290, 211, 181, 241, 265]
411	27.5	[114, 153, 39, 93, -213]	[73, -163, -85, 35, 4]	[-138, -35, 15, 9, -190]	[49, -32, -48, -20, -110]	[146, -105, -105, 34, 82]	[-83, -30, 11, -63, -17]	[-112, 44, 8, 66, -55]	[186, -102, -119, -131, -178]	[-127, -74, -99, -132, -115]	[213, -58, 8, -49, -110]	[-207, 87, 101, 184, 19]	[10004, 10002, 9999, 9991, 10000]	[283, 221, 196, 289, 251]
412	27.0	[208, 193, 42, 81, -115]	[-158, -102, -116, 9, -136]	[-174, -20, 11, -6, -169]	[33, 63, 26, -62, -121]	[153, -38, -54, -19, 176]	[-155, -1, 5, 17, 146]	[-148, 13, 13, 131, 200]	[-187, 53, -142, -48, -16]	[-174, -212, -168, -99, -111]	[-66, -20, -121, 34, -49]	[-2, 146, 127, 169, -44]	[10005, 10001, 9999, 9998, 9997]	[150, 133, 132, 162, 277]
413	25.5	[113, -10, -55, -9, 98]	[-102, -146, -90, 20, 186]	[-170, -40, 30, 9, -167]	[-45, -187, -107, -147, -106]	[141, -76, -93, 35, -9]	[-185, -58, 1, -83, 182]	[-125, 64, 2, 82, 118]	[-68, -148, -124, -106, -170]	[-156, -113, -106, -117, -99]	[-63, -18, 11, -58, -77]	[86, 173, 115, 185, 2]	[10006, 10003, 10000, 9994, 10000]	[221, 122, 181, 271, 267]
414	29.0	[88, -12, -55, -9, 98]	[-111, -145, -85, 21, 165]	[-170, -38, 38, 9, -167]	[-51, -194, -104, -130, -106]	[133, -72, -108, 20, -3]	[-184, -31, 13, -20, 170]	[-125, 48, 2, 84, 228]	[-187, -83, -115, -115, -174]	[-120, -65, -96, -126, -110]	[-33, -33, 15, -88, -116]	[86, 172, 99, 180, -3]	[10006, 10003, 10000, 9982, 10000]	[221, -53, 183, 312, 269]
415	40.0	[113, -10, -55, -9, 98]	[-102, -146, -90, 20, 186]	[-170, -40, 30, 9, -167]	[-45, -187, -107, -147, -106]	[141, -76, -83, 26, -9]	[-185, -6, 4, -77, 158]	[-125, 64, 9, 109, 118]	[-68, -148, -135, -83, -170]	[-156, -113, -135, -99, -110]	[-63, -19, -50, 0, -58]	[86, 160, 115, 174, 0]	[10005, 10002, 10000, 9997, 9997]	[221, 122, 181, 271, 267]
416	27.5	[-55, 86, -42, -48, -81]	[117, -220, -41, 57, -132]	[-79, -62, 17, -53, -197]	[-36, -12, -101, -61, -94]	[109, -113, -155, 5, -36]	[-134, -28, 9, -69, 127]	[17, 45, 1, 74, 125]	[157, -178, -116, -96, -81]	[-171, -192, -109, -125, -123]	[-7, -5, -119, 49, -36]	[240, 114, 126, 180, 180]	[10000, 10002, 9999, 9999, 10000]	[228, 208, 200, 221, 157]
417	36.5	[-55, 86, -42, -48, -81]	[117, -220, -41, 57, -132]	[-79, -62, 17, -53, -197]	[-36, -12, -101, -61, -94]	[109, -113, -155, 5, -36]	[-134, -28, 9, -69, 127]	[17, 45, 1, 74, 125]	[157, -178, -116, -96, -81]	[-171, -192, -109, -125, -123]	[-7, -5, -119, 49, -36]	[240, 114, 126, 180, 180]	[10000, 10002, 9999, 9999, 10000]	[228, 208, 200, 221, 157]
418	29.0	[113, -10, -55, -9, 98]	[-114, -138, -90, 20, 186]	[-170, -18, 15, 9, -167]	[-45, -137, -20, -107, -110]	[150, -48, -78, -4, 76]	[-185, -27, 13, 9, 182]	[-125, 58, 9, 102, 219]	[-187, 35, -140, -108, -180]	[-176, -69, -96, -115, -99]	[-55, -20, -120, 12, -85]	[86, 173, 105, 185, 2]	[10006, 10003, 10000, 9982, 10000]	[227, -53, 183, 287, 269]
419	33.0	[-55, 86, -42, -48, -81]	[117, -220, -41, 57, -132]	[-90, -48, 25, 8, -197]	[-36, -29, -103, -61, -94]	[132, -107, -120, 5, -36]	[-134, -28, 13, -30, 127]	[-106, 45, 1, 74, 125]	[157, -136, -116, -102, -81]	[-171, -169, -103, -126, -115]	[-7, -5, -119, -1, -53]	[240, 114, 114, 180, 180]	[10000, 10002, 9999, 9999, 10000]	[228, 208, 200, 221, 157]
420	28.5	[-55, 86, -42, -48, -81]	[117, -220, -41, 57, -132]	[-90, -48, 25, 8, -197]	[-36, -29, -103, -61, -94]	[132, -107, -120, 5, -36]	[-134, -28, 13, -30, 127]	[-106, 45, 1, 74, 125]	[157, -136, -116, -102, -81]	[-171, -169, -103, -126, -115]	[-7, -5, -119, -1, -53]	[240, 114, 114, 180, 180]	[10000, 10002, 9999, 9999, 10000]	[228, 208, 200, 221, 157]
421	37.5	[-55, 86, -42, -48, -81]	[117, -220, -41, 57, -132]	[-90, -48, 25, 8, -197]	[-36, -29, -103, -61, -94]	[132, -107, -120, 5, -36]	[-134, -28, 13, -30, 127]	[-106, 45, 1, 74, 125]	[157, -136, -116, -102, -81]	[-171, -169, -103, -126, -115]	[-7, -5, -119, -1, -53]	[240, 114, 114, 180, 180]	[10000, 10002, 9999, 9999, 10000]	[228, 208, 200, 221, 157]
422	33.0	[203, 46, -204, 5, -125]	[-149, -188, -24, -35, 5]	[8, -132, 55, -46, -192]	[-108, 117, -206, -101, -173]	[110, -123, -79, 12, -158]	[-176, -64, -1, -15, 162]	[-139, 70, 0, 73, -57]	[-64, -210, -134, -89, -90]	[-114, -162, -120, -66, -125]	[40, -52, 11, -75, -71]	[-66, 142, 106, 180, 11]	[10000, 10003, 10002, 9984, 10000]	[290, 211, 181, 241, 265]
423	31.5	[-55, 86, -42, -48, -81]	[117, -220, -41, 57, -132]	[-79, -62, 17, -53, -197]	[-36, -12, -101, -61, -94]	[109, -113, -155, 5, -36]	[-134, -28, 10, 7, 145]	[-33, 51, 8, 74, 125]	[157, -169, -120, -103, -81]	[-171, -192, -105, -115, -99]	[-7, -5, -120, 28, -65]	[240, 114, 121, 180, 180]	[10000, 10002, 9999, 9999, 10000]	[228, 208, 200, 221, 157]
424	38.0	[-55, 28, -92, 180, -81]	[117, -220, -26, 5, -152]	[-115, -62, 17, -53, -197]	[-34, 13, -103, -55, -94]	[109, -113, -152, -3, -36]	[-126, -15, 10, 7, 145]	[-33, 51, 8, 74, 125]	[157, -169, -120, -103, -81]	[-171, -192, -105, -115, -99]	[-7, -5, -120, 28, -65]	[240, 114, 121, 180, 180]	[10000, 10002, 9999, 9999, 10000]	[228, 208, 200, 221, 157]
425	25.5	[114, 159, 39, 93, -213]	[127, -147, -85, 63, 4]	[-138, -35, 18, 9, -190]	[49, -32, -107, 13, -113]	[143, -77, -103, 31, 47]	[-119, -7, 4, -75, -11]	[-113, 53, 9, 105, -55]	[146, -102, -121, -89, -178]	[-127, -105, -121, -118, -114]	[213, -58, 8, -49, -110]	[-207, 87, 101, 184, 19]	[10004, 10002, 9999, 9991, 10000]	[283, 221, 196, 289, 251]
426	27.0	[-55, 28, -92, 180, -81]	[117, -220, -26, 5, -152]	[-115, -62, 17, -53, -197]	[-34, 13, -103, -55, -94]	[109, -113, -152, -3, -36]	[-126, -15, 10, 7, 145]	[-33, 51, 8, 74, 125]	[157, -169, -120, -103, -81]	[-171, -192, -105, -115, -99]	[-7, -5, -120, 28, -65]	[240, 114, 121, 180, 180]	[10000, 10002, 9999, 9999, 10000]	[228, 208, 200, 221, 157]
427	31.5	[113, -10, -55, -9, 98]	[-102, -146, -90, 20, 186]	[-170, -40, 30, 9, -167]	[-45, -187, -107, -147, -106]	[141, -76, -93, 32, 69]	[-100, -27, 6, -50, 53]	[-125, 64, 9, 109, 118]	[-68, -148, -135, -100, -174]	[-156, -119, -135, -129, -110]	[-63, -53, -19, -20, -58]	[86, 160, 115, 174, 0]	[10005, 10002, 10000, 9997, 9997]	[221, 122, 187, 271, 267]
428	31.5	[-55, 86, -42, -48, -81]	[117, -220, -41, 57, -132]	[-79, -62, 17, -53, -197]	[-36, -12, -101, -61, -94]	[109, -113, -155, 5, -36]	[-134, -28, 10, 7, 145]	[-39, 51, 8, 74, 125]	[157, -169, -120, -103, -81]	[-171, -192, -105, -115, -99]	[-7, -5, -120, 28, -65]	[240, 114, 121, 180, 180]	[10000, 10002, 9999, 9999, 10000]	[228, 208, 200, 221, 157]
429	35.0	[-55, 86, -42, -48, -81]	[117, -220, -41, 57, -132]	[-79, -62, 17, -53, -197]	[-36, -12, -101, -61, -94]	[109, -113, -155, 5, -36]	[-134, -28, 10, 7, 145]	[-39, 51, 8, 74, 125]	[157, -169, -114, -103, -81]	[-171, -192, -105, -115, -99]	[-7, -5, -120, 28, -65]	[240, 114, 121, 180, 180]	[10000, 10002, 9999, 9999, 10000]	[228, 208, 200, 221, 157]
430	33.0	[-55, 28, -92, 180, -81]	[117, -220, -26, 5, -152]	[-115, -62, 17, -53, -197]	[-34, 13, -103, -55, -94]	[109, -113, -152, -3, -36]	[-126, -15, 10, 7, 145]	[-33, 51, 8, 74, 125]	[157, -169, -120, -103, -81]	[-171, -192, -105, -115, -99]	[-7, -5, -120, 28, -65]	[240, 114, 121, 180, 180]	[10000, 10002, 9999, 9999, 10000]	[228, 208, 200, 221, 157]
431	31.0	[113, -10, -55, -9, 98]	[-102, -146, -90, 20, 186]	[-170, -40, 30, 9, -167]	[-45, -187, -67, -147, -106]	[142, -87, -109, 32, 11]	[-90, -13, 5, -52, 158]	[-124, 55, 9, 101, 119]	[-67, -107, -118, -125, -174]	[-156, -119, -131, -129, -108]	[-63, -53, -2, -44, -88]	[86, 142, 105, 181, 0]	[10005, 10002, 10000, 9997, 9997]	[221, 122, 187, 271, 267]
432	34.0	[-55, 28, -92, 180, -81]	[117, -220, -26, 5, -152]	[-115, -62, 17, -53, -197]	[-34, 13, -103, -55, -94]	[109, -113, -152, -3, -36]	[-126, -15, 10, 7, 145]	[-33, 51, 8, 74, 125]	[157, -169, -120, -103, -81]	[-171, -192, -105, -115, -99]	[-7, -5, -120, 28, -65]	[240, 114, 121, 180, 180]	[10000, 10002, 9999, 9999, 10000]	[228, 208, 194, 221, 157]
433	34.0	[113, -10, -55, -9, 98]	[-102, -146, -90, 20, 186]	[-170, -40, 30, 9, -167]	[-45, -187, -107, -147, -106]	[141, -87, -103, 32, 4]	[-100, -13, 5, -52, 158]	[-125, 44, 9, 80, 118]	[-67, -109, -121, -101, -174]	[-156, -119, -108, -129, -108]	[-63, -53, -3, -41, -58]	[86, 115, 111, 174, 0]	[10005, 10002, 10000, 9995, 10000]	[221, 122, 187, 271, 267]
434	35.5	[113, -10, -55, -9, 98]	[-102, -146, -90, 20, 138]	[-159, -40, 25, 9, -167]	[-45, -187, -105, -150, -109]	[143, -75, -98, 32, 69]	[-100, -27, 6, -58, 53]	[-125, 64, 9, 108, 118]	[-68, -148, -135, -91, -176]	[-156, -125, -135, -129, -110]	[-63, -53, -19, -20, -58]	[86, 160, 115, 174, 0]	[10005, 10002, 10000, 9997, 9997]	[221, 122, 187, 271, 267]
435	37.0	[113, -10, -55, -9, 98]	[-102, -146, -90, 20, 138]	[-159, -40, 25, 9, -167]	[-45, -187, -105, -150, -109]	[143, -75, -98, 32, 69]	[-100, -27, 6, -58, 53]	[-125, 64, 9, 108, 118]	[-68, -148, -135, -91, -176]	[-156, -125, -135, -129, -110]	[-63, -53, -19, -20, -58]	[86, 160, 115, 174, 0]	[10005, 10002, 10000, 9997, 9997]	[221, 122, 187, 271, 267]
436	39.5	[113, -10, -55, -9, 98]	[-102, -146, -90, 20, 186]	[-170, -40, 30, 9, -167]	[-45, -187, -107, -153, -106]	[141, -76, -93, 32, 69]	[-100, -27, 6, -50, 53]	[-125, 64, 9, 109, 118]	[-68, -148, -135, -100, -174]	[-156, -119, -135, -129, -110]	[-63, -56, 8, -40, -58]	[49, 99, 105, 174, 0]	[10005, 10002, 10000, 9995, 10003]	[221, 157, 189, 275, 267]
437	33.5	[113, -10, -55, -9, 98]	[-102, -146, -90, 20, 186]	[-170, -40, 30, 9, -167]	[-45, -187, -107, -153, -106]	[141, -76, -93, 32, 69]	[-100, -27, 6, -50, 53]	[-125, 64, 9, 109, 118]	[-68, -148, -135, -100, -174]	[-156, -119, -135, -129, -110]	[-63, -56, 8, -40, -58]	[49, 99, 105, 174, 0]	[10005, 10002, 10000, 9995, 10003]	[221, 157, 189, 275, 267]
438	33.5	[113, -10, -55, -9, 98]	[-102, -146, -90, 20, 186]	[-170, -40, 30, 9, -167]	[-45, -187, -107, -147, -106]	[141, -87, -103, 32, 4]	[-100, -13, 5, -52, 158]	[-125, 44, 9, 80, 118]	[-67, -109, -121, -101, -174]	[-156, -119, -108, -129, -108]	[-63, -53, -3, -41, -58]	[86, 115, 111, 174, 0]	[10005, 10002, 10000, 9995, 10000]	[221, 122, 187, 271, 267]
439	31.5	[113, -10, -55, -9, 98]	[-102, -146, -90, 20, 186]	[-170, -40, 30, 9, -167]	[-45, -187, -107, -153, -106]	[141, -76, -93, 32, 69]	[-100, -27, 6, -50, 53]	[-125, 64, 9, 109, 118]	[-68, -148, -135, -100, -174]	[-156, -119, -135, -129, -110]	[-63, -56, 8, -40, -58]	[49, 99, 105, 174, 0]	[10005, 10002, 10000, 9995, 10003]	[221, 157, 189, 275, 267]
440	33.5	[113, -10, -55, -9, 98]	[-102, -146, -90, 20, 186]	[-170, -40, 30, 9, -167]	[-45, -187, -107, -147, -106]	[141, -87, -103, 32, 4]	[-100, -13, 5, -52, 158]	[-125, 44, 9, 80, 118]	[-67, -109, -121, -101, -174]	[-156, -119, -108, -129, -108]	[-63, -53, -3, -41, -58]	[86, 115, 111, 174, 0]	[10005, 10002, 10000, 9995, 10000]	[221, 122, 187, 271, 267]
441	37.5	[113, -10, -55, -9, 98]	[-102, -146, -90, 20, 186]	[-170, -40, 30, 9, -167]	[-45, -187, -107, -147, -106]	[141, -81, -103, 32, 4]	[-100, -13, 7, -30, 158]	[-117, 48, 9, 80, 118]	[-27, -132, -120, -100, -105]	[-156, -180, -109, -129, -108]	[-63, -53, -3, -41, -58]	[86, 118, 111, 174, 0]	[10007, 10002, 10000, 9995, 10000]	[221, 122, 187, 271, 267]
442	36.0	[21, 27, -55, -9, 98]	[-102, -150, -50, 20, 186]	[-170, -40, 30, 9, -183]	[-45, -187, -107, -141, -106]	[122, -89, -105, 32, 4]	[-100, -13, 5, -52, 158]	[-125, 44, 9, 100, 118]	[-67, -109, -121, -101, -174]	[-164, -128, -108, -128, -112]	[-63, -47, -14, -27, -52]	[86, 117, 111, 175, 41]	[10007, 10008, 9994, 9995, 10000]	[221, 125, 187, 271, 267]
443	31.5	[113, -10, -55, -9, 98]	[-102, -146, -90, 20, 186]	[-170, -40, 30, 9, -167]	[-45, -187, -107, -147, -106]	[141, -87, -103, 32, 4]	[-100, -13, 5, -52, 158]	[-125, 44, 9, 80, 118]	[-67, -109, -121, -101, -174]	[-156, -119, -108, -129, -108]	[-63, -53, -3, -41, -58]	[86, 115, 111, 174, 0]	[10005, 10002, 10000, 9995, 10000]	[221, 122, 187, 271, 267]
444	34.5	[55, -10, -55, -9, 98]	[-102, -150, -50, 20, 146]	[-167, -40, 28, 9, -183]	[-45, -187, -105, -141, -106]	[141, -77, -105, 32, 37]	[-100, -26, 6, -53, 158]	[-125, 44, 9, 101, 118]	[-67, -109, -121, -92, -175]	[-164, -128, -108, -128, -112]	[-63, -47, -14, -27, -52]	[86, 117, 111, 175, 41]	[10007, 10008, 9994, 9995, 10000]	[221, 125, 187, 271, 267]
445	33.0	[113, -10, -55, -9, 98]	[-102, -146, -90, 20, 186]	[-170, -40, 30, 9, -167]	[-45, -187, -107, -147, -106]	[141, -87, -103, 32, 4]	[-100, -13, 5, -52, 158]	[-125, 44, 9, 80, 118]	[-67, -109, -121, -101, -174]	[-156, -119, -108, -129, -108]	[-63, -53, -3, -41, -58]	[86, 115, 111, 174, 0]	[10005, 10002, 10000, 9995, 10000]	[221, 122, 187, 271, 267]
446	34.5	[21, 27, -55, 109, 50]	[-100, -164, -50, 16, 186]	[-148, -61, 30, 9, -183]	[-45, -43, -106, -96, -113]	[122, -89, -105, 32, 4]	[-100, -13, 5, -52, 158]	[-125, 44, 9, 100, 118]	[-67, -109, -121, -101, -174]	[-164, -128, -108, -128, -112]	[-63, -47, -14, -27, -52]	[86, 117, 111, 175, 41]	[10007, 10008, 9994, 9995, 10000]	[221, 125, 187, 271, 267]
447	34.5	[4, 36, -55, -9, 92]	[62, -161, -43, 20, 186]	[-170, -40, 30, 9, -194]	[-45, -181, -107, -141, -94]	[116, -100, -107, 25, 4]	[-100, -13, 5, -52, 158]	[-125, 44, 9, 100, 118]	[-67, -109, -121, -101, -174]	[-156, -119, -108, -129, -108]	[-63, -53, -3, -41, -58]	[86, 115, 111, 174, 0]	[10005, 10002, 10000, 9995, 10000]	[221, 128, 187, 271, 267]
448	35.0	[113, -10, -55, -9, 98]	[-102, -146, -90, 20, 186]	[-170, -40, 30, 9, -167]	[-45, -187, -107, -153, -106]	[141, -76, -93, 32, 69]	[-100, -27, 0, -50, 53]	[-125, 64, 9, 109, 118]	[-68, -148, -135, -100, -174]	[-156, -119, -135, -129, -110]	[-63, -56, 8, -40, -58]	[49, 99, 105, 179, 0]	[10005, 10002, 10000, 9996, 10002]	[226, 190, 199, 275, 267]
449	45.5	[113, -10, -55, -9, 98]	[-102, -146, -90, 20, 186]	[-170, -40, 30, 9, -167]	[-45, -187, -107, -147, -106]	[141, -81, -103, 32, 4]	[-100, -13, 7, -30, 158]	[-117, 48, 9, 80, 118]	[-27, -132, -114, -100, -105]	[-156, -180, -109, -129, -108]	[-63, -53, -3, -41, -58]	[86, 118, 111, 174, 0]	[10007, 10002, 10000, 9995, 10000]	[221, 122, 187, 271, 267]
450	37.0	[208, 193, 42, 81, -115]	[-164, -96, -121, 9, -136]	[-174, -18, 15, -6, -169]	[-4, 65, 25, -62, -127]	[151, -38, -54, -19, 182]	[-155, -1, 6, 17, 146]	[-148, 13, 7, 101, 168]	[-102, -96, -134, -48, -16]	[-167, -156, -124, -121, -199]	[-42, -26, -15, -28, -49]	[22, 145, 120, 177, 0]	[10001, 10001, 9999, 9998, 9997]	[150, 133, 132, 157, 223]
451	38.0	[4, 36, -55, -9, 92]	[62, -161, -43, 20, 186]	[-160, -35, 26, 9, -194]	[17, -108, -107, -140, -94]	[116, -100, -107, 25, 4]	[-100, -13, 5, -52, 158]	[-125, 44, 9, 100, 118]	[-67, -109, -121, -101, -174]	[-156, -119, -108, -129, -108]	[-63, -53, -3, -41, -58]	[86, 115, 111, 174, 0]	[10005, 10002, 10000, 9995, 10000]	[221, 128, 187, 271, 267]
452	43.0	[113, -10, -55, -9, 98]	[-102, -146, -90, 20, 186]	[-170, -40, 30, 9, -167]	[-45, -187, -107, -147, -106]	[141, -81, -103, 32, 4]	[-100, -13, 7, -30, 158]	[-117, 48, 9, 80, 118]	[-27, -132, -114, -100, -105]	[-156, -180, -109, -129, -108]	[-63, -53, -3, -41, -58]	[86, 118, 111, 174, 0]	[10007, 10002, 10000, 9995, 10000]	[221, 122, 187, 271, 267]
453	37.0	[113, -10, -55, -9, 98]	[-102, -146, -90, 20, 186]	[-170, -40, 30, 9, -167]	[-45, -187, -67, -97, -108]	[126, -85, -100, 19, 49]	[-90, -13, 5, -5, 153]	[-124, 55, 7, 99, 166]	[-67, -82, -108, -107, -174]	[-167, -168, -124, -122, -108]	[-63, -53, -6, -4, -70]	[74, 127, 110, 181, 0]	[10005, 10006, 9998, 9997, 9997]	[221, 123, 187, 271, 267]
454	35.5	[113, -10, -55, -9, 98]	[-102, -146, -90, 20, 192]	[-170, -40, 30, 9, -167]	[-45, -187, -107, -153, -106]	[141, -76, -93, 32, 69]	[-100, -27, 0, -50, 53]	[-125, 64, 9, 109, 118]	[-68, -148, -135, -100, -174]	[-156, -119, -135, -129, -110]	[-63, -56, 8, -40, -58]	[49, 99, 105, 179, 0]	[10005, 10002, 10000, 9996, 10002]	[226, 190, 199, 275, 267]
455	39.0	[113, -10, -55, -9, 98]	[-102, -146, -90, 20, 186]	[-170, -40, 30, 9, -167]	[-45, -187, -107, -147, -106]	[141, -81, -103, 32, 4]	[-100, -13, 7, -30, 158]	[-117, 48, 9, 80, 118]	[-27, -132, -114, -100, -105]	[-156, -180, -109, -129, -108]	[-63, -53, -3, -41, -58]	[86, 118, 111, 174, 0]	[10007, 10002, 10000, 9995, 10000]	[221, 122, 187, 271, 267]
456	33.5	[113, -10, -55, -9, 98]	[-102, -146, -90, 20, 192]	[-170, -40, 30, 9, -167]	[-45, -187, -107, -153, -106]	[141, -76, -93, 32, 69]	[-100, -27, 0, -50, 53]	[-125, 64, 9, 109, 118]	[-68, -148, -135, -100, -174]	[-156, -119, -135, -129, -110]	[-63, -56, 8, -40, -58]	[49, 99, 105, 179, 0]	[10005, 10002, 10000, 9996, 10002]	[226, 190, 199, 275, 267]
457	35.0	[113, -10, -55, -9, 98]	[-102, -146, -90, 20, 186]	[-170, -40, 30, 9, -167]	[-45, -187, -107, -147, -106]	[141, -81, -103, 32, 4]	[-100, -13, 7, -30, 158]	[-117, 48, 9, 80, 118]	[-27, -132, -114, -100, -111]	[-156, -180, -109, -129, -108]	[-63, -53, -3, -41, -58]	[86, 118, 111, 174, 0]	[10007, 10002, 10000, 9995, 10000]	[221, 122, 187, 271, 267]
458	40.5	[55, -10, -55, -9, 104]	[-102, -149, -72, 20, 163]	[-167, -40, 28, 9, -183]	[-45, -187, -105, -141, -106]	[141, -77, -105, 32, 37]	[-102, -14, 6, -53, 158]	[-125, 45, 9, 101, 118]	[-67, -109, -121, -92, -175]	[-164, -128, -108, -129, -112]	[-63, -47, -11, -27, -54]	[86, 117, 111, 175, 14]	[10007, 10008, 9994, 9995, 10000]	[221, 125, 187, 271, 267]
459	36.5	[113, -10, -55, -9, 104]	[-102, -146, -90, 20, 186]	[-170, -40, 28, 3, -167]	[-45, -187, -106, -153, -103]	[141, -76, -93, 32, 69]	[-114, -20, 4, -50, 53]	[-54, 60, 9, 108, 122]	[-68, -148, -135, -100, -174]	[-156, -128, -135, -129, -110]	[-63, -56, -10, -34, -58]	[76, 100, 107, 175, 0]	[10005, 10006, 9995, 9996, 10002]	[226, 144, 199, 275, 267]
460	38.5	[113, -10, -55, -9, 98]	[-102, -146, -90, 20, 186]	[-170, -40, 30, 9, -167]	[-45, -187, -67, -97, -108]	[126, -85, -100, 19, 49]	[-90, -13, 5, -5, 153]	[-124, 55, 8, 101, 166]	[-67, -82, -108, -106, -174]	[-167, -168, -124, -127, -110]	[-63, -53, -10, -33, -70]	[76, 102, 110, 181, 0]	[10005, 10006, 9998, 9997, 9997]	[221, 123, 187, 271, 267]
461	38.0	[113, -10, -55, -9, 104]	[-102, -146, -90, 20, 186]	[-170, -40, 28, 3, -167]	[-45, -187, -106, -153, -103]	[141, -76, -93, 32, 69]	[-114, -20, 4, -50, 53]	[-54, 60, 9, 108, 122]	[-68, -148, -135, -100, -174]	[-156, -128, -135, -129, -110]	[-63, -56, -10, -34, -58]	[76, 100, 107, 175, 0]	[10005, 10006, 9995, 9996, 10002]	[226, 144, 199, 275, 267]
462	38.5	[113, -10, -55, -9, 98]	[-102, -146, -90, 20, 192]	[-170, -40, 30, 9, -167]	[-45, -187, -107, -153, -106]	[141, -76, -93, 32, 69]	[-100, -27, 0, -50, 53]	[-125, 64, 9, 109, 118]	[-68, -148, -135, -100, -174]	[-156, -119, -135, -129, -110]	[-63, -56, 8, -40, -58]	[49, 99, 105, 179, 0]	[10005, 10002, 10000, 9996, 10002]	[226, 190, 199, 275, 267]
463	37.0	[113, -10, -55, -9, 98]	[-102, -146, -90, 20, 186]	[-170, -40, 30, 9, -167]	[-45, -187, -67, -97, -108]	[126, -85, -100, 19, 49]	[-90, -13, 5, -5, 153]	[-124, 55, 8, 101, 166]	[-67, -82, -108, -106, -174]	[-167, -168, -124, -127, -110]	[-63, -53, -10, -33, -70]	[76, 102, 110, 181, 0]	[10005, 10006, 9998, 9997, 9997]	[221, 123, 187, 271, 267]
464	40.0	[113, -10, -55, -9, 104]	[-102, -146, -90, 20, 186]	[-170, -40, 28, 3, -167]	[-45, -187, -106, -153, -109]	[141, -76, -93, 32, 69]	[-114, -20, 4, -50, 53]	[-54, 60, 9, 108, 122]	[-68, -148, -135, -100, -174]	[-156, -128, -135, -129, -110]	[-63, -56, -10, -34, -58]	[76, 100, 107, 175, 0]	[10005, 10006, 9995, 9996, 10002]	[226, 144, 199, 275, 267]
465	39.5	[55, -10, -9, 87, 58]	[14, -152, -50, 20, 146]	[-167, -40, 28, 9, -183]	[-45, -187, -105, -122, -107]	[120, -77, -100, 21, 37]	[-100, -26, 6, -43, 158]	[-125, 44, 9, 96, 118]	[-67, -109, -121, -92, -175]	[-164, -128, -108, -128, -112]	[-63, -47, -14, -27, -52]	[86, 117, 111, 175, 41]	[10007, 10008, 9994, 9995, 10000]	[221, 125, 187, 271, 267]
466	36.0	[55, -10, -9, 87, 58]	[14, -152, -50, 20, 146]	[-167, -40, 28, 9, -183]	[-45, -187, -105, -122, -107]	[120, -77, -100, 21, 37]	[-100, -26, 6, -43, 158]	[-125, 44, 9, 96, 118]	[-67, -109, -121, -92, -175]	[-164, -128, -108, -128, -112]	[-63, -47, -14, -27, -52]	[86, 117, 111, 175, 41]	[10007, 10008, 9994, 9995, 10000]	[221, 125, 187, 271, 267]
467	40.5	[55, -10, -9, 87, 58]	[14, -152, -50, 20, 146]	[-167, -40, 28, 9, -183]	[-45, -187, -105, -122, -107]	[120, -77, -100, 21, 37]	[-100, -26, 6, -43, 158]	[-125, 44, 9, 96, 118]	[-67, -109, -121, -92, -175]	[-164, -128, -108, -128, -112]	[-63, -47, -14, -27, -52]	[86, 117, 111, 175, 41]	[10007, 10008, 9994, 9995, 10000]	[221, 125, 187, 271, 267]
468	37.0	[55, -10, -9, 87, 58]	[-9, -152, -50, 20, 146]	[-167, -40, 28, 9, -183]	[-45, -187, -105, -122, -107]	[120, -77, -105, 27, 37]	[-100, -26, 6, -43, 158]	[-125, 44, 9, 96, 118]	[-67, -109, -121, -92, -175]	[-164, -128, -108, -128, -112]	[-63, -47, -14, -27, -52]	[86, 117, 111, 175, 41]	[10007, 10008, 9994, 9995, 10000]	[221, 125, 187, 271, 267]
469	35.0	[113, -10, -55, -9, 104]	[-102, -146, -90, 20, 186]	[-170, -40, 30, 7, -167]	[-45, -187, -103, -150, -109]	[141, -76, -93, 32, 59]	[-114, -20, 5, -50, 53]	[-54, 48, 9, 88, 122]	[-68, -121, -123, -100, -174]	[-157, -122, -120, -129, -110]	[-63, -55, -7, -36, -58]	[76, 100, 107, 174, 0]	[10005, 10006, 9995, 9996, 10002]	[226, 144, 199, 275, 267]
470	38.5	[113, -10, -55, -9, 104]	[-102, -146, -90, 20, 186]	[-170, -40, 28, 3, -167]	[-45, -187, -106, -153, -109]	[141, -76, -93, 32, 69]	[-114, -20, 4, -50, 53]	[-54, 60, 9, 108, 122]	[-68, -154, -135, -100, -174]	[-156, -128, -135, -129, -108]	[-63, -56, -8, -34, -52]	[76, 100, 107, 175, 0]	[10005, 10006, 9995, 9996, 10002]	[226, 144, 199, 275, 267]
471	34.0	[55, -10, -9, 87, 58]	[-9, -152, -50, 20, 146]	[-167, -40, 28, 9, -183]	[-45, -187, -105, -122, -107]	[120, -77, -105, 27, 37]	[-100, -26, 6, -43, 158]	[-125, 44, 9, 96, 118]	[-67, -109, -121, -92, -175]	[-164, -128, -108, -128, -112]	[-63, -47, -14, -27, -52]	[86, 117, 111, 175, 41]	[10007, 10008, 9994, 9995, 10000]	[221, 125, 187, 271, 267]
472	34.5	[113, -10, -55, -9, 104]	[-102, -146, -90, 20, 186]	[-170, -40, 34, 3, -167]	[-45, -187, -106, -153, -109]	[135, -76, -99, 32, 69]	[-114, -20, 4, -50, 53]	[-54, 60, 9, 108, 122]	[-68, -148, -135, -100, -174]	[-156, -128, -135, -129, -110]	[-63, -56, -10, -34, -58]	[76, 100, 107, 175, 0]	[10005, 10006, 9995, 9996, 10002]	[226, 144, 199, 275, 267]
473	38.0	[113, -10, -55, -9, 92]	[-102, -146, -96, 20, 186]	[-170, -40, 30, 9, -167]	[-45, -187, -67, -97, -108]	[126, -85, -100, 19, 49]	[-90, -13, 5, -5, 153]	[-124, 55, 7, 99, 166]	[-67, -82, -108, -107, -174]	[-157, -141, -125, -131, -108]	[-63, -52, -6, -4, -70]	[74, 134, 110, 181, 0]	[10005, 10003, 10000, 9997, 9997]	[221, 122, 187, 271, 267]
474	37.0	[113, -10, -55, -9, 98]	[-102, -156, -85, 20, 192]	[-170, -40, 30, 9, -192]	[-43, -108, -107, -150, -106]	[138, -97, -105, 26, 69]	[-100, -27, 0, -50, 53]	[-125, 64, 9, 109, 118]	[-67, -144, -119, -100, -174]	[-156, -119, -129, -127, -110]	[-63, -56, -5, -40, -58]	[49, 99, 105, 179, 0]	[10005, 10002, 10000, 9996, 10002]	[226, 190, 199, 275, 267]
475	37.0	[113, -10, -55, -9, 103]	[-107, -148, -77, 20, 186]	[-170, -40, 29, 9, -173]	[-45, -187, -79, -97, -108]	[137, -83, -100, 19, 49]	[-90, -21, 6, -45, 120]	[-124, 50, 9, 92, 164]	[-67, -109, -118, -102, -175]	[-167, -140, -124, -128, -110]	[-63, -48, -6, -36, -64]	[73, 100, 107, 179, 0]	[10005, 10006, 9998, 9997, 9997]	[221, 123, 187, 271, 267]
476	38.0	[113, -10, -55, -9, 98]	[-102, -146, -90, 20, 186]	[-170, -40, 30, 9, -167]	[-45, -187, -107, -147, -106]	[141, -81, -103, 32, 4]	[-100, -13, 7, -30, 158]	[-117, 48, 3, 80, 118]	[-33, -132, -114, -94, -111]	[-156, -180, -109, -129, -108]	[-63, -53, -3, -41, -58]	[86, 118, 111, 174, 0]	[10007, 10002, 10000, 9995, 10000]	[221, 122, 187, 271, 267]
477	33.5	[55, -10, -9, 87, 58]	[-9, -152, -50, 20, 146]	[-167, -40, 28, 9, -183]	[-45, -187, -105, -122, -107]	[120, -77, -105, 27, 37]	[-100, -26, 6, -43, 158]	[-125, 44, 3, 96, 118]	[-67, -109, -121, -92, -175]	[-164, -128, -108, -128, -118]	[-63, -47, -14, -27, -52]	[86, 117, 111, 175, 41]	[10007, 10008, 9994, 9995, 10000]	[221, 125, 187, 271, 267]
478	36.5	[113, -10, -55, -9, 98]	[-102, -156, -85, 20, 192]	[-170, -40, 30, 9, -192]	[-43, -108, -107, -150, -106]	[138, -97, -100, 24, 69]	[-100, -27, 2, -51, 121]	[-125, 64, 9, 108, 118]	[-67, -144, -122, -100, -174]	[-163, -119, -129, -127, -110]	[-63, -56, -5, -40, -58]	[49, 99, 105, 179, 0]	[10005, 10002, 10000, 9996, 10002]	[226, 190, 199, 275, 267]
479	38.0	[113, -10, -55, -9, 103]	[-107, -148, -83, 20, 186]	[-170, -40, 29, 5, -173]	[-45, -187, -92, -119, -108]	[137, -83, -99, 25, 49]	[-90, -15, 6, -48, 76]	[-124, 50, 9, 108, 166]	[-67, -114, -130, -106, -175]	[-159, -134, -135, -129, -110]	[-63, -53, -2, -35, -62]	[73, 100, 107, 179, 0]	[10005, 10006, 9998, 9997, 9997]	[221, 123, 187, 271, 267]
480	34.5	[107, -10, -55, -9, 98]	[-102, -146, -90, 20, 186]	[-170, -40, 30, 9, -167]	[-45, -187, -107, -147, -106]	[141, -81, -103, 32, 4]	[-100, -13, 7, -30, 158]	[-117, 48, 3, 80, 118]	[-33, -132, -114, -94, -111]	[-156, -180, -109, -129, -108]	[-63, -53, -3, -41, -58]	[86, 118, 105, 174, 0]	[10007, 10002, 10000, 9995, 10000]	[221, 116, 187, 271, 267]
481	38.0	[113, -10, -55, -3, 104]	[-102, -146, -90, 20, 186]	[-170, -40, 30, 7, -167]	[-45, -187, -79, -153, -108]	[141, -76, -93, 32, 59]	[-114, -20, 5, -50, 53]	[-54, 50, 9, 88, 122]	[-68, -121, -132, -100, -174]	[-157, -127, -120, -129, -110]	[-63, -56, -8, -34, -52]	[76, 100, 107, 175, 0]	[10005, 10006, 9995, 9996, 10002]	[226, 138, 199, 275, 267]
482	37.5	[113, -10, -55, -9, 103]	[-102, -146, -90, 20, 186]	[-170, -40, 29, 6, -167]	[-45, -187, -82, -97, -108]	[129, -79, -100, 19, 49]	[-90, -19, 6, -53, 148]	[-124, 51, 8, 107, 166]	[-67, -96, -121, -101, -174]	[-159, -130, -133, -127, -110]	[-63, -56, 1, -35, -70]	[73, 100, 107, 177, 0]	[10005, 10006, 9998, 9997, 9997]	[215, 123, 187, 275, 267]
483	33.5	[55, -4, -9, 87, 58]	[-9, -152, -50, 20, 146]	[-167, -40, 29, 9, -183]	[-45, -187, -105, -119, -107]	[120, -77, -103, 23, 42]	[-98, -21, 6, -43, 158]	[-125, 50, 9, 92, 133]	[-67, -109, -121, -92, -175]	[-165, -134, -112, -128, -117]	[-63, -47, -14, -27, -52]	[86, 111, 111, 175, 41]	[10005, 10006, 9997, 9995, 10000]	[221, 125, 187, 271, 267]
484	43.5	[113, -10, -55, -9, 103]	[-104, -148, -83, 20, 186]	[-170, -46, 30, 5, -173]	[-45, -187, -71, -119, -108]	[137, -85, -99, 23, 49]	[-90, -15, 5, -9, 76]	[-124, 50, 9, 103, 166]	[-67, -114, -125, -107, -175]	[-159, -134, -135, -129, -110]	[-63, -53, -2, -35, -62]	[73, 100, 107, 179, 0]	[10005, 10006, 9998, 9997, 9997]	[221, 123, 187, 271, 267]
485	35.0	[119, -10, -46, -9, 103]	[-107, -149, -59, 20, 186]	[-168, -40, 28, 9, -181]	[-45, -187, -93, -100, -108]	[120, -83, -100, 19, 49]	[-90, -21, 6, -43, 127]	[-124, 50, 9, 93, 164]	[-67, -109, -118, -102, -175]	[-167, -140, -124, -128, -110]	[-63, -48, -6, -36, -64]	[73, 100, 107, 179, 0]	[10005, 10006, 9998, 9997, 9997]	[221, 123, 187, 271, 267]
486	33.5	[113, -10, -55, -3, 104]	[-102, -146, -90, 20, 186]	[-170, -40, 30, 7, -167]	[-45, -187, -71, -100, -108]	[141, -76, -93, 32, 59]	[-114, -20, 5, -50, 53]	[-54, 48, 9, 88, 122]	[-68, -121, -123, -100, -174]	[-157, -122, -120, -129, -110]	[-63, -55, -7, -36, -58]	[76, 100, 107, 174, 0]	[10005, 10006, 9995, 9996, 10002]	[226, 138, 199, 275, 267]
487	38.0	[113, -10, -55, -3, 104]	[-102, -146, -90, 20, 186]	[-170, -40, 30, 7, -167]	[-45, -187, -71, -100, -108]	[141, -76, -93, 32, 59]	[-114, -20, 5, -50, 53]	[-54, 48, 9, 88, 122]	[-68, -121, -123, -100, -174]	[-157, -122, -120, -129, -110]	[-63, -55, -7, -36, -58]	[76, 100, 107, 174, 0]	[10005, 10006, 9995, 9996, 10002]	[226, 138, 199, 275, 267]
488	41.0	[113, -10, -55, -9, 98]	[-102, -156, -86, 20, 192]	[-170, -40, 30, 9, -192]	[-43, -183, -88, -147, -106]	[138, -97, -104, 25, 69]	[-100, -26, 6, -46, 134]	[-124, 57, 8, 108, 133]	[-67, -144, -122, -100, -161]	[-156, -140, -129, -129, -108]	[-63, -52, -3, -40, -58]	[72, 107, 105, 179, 0]	[10005, 10002, 10000, 9996, 10002]	[226, 190, 199, 275, 267]
489	44.0	[113, -10, -55, -9, 103]	[-104, -148, -83, 20, 186]	[-170, -46, 30, 5, -173]	[-45, -187, -71, -119, -108]	[137, -85, -99, 23, 49]	[-90, -15, 5, -9, 76]	[-124, 50, 9, 103, 166]	[-67, -114, -125, -107, -175]	[-159, -134, -135, -129, -110]	[-63, -53, -2, -35, -62]	[73, 100, 107, 179, 0]	[10005, 10006, 9998, 9997, 9997]	[221, 123, 187, 271, 267]
490	38.0	[113, -10, -55, -3, 104]	[-102, -146, -90, 20, 186]	[-170, -40, 30, 7, -167]	[-45, -187, -71, -100, -108]	[141, -76, -93, 32, 59]	[-114, -20, 5, -50, 53]	[-54, 48, 9, 88, 122]	[-68, -121, -123, -100, -174]	[-157, -122, -120, -129, -110]	[-63, -55, -7, -36, -58]	[76, 100, 107, 174, 0]	[10005, 10006, 9995, 9996, 10002]	[226, 138, 199, 275, 267]
491	32.5	[113, -10, -16, 36, 103]	[-102, -150, -74, 20, 186]	[-170, -40, 29, 8, -172]	[-45, -187, -82, -119, -107]	[129, -80, -100, 19, 49]	[-106, -20, 6, -53, 148]	[-124, 51, 9, 92, 164]	[-67, -97, -121, -95, -174]	[-162, -134, -132, -128, -110]	[-63, -50, -9, -31, -70]	[86, 110, 110, 177, 0]	[10005, 10006, 9998, 9997, 9997]	[215, 123, 187, 271, 267]
492	35.5	[119, -10, -46, -9, 103]	[-107, -149, -59, 20, 186]	[-168, -40, 28, 9, -181]	[-45, -187, -93, -100, -108]	[120, -83, -100, 19, 49]	[-90, -21, 6, -43, 127]	[-124, 50, 9, 93, 164]	[-67, -109, -118, -102, -175]	[-167, -140, -124, -128, -110]	[-63, -48, -6, -36, -64]	[73, 100, 107, 179, 0]	[10005, 10006, 9998, 9997, 9997]	[221, 123, 187, 271, 267]
493	38.0	[113, -10, -55, -3, 104]	[-102, -146, -90, 20, 186]	[-170, -40, 30, 7, -167]	[-45, -187, -71, -100, -108]	[141, -76, -93, 32, 59]	[-114, -20, 5, -50, 53]	[-54, 48, 9, 88, 122]	[-68, -121, -123, -100, -174]	[-157, -122, -120, -129, -110]	[-63, -55, -7, -36, -58]	[76, 100, 107, 174, 0]	[10005, 10006, 9995, 9996, 10002]	[226, 138, 199, 275, 267]
494	36.5	[113, -10, -55, -9, 98]	[-102, -156, -86, 20, 192]	[-170, -40, 30, 9, -192]	[-43, -187, -83, -127, -106]	[138, -97, -102, 24, 49]	[-100, -26, 6, -46, 121]	[-124, 54, 8, 108, 133]	[-67, -124, -122, -100, -161]	[-156, -140, -129, -129, -108]	[-63, -52, -3, -40, -58]	[72, 107, 105, 179, 0]	[10005, 10002, 10000, 9996, 10002]	[226, 190, 199, 275, 267]
495	38.0	[55, -10, -9, 87, 58]	[14, -152, -50, 20, 146]	[-170, -40, 28, 9, -183]	[-45, -187, -86, -107, -108]	[120, -78, -106, 19, 48]	[-100, -25, 6, -43, 158]	[-125, 44, 9, 97, 139]	[-67, -96, -118, -92, -175]	[-164, -128, -117, -127, -112]	[-63, -47, -14, -27, -52]	[86, 117, 111, 175, 41]	[10007, 10008, 9994, 9995, 10000]	[221, 125, 187, 271, 267]
496	37.0	[97, -10, -16, 93, 58]	[-9, -152, -67, 20, 181]	[-168, -40, 30, 9, -186]	[-45, -187, -105, -145, -107]	[120, -84, -103, 23, 42]	[-98, -22, 6, -44, 158]	[-125, 56, 8, 99, 133]	[-67, -123, -121, -92, -175]	[-165, -134, -112, -128, -113]	[-63, -49, -14, -27, -52]	[86, 111, 111, 175, 41]	[10005, 10006, 9997, 9995, 10000]	[221, 125, 187, 271, 267]
497	34.0	[113, -10, -49, -9, 103]	[-102, -146, -90, 20, 186]	[-170, -40, 29, 6, -167]	[-45, -187, -82, -97, -108]	[129, -79, -100, 19, 49]	[-90, -19, 6, -53, 146]	[-110, 54, 8, 108, 166]	[-67, -96, -123, -101, -174]	[-159, -130, -133, -127, -110]	[-63, -56, 1, -35, -70]	[73, 100, 107, 177, 0]	[10005, 10006, 9998, 9997, 9997]	[215, 123, 187, 275, 267]
498	35.0	[113, -10, -55, -9, 98]	[-102, -156, -86, 20, 192]	[-170, -40, 30, 9, -192]	[-43, -187, -83, -128, -106]	[138, -97, -104, 24, 49]	[-100, -27, 6, -46, 121]	[-124, 54, 8, 108, 136]	[-67, -124, -122, -100, -161]	[-156, -140, -129, -129, -108]	[-63, -52, -3, -40, -58]	[72, 107, 105, 179, 0]	[10005, 10002, 10000, 9996, 10002]	[226, 190, 199, 275, 267]
499	37.5	[113, -10, -55, -3, 104]	[-102, -146, -90, 20, 186]	[-170, -40, 24, 7, -167]	[-45, -187, -80, -143, -108]	[141, -76, -93, 24, 49]	[-99, -20, 5, -50, 53]	[-54, 50, 9, 88, 122]	[-68, -121, -132, -100, -174]	[-157, -127, -120, -129, -110]	[-63, -56, -8, -34, -52]	[76, 100, 107, 175, 6]	[10005, 10006, 9995, 9996, 10002]	[226, 138, 199, 275, 267]
500	38.0	[113, -10, -55, -9, 103]	[-104, -148, -83, 20, 186]	[-170, -46, 30, 5, -173]	[-45, -187, -71, -119, -108]	[137, -85, -99, 23, 49]	[-90, -15, 5, -9, 103]	[-124, 50, 9, 103, 166]	[-67, -114, -125, -107, -150]	[-159, -134, -135, -129, -110]	[-63, -53, -2, -35, -62]	[73, 100, 107, 179, 0]	[10005, 10006, 9998, 9997, 9997]	[221, 129, 187, 271, 267]
501	39.0	[113, -10, -55, -9, 98]	[-102, -156, -86, 20, 192]	[-170, -40, 30, 9, -192]	[-43, -187, -83, -128, -106]	[138, -97, -104, 24, 49]	[-100, -27, 6, -46, 121]	[-124, 54, 8, 108, 136]	[-67, -124, -122, -100, -161]	[-156, -140, -129, -104, -108]	[-63, -52, -8, -34, -58]	[72, 107, 105, 178, 21]	[10005, 10007, 10000, 9996, 10001]	[226, 167, 193, 275, 267]
502	37.5	[97, -10, -22, 80, 78]	[-9, -152, -67, 20, 181]	[-143, -40, 30, 9, -186]	[-45, -187, -105, -145, -107]	[120, -84, -103, 23, 42]	[-98, -22, 6, -44, 158]	[-125, 56, 8, 99, 133]	[-67, -123, -121, -92, -175]	[-165, -134, -112, -128, -113]	[-63, -49, -8, -30, -53]	[86, 111, 111, 175, 7]	[10005, 10006, 9997, 9995, 10000]	[221, 125, 187, 271, 267]
503	34.5	[113, -10, -55, -9, 103]	[-104, -148, -83, 20, 186]	[-170, -46, 30, 5, -173]	[-45, -187, -71, -119, -108]	[137, -85, -99, 23, 49]	[-90, -15, 5, -9, 103]	[-124, 50, 9, 103, 166]	[-67, -114, -125, -107, -150]	[-159, -134, -135, -129, -110]	[-63, -53, -2, -35, -62]	[73, 100, 107, 179, 0]	[10005, 10006, 9998, 9997, 9997]	[221, 129, 187, 271, 267]
504	36.5	[78, -10, -3, 93, 58]	[-9, -152, -67, 20, 146]	[-168, -40, 30, 9, -186]	[-45, -187, -105, -145, -107]	[128, -80, -103, 20, 46]	[-98, -22, 6, -44, 158]	[-124, 54, 8, 99, 133]	[-67, -114, -146, -95, -174]	[-165, -134, -126, -128, -110]	[-63, -49, -14, -27, -52]	[86, 111, 111, 175, 41]	[10005, 10006, 9997, 9995, 10000]	[221, 125, 187, 271, 267]
505	39.5	[72, -10, -3, 93, 58]	[-9, -152, -67, 20, 146]	[-168, -40, 30, 9, -186]	[-45, -187, -105, -145, -107]	[128, -80, -103, 20, 46]	[-98, -22, 6, -44, 158]	[-124, 54, 8, 99, 133]	[-67, -114, -146, -95, -174]	[-165, -134, -126, -128, -110]	[-63, -49, -14, -27, -52]	[86, 111, 111, 175, 41]	[10005, 10006, 9997, 9995, 10000]	[221, 125, 187, 271, 267]
506	39.5	[97, -10, -16, 93, 58]	[-9, -152, -67, 20, 181]	[-168, -40, 30, 9, -186]	[-45, -187, -100, -108, -107]	[120, -84, -103, 20, 49]	[-98, -21, 6, -37, 158]	[-125, 50, 8, 95, 134]	[-67, -111, -122, -92, -175]	[-165, -159, -121, -128, -113]	[-63, -48, -8, -30, -64]	[77, 111, 111, 175, 7]	[10005, 10006, 9995, 9995, 10000]	[221, 125, 187, 271, 267]
507	44.0	[115, -10, -20, 46, 103]	[-107, -151, -65, 20, 186]	[-168, -40, 28, 9, -181]	[-45, -187, -97, -116, -107]	[120, -84, -102, 24, 48]	[-115, -21, 5, -46, 127]	[-125, 53, 8, 93, 164]	[-67, -115, -120, -126, -175]	[-164, -133, -115, -128, -110]	[-63, -48, -6, -30, -57]	[83, 105, 108, 175, 0]	[10005, 10006, 9998, 9997, 9997]	[221, 123, 187, 271, 267]
508	41.5	[113, -10, -55, -3, 104]	[-102, -146, -90, 20, 186]	[-169, -40, 24, 7, -167]	[-45, -187, -83, -145, -108]	[137, -79, -87, 24, 49]	[-99, -20, 5, -50, 28]	[-54, 50, 9, 91, 127]	[-68, -121, -132, -100, -174]	[-157, -127, -120, -129, -110]	[-63, -56, -8, -34, -52]	[76, 100, 107, 175, 6]	[10005, 10006, 9995, 9996, 10002]	[226, 138, 199, 275, 267]
509	37.0	[113, -10, -55, -9, 104]	[-102, -156, -86, 20, 192]	[-170, -40, 30, 9, -192]	[-43, -187, -83, -128, -106]	[138, -91, -100, 20, 49]	[-99, -20, 6, -52, 157]	[-116, 54, -2, 101, 152]	[-67, -110, -123, -99, -162]	[-156, -139, -131, -127, -108]	[-63, -50, -10, -31, -58]	[72, 107, 105, 179, 0]	[10005, 10002, 10000, 9996, 10002]	[226, 190, 199, 275, 267]
510	35.5	[113, -10, -55, -9, 98]	[-102, -156, -86, 20, 192]	[-170, -40, 30, 9, -192]	[-43, -187, -83, -127, -106]	[138, -97, -102, 24, 49]	[-100, -26, 6, -46, 121]	[-124, 54, 8, 114, 133]	[-67, -124, -122, -100, -161]	[-156, -140, -129, -123, -133]	[-63, -52, -3, -40, -58]	[72, 101, 111, 179, 0]	[10005, 10002, 10000, 9996, 10002]	[226, 190, 199, 275, 267]
511	48.0	[113, -10, -55, -9, 100]	[-102, -150, -85, 20, 186]	[-170, -46, 30, 9, -181]	[-43, -187, -88, -136, -107]	[137, -85, -99, 24, 48]	[-96, -21, 6, -14, 118]	[-124, 50, 9, 103, 166]	[-67, -114, -125, -107, -150]	[-159, -134, -135, -129, -110]	[-63, -53, -2, -35, -62]	[73, 100, 107, 175, 0]	[10005, 10006, 9996, 9996, 9997]	[221, 129, 187, 271, 267]
512	36.5	[97, -10, -22, 80, 78]	[-9, -152, -67, 20, 181]	[-143, -40, 30, 9, -186]	[-45, -187, -105, -145, -107]	[120, -84, -103, 23, 42]	[-98, -22, 6, -44, 158]	[-125, 56, 8, 99, 133]	[-67, -123, -121, -92, -175]	[-165, -134, -112, -134, -113]	[-63, -49, -8, -24, -53]	[86, 111, 111, 175, 7]	[10005, 10006, 9997, 9995, 10000]	[221, 125, 187, 271, 267]
513	35.0	[115, -10, -20, 46, 103]	[-107, -151, -65, 20, 186]	[-168, -40, 28, 9, -181]	[-45, -187, -97, -116, -107]	[120, -84, -102, 24, 48]	[-115, -21, 5, -46, 127]	[-125, 53, 14, 93, 164]	[-67, -115, -120, -126, -175]	[-164, -133, -115, -128, -110]	[-63, -48, -6, -30, -57]	[83, 105, 108, 175, 0]	[10005, 10006, 9998, 9997, 9997]	[221, 123, 187, 271, 267]
514	35.5	[115, -10, -20, 46, 103]	[-107, -151, -65, 20, 186]	[-168, -40, 30, 9, -181]	[-45, -187, -96, -116, -107]	[120, -85, -102, 24, 48]	[-115, -21, 5, -46, 143]	[-125, 53, 10, 93, 164]	[-67, -112, -122, -103, -175]	[-164, -133, -117, -128, -110]	[-63, -48, -7, -30, -57]	[83, 105, 108, 175, 1]	[10005, 10006, 9998, 9997, 9997]	[221, 123, 187, 271, 267]
515	34.0	[113, -10, -49, -9, 103]	[-102, -146, -90, 20, 190]	[-170, -65, 29, 6, -167]	[-45, -187, -82, -97, -108]	[129, -79, -100, 19, 49]	[-90, -19, 6, -53, 146]	[-112, 54, 8, 108, 166]	[-67, -107, -123, -98, -174]	[-159, -136, -121, -127, -111]	[-63, -51, -2, -31, -68]	[73, 100, 108, 177, 0]	[10005, 10006, 9998, 9996, 9997]	[215, 123, 189, 275, 267]
516	41.5	[115, -10, -20, 46, 103]	[-107, -151, -65, 20, 186]	[-168, -40, 28, 9, -181]	[-45, -187, -97, -116, -107]	[120, -84, -102, 24, 48]	[-115, -21, 5, -46, 127]	[-125, 53, 14, 93, 164]	[-67, -115, -120, -126, -175]	[-164, -133, -115, -128, -110]	[-63, -48, -6, -30, -57]	[83, 105, 108, 175, 0]	[10005, 10006, 9998, 9997, 9997]	[221, 123, 187, 271, 267]
517	36.0	[55, -4, -9, 93, 58]	[-9, -152, -50, 20, 146]	[-167, -40, 29, 9, -184]	[-45, -187, -105, -137, -107]	[120, -77, -102, 22, 42]	[-98, -22, 6, -46, 148]	[-125, 51, 9, 93, 133]	[-67, -121, -121, -92, -175]	[-165, -134, -125, -132, -117]	[-63, -47, -14, -30, -60]	[86, 111, 111, 175, 41]	[9980, 10006, 9997, 9995, 10000]	[221, 125, 199, 273, 267]
518	36.5	[113, -10, -55, -3, 104]	[-102, -146, -90, 20, 186]	[-169, -40, 24, 7, -167]	[-45, -187, -83, -145, -108]	[137, -79, -87, 24, 49]	[-99, -20, 5, -50, 28]	[-54, 50, 9, 91, 127]	[-68, -121, -132, -100, -174]	[-157, -127, -120, -129, -110]	[-63, -56, -8, -34, -52]	[76, 100, 107, 175, 6]	[10005, 10006, 9995, 9996, 10002]	[226, 138, 199, 275, 267]
519	35.5	[113, -10, -55, -9, 100]	[-102, -150, -85, 20, 186]	[-170, -46, 30, 9, -181]	[-43, -187, -88, -136, -107]	[137, -85, -99, 24, 48]	[-96, -21, 6, -14, 112]	[-124, 50, 9, 103, 166]	[-67, -114, -125, -107, -150]	[-159, -134, -135, -129, -110]	[-63, -53, -2, -35, -62]	[73, 100, 107, 175, 0]	[10005, 10006, 9996, 9996, 9997]	[221, 129, 187, 271, 267]
520	36.0	[113, -10, -49, -9, 103]	[-102, -146, -90, 20, 189]	[-170, -62, 29, 6, -167]	[-45, -187, -90, -97, -108]	[129, -84, -102, 19, 49]	[-90, -19, 6, -53, 146]	[-112, 54, 8, 96, 166]	[-67, -112, -123, -98, -174]	[-162, -133, -120, -128, -110]	[-63, -51, -2, -31, -68]	[73, 100, 108, 177, 0]	[10005, 10006, 9998, 9996, 9997]	[215, 123, 189, 275, 267]
521	34.5	[55, -4, -9, 93, 58]	[-9, -152, -50, 20, 146]	[-167, -40, 29, 9, -184]	[-45, -187, -105, -137, -107]	[120, -78, -99, 22, 42]	[-98, -21, 6, -44, 146]	[-125, 51, 9, 98, 133]	[-67, -119, -121, -92, -175]	[-165, -134, -126, -130, -117]	[-63, -48, -14, -30, -60]	[86, 111, 111, 175, 41]	[9980, 10006, 9997, 9995, 10000]	[221, 125, 199, 273, 267]
522	36.5	[113, -10, -49, -9, 103]	[-102, -146, -90, 20, 186]	[-170, -65, 29, 6, -167]	[-45, -187, -82, -97, -108]	[129, -79, -100, 19, 49]	[-90, -19, 6, -53, 146]	[-112, 54, 8, 108, 166]	[-67, -107, -123, -98, -174]	[-159, -136, -121, -127, -111]	[-63, -51, -2, -31, -68]	[73, 100, 109, 176, 15]	[10005, 10006, 9998, 9996, 9997]	[215, 123, 193, 275, 267]
523	37.0	[115, -10, -20, 46, 103]	[-107, -151, -65, 20, 186]	[-168, -40, 28, 9, -181]	[-45, -187, -97, -116, -107]	[120, -84, -102, 24, 48]	[-112, -21, 5, -46, 127]	[-125, 53, 14, 100, 158]	[-67, -112, -123, -113, -174]	[-164, -133, -120, -128, -110]	[-63, -48, -13, -29, -57]	[83, 105, 109, 175, 0]	[10005, 10006, 9998, 9997, 10000]	[221, 125, 187, 271, 267]
524	40.0	[115, -10, -20, 46, 103]	[-107, -151, -65, 20, 186]	[-168, -40, 28, 9, -181]	[-45, -187, -97, -116, -107]	[120, -84, -102, 24, 48]	[-112, -21, 5, -46, 127]	[-125, 53, 14, 100, 158]	[-67, -112, -123, -113, -174]	[-164, -133, -120, -128, -110]	[-63, -48, -13, -29, -57]	[83, 105, 109, 175, 0]	[10005, 10006, 9998, 9997, 10000]	[221, 125, 187, 271, 267]
525	39.5	[113, -10, -49, -9, 103]	[-102, -146, -90, 20, 186]	[-170, -65, 29, 6, -167]	[-45, -187, -82, -97, -108]	[129, -79, -94, 19, 49]	[-90, -19, 6, -53, 146]	[-112, 54, 8, 108, 166]	[-67, -107, -123, -98, -174]	[-159, -136, -121, -127, -111]	[-63, -51, -2, -31, -68]	[73, 100, 109, 176, 15]	[10005, 10006, 9998, 9996, 9997]	[215, 123, 193, 275, 267]
526	38.0	[113, -10, -55, -9, 104]	[-102, -156, -86, 20, 192]	[-170, -40, 30, 9, -192]	[-43, -187, -83, -128, -106]	[138, -91, -100, 20, 49]	[-99, -20, 6, -52, 157]	[-116, 54, -2, 101, 152]	[-67, -110, -123, -99, -162]	[-156, -139, -131, -127, -108]	[-57, -50, -10, -31, -58]	[72, 107, 105, 179, 0]	[10005, 10002, 10000, 9996, 9996]	[226, 190, 199, 275, 267]
527	37.5	[97, -10, -22, 80, 78]	[-9, -152, -67, 20, 181]	[-143, -40, 30, 9, -186]	[-45, -187, -105, -136, -107]	[120, -84, -103, 21, 42]	[-98, -22, 6, -44, 158]	[-125, 55, 9, 94, 133]	[-67, -118, -121, -92, -175]	[-165, -134, -118, -132, -117]	[-63, -47, -12, -28, -53]	[86, 111, 111, 175, 7]	[10005, 10006, 9997, 9995, 10000]	[221, 125, 194, 273, 267]
528	34.5	[113, -10, -55, -9, 104]	[-102, -156, -86, 20, 192]	[-170, -40, 30, 9, -192]	[-43, -187, -83, -128, -106]	[138, -91, -100, 20, 49]	[-99, -20, 6, -52, 157]	[-116, 54, -2, 101, 152]	[-67, -110, -123, -99, -162]	[-156, -139, -131, -127, -108]	[-57, -50, -10, -31, -58]	[72, 107, 105, 179, 0]	[10005, 10002, 10000, 9996, 9996]	[226, 190, 199, 275, 267]
529	41.5	[113, -10, -55, -9, 104]	[-102, -156, -86, 20, 192]	[-170, -40, 30, 9, -192]	[-43, -187, -83, -128, -106]	[138, -91, -100, 20, 49]	[-99, -20, 6, -52, 157]	[-116, 54, -2, 101, 152]	[-67, -110, -123, -99, -162]	[-156, -139, -131, -127, -108]	[-57, -50, -10, -31, -58]	[72, 107, 105, 179, 0]	[10005, 10002, 10000, 9996, 9996]	[226, 190, 199, 275, 267]
530	34.0	[115, -10, -20, 46, 103]	[-107, -152, -67, 20, 186]	[-168, -40, 29, 9, -181]	[-45, -187, -102, -136, -107]	[120, -84, -101, 24, 48]	[-100, -21, 5, -46, 146]	[-124, 51, 15, 93, 164]	[-67, -115, -127, -113, -175]	[-165, -133, -115, -128, -110]	[-63, -51, -6, -30, -57]	[83, 105, 108, 175, 3]	[10005, 10006, 9998, 9997, 9997]	[221, 123, 194, 271, 267]
531	35.0	[113, -10, -49, -9, 103]	[-102, -146, -90, 20, 189]	[-170, -62, 29, 6, -167]	[-45, -187, -90, -97, -108]	[129, -84, -102, 19, 49]	[-90, -19, 6, -53, 146]	[-112, 54, 8, 96, 166]	[-67, -112, -123, -98, -174]	[-162, -133, -120, -128, -110]	[-63, -51, -2, -31, -68]	[73, 100, 108, 177, 0]	[10005, 10006, 9998, 10002, 9997]	[215, 123, 189, 275, 267]
532	34.0	[113, -10, -55, -9, 104]	[-102, -156, -86, 20, 192]	[-170, -40, 30, 9, -192]	[-43, -187, -83, -128, -106]	[138, -91, -100, 20, 49]	[-99, -20, 6, -52, 157]	[-119, 54, 5, 96, 152]	[-67, -110, -123, -96, -175]	[-157, -138, -127, -132, -116]	[-57, -50, -10, -31, -58]	[72, 107, 105, 179, 0]	[10005, 10002, 10000, 9996, 9996]	[226, 190, 199, 275, 267]
533	40.0	[113, -10, -55, -9, 104]	[-102, -156, -86, 20, 192]	[-170, -40, 30, 9, -192]	[-43, -187, -83, -128, -106]	[138, -91, -100, 20, 49]	[-99, -20, 6, -52, 157]	[-119, 54, 5, 96, 152]	[-67, -110, -123, -96, -175]	[-157, -138, -127, -132, -116]	[-57, -50, -10, -31, -58]	[72, 107, 105, 179, 0]	[10005, 10002, 10000, 9996, 9996]	[226, 190, 199, 275, 267]
534	31.5	[113, -10, -49, -9, 103]	[-102, -146, -90, 20, 186]	[-170, -65, 29, 6, -167]	[-45, -187, -82, -97, -108]	[129, -79, -94, 19, 49]	[-90, -19, 6, -53, 146]	[-112, 54, 8, 108, 166]	[-67, -107, -123, -98, -174]	[-159, -136, -121, -127, -111]	[-63, -51, -2, -31, -68]	[73, 100, 109, 176, 15]	[10005, 10006, 9998, 9996, 9997]	[215, 123, 193, 275, 267]
535	35.0	[97, -10, -22, 80, 78]	[-9, -152, -67, 20, 181]	[-143, -40, 30, 9, -186]	[-45, -187, -101, -128, -107]	[124, -84, -101, 20, 47]	[-98, -22, 6, -44, 133]	[-125, 51, 9, 104, 159]	[-67, -108, -121, -92, -175]	[-165, -134, -117, -132, -115]	[-63, -51, -6, -28, -55]	[79, 105, 110, 175, 7]	[10005, 10006, 9997, 9995, 10000]	[221, 119, 194, 273, 267]
536	36.5	[113, -10, -49, -3, 103]	[-102, -146, -90, 20, 189]	[-170, -62, 29, 6, -167]	[-45, -187, -90, -97, -108]	[129, -84, -102, 19, 49]	[-90, -19, 6, -53, 146]	[-119, 54, 8, 96, 166]	[-67, -112, -123, -104, -174]	[-159, -134, -120, -128, -110]	[-63, -51, -2, -35, -64]	[73, 100, 107, 175, 0]	[10005, 10006, 9998, 10002, 9997]	[215, 128, 187, 275, 267]
537	39.0	[113, -10, -55, -9, 104]	[-102, -156, -86, 20, 192]	[-170, -40, 30, 9, -192]	[-43, -187, -83, -128, -106]	[138, -91, -100, 20, 49]	[-99, -20, 6, -52, 157]	[-119, 54, 5, 96, 152]	[-67, -110, -123, -96, -175]	[-157, -138, -127, -132, -116]	[-57, -50, -16, -31, -58]	[72, 107, 105, 179, 0]	[10005, 10002, 10000, 9996, 9996]	[226, 190, 199, 275, 267]
538	39.5	[113, -10, -55, -9, 104]	[-102, -156, -86, 20, 192]	[-170, -40, 30, 9, -192]	[-43, -187, -83, -128, -106]	[138, -91, -100, 20, 49]	[-99, -20, 6, -52, 157]	[-119, 54, 5, 96, 152]	[-67, -110, -123, -96, -175]	[-157, -138, -127, -132, -116]	[-57, -50, -16, -31, -58]	[72, 107, 105, 179, 0]	[10005, 10002, 10000, 9996, 9996]	[226, 190, 199, 275, 267]
539	39.0	[113, -4, -49, -9, 103]	[-102, -146, -85, 20, 189]	[-170, -62, 29, 6, -181]	[-44, -187, -90, -97, -108]	[129, -85, -101, 21, 49]	[-91, -20, 6, -51, 146]	[-112, 54, 9, 100, 166]	[-67, -113, -123, -98, -174]	[-162, -133, -125, -128, -110]	[-63, -51, -2, -32, -67]	[73, 100, 107, 177, 0]	[10005, 10006, 9998, 10002, 9997]	[219, 125, 187, 273, 267]
540	44.0	[113, -10, -55, -9, 103]	[-102, -148, -89, 14, 190]	[-146, -46, 26, 6, -167]	[-45, -187, -83, -97, -108]	[129, -80, -88, 24, 49]	[-95, -19, 6, -51, 157]	[-63, 53, 9, 101, 166]	[-67, -107, -123, -99, -174]	[-159, -129, -120, -130, -114]	[-63, -50, -8, -31, -62]	[76, 100, 111, 175, 1]	[10005, 10006, 9998, 9996, 9997]	[215, 123, 189, 275, 267]
541	37.5	[113, -10, -55, -9, 104]	[-102, -152, -77, 20, 192]	[-169, -40, 30, 9, -192]	[-43, -187, -83, -129, -107]	[138, -91, -100, 20, 48]	[-99, -24, 6, -47, 151]	[-123, 54, 1, 95, 152]	[-67, -104, -127, -101, -162]	[-156, -139, -131, -128, -109]	[-57, -50, -10, -30, -58]	[72, 107, 105, 179, 3]	[10005, 10006, 10000, 9996, 9996]	[226, 190, 199, 275, 267]
542	37.5	[113, -10, -49, -9, 103]	[-102, -146, -90, 20, 186]	[-170, -65, 29, 6, -167]	[-45, -187, -89, -101, -109]	[132, -81, -99, 20, 49]	[-90, -19, 6, -52, 157]	[-115, 52, 2, 108, 163]	[-67, -111, -127, -102, -173]	[-159, -138, -121, -127, -111]	[-63, -51, -10, -31, -68]	[73, 103, 109, 176, 15]	[10005, 10006, 9998, 9996, 9997]	[215, 123, 193, 275, 267]
543	37.0	[115, -10, -20, 46, 103]	[-107, -151, -65, 20, 186]	[-168, -40, 28, 8, -179]	[-45, -187, -92, -123, -107]	[121, -84, -89, 24, 48]	[-108, -21, 5, -46, 127]	[-125, 53, 14, 100, 158]	[-67, -112, -123, -113, -174]	[-164, -139, -120, -128, -110]	[-57, -48, -13, -29, -57]	[83, 105, 109, 175, 0]	[10005, 10006, 9998, 9997, 10000]	[221, 125, 187, 271, 267]
544	33.5	[115, -10, -20, 46, 103]	[-107, -151, -65, 20, 186]	[-168, -40, 28, 8, -179]	[-45, -187, -92, -123, -107]	[121, -84, -89, 24, 48]	[-108, -21, 5, -46, 127]	[-125, 53, 14, 100, 158]	[-67, -112, -123, -113, -174]	[-164, -139, -120, -128, -110]	[-57, -48, -13, -29, -57]	[83, 105, 109, 175, 0]	[10005, 10006, 9998, 9997, 10000]	[221, 125, 187, 271, 267]
545	37.5	[113, -10, -49, -7, 103]	[-102, -146, -90, 20, 186]	[-170, -65, 29, 6, -167]	[-45, -187, -89, -98, -109]	[132, -81, -99, 20, 49]	[-90, -19, 6, -53, 154]	[-119, 53, 7, 105, 165]	[-67, -112, -126, -102, -173]	[-159, -136, -121, -127, -111]	[-63, -49, -6, -35, -64]	[73, 103, 107, 175, 0]	[10005, 10006, 9998, 10002, 9997]	[215, 123, 193, 275, 267]
546	38.5	[115, -10, -20, 46, 103]	[-107, -151, -65, 20, 186]	[-168, -40, 28, 8, -179]	[-45, -187, -92, -123, -107]	[121, -84, -89, 24, 48]	[-108, -21, 5, -46, 127]	[-125, 53, 4, 100, 158]	[-67, -111, -125, -113, -174]	[-164, -139, -120, -128, -110]	[-57, -42, -13, -29, -57]	[83, 105, 109, 175, 0]	[10005, 10006, 9998, 9997, 10000]	[221, 131, 187, 271, 267]
547	35.5	[113, -10, -55, -3, 104]	[-102, -146, -90, 20, 186]	[-169, -40, 24, 7, -167]	[-45, -187, -86, -105, -108]	[132, -79, -88, 24, 49]	[-99, -20, 5, -53, 143]	[-54, 52, 9, 93, 127]	[-68, -121, -132, -106, -174]	[-163, -127, -120, -129, -110]	[-63, -56, -8, -34, -52]	[76, 100, 107, 175, 6]	[10005, 10006, 9995, 9996, 10002]	[226, 138, 199, 280, 267]
548	36.5	[113, -10, -55, -9, 104]	[-102, -156, -86, 20, 192]	[-170, -40, 30, 9, -192]	[-43, -187, -83, -128, -106]	[138, -91, -100, 20, 49]	[-99, -20, 6, -52, 157]	[-119, 54, 5, 96, 152]	[-67, -110, -123, -96, -175]	[-157, -138, -127, -132, -116]	[-57, -50, -16, -31, -58]	[72, 107, 105, 179, 0]	[10005, 10002, 10000, 9996, 9996]	[226, 190, 199, 275, 267]
549	35.5	[113, -10, -49, -9, 103]	[-102, -146, -90, 20, 186]	[-170, -65, 29, 6, -167]	[-45, -187, -82, -97, -108]	[129, -79, -94, 19, 49]	[-90, -19, 5, -48, 137]	[-112, 54, 8, 108, 166]	[-67, -107, -123, -98, -174]	[-159, -136, -121, -127, -111]	[-63, -51, -9, -31, -68]	[73, 100, 108, 172, 15]	[10005, 10005, 9999, 9996, 10002]	[215, 123, 193, 275, 267]
550	37.0	[115, -10, -20, 46, 103]	[-107, -151, -65, 20, 186]	[-168, -40, 28, 8, -179]	[-45, -187, -92, -123, -107]	[121, -84, -89, 24, 48]	[-108, -21, 5, -46, 127]	[-125, 53, 6, 100, 158]	[-67, -111, -125, -113, -174]	[-164, -139, -120, -128, -110]	[-57, -48, -13, -29, -57]	[83, 105, 109, 175, 0]	[10005, 10011, 9998, 9997, 10000]	[221, 128, 187, 271, 267]
551	43.5	[115, -10, -20, 46, 103]	[-107, -151, -65, 20, 186]	[-168, -40, 28, 8, -179]	[-45, -187, -92, -123, -107]	[121, -84, -89, 24, 48]	[-108, -21, 5, -46, 127]	[-125, 53, 14, 100, 158]	[-67, -112, -123, -113, -174]	[-164, -139, -120, -128, -110]	[-57, -48, -13, -29, -57]	[83, 105, 109, 175, 0]	[10005, 10012, 9998, 9997, 10000]	[221, 125, 187, 271, 267]
552	40.5	[113, -10, -22, 5, 103]	[-102, -146, -70, 20, 186]	[-170, -46, 29, 6, -167]	[-45, -187, -82, -97, -107]	[127, -82, -99, 20, 49]	[-90, -19, 6, -52, 157]	[-112, 48, 7, 108, 160]	[-67, -107, -123, -98, -174]	[-159, -136, -124, -127, -111]	[-63, -51, -9, -31, -65]	[73, 104, 108, 178, 6]	[10005, 10006, 9998, 9996, 9997]	[215, 123, 193, 275, 267]
553	38.0	[113, -10, -49, -9, 103]	[-102, -146, -89, 20, 186]	[-169, -40, 30, 8, -167]	[-45, -187, -82, -119, -108]	[132, -88, -100, 20, 49]	[-90, -21, 5, -47, 151]	[-114, 53, 1, 108, 160]	[-67, -104, -126, -98, -174]	[-159, -139, -127, -127, -111]	[-63, -51, -9, -31, -61]	[72, 107, 108, 178, 6]	[10005, 10006, 9998, 10000, 9997]	[215, 123, 193, 275, 267]
554	38.5	[113, -10, -49, -9, 103]	[-102, -146, -90, 20, 186]	[-170, -65, 29, 6, -167]	[-45, -187, -82, -97, -108]	[129, -79, -94, 19, 49]	[-90, -19, 5, -48, 137]	[-112, 54, 8, 108, 166]	[-67, -107, -123, -98, -174]	[-159, -136, -121, -127, -111]	[-63, -51, -9, -31, -68]	[73, 100, 108, 172, 15]	[10005, 10005, 9999, 9996, 10002]	[215, 123, 193, 275, 267]
555	35.5	[113, -10, -55, -3, 104]	[-102, -146, -90, 20, 186]	[-169, -40, 24, 7, -167]	[-45, -187, -86, -105, -108]	[132, -79, -88, 24, 49]	[-99, -20, 5, -53, 143]	[-54, 52, 9, 93, 127]	[-68, -121, -132, -106, -174]	[-163, -127, -120, -129, -110]	[-63, -56, -8, -34, -52]	[76, 100, 107, 175, 6]	[10005, 10006, 9995, 9996, 10002]	[226, 138, 199, 280, 267]
556	40.0	[113, -10, -22, 5, 103]	[-102, -146, -70, 20, 186]	[-170, -46, 29, 6, -167]	[-45, -187, -82, -97, -107]	[127, -82, -99, 20, 49]	[-90, -19, 6, -52, 157]	[-112, 48, 7, 108, 160]	[-67, -107, -123, -98, -174]	[-159, -136, -124, -127, -111]	[-63, -51, -9, -31, -65]	[73, 104, 108, 178, 6]	[10005, 10006, 9998, 9996, 9997]	[215, 123, 193, 281, 267]
557	40.5	[113, -10, -55, -3, 104]	[-102, -146, -90, 20, 186]	[-169, -40, 24, 7, -167]	[-45, -187, -86, -105, -108]	[132, -79, -88, 24, 49]	[-99, -20, 5, -53, 143]	[-54, 52, 9, 93, 127]	[-68, -121, -132, -106, -174]	[-163, -127, -120, -129, -110]	[-63, -56, -8, -34, -52]	[76, 100, 107, 175, 6]	[10005, 10006, 9995, 9996, 10002]	[226, 138, 199, 280, 267]
558	39.0	[113, -10, -49, -9, 103]	[-102, -146, -90, 20, 189]	[-170, -62, 29, 6, -167]	[-45, -187, -89, -101, -115]	[132, -81, -99, 20, 49]	[-90, -19, 6, -52, 151]	[-123, 53, 7, 100, 163]	[-67, -111, -127, -102, -173]	[-159, -136, -121, -127, -111]	[-63, -45, -10, -31, -64]	[67, 103, 109, 175, 5]	[10005, 10006, 9998, 9996, 9997]	[215, 123, 193, 275, 267]
559	47.5	[113, -10, -49, -9, 103]	[-102, -146, -90, 20, 189]	[-170, -62, 29, 6, -167]	[-45, -187, -89, -101, -115]	[132, -81, -99, 20, 49]	[-90, -19, 6, -52, 155]	[-119, 54, 6, 97, 163]	[-67, -111, -124, -100, -175]	[-159, -137, -124, -127, -111]	[-63, -45, -10, -31, -64]	[67, 103, 109, 175, 5]	[10005, 10006, 9998, 9996, 9997]	[215, 123, 193, 275, 267]
560	44.0	[113, -10, -49, -9, 103]	[-102, -146, -89, 20, 186]	[-169, -40, 30, 8, -167]	[-45, -187, -82, -119, -108]	[132, -88, -100, 20, 49]	[-90, -21, 5, -47, 151]	[-114, 53, 1, 108, 160]	[-67, -107, -123, -98, -174]	[-159, -139, -127, -127, -111]	[-60, -48, -13, -31, -61]	[72, 106, 108, 175, 5]	[10005, 10006, 9998, 9997, 9997]	[217, 123, 187, 275, 267]
561	35.5	[113, -10, -55, -9, 104]	[-102, -156, -86, 20, 192]	[-170, -40, 30, 9, -192]	[-43, -187, -83, -128, -106]	[138, -91, -100, 20, 49]	[-99, -20, 6, -52, 157]	[-119, 54, 5, 96, 152]	[-67, -110, -123, -96, -175]	[-157, -138, -126, -127, -112]	[-63, -45, -10, -32, -61]	[72, 105, 107, 177, 0]	[10005, 10004, 10000, 10000, 9996]	[226, 190, 199, 275, 267]
562	41.0	[115, -10, -20, 46, 103]	[-103, -146, -65, 20, 186]	[-170, -63, 28, 7, -171]	[-45, -187, -97, -116, -107]	[120, -84, -96, 24, 48]	[-112, -21, 5, -46, 152]	[-125, 53, 14, 100, 162]	[-67, -112, -123, -113, -174]	[-164, -133, -120, -128, -110]	[-57, -48, -13, -29, -57]	[83, 105, 109, 175, 0]	[10005, 10006, 9998, 10003, 9999]	[220, 124, 187, 271, 267]
563	37.0	[115, -10, -20, 46, 103]	[-107, -151, -65, 20, 186]	[-168, -40, 28, 9, -174]	[-45, -187, -93, -106, -109]	[120, -83, -102, 23, 48]	[-96, -20, 5, -46, 127]	[-125, 53, 12, 101, 162]	[-67, -109, -124, -113, -174]	[-164, -133, -120, -127, -110]	[-57, -48, -13, -30, -64]	[83, 105, 109, 177, 0]	[10005, 10006, 9998, 9999, 9998]	[220, 124, 187, 271, 267]
564	37.0	[113, -10, -22, 5, 103]	[-102, -146, -70, 20, 186]	[-170, -46, 29, 6, -167]	[-45, -187, -82, -97, -107]	[127, -82, -99, 20, 49]	[-90, -13, 6, -52, 157]	[-112, 48, 7, 108, 160]	[-67, -107, -123, -98, -174]	[-159, -136, -124, -127, -111]	[-63, -51, -9, -31, -65]	[73, 104, 108, 178, 6]	[10005, 10006, 9998, 9996, 9997]	[215, 123, 193, 281, 267]
565	33.0	[113, -10, -28, 26, 104]	[-102, -146, -88, 20, 186]	[-169, -40, 30, 9, -192]	[-43, -187, -83, -129, -108]	[134, -91, -100, 20, 48]	[-102, -21, 6, -47, 157]	[-123, 53, 8, 107, 154]	[-67, -104, -127, -99, -174]	[-159, -139, -128, -128, -110]	[-63, -51, -9, -31, -58]	[72, 106, 107, 178, 5]	[10005, 10006, 10000, 10002, 9997]	[226, 190, 199, 275, 267]
566	38.5	[115, -10, -20, 46, 103]	[-107, -151, -65, 20, 186]	[-168, -40, 28, 9, -181]	[-45, -187, -89, -116, -107]	[120, -84, -90, 24, 48]	[-106, -21, 5, -46, 127]	[-125, 53, 14, 100, 158]	[-67, -112, -123, -113, -174]	[-164, -138, -120, -128, -110]	[-57, -48, -13, -29, -57]	[83, 105, 109, 175, 0]	[10005, 10006, 9998, 9997, 9999]	[220, 124, 187, 271, 267]
567	35.0	[113, -10, -55, -9, 104]	[-102, -156, -86, 20, 192]	[-170, -40, 30, 9, -192]	[-43, -187, -83, -128, -106]	[138, -91, -100, 20, 49]	[-99, -20, 6, -52, 157]	[-119, 54, 5, 96, 152]	[-67, -111, -123, -96, -175]	[-159, -136, -126, -131, -112]	[-59, -51, -9, -33, -55]	[72, 105, 107, 178, 3]	[10005, 10005, 9999, 9998, 9997]	[226, 190, 199, 275, 267]
568	39.5	[113, -10, -55, -3, 104]	[-102, -146, -90, 20, 186]	[-169, -40, 24, 7, -167]	[-45, -187, -86, -105, -108]	[132, -79, -88, 24, 49]	[-99, -20, 5, -53, 143]	[-54, 52, 9, 93, 127]	[-68, -121, -132, -106, -174]	[-163, -127, -120, -129, -110]	[-63, -56, -8, -34, -52]	[76, 100, 107, 175, 6]	[10005, 10006, 9995, 9996, 10002]	[226, 138, 199, 280, 267]
569	41.0	[113, -10, -55, -9, 104]	[-102, -156, -86, 20, 192]	[-170, -40, 29, 7, -192]	[-43, -187, -82, -110, -106]	[137, -84, -98, 20, 49]	[-93, -14, 6, -49, 157]	[-119, 52, 6, 96, 166]	[-67, -110, -123, -98, -174]	[-157, -136, -133, -131, -112]	[-60, -50, -10, -33, -61]	[72, 104, 107, 178, 0]	[10005, 10006, 9999, 9998, 9996]	[226, 190, 199, 275, 267]
570	41.0	[115, -10, -33, 26, 103]	[-107, -151, -67, 20, 189]	[-168, -46, 28, 9, -174]	[-45, -187, -93, -106, -109]	[120, -83, -102, 23, 48]	[-96, -20, 5, -48, 131]	[-125, 53, 7, 101, 162]	[-67, -107, -124, -113, -174]	[-160, -133, -123, -127, -110]	[-58, -46, -10, -31, -64]	[89, 105, 109, 177, 0]	[10005, 10006, 9998, 9999, 9998]	[220, 124, 187, 271, 267]
571	37.5	[113, -10, -49, -9, 103]	[-102, -146, -95, 20, 186]	[-169, -40, 30, 8, -167]	[-45, -187, -82, -119, -108]	[132, -88, -100, 20, 49]	[-90, -21, 5, -47, 151]	[-114, 53, 1, 108, 160]	[-67, -107, -123, -98, -174]	[-159, -139, -127, -127, -111]	[-60, -48, -13, -31, -61]	[72, 106, 108, 175, 5]	[10005, 10006, 9998, 9997, 9997]	[217, 123, 187, 275, 267]
572	36.0	[113, -10, -55, -9, 104]	[-102, -156, -86, 20, 192]	[-170, -40, 30, 9, -192]	[-43, -187, -83, -128, -106]	[138, -91, -100, 20, 49]	[-99, -20, 6, -52, 157]	[-119, 54, 5, 96, 152]	[-67, -111, -123, -96, -175]	[-159, -136, -126, -131, -112]	[-59, -51, -9, -33, -55]	[72, 105, 107, 178, 3]	[10005, 10005, 9999, 9998, 9997]	[226, 190, 199, 275, 267]
573	33.0	[113, -10, -49, -9, 103]	[-102, -146, -95, 20, 186]	[-169, -40, 30, 8, -167]	[-45, -187, -82, -119, -108]	[132, -88, -100, 20, 49]	[-90, -21, 5, -47, 151]	[-114, 53, 1, 108, 160]	[-67, -107, -123, -98, -174]	[-159, -139, -127, -127, -111]	[-60, -48, -13, -31, -61]	[72, 106, 108, 175, 5]	[10005, 10006, 9998, 9997, 9997]	[217, 123, 187, 275, 267]
574	36.5	[115, -10, -33, 1, 103]	[-107, -151, -65, 20, 192]	[-170, -40, 29, 9, -181]	[-45, -187, -83, -117, -107]	[120, -84, -98, 22, 49]	[-106, -20, 5, -47, 127]	[-121, 54, 8, 99, 161]	[-67, -111, -118, -105, -174]	[-157, -138, -123, -128, -110]	[-60, -48, -10, -29, -57]	[73, 105, 109, 175, 0]	[10005, 10005, 9999, 9999, 9996]	[220, 124, 187, 273, 267]
575	37.5	[113, -10, -49, -9, 103]	[-102, -146, -90, 20, 189]	[-170, -62, 29, 6, -167]	[-45, -187, -89, -101, -115]	[126, -81, -99, 20, 49]	[-90, -19, 6, -52, 151]	[-123, 53, 7, 100, 163]	[-67, -111, -127, -102, -173]	[-159, -134, -127, -127, -111]	[-63, -47, -4, -31, -64]	[71, 97, 109, 175, 5]	[10005, 10006, 10004, 9996, 10003]	[215, 123, 193, 275, 267]
576	41.5	[113, -10, -55, -9, 104]	[-102, -156, -86, 20, 192]	[-170, -40, 30, 3, -192]	[-43, -187, -83, -128, -106]	[138, -91, -100, 20, 49]	[-99, -20, 6, -52, 157]	[-119, 54, 5, 96, 152]	[-67, -111, -123, -96, -175]	[-159, -136, -126, -131, -112]	[-59, -51, -9, -33, -55]	[72, 105, 107, 178, 3]	[10005, 10005, 9999, 9998, 9997]	[226, 190, 199, 275, 267]
577	34.0	[115, -10, -20, 46, 103]	[-107, -151, -65, 20, 186]	[-168, -40, 28, 9, -181]	[-45, -187, -92, -114, -109]	[120, -84, -97, 23, 48]	[-106, -21, 5, -48, 131]	[-125, 53, 14, 100, 158]	[-67, -112, -117, -113, -174]	[-164, -138, -120, -128, -110]	[-57, -48, -13, -29, -57]	[83, 105, 109, 175, 0]	[10005, 10006, 9998, 9997, 9999]	[220, 124, 187, 271, 267]
578	38.0	[113, -10, -49, -9, 103]	[-102, -146, -95, 20, 186]	[-169, -40, 30, 8, -167]	[-45, -187, -82, -119, -108]	[132, -88, -100, 20, 49]	[-90, -21, 5, -47, 151]	[-114, 53, 1, 108, 160]	[-67, -107, -123, -98, -174]	[-159, -139, -127, -127, -111]	[-60, -48, -13, -31, -61]	[72, 106, 108, 175, 5]	[10005, 10006, 9998, 9997, 9997]	[217, 123, 187, 275, 267]
579	35.5	[115, -10, -20, 46, 103]	[-107, -151, -65, 20, 186]	[-168, -40, 28, 9, -181]	[-45, -187, -92, -114, -109]	[120, -84, -97, 23, 48]	[-106, -21, 5, -48, 131]	[-125, 53, 14, 100, 158]	[-67, -112, -117, -113, -174]	[-164, -138, -120, -128, -110]	[-57, -48, -13, -29, -57]	[83, 105, 109, 175, 0]	[10005, 10006, 9998, 9997, 9999]	[220, 124, 187, 271, 261]
580	38.5	[113, -10, -49, -9, 103]	[-102, -146, -90, 20, 189]	[-170, -62, 29, 6, -167]	[-45, -187, -89, -101, -115]	[126, -81, -99, 20, 49]	[-90, -20, 6, -52, 151]	[-123, 53, 8, 93, 144]	[-67, -111, -127, -102, -173]	[-159, -134, -127, -127, -111]	[-63, -47, -4, -31, -64]	[71, 97, 109, 175, 5]	[10005, 10006, 10004, 9996, 10003]	[215, 123, 193, 275, 267]
581	37.5	[113, -10, -55, -9, 104]	[-102, -156, -86, 20, 192]	[-170, -40, 30, 3, -192]	[-43, -187, -83, -128, -106]	[138, -91, -100, 20, 49]	[-99, -20, 6, -52, 157]	[-119, 54, 5, 96, 152]	[-67, -111, -123, -96, -175]	[-159, -136, -126, -131, -112]	[-59, -51, -9, -33, -61]	[72, 105, 107, 178, 3]	[10005, 10005, 9999, 9998, 9997]	[226, 190, 199, 275, 267]
582	34.0	[113, -10, -22, 5, 103]	[-102, -146, -70, 20, 186]	[-170, -46, 29, 6, -167]	[-45, -187, -82, -97, -107]	[127, -82, -99, 20, 49]	[-90, -13, 6, -52, 157]	[-112, 48, 7, 108, 160]	[-67, -107, -123, -98, -174]	[-159, -136, -124, -127, -111]	[-63, -51, -9, -31, -65]	[73, 104, 108, 178, 6]	[10005, 10006, 9998, 9996, 9997]	[215, 123, 193, 281, 267]
583	40.0	[113, -10, -36, -8, 103]	[-102, -151, -86, 20, 187]	[-168, -52, 28, 8, -167]	[-45, -187, -89, -102, -110]	[126, -82, -97, 23, 49]	[-106, -20, 5, -49, 151]	[-123, 53, 10, 97, 154]	[-67, -111, -126, -111, -173]	[-159, -136, -127, -127, -111]	[-63, -47, -4, -31, -64]	[71, 97, 109, 175, 5]	[10005, 10006, 10004, 9996, 10003]	[215, 123, 193, 275, 267]
584	38.5	[113, -10, -49, -9, 103]	[-102, -146, -90, 20, 189]	[-170, -62, 29, 6, -167]	[-45, -187, -89, -101, -115]	[126, -81, -99, 20, 49]	[-90, -20, 6, -52, 151]	[-123, 53, 8, 93, 144]	[-67, -111, -127, -102, -173]	[-159, -134, -127, -127, -111]	[-63, -47, -4, -31, -64]	[71, 97, 109, 175, 5]	[10005, 10006, 10004, 9996, 10003]	[215, 123, 193, 275, 267]
585	35.5	[113, -10, -49, -9, 103]	[-102, -146, -95, 20, 186]	[-169, -40, 30, 8, -167]	[-45, -187, -82, -119, -108]	[132, -88, -100, 20, 49]	[-90, -21, 5, -47, 151]	[-114, 53, 1, 108, 160]	[-67, -101, -123, -98, -174]	[-159, -139, -127, -127, -111]	[-60, -48, -13, -31, -61]	[72, 106, 108, 175, 5]	[10005, 10006, 9998, 9997, 9997]	[217, 123, 187, 275, 267]
586	40.0	[113, -10, -22, 5, 103]	[-102, -146, -70, 20, 186]	[-170, -46, 29, 6, -167]	[-45, -187, -82, -97, -107]	[127, -82, -99, 20, 49]	[-90, -13, 6, -52, 157]	[-112, 48, 7, 108, 160]	[-67, -113, -123, -98, -174]	[-159, -136, -124, -127, -111]	[-63, -51, -9, -31, -65]	[73, 104, 108, 178, 6]	[10005, 10006, 9998, 9996, 9997]	[215, 123, 193, 281, 267]
587	40.0	[115, -10, -20, 46, 103]	[-107, -151, -86, 20, 186]	[-168, -54, 28, 9, -181]	[-45, -187, -89, -112, -111]	[121, -82, -97, 23, 48]	[-106, -20, 6, -49, 137]	[-125, 53, 12, 93, 158]	[-67, -112, -121, -111, -174]	[-162, -136, -121, -128, -110]	[-62, -54, -6, -30, -58]	[74, 103, 109, 175, 0]	[10005, 10006, 10001, 9997, 10001]	[220, 124, 187, 271, 261]
588	34.0	[115, -10, -20, 46, 103]	[-107, -151, -65, 20, 186]	[-168, -40, 28, 9, -181]	[-45, -187, -92, -114, -109]	[120, -84, -93, 23, 48]	[-100, -19, 5, -48, 131]	[-123, 53, 13, 100, 158]	[-67, -110, -118, -103, -173]	[-164, -136, -121, -128, -111]	[-57, -48, -13, -31, -57]	[83, 105, 108, 175, 0]	[10005, 10006, 9998, 9997, 9999]	[220, 124, 187, 271, 261]
589	33.5	[115, -10, -20, 46, 103]	[-107, -151, -86, 20, 186]	[-168, -54, 28, 9, -181]	[-45, -187, -89, -112, -111]	[121, -82, -97, 23, 48]	[-106, -20, 6, -49, 137]	[-125, 53, 6, 93, 158]	[-67, -112, -121, -111, -174]	[-162, -136, -121, -128, -110]	[-62, -54, -6, -30, -58]	[74, 103, 109, 175, 0]	[10005, 10006, 10001, 9997, 10001]	[220, 124, 187, 271, 261]
590	43.5	[115, -10, -20, 46, 103]	[-107, -151, -65, 20, 186]	[-168, -40, 28, 9, -181]	[-45, -187, -92, -114, -109]	[120, -84, -93, 23, 48]	[-100, -19, 5, -48, 131]	[-123, 53, 13, 100, 158]	[-67, -110, -118, -103, -173]	[-164, -136, -121, -128, -111]	[-57, -48, -13, -31, -57]	[83, 105, 108, 175, 0]	[10005, 10006, 9998, 9997, 9999]	[220, 124, 187, 271, 261]
591	37.5	[113, -10, -36, -8, 103]	[-102, -151, -86, 20, 187]	[-168, -52, 28, 8, -167]	[-45, -187, -89, -102, -110]	[126, -82, -97, 23, 49]	[-106, -20, 5, -49, 151]	[-123, 53, 10, 97, 154]	[-67, -111, -126, -111, -173]	[-159, -136, -127, -127, -111]	[-63, -47, -4, -31, -64]	[71, 97, 109, 175, 5]	[10005, 10006, 10004, 9996, 10003]	[215, 123, 193, 275, 267]
592	40.0	[113, -10, -55, -3, 104]	[-102, -146, -102, 20, 186]	[-163, -40, 24, 7, -161]	[-45, -187, -86, -105, -102]	[132, -79, -88, 24, 49]	[-99, -20, 5, -53, 143]	[-54, 52, 9, 93, 127]	[-68, -121, -132, -106, -174]	[-163, -127, -120, -129, -110]	[-63, -56, -8, -34, -52]	[76, 100, 107, 175, 6]	[10005, 10006, 9995, 9996, 10002]	[226, 138, 199, 280, 267]
593	37.0	[115, -10, -20, 46, 103]	[-103, -146, -65, 20, 186]	[-170, -63, 28, 7, -171]	[-45, -188, -80, -116, -107]	[130, -85, -93, 21, 48]	[-103, -19, 5, -48, 148]	[-123, 53, 4, 107, 158]	[-67, -109, -122, -106, -174]	[-159, -136, -122, -131, -110]	[-59, -47, -6, -32, -60]	[83, 105, 108, 176, 0]	[10005, 10005, 9998, 9997, 9999]	[220, 124, 187, 271, 267]
594	38.5	[113, -10, -51, -9, 104]	[-102, -156, -69, 20, 192]	[-170, -63, 30, 3, -192]	[-43, -188, -84, -122, -106]	[135, -91, -99, 20, 48]	[-109, -20, 6, -52, 157]	[-119, 53, 4, 96, 158]	[-67, -111, -123, -99, -174]	[-159, -136, -120, -128, -110]	[-59, -51, -13, -34, -61]	[72, 105, 107, 178, 3]	[10005, 10005, 9999, 9998, 9997]	[226, 190, 199, 275, 267]
595	39.5	[115, -10, -20, 46, 103]	[-107, -148, -98, 20, 186]	[-168, -40, 28, 7, -178]	[-45, -187, -87, -115, -109]	[126, -80, -96, 23, 49]	[-99, -20, 5, -52, 149]	[-131, 53, 3, 100, 150]	[-68, -112, -125, -107, -174]	[-164, -136, -119, -129, -110]	[-62, -48, -13, -29, -57]	[83, 105, 109, 175, 2]	[10005, 10006, 9998, 9997, 9999]	[220, 124, 187, 271, 261]
596	38.0	[115, -10, -20, 46, 103]	[-107, -151, -65, 20, 186]	[-168, -40, 28, 9, -181]	[-45, -188, -80, -114, -109]	[120, -84, -93, 23, 48]	[-103, -19, 5, -48, 131]	[-123, 53, 13, 100, 159]	[-67, -110, -119, -108, -173]	[-164, -136, -122, -129, -110]	[-57, -48, -13, -31, -57]	[83, 105, 108, 175, 0]	[10005, 10006, 9999, 9998, 9999]	[220, 124, 187, 271, 261]
597	37.5	[115, -10, -20, 46, 103]	[-107, -148, -98, 20, 186]	[-168, -40, 28, 7, -178]	[-45, -187, -87, -115, -109]	[126, -80, -96, 23, 49]	[-99, -20, 5, -52, 149]	[-131, 53, 3, 100, 150]	[-68, -112, -125, -107, -174]	[-164, -136, -119, -129, -110]	[-62, -48, -13, -29, -57]	[83, 105, 109, 175, 2]	[10005, 10006, 9998, 9997, 9999]	[220, 124, 187, 271, 261]
598	36.0	[115, -10, -20, 46, 103]	[-103, -146, -65, 20, 186]	[-170, -44, 27, 7, -171]	[-45, -188, -80, -114, -106]	[130, -82, -93, 21, 48]	[-103, -19, 5, -49, 143]	[-123, 53, 7, 98, 158]	[-67, -114, -124, -106, -174]	[-159, -133, -121, -131, -110]	[-59, -47, -8, -34, -54]	[83, 105, 108, 176, 0]	[10005, 10005, 9998, 9997, 9999]	[220, 124, 187, 271, 267]
599	36.0	[113, -10, -24, 5, 103]	[-102, -146, -70, 20, 186]	[-170, -44, 29, 6, -167]	[-45, -187, -82, -97, -107]	[127, -82, -101, 20, 49]	[-90, -13, 6, -52, 157]	[-112, 48, 7, 108, 160]	[-61, -107, -123, -98, -174]	[-159, -136, -124, -127, -111]	[-63, -51, -9, -31, -65]	[73, 104, 108, 178, 6]	[10005, 10006, 9998, 10002, 9997]	[215, 123, 193, 281, 267]
