generation	fitness	corner	c	a1	a2	b1	b2	b3	x	o1	o2	wp	ww	we
600	35.5	[88, 85, -52, 147, 98]	[-150, -152, -84, 24, -140]	[-156, -41, 20, -5, -167]	[-49, -163, -75, -93, -43]	[119, -63, -104, 56, 13]	[-124, -30, 19, -48, 187]	[-36, 45, 10, 88, 234]	[-154, -111, -127, -123, -119]	[-164, -129, -139, -90, -143]	[-27, -18, -30, -13, -119]	[59, 135, 147, 171, 42]	[10002, 9993, 9999, 9992, 10000]	[9, 174, 167, 176, 174]
601	39.5	[115, -10, -20, 46, 103]	[-103, -146, -65, 20, 186]	[-170, -44, 27, 7, -171]	[-45, -188, -80, -114, -106]	[130, -82, -93, 21, 48]	[-103, -19, 5, -49, 143]	[-123, 53, 7, 98, 158]	[-67, -114, -124, -106, -149]	[-159, -133, -121, -131, -110]	[-59, -47, -8, -34, -54]	[83, 105, 108, 176, 0]	[10005, 10005, 9998, 9997, 9999]	[220, 124, 187, 271, 267]
602	34.5	[209, 191, 45, 116, -120]	[59, -97, -107, 9, -137]	[-174, -8, -10, -3, -194]	[46, -28, -61, -49, -105]	[152, -117, -61, 44, -2]	[-33, -37, 5, -15, 66]	[-65, 67, 11, 101, 58]	[-86, -131, -116, -79, -34]	[-173, -197, -71, -141, -117]	[5, -6, -10, 17, -73]	[0, 133, 120, 170, 39]	[10005, 10001, 9999, 9998, 10001]	[-32, 133, 136, 164, 277]
603	34.5	[63, -17, -55, 68, 98]	[-162, -147, -88, 24, -142]	[-156, -71, 0, -15, -167]	[-50, -163, -72, -94, -59]	[119, -65, -113, 52, 14]	[-124, -27, 17, -47, 183]	[-44, 44, 10, 96, 240]	[-103, -114, -131, -121, -93]	[-171, -126, -137, -96, -133]	[-17, -11, -46, -12, -92]	[54, 135, 119, 178, 49]	[10003, 9984, 9999, 9995, 9991]	[157, 186, 170, 185, 167]
604	39.0	[63, -17, -55, 68, 98]	[-162, -147, -88, 24, -142]	[-156, -71, 0, -15, -167]	[-50, -163, -72, -94, -59]	[119, -65, -113, 52, 14]	[-124, -27, 17, -47, 183]	[-44, 44, 10, 96, 240]	[-103, -114, -131, -121, -93]	[-171, -126, -137, -96, -133]	[-17, -11, -46, -12, -92]	[54, 135, 119, 178, 49]	[10003, 9984, 9999, 9995, 9991]	[157, 186, 170, 185, 167]
605	33.0	[63, -17, -55, 68, 98]	[-162, -147, -88, 24, -142]	[-156, -71, 0, -15, -167]	[-50, -163, -72, -94, -59]	[119, -65, -113, 52, 14]	[-124, -27, 17, -47, 183]	[-44, 44, 10, 96, 240]	[-103, -114, -131, -121, -93]	[-171, -126, -137, -96, -133]	[-17, -11, -46, -12, -92]	[54, 135, 119, 178, 49]	[10003, 9984, 9999, 9995, 9991]	[157, 186, 170, 185, 167]
606	37.0	[113, -10, -24, 5, 103]	[-102, -146, -70, 20, 186]	[-170, -44, 29, 25, -167]	[-45, -187, -82, -97, -107]	[127, -82, -101, 20, 49]	[-90, -13, 6, -52, 157]	[-112, 48, 7, 108, 160]	[-61, -107, -123, -98, -174]	[-159, -136, -124, -127, -111]	[-63, -51, -9, -31, -58]	[73, 104, 108, 178, 6]	[10005, 10006, 9998, 10002, 9998]	[215, 123, 193, 276, 261]
607	35.0	[113, -10, -24, 5, 103]	[-102, -146, -70, 20, 186]	[-170, -44, 29, 25, -167]	[-45, -187, -82, -97, -107]	[127, -82, -101, 20, 49]	[-90, -13, 6, -52, 157]	[-112, 48, 7, 108, 160]	[-61, -107, -123, -98, -174]	[-159, -136, -124, -127, -111]	[-63, -51, -9, -31, -58]	[73, 104, 108, 178, 6]	[10005, 10006, 9998, 10002, 9998]	[215, 123, 193, 276, 261]
608	34.5	[88, 85, -52, 147, 98]	[-150, -152, -84, 24, -140]	[-162, -41, 20, -5, -167]	[-49, -163, -75, -93, -43]	[119, -63, -104, 56, 13]	[-124, -30, 19, -48, 187]	[-36, 45, 10, 88, 234]	[-154, -111, -127, -129, -119]	[-164, -129, -139, -90, -143]	[-27, -18, -30, -13, -119]	[59, 135, 147, 171, 42]	[10002, 9993, 9999, 9992, 10000]	[9, 174, 167, 176, 174]
609	38.5	[115, -10, -20, 46, 103]	[-103, -146, -65, 20, 186]	[-170, -44, 27, 7, -171]	[-45, -188, -80, -114, -106]	[130, -82, -93, 21, 42]	[-103, -19, 5, -49, 143]	[-123, 53, 7, 98, 158]	[-67, -114, -124, -106, -149]	[-159, -133, -121, -131, -110]	[-59, -47, -8, -34, -54]	[83, 105, 108, 176, 0]	[10005, 10005, 9998, 9997, 9999]	[220, 124, 187, 271, 267]
610	38.5	[115, -10, -20, 46, 103]	[-103, -146, -65, 20, 186]	[-170, -44, 27, 7, -171]	[-45, -188, -80, -114, -106]	[130, -82, -93, 21, 42]	[-103, -19, 5, -49, 143]	[-123, 53, 7, 98, 158]	[-67, -114, -124, -106, -149]	[-159, -133, -121, -131, -110]	[-59, -47, -8, -34, -54]	[83, 105, 108, 176, 0]	[10005, 10005, 9998, 9997, 9999]	[220, 124, 187, 271, 267]
611	39.5	[88, 85, -52, 147, 98]	[-150, -152, -72, 20, -141]	[-156, -41, 2, -3, -167]	[-49, -187, -79, -94, -43]	[119, -63, -104, 52, 16]	[-124, -27, 19, -48, 172]	[-36, 58, 10, 92, 234]	[-154, -111, -127, -118, -39]	[-164, -125, -139, -90, -143]	[-27, -17, -11, 17, -92]	[59, 134, 140, 170, 42]	[10002, 9999, 9995, 9995, 10001]	[9, 174, 167, 176, 174]
612	35.0	[115, -10, -20, 46, 103]	[-103, -146, -65, 20, 186]	[-170, -44, 27, 7, -171]	[-45, -188, -80, -114, -106]	[130, -82, -93, 21, 42]	[-103, -19, 5, -49, 143]	[-123, 53, 7, 98, 158]	[-67, -114, -124, -106, -149]	[-159, -133, -121, -131, -110]	[-59, -47, -8, -34, -54]	[83, 105, 108, 176, 0]	[10005, 10005, 9998, 9997, 9999]	[220, 124, 187, 271, 267]
613	39.5	[88, 85, -52, 147, 98]	[-67, -160, -76, 26, 21]	[-162, -49, 20, -2, -90]	[-45, -158, -85, -93, -43]	[119, -63, -104, 56, 13]	[-141, -26, 17, -48, 187]	[-36, 45, 3, 88, 234]	[-109, -71, -124, -128, -126]	[-164, -100, -90, -90, -143]	[-27, -18, -29, -49, -101]	[96, 128, 147, 171, 42]	[10002, 9993, 9999, 9992, 10000]	[9, 174, 167, 176, 174]
614	41.0	[113, -10, -24, 5, 103]	[-102, -146, -70, 20, 186]	[-170, -44, 29, 31, -167]	[-45, -187, -88, -97, -107]	[128, -82, -101, 20, 49]	[-103, -14, 6, -52, 157]	[-112, 48, 7, 108, 160]	[-61, -107, -124, -98, -174]	[-159, -134, -122, -122, -111]	[-63, -50, -8, -31, -58]	[73, 104, 108, 178, 6]	[10005, 10006, 9998, 10002, 9998]	[215, 123, 193, 276, 261]
615	37.5	[88, 85, -52, 147, 98]	[-150, -152, -84, 24, -140]	[-156, -41, 20, -5, -167]	[-49, -163, -75, -93, -43]	[119, -63, -104, 56, 13]	[-124, -30, 19, -48, 187]	[-36, 45, 10, 88, 234]	[-154, -111, -127, -123, -119]	[-164, -129, -139, -90, -143]	[-27, -18, -30, -13, -119]	[59, 135, 147, 171, 42]	[10002, 9993, 9999, 9992, 10000]	[9, 174, 167, 176, 174]
616	34.5	[88, 85, -52, 147, 98]	[-150, -152, -84, 24, -140]	[-156, -41, 20, -5, -167]	[-49, -163, -75, -93, -43]	[119, -63, -104, 56, 13]	[-124, -30, 19, -48, 187]	[-36, 45, 10, 88, 234]	[-154, -111, -127, -123, -119]	[-164, -129, -139, -90, -143]	[-27, -18, -30, -13, -119]	[59, 135, 147, 171, 42]	[10002, 9993, 9999, 9992, 10000]	[9, 174, 167, 176, 174]
617	33.0	[113, -10, -24, 5, 103]	[-102, -146, -70, 20, 186]	[-164, -41, 17, 13, -167]	[-46, -186, -80, -96, -107]	[127, -64, -103, 42, 49]	[-121, -22, 17, -52, 157]	[-83, 57, 7, 108, 160]	[-61, -107, -124, -108, -174]	[-159, -136, -131, -90, -130]	[-63, -51, -9, -31, -58]	[73, 104, 108, 178, 6]	[10005, 10006, 9998, 10002, 9998]	[215, 123, 193, 276, 261]
618	33.5	[88, 85, -52, 147, 98]	[-67, -146, -75, 20, 21]	[-162, -49, 25, 3, -90]	[-45, -182, -88, -104, -43]	[125, -73, -104, 51, 19]	[-141, -25, 8, -48, 187]	[-110, 49, 3, 88, 234]	[-97, -93, -124, -128, -126]	[-159, -108, -104, -112, -110]	[-27, -18, -29, -49, -101]	[96, 128, 147, 171, 42]	[10002, 9993, 9999, 9992, 10000]	[9, 174, 167, 176, 174]
619	35.0	[113, -10, -24, 5, 103]	[-102, -146, -70, 20, 186]	[-163, -43, 29, 21, -167]	[-45, -187, -80, -97, -107]	[128, -82, -103, 46, 23]	[-116, -30, 14, -48, 159]	[-89, 50, 7, 108, 160]	[-61, -107, -124, -101, -147]	[-159, -134, -96, -111, -129]	[-63, -50, -20, -31, -58]	[73, 122, 131, 177, 6]	[10005, 10006, 9998, 10002, 9998]	[215, 123, 193, 271, 261]
620	34.0	[113, -10, -24, 5, 103]	[-102, -146, -70, 20, 186]	[-163, -43, 29, 21, -167]	[-45, -187, -80, -97, -107]	[128, -82, -103, 46, 23]	[-116, -30, 14, -48, 159]	[-89, 50, 7, 108, 160]	[-61, -107, -124, -101, -147]	[-159, -134, -96, -111, -129]	[-63, -50, -20, -31, -58]	[73, 122, 131, 177, 6]	[10005, 10006, 9998, 10002, 9998]	[215, 123, 193, 271, 261]
621	32.0	[88, 85, -52, 147, 98]	[-150, -152, -72, 20, -141]	[-156, -41, 2, -3, -167]	[-49, -187, -79, -94, -43]	[119, -80, -103, 52, 17]	[-117, -28, 18, -48, 172]	[-78, 49, 8, 88, 234]	[-152, -108, -124, -124, -119]	[-164, -129, -139, -96, -143]	[-27, -18, -30, -13, -119]	[59, 135, 147, 171, 42]	[10002, 9993, 9999, 9992, 10000]	[9, 174, 167, 176, 174]
622	39.0	[115, -10, -20, 46, 103]	[-103, -146, -65, 20, 186]	[-170, -44, 27, 7, -171]	[-45, -188, -80, -114, -106]	[130, -82, -93, 21, 42]	[-103, -19, 5, -49, 143]	[-123, 53, 7, 98, 158]	[-67, -114, -124, -106, -149]	[-159, -133, -121, -131, -110]	[2, -23, -10, -12, -54]	[74, 119, 109, 176, 29]	[10005, 10002, 9999, 9997, 9999]	[220, 124, 187, 265, 267]
623	35.5	[88, 85, -52, 147, 98]	[-67, -160, -75, 26, 21]	[-162, -49, 21, 1, -90]	[-45, -179, -86, -99, -43]	[119, -63, -104, 54, 16]	[-141, -25, 10, -48, 187]	[-36, 45, 3, 88, 234]	[-103, -77, -124, -128, -126]	[-161, -116, -108, -95, -136]	[-40, -18, -29, -49, -101]	[96, 128, 147, 173, 37]	[10002, 9993, 9999, 9992, 10000]	[9, 174, 167, 176, 174]
624	33.5	[113, -10, -24, 5, 103]	[-147, -150, -78, 23, -3]	[-170, -44, 29, 2, -167]	[-45, -184, -81, -96, -43]	[127, -63, -101, 20, 49]	[-117, -27, 16, -51, 157]	[-112, 48, 8, 99, 160]	[-61, -111, -123, -98, -174]	[-162, -134, -124, -127, -111]	[-63, -51, -9, -31, -58]	[73, 104, 108, 178, 6]	[10005, 10006, 9998, 10002, 9998]	[215, 123, 193, 276, 261]
625	33.5	[113, -10, -24, 5, 103]	[-102, -146, -70, 20, 186]	[-164, -41, 20, 2, -167]	[-46, -186, -80, -94, -92]	[124, -63, -103, 42, 49]	[-122, -30, 18, -52, 157]	[-67, 49, 7, 91, 160]	[-118, -111, -125, -123, -154]	[-164, -131, -133, -91, -143]	[-52, -28, -17, -23, -58]	[68, 107, 123, 173, 6]	[10005, 10006, 9998, 10002, 9998]	[215, 123, 193, 276, 261]
626	37.5	[115, -10, -20, 46, 103]	[-103, -146, -65, 20, 186]	[-170, -44, 27, 7, -171]	[-45, -188, -80, -114, -106]	[130, -82, -93, 21, 42]	[-103, -19, 5, -49, 143]	[-123, 53, 7, 98, 158]	[-67, -114, -124, -106, -149]	[-159, -133, -121, -131, -110]	[2, -23, -10, -12, -54]	[74, 119, 109, 176, 29]	[10005, 10002, 9999, 9997, 9999]	[220, 124, 187, 265, 267]
627	32.5	[115, -10, -20, 46, 103]	[-103, -146, -65, 20, 186]	[-170, -50, 27, 7, -171]	[-45, -188, -80, -114, -106]	[130, -82, -93, 21, 42]	[-103, -19, 5, -49, 143]	[-123, 53, 7, 98, 158]	[-67, -114, -124, -106, -149]	[-159, -133, -121, -131, -110]	[2, -23, -10, -12, -54]	[74, 119, 109, 176, 29]	[10005, 10002, 9999, 9997, 9999]	[220, 124, 187, 265, 267]
628	35.5	[113, -10, -24, 5, 103]	[-147, -150, -78, 23, -3]	[-170, -44, 29, 2, -167]	[-45, -184, -81, -96, -43]	[127, -63, -101, 20, 49]	[-117, -27, 16, -51, 157]	[-118, 48, 8, 99, 160]	[-61, -111, -123, -98, -174]	[-162, -134, -124, -127, -111]	[-63, -51, -9, -31, -58]	[73, 104, 108, 178, 6]	[10005, 10006, 9998, 10002, 9998]	[215, 123, 193, 276, 261]
629	34.5	[88, 85, -52, 147, 98]	[-67, -160, -75, 26, 21]	[-162, -49, 21, 1, -90]	[-45, -179, -86, -99, -43]	[119, -63, -104, 54, 16]	[-141, -25, 10, -48, 187]	[-36, 45, 3, 88, 234]	[-103, -77, -124, -128, -126]	[-161, -116, -108, -95, -136]	[-40, -18, -29, -49, -101]	[96, 128, 147, 173, 37]	[10002, 9993, 9999, 9992, 10000]	[9, 174, 167, 176, 174]
630	34.0	[115, -10, -20, 46, 103]	[-103, -146, -65, 20, 186]	[-170, -44, 27, 7, -171]	[-45, -187, -80, -112, -106]	[130, -82, -95, 40, 27]	[-103, -19, 5, -48, 153]	[-123, 52, 7, 88, 159]	[-127, -114, -124, -106, -148]	[-159, -133, -121, -131, -111]	[-31, -41, -13, -12, -102]	[74, 119, 109, 176, 29]	[10005, 10002, 9999, 9997, 9999]	[220, 124, 187, 265, 267]
631	38.5	[115, -10, -20, 46, 103]	[-103, -146, -65, 20, 186]	[-170, -44, 27, 7, -171]	[-45, -188, -80, -114, -106]	[130, -82, -93, 21, 42]	[-103, -19, 5, -48, 145]	[-123, 52, 7, 88, 159]	[-127, -114, -124, -106, -149]	[-159, -133, -121, -131, -110]	[-26, -29, -15, -24, -102]	[73, 120, 112, 176, 29]	[10005, 10006, 9999, 9997, 9999]	[219, 124, 188, 266, 265]
632	42.5	[113, -10, -24, 5, 103]	[-102, -146, -70, 20, 186]	[-164, -41, 20, 2, -167]	[-46, -186, -80, -94, -92]	[124, -63, -103, 42, 49]	[-122, -30, 18, -52, 157]	[-67, 49, 7, 91, 160]	[-118, -111, -125, -123, -154]	[-164, -131, -133, -91, -137]	[-52, -28, -17, -23, -58]	[68, 107, 123, 173, 6]	[10005, 10006, 9998, 10002, 9998]	[215, 123, 193, 276, 261]
633	35.0	[105, 83, -24, 5, 103]	[-149, -152, -81, 23, -3]	[-170, -44, 29, 2, -167]	[-45, -184, -81, -96, -43]	[127, -63, -101, 20, 49]	[-117, -27, 16, -51, 157]	[-118, 48, 8, 99, 160]	[-61, -111, -123, -98, -174]	[-162, -134, -124, -127, -111]	[-63, -51, -9, -31, -58]	[73, 104, 108, 178, 6]	[10005, 10006, 9998, 10002, 9998]	[215, 123, 193, 276, 261]
634	33.0	[88, 85, -52, 147, 98]	[-67, -160, -75, 26, 21]	[-162, -49, 21, 1, -90]	[-45, -179, -86, -99, -43]	[119, -63, -104, 54, 16]	[-141, -25, 10, -48, 187]	[-36, 45, 3, 88, 234]	[-103, -77, -124, -128, -126]	[-161, -116, -108, -95, -136]	[-40, -18, -29, -49, -101]	[96, 128, 147, 173, 37]	[10002, 9993, 9999, 9992, 10000]	[9, 174, 167, 176, 174]
635	37.5	[115, -10, -20, 46, 103]	[-103, -146, -65, 20, 186]	[-170, -50, 27, 7, -171]	[-45, -188, -80, -114, -106]	[130, -82, -93, 21, 42]	[-103, -19, 5, -49, 143]	[-123, 53, 7, 98, 158]	[-67, -114, -124, -106, -149]	[-159, -133, -121, -131, -110]	[2, -23, -10, -12, -48]	[74, 119, 109, 176, 29]	[10005, 10002, 9999, 9997, 9999]	[220, 124, 187, 265, 267]
636	43.0	[115, -10, -20, 46, 103]	[-103, -150, -69, 25, -15]	[-162, -44, 18, 7, -171]	[-47, -162, -80, -112, -106]	[130, -82, -95, 33, 15]	[-106, -24, 11, -48, 153]	[-94, 49, 7, 89, 159]	[-127, -114, -124, -123, -148]	[-159, -133, -123, -131, -111]	[-30, -23, -16, -15, -102]	[65, 118, 112, 176, 29]	[10005, 10002, 9999, 9997, 9999]	[220, 124, 187, 265, 267]
637	34.5	[88, 79, -52, 147, 98]	[-150, -152, -72, 20, -140]	[-156, -41, 29, 13, -167]	[-49, -182, -75, -94, -43]	[119, -64, -106, 52, 47]	[-124, -36, 19, -48, 176]	[-36, 45, 10, 88, 234]	[-154, -111, -128, -123, -119]	[-164, -126, -137, -92, -143]	[-27, -18, -30, -13, -119]	[59, 135, 147, 171, 42]	[10002, 9993, 9999, 9992, 10000]	[15, 174, 167, 176, 174]
638	34.5	[115, -10, -20, 46, 103]	[-103, -150, -69, 25, -15]	[-162, -44, 18, 7, -171]	[-47, -162, -80, -112, -106]	[130, -82, -95, 33, 15]	[-106, -24, 11, -48, 153]	[-94, 49, 7, 89, 159]	[-127, -114, -124, -123, -148]	[-159, -133, -123, -131, -111]	[-30, -23, -16, -15, -102]	[65, 118, 112, 176, 29]	[10005, 10002, 9999, 9997, 9999]	[220, 124, 187, 265, 267]
639	36.0	[115, -10, -14, 46, 103]	[-103, -150, -69, 25, -15]	[-162, -44, 18, 7, -171]	[-47, -162, -80, -112, -106]	[130, -82, -93, 33, 15]	[-106, -24, 9, -48, 153]	[-94, 50, 7, 91, 159]	[-127, -114, -125, -124, -149]	[-159, -126, -123, -131, -111]	[-28, -23, -24, -15, -102]	[63, 126, 115, 172, 34]	[10003, 10001, 9999, 9997, 9999]	[220, 124, 187, 265, 267]
640	39.0	[115, -10, -20, 46, 103]	[-103, -146, -59, 20, 186]	[-170, -50, 27, 7, -171]	[-45, -188, -80, -114, -106]	[130, -82, -93, 21, 42]	[-103, -19, 5, -49, 143]	[-123, 53, 7, 98, 158]	[-67, -114, -124, -106, -149]	[-159, -133, -121, -131, -110]	[2, -23, -10, -12, -48]	[74, 119, 109, 176, 29]	[10005, 10002, 9999, 9997, 9999]	[220, 124, 187, 265, 261]
641	38.0	[115, -10, -20, 46, 103]	[-103, -150, -69, 25, -15]	[-162, -44, 18, 7, -171]	[-47, -162, -80, -112, -106]	[130, -82, -95, 33, 15]	[-106, -24, 11, -48, 153]	[-94, 49, 7, 89, 159]	[-127, -114, -124, -123, -148]	[-159, -133, -123, -131, -111]	[-30, -23, -16, -15, -102]	[65, 118, 112, 176, 29]	[10005, 10002, 9999, 9997, 9999]	[220, 124, 187, 265, 267]
642	36.5	[115, -10, -20, 46, 103]	[-103, -150, -69, 25, -15]	[-156, -44, 18, 7, -171]	[-47, -162, -80, -112, -106]	[130, -82, -95, 33, 15]	[-106, -24, 11, -48, 153]	[-94, 49, 7, 89, 159]	[-127, -114, -124, -123, -148]	[-159, -133, -123, -131, -111]	[-30, -23, -16, -15, -102]	[65, 118, 112, 176, 29]	[10005, 10002, 9999, 9997, 9999]	[220, 124, 187, 265, 267]
643	36.0	[105, 83, -24, 5, 103]	[-149, -152, -81, 23, -3]	[-170, -44, 29, 2, -167]	[-45, -184, -81, -96, -43]	[127, -63, -101, 26, 49]	[-117, -27, 16, -51, 157]	[-118, 48, 8, 99, 160]	[-61, -111, -123, -98, -174]	[-162, -134, -124, -127, -111]	[-63, -51, -9, -31, -58]	[73, 104, 108, 178, 6]	[10005, 10006, 9998, 10002, 9998]	[215, 123, 193, 276, 261]
644	37.5	[105, 83, -24, 5, 103]	[-149, -146, -70, 23, -3]	[-170, -44, 19, 4, -167]	[-52, -185, -75, -96, -43]	[127, -63, -104, 24, 48]	[-118, -28, 17, -51, 157]	[-118, 48, 8, 96, 160]	[-61, -111, -123, -98, -171]	[-162, -133, -134, -127, -111]	[-63, -43, -9, -31, -58]	[73, 104, 108, 178, 6]	[10005, 10006, 9998, 10002, 9998]	[215, 123, 193, 276, 261]
645	37.5	[105, 83, -24, 5, 103]	[-149, -146, -70, 23, -3]	[-170, -44, 19, 4, -167]	[-52, -185, -75, -96, -43]	[127, -63, -104, 24, 48]	[-118, -28, 17, -51, 157]	[-118, 48, 8, 96, 160]	[-61, -111, -123, -98, -171]	[-162, -133, -134, -127, -111]	[-63, -43, -9, -31, -58]	[73, 104, 108, 178, 6]	[10005, 10006, 9998, 10002, 9998]	[215, 123, 193, 276, 261]
646	33.0	[88, 79, -52, 147, 98]	[-150, -152, -72, 20, -140]	[-156, -41, 29, 13, -167]	[-49, -182, -75, -94, -43]	[119, -64, -106, 52, 47]	[-124, -36, 19, -48, 176]	[-66, 46, 10, 91, 231]	[-154, -114, -125, -123, -119]	[-164, -126, -130, -111, -143]	[-27, -18, -24, -13, -119]	[66, 135, 147, 171, 42]	[10002, 9993, 9999, 9992, 10000]	[15, 174, 167, 176, 174]
647	32.5	[105, 83, -24, 5, 103]	[-149, -152, -81, 23, -3]	[-170, -44, 29, 2, -167]	[-45, -184, -81, -96, -43]	[127, -63, -101, 26, 49]	[-117, -27, 16, -51, 157]	[-118, 48, 8, 99, 160]	[-61, -111, -123, -98, -174]	[-162, -134, -124, -127, -111]	[-63, -51, -9, -31, -58]	[73, 104, 108, 178, 6]	[10005, 10006, 9998, 10002, 9998]	[215, 123, 193, 276, 261]
648	39.0	[115, -10, -20, 46, 103]	[-103, -150, -69, 25, -15]	[-156, -44, 18, 7, -171]	[-47, -163, -80, -96, -77]	[130, -82, -95, 33, 15]	[-106, -24, 14, -48, 179]	[-58, 51, 7, 89, 159]	[-127, -114, -126, -125, -138]	[-159, -133, -123, -106, -119]	[-30, -23, -16, -15, -102]	[65, 118, 112, 176, 29]	[10005, 10002, 9999, 9997, 9999]	[220, 124, 187, 265, 267]
649	37.5	[109, -10, -20, 46, 103]	[-103, -146, -65, 20, 186]	[-170, -44, 27, 7, -171]	[-45, -188, -80, -108, -106]	[130, -82, -93, 21, 42]	[-103, -19, 5, -48, 145]	[-123, 52, 7, 88, 159]	[-127, -114, -124, -106, -149]	[-159, -133, -121, -131, -110]	[-26, -29, -15, -24, -102]	[79, 120, 112, 176, 29]	[10005, 10006, 9999, 9997, 9999]	[219, 124, 188, 266, 265]
650	33.5	[113, -10, -24, 5, 103]	[-102, -146, -70, 25, 186]	[-164, -41, 19, 2, -167]	[-46, -175, -80, -96, -92]	[126, -73, -106, 39, 40]	[-113, -29, 11, -49, 172]	[-62, 49, 7, 88, 160]	[-118, -112, -125, -123, -154]	[-164, -128, -134, -91, -137]	[-31, -26, -21, -23, -58]	[68, 107, 124, 172, 38]	[10005, 10006, 9998, 9997, 9998]	[218, 124, 193, 274, 261]
651	42.0	[88, 79, -52, 147, 98]	[-150, -152, -72, 20, -140]	[-156, -41, 29, 13, -167]	[-49, -182, -75, -94, -43]	[119, -64, -106, 52, 47]	[-124, -36, 19, -48, 176]	[-66, 46, 10, 91, 231]	[-154, -114, -125, -123, -119]	[-164, -126, -130, -111, -143]	[-27, -18, -24, -13, -119]	[66, 135, 147, 171, 42]	[10002, 9993, 9999, 9992, 10000]	[15, 174, 167, 176, 174]
652	33.5	[109, -10, -20, 46, 103]	[-103, -146, -65, 20, 186]	[-170, -44, 27, 7, -171]	[-45, -188, -80, -108, -106]	[130, -82, -93, 21, 42]	[-103, -19, 5, -48, 145]	[-123, 52, 7, 88, 159]	[-127, -114, -124, -106, -149]	[-159, -133, -121, -131, -110]	[-26, -29, -15, -24, -102]	[79, 120, 112, 176, 29]	[10005, 10006, 9999, 9997, 9999]	[219, 124, 188, 266, 265]
653	34.5	[109, -10, -20, 46, 103]	[-103, -146, -65, 20, 186]	[-170, -44, 27, 7, -171]	[-45, -188, -80, -108, -106]	[130, -82, -93, 21, 42]	[-103, -19, 5, -48, 145]	[-123, 52, 7, 88, 159]	[-127, -114, -124, -106, -149]	[-159, -133, -121, -131, -110]	[-26, -29, -15, -24, -102]	[79, 120, 112, 176, 29]	[10005, 10006, 9999, 9997, 9999]	[219, 124, 188, 266, 265]
654	36.0	[105, 83, -24, 5, 103]	[-149, -146, -70, 23, -3]	[-170, -44, 19, 4, -167]	[-52, -185, -75, -96, -43]	[127, -63, -104, 24, 48]	[-118, -28, 11, -51, 157]	[-118, 48, 8, 96, 160]	[-61, -111, -123, -98, -171]	[-162, -133, -134, -127, -111]	[-63, -43, -9, -31, -58]	[73, 104, 108, 178, 6]	[10005, 10006, 9998, 10002, 9998]	[215, 123, 193, 276, 261]
655	39.5	[105, 83, -24, 5, 103]	[-149, -152, -81, 23, -3]	[-170, -44, 29, 2, -167]	[-45, -184, -81, -96, -43]	[127, -63, -101, 26, 49]	[-117, -27, 16, -51, 157]	[-118, 48, 8, 99, 160]	[-61, -111, -123, -124, -146]	[-162, -134, -118, -127, -111]	[-63, -51, -9, -31, -58]	[73, 104, 108, 178, 6]	[10005, 10006, 9998, 10002, 10004]	[215, 123, 193, 276, 261]
656	38.0	[105, 83, -24, 5, 103]	[-149, -146, -70, 23, -3]	[-170, -44, 19, 4, -167]	[-52, -185, -75, -96, -43]	[127, -63, -104, 24, 48]	[-118, -28, 11, -51, 157]	[-118, 48, 8, 96, 160]	[-61, -111, -123, -98, -171]	[-162, -133, -134, -127, -111]	[-63, -43, -9, -31, -58]	[73, 104, 108, 178, 6]	[10005, 10006, 9998, 10002, 9998]	[215, 123, 193, 276, 261]
657	41.0	[115, -10, -20, 46, 103]	[-103, -146, -59, 20, 186]	[-170, -50, 27, 7, -171]	[-45, -188, -80, -114, -106]	[130, -82, -93, 21, 42]	[-103, -19, 5, -49, 143]	[-123, 53, 7, 98, 158]	[-67, -108, -124, -106, -149]	[-159, -133, -121, -131, -110]	[2, -23, -10, -12, -48]	[74, 119, 109, 176, 29]	[10005, 10002, 9999, 9997, 9999]	[220, 124, 187, 271, 261]
658	35.5	[109, -10, -20, 46, 103]	[-103, -146, -65, 20, 186]	[-170, -44, 27, 7, -171]	[-45, -188, -80, -108, -106]	[130, -82, -93, 21, 42]	[-103, -19, 5, -48, 145]	[-123, 52, 6, 88, 174]	[-127, -114, -124, -106, -126]	[-159, -123, -104, -125, -136]	[-27, -29, -15, -24, -102]	[82, 123, 118, 176, 29]	[10005, 10006, 9999, 9997, 9999]	[219, 124, 188, 266, 265]
659	33.0	[105, 83, -24, 5, 103]	[-149, -146, -70, 23, -3]	[-170, -44, 19, 4, -167]	[-52, -185, -69, -96, -43]	[127, -63, -104, 24, 48]	[-118, -28, 11, -51, 157]	[-118, 48, 8, 96, 160]	[-61, -111, -123, -98, -171]	[-162, -133, -134, -127, -111]	[-63, -43, -9, -31, -58]	[73, 104, 108, 178, 6]	[10005, 10006, 9998, 10002, 9998]	[215, 123, 193, 276, 261]
660	41.0	[115, -10, -20, 46, 103]	[-116, -150, -74, 35, -15]	[-128, -41, 18, 4, -171]	[-48, -167, -80, -96, -77]	[126, -78, -105, 36, 15]	[-134, -23, 11, -49, 153]	[-94, 52, 6, 89, 159]	[-118, -101, -124, -123, -127]	[-159, -124, -106, -128, -111]	[-27, -20, -27, -26, -102]	[65, 118, 109, 173, 23]	[10005, 10002, 9998, 10002, 9998]	[220, 124, 187, 265, 267]
661	37.5	[109, -10, -20, 46, 103]	[-103, -146, -71, 20, 186]	[-170, -44, 27, 7, -171]	[-45, -188, -80, -108, -106]	[130, -82, -93, 21, 42]	[-103, -19, 5, -48, 145]	[-123, 52, 7, 88, 159]	[-127, -114, -124, -106, -155]	[-159, -133, -121, -131, -110]	[-26, -29, -15, -24, -102]	[79, 120, 112, 176, 29]	[10005, 10006, 9999, 9997, 9999]	[219, 124, 188, 266, 265]
662	39.0	[115, -10, -14, 46, 103]	[-103, -150, -69, 25, -15]	[-162, -44, 18, 7, -171]	[-47, -162, -80, -112, -106]	[130, -82, -93, 33, 15]	[-106, -24, 9, -48, 153]	[-94, 51, 8, 91, 159]	[-127, -113, -123, -124, -130]	[-159, -129, -128, -130, -111]	[-28, -23, -24, -15, -102]	[63, 126, 115, 172, 34]	[10003, 10001, 9999, 9997, 9999]	[220, 124, 187, 265, 267]
663	39.5	[115, -10, -14, 46, 103]	[-103, -150, -69, 25, -15]	[-162, -44, 18, 7, -171]	[-47, -162, -80, -112, -106]	[130, -82, -93, 33, 15]	[-106, -24, 9, -48, 153]	[-94, 51, 8, 91, 159]	[-127, -113, -123, -124, -130]	[-159, -129, -128, -130, -111]	[-28, -23, -24, -15, -102]	[63, 126, 115, 172, 34]	[10003, 10001, 9999, 9997, 9999]	[220, 124, 187, 265, 267]
664	42.5	[105, 83, -24, 5, 103]	[-149, -152, -81, 23, -3]	[-170, -44, 29, 2, -167]	[-45, -184, -81, -96, -43]	[127, -63, -101, 26, 49]	[-117, -27, 16, -51, 157]	[-118, 48, 8, 99, 160]	[-61, -111, -123, -118, -146]	[-162, -134, -118, -127, -111]	[-63, -51, -9, -31, -58]	[73, 104, 108, 178, 6]	[10005, 10006, 9998, 10002, 10004]	[215, 123, 193, 276, 261]
665	38.0	[115, -10, -20, 46, 103]	[-103, -146, -73, 20, 186]	[-170, -44, 27, 6, -171]	[-45, -188, -80, -108, -106]	[130, -82, -93, 21, 42]	[-103, -19, 5, -48, 145]	[-123, 52, 7, 88, 159]	[-127, -114, -124, -106, -155]	[-159, -133, -121, -131, -110]	[-26, -29, -15, -24, -102]	[79, 120, 112, 176, 29]	[10005, 10006, 9999, 9997, 9999]	[213, 124, 188, 266, 265]
666	37.5	[115, -10, -26, 46, 99]	[-116, -150, -74, 35, 8]	[-128, -41, 18, 3, -132]	[-48, -169, -86, -99, -77]	[126, -77, -99, 36, 16]	[-127, -23, 11, -48, 185]	[-94, 53, 7, 89, 175]	[-121, -102, -124, -123, -127]	[-159, -112, -123, -128, -111]	[-30, -23, -15, -26, -102]	[64, 121, 120, 167, 39]	[10002, 9998, 9999, 10002, 9998]	[117, 179, 174, 265, 267]
667	38.0	[109, -10, -20, 46, 103]	[-103, -146, -71, 20, 186]	[-169, -44, 27, 7, -171]	[-45, -188, -80, -109, -106]	[130, -82, -93, 21, 42]	[-103, -19, 5, -48, 153]	[-123, 52, 8, 88, 159]	[-127, -114, -123, -122, -153]	[-159, -133, -127, -130, -111]	[-26, -29, -15, -24, -102]	[79, 120, 112, 176, 29]	[10005, 10006, 9999, 9997, 9999]	[213, 124, 188, 266, 265]
668	36.5	[115, -10, -14, 46, 103]	[-102, -150, -69, 25, -15]	[-143, -44, 18, 7, -171]	[-48, -161, -80, -106, -97]	[130, -82, -93, 33, 15]	[-106, -24, 9, -48, 153]	[-94, 50, 7, 91, 159]	[-127, -114, -125, -124, -149]	[-159, -126, -129, -131, -111]	[-28, -23, -24, -15, -102]	[57, 126, 115, 172, 34]	[10003, 10001, 9999, 9997, 9999]	[220, 124, 187, 265, 267]
669	36.0	[115, -10, -20, 46, 103]	[-103, -146, -73, 20, 186]	[-170, -44, 27, 6, -171]	[-45, -188, -80, -108, -106]	[129, -74, -93, 21, 42]	[-103, -21, 5, -48, 145]	[-123, 52, 13, 88, 159]	[-127, -114, -124, -106, -155]	[-159, -133, -121, -131, -110]	[-26, -29, -15, -24, -102]	[79, 120, 112, 176, 29]	[10005, 10006, 9999, 9997, 9999]	[213, 124, 188, 266, 265]
670	38.0	[115, -10, -20, 46, 103]	[-103, -150, -69, 20, -15]	[-156, -44, 22, 7, -171]	[-45, -185, -86, -100, -79]	[128, -80, -96, 41, 19]	[-114, -24, 11, -48, 179]	[-79, 49, 7, 89, 159]	[-127, -94, -125, -125, -154]	[-159, -133, -123, -105, -119]	[-30, -16, -20, -20, -102]	[96, 118, 112, 176, 29]	[10005, 10002, 9999, 9997, 9999]	[220, 124, 187, 265, 267]
671	39.0	[115, -10, -20, 40, 99]	[-116, -150, -74, 35, 8]	[-128, -41, 18, 3, -132]	[-48, -169, -86, -99, -77]	[125, -74, -101, 36, 16]	[-127, -27, 11, -48, 185]	[-46, 52, 1, 89, 175]	[-121, -102, -124, -123, -127]	[-159, -112, -123, -128, -111]	[-30, -23, -15, -26, -102]	[65, 118, 109, 176, 12]	[10005, 10002, 9998, 10002, 9998]	[220, 124, 187, 265, 267]
672	36.5	[105, 83, -24, 5, 103]	[-149, -152, -81, 23, -3]	[-170, -44, 29, 2, -167]	[-45, -184, -80, -101, -43]	[127, -66, -94, 27, 33]	[-116, -28, 11, -50, 154]	[-106, 50, 8, 99, 160]	[-61, -111, -123, -117, -146]	[-162, -134, -118, -127, -111]	[-63, -51, -19, -19, -73]	[73, 115, 112, 175, 6]	[10003, 10005, 9999, 9998, 10004]	[216, 123, 193, 276, 261]
673	39.0	[109, -10, -20, 46, 103]	[-103, -146, -71, 20, 186]	[-169, -44, 27, 7, -171]	[-45, -188, -80, -109, -106]	[130, -82, -93, 21, 42]	[-103, -19, 5, -48, 153]	[-123, 52, 8, 88, 159]	[-127, -114, -123, -122, -153]	[-159, -133, -127, -130, -111]	[-26, -29, -15, -24, -102]	[79, 120, 112, 176, 29]	[10005, 10006, 9999, 9997, 9999]	[213, 124, 188, 266, 265]
674	40.5	[105, 83, -24, 5, 103]	[-149, -149, -73, 23, -3]	[-170, -44, 19, 10, -167]	[-52, -185, -69, -97, -43]	[127, -63, -104, 27, 48]	[-118, -26, 10, -51, 154]	[-118, 50, 8, 98, 160]	[-79, -111, -123, -98, -171]	[-162, -139, -125, -125, -109]	[-63, -43, -9, -24, -58]	[73, 123, 116, 177, 33]	[10005, 10006, 9998, 10002, 9998]	[215, 123, 193, 276, 261]
675	38.0	[115, -10, -14, 46, 103]	[-102, -150, -69, 25, -15]	[-143, -44, 18, 7, -171]	[-48, -161, -80, -106, -97]	[130, -82, -93, 33, 15]	[-106, -24, 9, -48, 153]	[-94, 50, 7, 91, 159]	[-127, -114, -125, -124, -149]	[-159, -126, -129, -131, -111]	[-28, -23, -24, -15, -102]	[57, 126, 115, 172, 34]	[10003, 10001, 9999, 9997, 9999]	[220, 124, 187, 265, 267]
676	37.0	[115, -10, -26, 46, 99]	[-116, -150, -74, 35, 8]	[-128, -41, 18, 3, -132]	[-48, -169, -86, -99, -77]	[126, -77, -99, 36, 16]	[-127, -23, 11, -48, 185]	[-94, 53, 7, 89, 175]	[-121, -102, -124, -123, -127]	[-159, -112, -123, -128, -111]	[-30, -23, -15, -26, -102]	[64, 121, 120, 167, 39]	[10002, 9998, 9999, 10002, 9998]	[117, 179, 174, 265, 267]
677	39.5	[105, 83, -24, 5, 103]	[-149, -149, -73, 23, -3]	[-170, -44, 19, 10, -167]	[-52, -185, -69, -97, -43]	[127, -63, -104, 27, 48]	[-118, -26, 10, -51, 154]	[-118, 50, 8, 98, 160]	[-79, -111, -123, -98, -171]	[-162, -139, -125, -125, -109]	[-63, -43, -9, -24, -58]	[73, 123, 116, 177, 33]	[10005, 10006, 9998, 10002, 9998]	[215, 123, 193, 276, 261]
678	35.5	[109, -10, -20, 46, 103]	[-103, -146, -71, 20, 186]	[-169, -44, 27, 7, -171]	[-45, -188, -80, -109, -106]	[130, -82, -93, 21, 42]	[-103, -19, 5, -48, 153]	[-123, 52, 8, 88, 159]	[-127, -114, -123, -122, -153]	[-159, -133, -127, -130, -111]	[-26, -29, -15, -24, -102]	[79, 120, 112, 176, 29]	[10005, 10006, 9999, 9997, 9999]	[213, 124, 188, 266, 265]
679	39.0	[109, -10, -20, 46, 103]	[-103, -146, -71, 20, 186]	[-169, -44, 27, 7, -171]	[-45, -188, -80, -109, -106]	[130, -82, -93, 21, 42]	[-103, -19, 5, -48, 153]	[-123, 52, 8, 88, 159]	[-127, -114, -123, -122, -153]	[-159, -133, -127, -130, -111]	[-26, -29, -15, -24, -102]	[79, 120, 112, 176, 29]	[10005, 10006, 9999, 9997, 9999]	[213, 124, 188, 266, 265]
680	42.0	[115, -10, -20, 46, 103]	[-103, -150, -69, 20, -15]	[-156, -44, 22, 7, -171]	[-45, -185, -86, -100, -79]	[128, -80, -96, 41, 19]	[-117, -24, 11, -48, 179]	[-79, 55, 7, 88, 159]	[-127, -112, -124, -125, -147]	[-159, -132, -123, -122, -111]	[-30, -26, -16, -23, -102]	[96, 118, 112, 176, 29]	[10005, 10002, 9999, 9997, 9999]	[220, 124, 187, 265, 267]
681	37.0	[105, 83, -24, 25, 101]	[-144, -150, -80, 34, 0]	[-170, -44, 18, 3, -161]	[-47, -184, -81, -96, -43]	[127, -67, -101, 31, 49]	[-105, -22, 12, -51, 154]	[-111, 52, 9, 99, 160]	[-61, -112, -124, -118, -147]	[-161, -134, -120, -128, -111]	[-55, -50, -9, -23, -97]	[73, 104, 112, 178, 6]	[10005, 10006, 9998, 10002, 10004]	[215, 123, 193, 276, 261]
682	36.0	[115, -10, -20, 46, 103]	[-103, -150, -69, 20, -15]	[-156, -44, 22, 7, -171]	[-45, -185, -86, -100, -79]	[128, -81, -94, 41, 19]	[-114, -19, 11, -48, 179]	[-79, 55, 7, 89, 159]	[-127, -94, -125, -125, -147]	[-159, -132, -123, -105, -119]	[-30, -23, -19, -21, -102]	[96, 118, 112, 176, 29]	[10005, 10002, 9999, 9997, 9999]	[220, 124, 187, 265, 267]
683	33.0	[109, -10, -20, 46, 103]	[-103, -146, -71, 20, 186]	[-169, -44, 27, 7, -171]	[-45, -188, -80, -109, -106]	[130, -82, -93, 21, 42]	[-103, -19, 5, -48, 153]	[-123, 52, 8, 88, 159]	[-127, -114, -123, -122, -153]	[-159, -133, -127, -130, -111]	[-26, -29, -15, -24, -102]	[79, 120, 112, 176, 29]	[10005, 10006, 9999, 9997, 9999]	[213, 124, 188, 266, 265]
684	40.5	[105, 83, -24, 25, 101]	[-144, -150, -80, 34, 0]	[-170, -43, 18, 3, -146]	[-47, -184, -86, -98, -43]	[127, -67, -101, 31, 49]	[-117, -27, 12, -50, 156]	[-111, 51, 8, 99, 160]	[-80, -112, -124, -119, -146]	[-161, -132, -121, -128, -111]	[-55, -44, -9, -23, -96]	[68, 104, 108, 178, 6]	[10005, 10004, 9998, 10002, 10004]	[215, 123, 193, 276, 261]
685	36.5	[115, -10, -20, 46, 103]	[-103, -146, -59, 20, 186]	[-170, -45, 27, 7, -171]	[-47, -187, -80, -114, -106]	[130, -82, -93, 21, 42]	[-103, -19, 5, -49, 143]	[-123, 53, 10, 95, 158]	[-67, -108, -130, -106, -149]	[-159, -133, -121, -131, -110]	[2, -26, -12, -13, -48]	[74, 119, 112, 176, 29]	[10005, 10006, 9999, 9997, 9999]	[219, 124, 188, 271, 261]
686	39.5	[115, -10, -14, 46, 103]	[-102, -150, -69, 25, -15]	[-143, -44, 18, 7, -171]	[-48, -161, -80, -106, -97]	[130, -82, -93, 33, 15]	[-106, -24, 9, -48, 153]	[-94, 50, 7, 97, 159]	[-127, -114, -125, -124, -155]	[-159, -126, -129, -131, -111]	[-28, -23, -24, -15, -102]	[57, 126, 115, 172, 34]	[10003, 10001, 9999, 9997, 9999]	[220, 124, 187, 265, 267]
687	40.0	[115, -10, -20, 46, 103]	[-103, -146, -59, 20, 186]	[-170, -45, 27, 7, -171]	[-47, -187, -80, -114, -106]	[130, -82, -93, 21, 42]	[-103, -19, 5, -49, 143]	[-123, 53, 10, 95, 158]	[-67, -108, -130, -106, -149]	[-159, -133, -121, -131, -110]	[2, -26, -12, -13, -48]	[74, 119, 112, 176, 29]	[10005, 10006, 9999, 9997, 9999]	[219, 124, 188, 271, 261]
688	39.0	[115, -10, -14, 46, 103]	[-102, -156, -69, 25, -15]	[-143, -44, 18, 7, -171]	[-48, -161, -80, -106, -97]	[130, -82, -93, 33, 15]	[-106, -24, 9, -48, 153]	[-94, 50, 7, 97, 159]	[-127, -114, -125, -124, -155]	[-159, -126, -129, -131, -111]	[-28, -23, -24, -15, -102]	[57, 126, 115, 172, 34]	[10003, 10001, 9999, 9997, 9999]	[220, 124, 187, 265, 267]
689	38.0	[115, -10, -20, 46, 103]	[-103, -150, -70, 29, -15]	[-168, -43, 18, 7, -171]	[-45, -185, -86, -99, -79]	[128, -81, -96, 41, 19]	[-121, -21, 11, -48, 179]	[-84, 55, 7, 89, 159]	[-127, -100, -125, -125, -147]	[-159, -132, -123, -119, -116]	[-30, -23, -18, -24, -102]	[96, 118, 106, 173, 29]	[10005, 10000, 9999, 9999, 9998]	[220, 124, 187, 265, 267]
690	34.0	[115, -10, -20, 46, 103]	[-103, -146, -59, 20, 186]	[-170, -45, 27, 7, -171]	[-47, -187, -80, -114, -106]	[130, -82, -93, 21, 42]	[-103, -19, 5, -49, 143]	[-123, 53, 10, 95, 158]	[-67, -108, -130, -106, -149]	[-159, -133, -121, -131, -110]	[2, -26, -12, -13, -48]	[74, 119, 112, 176, 29]	[10005, 10006, 9999, 9997, 9999]	[219, 124, 188, 271, 261]
691	32.0	[115, 16, -22, 18, 103]	[-127, -151, -75, 23, -14]	[-156, -43, 22, 5, -158]	[-47, -183, -86, -100, -79]	[128, -66, -95, 40, 28]	[-117, -19, 11, -48, 176]	[-79, 55, 8, 95, 159]	[-127, -98, -123, -125, -147]	[-162, -134, -123, -114, -125]	[-59, -23, -19, -21, -102]	[96, 118, 112, 176, 8]	[10005, 10002, 9999, 9997, 9999]	[220, 124, 187, 265, 267]
692	35.0	[115, -10, -14, 46, 103]	[-102, -156, -69, 25, -15]	[-143, -44, 18, 7, -171]	[-48, -161, -80, -106, -97]	[130, -82, -93, 33, 15]	[-106, -24, 9, -48, 153]	[-94, 50, 7, 97, 159]	[-127, -114, -125, -124, -155]	[-159, -126, -129, -131, -111]	[-28, -23, -24, -15, -102]	[57, 126, 115, 172, 34]	[10003, 10001, 9999, 9997, 9999]	[220, 124, 187, 265, 267]
693	38.0	[115, -10, -20, 46, 103]	[-103, -150, -69, 20, -15]	[-156, -44, 22, 7, -171]	[-45, -185, -86, -100, -79]	[128, -80, -96, 41, 19]	[-117, -24, 11, -48, 179]	[-79, 55, 7, 88, 159]	[-127, -112, -124, -119, -147]	[-159, -132, -123, -127, -105]	[-48, -26, -16, -23, -102]	[96, 118, 112, 176, 29]	[10005, 10002, 9998, 10002, 10001]	[218, 124, 192, 269, 273]
694	36.5	[105, 83, -24, 25, 101]	[-144, -150, -80, 34, 0]	[-170, -43, 18, 3, -146]	[-47, -184, -86, -98, -43]	[127, -67, -101, 31, 49]	[-117, -27, 12, -56, 162]	[-111, 51, 8, 99, 160]	[-80, -112, -124, -119, -146]	[-161, -132, -121, -128, -111]	[-55, -44, -9, -23, -96]	[68, 104, 108, 178, 6]	[10005, 10004, 9998, 10002, 10004]	[215, 123, 193, 276, 261]
695	39.0	[115, 16, -22, 18, 103]	[-127, -151, -75, 23, -14]	[-156, -43, 22, 5, -158]	[-47, -183, -86, -100, -79]	[128, -66, -95, 40, 28]	[-117, -19, 11, -48, 176]	[-79, 55, 8, 95, 159]	[-127, -98, -123, -125, -147]	[-162, -134, -123, -114, -125]	[-59, -23, -19, -21, -102]	[96, 118, 112, 176, 8]	[10005, 10002, 9999, 9997, 9999]	[220, 124, 187, 265, 267]
696	33.0	[105, 89, -24, 5, 103]	[-149, -152, -81, 21, -7]	[-170, -44, 22, 2, -167]	[-45, -184, -81, -97, -43]	[121, -66, -95, 37, 33]	[-116, -28, 11, -48, 168]	[-106, 50, 8, 95, 160]	[-103, -105, -123, -117, -146]	[-162, -134, -118, -122, -111]	[-63, -30, -19, -19, -84]	[75, 118, 112, 175, 6]	[10003, 10004, 9999, 9997, 10004]	[216, 124, 188, 269, 261]
697	35.5	[115, -10, -20, 46, 103]	[-103, -146, -73, 20, 186]	[-170, -44, 27, 6, -171]	[-39, -188, -80, -108, -106]	[130, -75, -104, 21, 43]	[-103, -19, 7, -48, 151]	[-108, 52, 7, 88, 158]	[-127, -111, -124, -107, -155]	[-159, -132, -120, -129, -110]	[-26, -31, -16, -23, -102]	[76, 110, 114, 177, 29]	[10005, 10006, 9999, 10002, 9999]	[213, 124, 188, 266, 265]
698	38.5	[105, 83, -24, 25, 101]	[-144, -150, -80, 34, 0]	[-170, -43, 18, 3, -146]	[-47, -184, -86, -98, -43]	[127, -67, -101, 31, 49]	[-117, -27, 12, -56, 162]	[-111, 51, 8, 99, 160]	[-80, -112, -124, -119, -146]	[-161, -132, -121, -128, -111]	[-55, -44, -9, -23, -96]	[68, 104, 108, 178, 6]	[10005, 10004, 9998, 10002, 10004]	[215, 123, 193, 276, 261]
699	36.0	[106, 65, -24, 25, 101]	[-144, -149, -80, 22, 27]	[-170, -44, 18, 4, -165]	[-45, -180, -80, -102, -43]	[127, -70, -94, 31, 47]	[-105, -22, 5, -51, 153]	[-111, 52, 9, 93, 160]	[-100, -109, -125, -122, -151]	[-161, -133, -120, -123, -110]	[-55, -25, -9, -24, -102]	[73, 120, 112, 178, 25]	[10005, 10005, 9999, 10000, 10004]	[215, 123, 193, 269, 261]
700	36.0	[105, 83, -24, 25, 101]	[-144, -150, -80, 34, 0]	[-170, -43, 18, 3, -146]	[-47, -184, -86, -98, -43]	[127, -67, -101, 31, 49]	[-117, -27, 12, -56, 162]	[-111, 51, 8, 99, 160]	[-80, -112, -124, -119, -146]	[-161, -132, -121, -153, -111]	[-55, -44, -9, -23, -96]	[68, 104, 108, 178, 6]	[10005, 10004, 9998, 10002, 10004]	[215, 123, 193, 276, 261]
701	36.5	[105, 89, -24, 5, 103]	[-106, -152, -75, 21, -7]	[-170, -43, 24, 7, -167]	[-45, -186, -85, -100, -49]	[121, -63, -95, 36, 33]	[-116, -23, 8, -48, 176]	[-106, 51, 7, 92, 160]	[-116, -105, -125, -125, -146]	[-159, -133, -118, -122, -111]	[-63, -30, -19, -19, -84]	[75, 118, 112, 175, 6]	[10003, 10004, 9999, 9997, 10004]	[216, 124, 188, 269, 286]
702	32.5	[105, 83, -24, 25, 101]	[-144, -150, -80, 34, 0]	[-170, -43, 18, 3, -146]	[-47, -184, -86, -98, -43]	[127, -67, -101, 31, 49]	[-117, -27, 12, -56, 162]	[-111, 51, 8, 99, 160]	[-80, -112, -124, -119, -146]	[-161, -132, -121, -153, -111]	[-55, -44, -9, -23, -96]	[68, 104, 108, 178, 6]	[10005, 10004, 9998, 10002, 10004]	[215, 123, 193, 276, 261]
703	40.0	[106, 65, -24, 25, 101]	[-144, -149, -80, 22, 27]	[-170, -44, 18, 4, -165]	[-70, -182, -80, -102, -43]	[127, -69, -94, 34, 47]	[-105, -23, 5, -51, 153]	[-111, 52, 8, 93, 160]	[-101, -109, -125, -117, -151]	[-161, -133, -119, -123, -110]	[-53, -33, -9, -24, -102]	[75, 120, 112, 178, 25]	[10005, 10005, 9999, 10000, 10004]	[215, 124, 192, 269, 261]
704	37.0	[105, 83, -24, 25, 101]	[-144, -150, -80, 34, 0]	[-170, -43, 18, 3, -146]	[-47, -184, -86, -98, -43]	[127, -67, -101, 31, 49]	[-117, -27, 12, -56, 162]	[-111, 51, 8, 99, 160]	[-80, -112, -124, -119, -146]	[-161, -132, -121, -153, -111]	[-55, -44, -9, -23, -96]	[68, 104, 108, 178, 6]	[10005, 10004, 9998, 10002, 10004]	[215, 123, 193, 276, 261]
705	38.5	[105, 83, -24, 25, 101]	[-144, -150, -80, 34, 0]	[-170, -43, 18, 3, -146]	[-47, -184, -86, -98, -43]	[127, -72, -101, 31, 49]	[-117, -27, 5, -53, 154]	[-110, 50, 9, 90, 160]	[-91, -110, -125, -119, -147]	[-161, -132, -122, -152, -111]	[-55, -44, -9, -23, -96]	[68, 104, 108, 178, 6]	[10005, 10004, 9998, 10002, 10004]	[215, 123, 193, 276, 261]
706	39.0	[115, -10, -20, 46, 97]	[-103, -146, -59, 20, 186]	[-170, -44, 23, 4, -171]	[-47, -187, -80, -111, -74]	[130, -81, -94, 21, 42]	[-103, -19, 5, -49, 143]	[-123, 53, 10, 95, 158]	[-67, -108, -130, -106, -174]	[-159, -133, -121, -131, -110]	[2, -26, -12, -13, -48]	[74, 119, 112, 176, 29]	[10005, 10006, 9999, 9997, 9999]	[219, 124, 188, 271, 261]
707	34.5	[106, 65, -24, 25, 101]	[-144, -149, -80, 22, 27]	[-170, -44, 18, 4, -165]	[-70, -182, -80, -102, -43]	[127, -69, -94, 34, 47]	[-105, -23, 5, -51, 153]	[-111, 52, 8, 93, 160]	[-101, -109, -125, -117, -151]	[-161, -133, -119, -123, -110]	[-53, -33, -9, -24, -102]	[75, 120, 112, 178, 25]	[10005, 10005, 9999, 10000, 10004]	[215, 124, 192, 269, 261]
708	37.5	[115, -10, -20, 46, 103]	[-103, -150, -70, 29, -15]	[-168, -43, 27, 7, -171]	[-45, -186, -84, -109, -54]	[128, -81, -95, 36, 19]	[-110, -19, 6, -48, 179]	[-84, 55, 1, 89, 159]	[-127, -100, -125, -125, -147]	[-159, -132, -123, -119, -116]	[-30, -23, -18, -24, -102]	[96, 118, 106, 173, 29]	[10005, 10000, 9999, 9999, 9998]	[220, 124, 187, 265, 267]
709	36.5	[106, 65, -24, 25, 101]	[-144, -149, -80, 22, 27]	[-170, -44, 20, 4, -170]	[-70, -182, -80, -105, -57]	[127, -69, -94, 28, 42]	[-105, -23, 5, -51, 145]	[-111, 52, 10, 93, 160]	[-101, -108, -125, -117, -151]	[-160, -133, -120, -123, -110]	[-53, -33, -9, -24, -102]	[75, 119, 112, 178, 29]	[10005, 10005, 9999, 10000, 10004]	[215, 124, 192, 269, 261]
710	36.0	[105, 74, -24, 25, 101]	[-144, -149, -80, 34, 0]	[-170, -43, 18, 3, -164]	[-47, -184, -82, -99, -43]	[127, -71, -101, 31, 48]	[-117, -27, 5, -53, 154]	[-110, 50, 9, 90, 160]	[-91, -110, -125, -119, -147]	[-161, -132, -122, -152, -111]	[-55, -44, -9, -23, -96]	[68, 104, 108, 178, 6]	[10005, 10004, 9998, 10002, 10004]	[215, 123, 193, 276, 261]
711	37.0	[105, 74, -24, 25, 101]	[-144, -149, -80, 34, 0]	[-170, -43, 18, 3, -164]	[-47, -184, -82, -99, -43]	[127, -71, -101, 31, 48]	[-117, -27, 5, -53, 154]	[-110, 50, 9, 90, 160]	[-91, -110, -125, -119, -147]	[-161, -132, -122, -152, -111]	[-55, -44, -9, -23, -96]	[68, 104, 108, 178, 6]	[10005, 10004, 9998, 10002, 10004]	[215, 123, 193, 276, 261]
712	37.5	[115, -10, -14, 46, 103]	[-103, -155, -69, 25, -15]	[-149, -44, 23, 7, -171]	[-47, -163, -84, -106, -79]	[130, -81, -93, 35, 15]	[-106, -24, 8, -48, 153]	[-78, 51, 6, 95, 156]	[-127, -114, -125, -125, -147]	[-159, -133, -123, -124, -111]	[-36, -29, -18, -21, -102]	[57, 126, 111, 172, 31]	[10003, 10001, 9999, 9994, 9999]	[218, 124, 188, 266, 267]
713	40.0	[105, 83, -24, 25, 101]	[-144, -150, -80, 34, 0]	[-170, -43, 18, 3, -146]	[-47, -184, -86, -98, -43]	[127, -67, -101, 31, 49]	[-117, -27, 12, -56, 162]	[-111, 51, 8, 99, 160]	[-80, -112, -124, -119, -146]	[-161, -132, -121, -153, -111]	[-55, -50, -9, -23, -96]	[68, 104, 108, 178, 6]	[10005, 10004, 9998, 10002, 10004]	[215, 123, 193, 276, 261]
714	40.5	[105, 83, -24, 25, 101]	[-144, -150, -80, 34, 0]	[-170, -44, 18, 3, -158]	[-47, -184, -82, -98, -43]	[127, -72, -95, 31, 49]	[-117, -27, 5, -53, 154]	[-110, 50, 9, 90, 166]	[-98, -110, -125, -119, -147]	[-161, -132, -122, -152, -110]	[-55, -29, -3, -23, -96]	[68, 116, 108, 178, 25]	[10005, 10004, 9998, 10002, 10004]	[215, 123, 193, 276, 261]
715	40.0	[105, 89, -24, 5, 103]	[-106, -150, -75, 21, -7]	[-170, -43, 24, 7, -167]	[-45, -186, -85, -100, -49]	[121, -63, -95, 36, 33]	[-116, -23, 8, -48, 176]	[-106, 51, 7, 92, 160]	[-116, -105, -125, -125, -146]	[-153, -133, -118, -122, -111]	[-43, -30, -18, -21, -92]	[75, 118, 111, 172, 6]	[10003, 10004, 9999, 9997, 10004]	[216, 124, 188, 269, 286]
716	39.0	[105, 89, -24, 5, 103]	[-106, -150, -75, 21, -7]	[-170, -43, 24, 7, -167]	[-45, -186, -85, -100, -49]	[121, -63, -95, 36, 33]	[-116, -23, 8, -48, 176]	[-106, 51, 7, 92, 160]	[-116, -105, -125, -125, -146]	[-153, -133, -118, -122, -111]	[-43, -30, -18, -21, -92]	[75, 118, 111, 172, 6]	[10003, 10004, 9999, 9997, 10004]	[216, 124, 188, 269, 286]
717	40.0	[115, -10, -14, 46, 103]	[-103, -155, -69, 24, -15]	[-149, -44, 23, 7, -171]	[-47, -163, -84, -106, -79]	[130, -81, -93, 35, 15]	[-106, -24, 8, -48, 153]	[-78, 51, 6, 95, 156]	[-127, -114, -125, -124, -147]	[-159, -132, -123, -124, -111]	[-36, -29, -18, -21, -102]	[57, 126, 111, 172, 31]	[10003, 10001, 9999, 9994, 9999]	[218, 124, 188, 266, 267]
718	38.5	[106, 65, -24, 25, 101]	[-144, -149, -80, 22, 27]	[-170, -44, 20, 4, -170]	[-70, -182, -80, -105, -57]	[127, -69, -94, 28, 42]	[-105, -23, 5, -51, 145]	[-111, 52, 10, 93, 160]	[-101, -108, -125, -117, -151]	[-160, -133, -120, -123, -110]	[-53, -33, -9, -24, -102]	[75, 119, 112, 178, 29]	[10005, 10005, 9999, 10000, 10004]	[215, 124, 192, 269, 261]
719	35.5	[106, 33, -24, 32, 103]	[-114, -149, -77, 22, -8]	[-170, -43, 26, 3, -168]	[-46, -186, -81, -102, -53]	[127, -78, -96, 34, 19]	[-113, -19, 6, -48, 179]	[-84, 55, 1, 89, 159]	[-127, -104, -125, -125, -147]	[-159, -133, -119, -119, -116]	[-30, -23, -18, -21, -102]	[88, 118, 107, 173, 29]	[10005, 10000, 9999, 9999, 10004]	[220, 124, 187, 265, 267]
720	39.0	[115, -10, -14, 46, 97]	[-102, -156, -69, 27, -15]	[-164, -43, 22, 7, -171]	[-48, -161, -83, -108, -97]	[130, -75, -93, 34, 15]	[-106, -20, 9, -48, 153]	[-85, 51, 6, 95, 159]	[-127, -114, -125, -124, -155]	[-159, -132, -123, -131, -111]	[-29, -32, -21, -17, -101]	[57, 126, 107, 172, 33]	[10004, 10000, 9999, 9972, 9999]	[218, 124, 188, 266, 267]
721	36.5	[105, 83, -24, 25, 101]	[-144, -150, -80, 34, 0]	[-164, -44, 18, 3, -158]	[-47, -184, -82, -98, -43]	[127, -72, -95, 31, 49]	[-117, -27, 5, -53, 154]	[-110, 50, 9, 90, 166]	[-92, -110, -125, -119, -147]	[-161, -132, -122, -152, -110]	[-55, -29, -3, -23, -96]	[68, 116, 108, 178, 25]	[10005, 10004, 9998, 10002, 10004]	[215, 123, 193, 276, 261]
722	39.5	[106, 33, -24, 32, 103]	[-114, -149, -77, 22, -8]	[-170, -43, 26, 3, -168]	[-46, -186, -81, -102, -53]	[127, -78, -96, 34, 19]	[-113, -19, 6, -48, 179]	[-84, 55, 1, 89, 159]	[-127, -104, -125, -125, -147]	[-159, -133, -119, -119, -116]	[-30, -23, -18, -21, -102]	[88, 118, 107, 173, 29]	[10005, 10000, 9999, 9999, 10004]	[220, 124, 187, 265, 267]
723	40.0	[115, -10, -20, 46, 103]	[-127, -156, -77, 22, -15]	[-168, -43, 27, 6, -169]	[-45, -186, -81, -102, -53]	[127, -78, -94, 36, 19]	[-110, -19, 6, -48, 179]	[-84, 55, 1, 89, 156]	[-127, -104, -125, -125, -147]	[-159, -133, -119, -121, -116]	[-30, -23, -18, -21, -102]	[88, 118, 107, 173, 29]	[10005, 10000, 9999, 9999, 10004]	[220, 124, 187, 265, 267]
724	36.5	[115, -10, -20, 46, 103]	[-127, -156, -77, 22, -15]	[-168, -43, 27, 6, -169]	[-45, -186, -81, -102, -53]	[127, -78, -94, 36, 19]	[-110, -19, 6, -48, 179]	[-84, 55, 1, 89, 156]	[-127, -104, -125, -125, -147]	[-159, -133, -119, -121, -116]	[-30, -23, -18, -21, -102]	[88, 118, 107, 173, 29]	[10005, 10000, 9999, 9999, 10004]	[220, 124, 187, 265, 267]
725	37.0	[109, 87, -20, 23, 103]	[-114, -160, -77, 21, -7]	[-168, -43, 27, 6, -169]	[-45, -179, -84, -104, -53]	[127, -81, -94, 35, 19]	[-108, -24, 6, -51, 157]	[-102, 51, 7, 90, 159]	[-125, -108, -125, -125, -147]	[-159, -139, -120, -124, -106]	[-24, -35, -18, -21, -102]	[88, 118, 107, 175, 29]	[10005, 10003, 9999, 9999, 10004]	[220, 124, 187, 268, 267]
726	46.5	[106, 33, -24, 32, 103]	[-114, -149, -77, 22, -8]	[-170, -43, 26, 3, -168]	[-46, -186, -81, -102, -53]	[127, -78, -102, 34, 19]	[-113, -19, 6, -48, 179]	[-84, 55, 1, 89, 159]	[-127, -104, -125, -125, -147]	[-159, -133, -119, -119, -116]	[-30, -23, -18, -21, -102]	[88, 118, 107, 173, 29]	[10005, 10000, 9999, 9999, 10004]	[220, 124, 187, 265, 267]
727	41.0	[105, 89, -24, 5, 103]	[-106, -152, -75, 21, -7]	[-170, -43, 24, 7, -173]	[-45, -186, -82, -106, -58]	[121, -63, -94, 36, 28]	[-116, -25, 8, -48, 167]	[-106, 51, 7, 93, 156]	[-118, -109, -125, -125, -146]	[-159, -138, -120, -122, -111]	[-56, -26, -19, -19, -84]	[75, 118, 112, 175, 6]	[10003, 10004, 9999, 9997, 10004]	[216, 124, 188, 269, 286]
728	37.0	[115, -10, -20, 46, 103]	[-127, -156, -77, 22, -15]	[-168, -43, 27, 6, -169]	[-45, -186, -81, -102, -53]	[127, -78, -94, 36, 19]	[-110, -19, 6, -48, 179]	[-84, 55, 1, 89, 157]	[-127, -104, -125, -125, -147]	[-159, -133, -119, -121, -116]	[-30, -23, -18, -21, -102]	[88, 118, 107, 173, 29]	[10005, 10000, 9999, 9999, 10004]	[220, 124, 187, 265, 267]
729	41.0	[115, -10, -20, 46, 103]	[-127, -156, -77, 22, -15]	[-168, -43, 27, 6, -169]	[-45, -186, -81, -102, -53]	[127, -78, -94, 36, 19]	[-110, -19, 6, -48, 179]	[-84, 55, 1, 89, 157]	[-127, -104, -125, -125, -147]	[-159, -133, -119, -119, -116]	[-30, -23, -18, -21, -102]	[88, 118, 107, 173, 29]	[10005, 10000, 9999, 9999, 10004]	[220, 124, 187, 265, 267]
730	36.0	[105, 89, -30, 5, 103]	[-106, -152, -75, 21, -7]	[-170, -43, 24, 7, -173]	[-45, -186, -82, -106, -58]	[121, -63, -94, 36, 28]	[-116, -25, 8, -48, 167]	[-106, 51, 7, 93, 156]	[-118, -109, -125, -125, -146]	[-159, -138, -120, -122, -111]	[-56, -26, -19, -19, -84]	[75, 118, 112, 175, 6]	[10003, 10004, 9999, 9997, 10004]	[216, 124, 188, 269, 286]
731	37.5	[105, 88, -21, 12, 103]	[-113, -156, -75, 21, -7]	[-170, -43, 24, 7, -167]	[-46, -186, -83, -104, -49]	[126, -69, -94, 35, 22]	[-116, -23, 8, -51, 156]	[-106, 51, 7, 92, 160]	[-116, -105, -125, -125, -146]	[-165, -133, -118, -122, -111]	[-43, -30, -18, -21, -92]	[75, 118, 111, 172, 6]	[10003, 10004, 9999, 9997, 10004]	[216, 124, 188, 269, 286]
732	36.5	[106, 33, -24, 32, 103]	[-114, -149, -77, 22, -8]	[-170, -43, 26, 3, -168]	[-52, -186, -81, -102, -53]	[127, -78, -102, 34, 19]	[-113, -24, 6, -48, 179]	[-94, 55, 1, 89, 159]	[-127, -108, -125, -131, -147]	[-159, -133, -121, -152, -112]	[-30, -23, -18, -21, -102]	[88, 108, 108, 174, 12]	[10005, 10000, 9999, 10000, 10004]	[218, 123, 187, 265, 267]
733	36.5	[115, -10, -14, 46, 97]	[-102, -156, -69, 27, -15]	[-164, -43, 22, 7, -171]	[-48, -161, -83, -108, -97]	[130, -75, -93, 34, 15]	[-106, -20, 9, -48, 153]	[-85, 51, 7, 93, 153]	[-127, -111, -125, -124, -161]	[-159, -132, -123, -131, -111]	[-29, -32, -21, -11, -101]	[57, 126, 107, 172, 33]	[10004, 10006, 9999, 9972, 9999]	[218, 124, 188, 266, 267]
734	36.0	[115, -10, -20, 46, 103]	[-127, -156, -77, 22, -15]	[-168, -43, 27, 6, -169]	[-45, -186, -81, -102, -53]	[127, -78, -94, 36, 19]	[-110, -19, 6, -48, 179]	[-84, 55, 1, 89, 157]	[-127, -104, -125, -125, -147]	[-159, -133, -119, -121, -116]	[-37, -23, -18, -21, -102]	[88, 116, 107, 173, 29]	[10005, 10000, 9998, 10000, 10004]	[220, 123, 190, 272, 267]
735	36.5	[105, 83, -24, 25, 101]	[-144, -150, -80, 34, 0]	[-164, -44, 18, 3, -158]	[-47, -186, -84, -99, -43]	[127, -72, -95, 31, 49]	[-110, -23, 5, -50, 179]	[-101, 52, 1, 89, 157]	[-92, -113, -125, -121, -147]	[-161, -132, -122, -152, -110]	[-55, -29, -3, -23, -96]	[68, 116, 108, 178, 25]	[10005, 10004, 9998, 10002, 10004]	[215, 123, 187, 276, 261]
736	39.0	[115, -10, -20, 46, 103]	[-127, -150, -77, 16, -15]	[-168, -43, 27, 6, -169]	[-45, -186, -82, -103, -52]	[128, -81, -93, 35, 21]	[-109, -23, 8, -42, 168]	[-92, 52, 5, 89, 158]	[-127, -104, -125, -125, -147]	[-159, -132, -120, -119, -116]	[-34, -23, -18, -21, -102]	[88, 120, 109, 173, 29]	[10005, 10000, 9999, 9999, 10004]	[220, 124, 187, 265, 267]
737	41.5	[115, -10, -14, 46, 97]	[-102, -156, -69, 27, -15]	[-164, -43, 22, 7, -171]	[-48, -161, -83, -108, -97]	[130, -75, -93, 34, 15]	[-106, -20, 9, -48, 153]	[-85, 51, 7, 93, 153]	[-127, -111, -125, -124, -161]	[-159, -132, -123, -131, -111]	[-29, -32, -21, -11, -101]	[57, 126, 107, 172, 33]	[10004, 10006, 9999, 9972, 9999]	[218, 124, 188, 266, 267]
738	33.5	[115, -10, -20, 46, 103]	[-127, -156, -77, 22, -15]	[-168, -43, 27, 6, -169]	[-45, -186, -81, -102, -53]	[127, -78, -94, 36, 19]	[-110, -19, 6, -48, 179]	[-84, 55, 1, 89, 157]	[-121, -104, -125, -125, -147]	[-159, -133, -119, -119, -116]	[-30, -23, -18, -21, -102]	[88, 118, 107, 173, 29]	[10005, 10000, 9999, 9999, 10010]	[220, 124, 187, 265, 267]
739	35.0	[115, -10, -20, 46, 103]	[-127, -150, -77, 22, -15]	[-168, -43, 27, 6, -169]	[-45, -186, -84, -102, -53]	[127, -78, -93, 35, 19]	[-109, -22, 7, -48, 179]	[-84, 55, 1, 89, 156]	[-127, -113, -125, -125, -147]	[-159, -133, -119, -140, -112]	[-30, -27, -17, -21, -102]	[73, 110, 107, 173, 29]	[10005, 10003, 9999, 10000, 10004]	[220, 123, 193, 265, 267]
740	36.0	[115, -10, -20, 46, 103]	[-127, -156, -77, 22, -15]	[-168, -43, 27, 6, -169]	[-45, -186, -81, -108, -53]	[127, -77, -93, 36, 17]	[-108, -20, 6, -48, 179]	[-84, 55, 1, 89, 157]	[-121, -110, -123, -125, -147]	[-159, -133, -119, -119, -116]	[-30, -23, -18, -21, -102]	[88, 118, 107, 173, 29]	[10005, 10000, 9999, 9999, 10010]	[220, 124, 187, 265, 267]
741	41.5	[105, 83, -24, 25, 101]	[-121, -150, -80, 32, -3]	[-170, -43, 18, 3, -152]	[-47, -184, -86, -99, -51]	[127, -67, -100, 35, 47]	[-117, -27, 6, -56, 161]	[-111, 52, 8, 99, 160]	[-80, -112, -125, -121, -146]	[-160, -133, -121, -153, -111]	[-49, -50, -13, -23, -96]	[68, 110, 108, 182, 11]	[10005, 10000, 9999, 10002, 10004]	[219, 123, 189, 280, 261]
742	41.5	[105, 83, -18, 28, 103]	[-144, -150, -80, 23, -3]	[-170, -43, 20, 4, -150]	[-47, -181, -86, -100, -43]	[127, -71, -94, 35, 28]	[-113, -31, 6, -56, 157]	[-111, 52, 8, 99, 160]	[-80, -113, -124, -120, -146]	[-160, -132, -121, -147, -111]	[-39, -50, -9, -23, -96]	[68, 106, 108, 175, 6]	[10005, 10004, 9999, 10000, 10004]	[215, 123, 193, 276, 261]
743	41.0	[115, -10, -20, 46, 103]	[-127, -156, -77, 18, -15]	[-168, -43, 27, 6, -169]	[-45, -186, -81, -108, -53]	[127, -77, -93, 35, 17]	[-108, -23, 6, -48, 179]	[-84, 55, 1, 89, 157]	[-121, -110, -123, -125, -147]	[-159, -133, -119, -119, -116]	[-30, -23, -18, -21, -102]	[88, 118, 107, 173, 29]	[10005, 10000, 9999, 9999, 10010]	[220, 124, 187, 265, 267]
744	39.0	[115, -10, -20, 46, 103]	[-127, -150, -77, 22, -15]	[-168, -43, 27, 6, -169]	[-45, -186, -84, -102, -53]	[127, -78, -93, 35, 19]	[-109, -22, 7, -48, 173]	[-84, 55, 1, 89, 156]	[-127, -113, -125, -125, -147]	[-159, -133, -119, -140, -112]	[-30, -27, -17, -21, -102]	[73, 110, 107, 173, 29]	[10005, 10003, 9999, 10000, 10004]	[220, 123, 193, 265, 267]
745	37.0	[115, -10, -14, 46, 97]	[-102, -156, -69, 27, -15]	[-164, -43, 22, 7, -171]	[-48, -161, -83, -108, -97]	[130, -75, -93, 34, 15]	[-106, -20, 9, -48, 153]	[-85, 51, 7, 93, 153]	[-127, -111, -125, -124, -161]	[-159, -133, -123, -139, -111]	[-29, -32, -21, -11, -101]	[56, 118, 108, 172, 33]	[10005, 10000, 9999, 9972, 10002]	[218, 124, 188, 266, 267]
746	39.5	[106, 33, -24, 32, 103]	[-114, -149, -77, 22, -8]	[-170, -43, 21, 3, -157]	[-52, -186, -81, -102, -43]	[127, -68, -102, 34, 19]	[-113, -24, 6, -48, 179]	[-94, 55, 1, 89, 159]	[-127, -108, -125, -131, -147]	[-159, -133, -121, -152, -112]	[-30, -23, -18, -21, -96]	[88, 108, 108, 174, 12]	[10005, 10000, 9999, 10000, 10004]	[218, 123, 187, 265, 267]
747	43.5	[115, -10, -20, 46, 103]	[-127, -156, -77, 22, -15]	[-168, -43, 27, 6, -169]	[-45, -186, -81, -102, -53]	[127, -78, -94, 36, 19]	[-110, -19, 6, -48, 179]	[-84, 55, 1, 89, 157]	[-127, -104, -125, -125, -147]	[-159, -133, -119, -121, -116]	[-37, -23, -18, -21, -102]	[88, 116, 107, 173, 29]	[10005, 10000, 9998, 10000, 10004]	[220, 123, 190, 272, 267]
748	34.5	[106, 33, -24, 32, 103]	[-114, -149, -77, 22, -8]	[-170, -43, 21, 3, -157]	[-52, -186, -81, -102, -43]	[127, -68, -102, 34, 19]	[-113, -24, 6, -48, 179]	[-94, 55, 1, 89, 159]	[-127, -108, -125, -131, -147]	[-159, -133, -121, -152, -112]	[-30, -23, -18, -21, -96]	[88, 108, 108, 174, 12]	[10005, 10000, 9999, 10000, 10004]	[218, 123, 187, 265, 267]
749	37.5	[111, 83, -24, 25, 101]	[-121, -150, -80, 32, -3]	[-170, -43, 18, 3, -146]	[-47, -184, -84, -99, -51]	[127, -67, -100, 35, 47]	[-117, -27, 6, -55, 162]	[-111, 52, 8, 105, 160]	[-80, -112, -125, -123, -146]	[-160, -133, -121, -153, -111]	[-38, -37, -13, -23, -96]	[68, 110, 108, 181, 18]	[10005, 10000, 9999, 10002, 10004]	[219, 123, 189, 280, 261]
750	37.0	[115, -10, -14, 46, 97]	[-102, -156, -69, 27, -15]	[-164, -43, 22, 7, -171]	[-48, -161, -83, -108, -97]	[130, -75, -93, 36, 20]	[-106, -20, 9, -48, 160]	[-85, 51, 7, 93, 153]	[-127, -111, -125, -124, -161]	[-159, -132, -121, -144, -111]	[-29, -32, -21, -11, -101]	[57, 126, 107, 166, 33]	[10004, 10006, 9999, 9972, 9999]	[218, 124, 188, 266, 267]
751	39.0	[115, -10, -20, 46, 103]	[-127, -150, -77, 22, -15]	[-168, -43, 21, 6, -169]	[-45, -186, -84, -102, -51]	[127, -76, -98, 35, 19]	[-109, -25, 6, -51, 169]	[-106, 55, 1, 89, 156]	[-127, -112, -125, -125, -146]	[-159, -133, -121, -145, -111]	[-30, -27, -17, -21, -102]	[73, 110, 107, 173, 29]	[10005, 10003, 9999, 10000, 10004]	[220, 123, 193, 265, 267]
752	35.5	[115, -10, -20, 46, 103]	[-127, -156, -77, 18, -15]	[-168, -43, 27, 6, -169]	[-45, -186, -81, -114, -53]	[127, -77, -93, 41, 17]	[-108, -23, 6, -48, 179]	[-84, 55, 1, 89, 157]	[-121, -110, -123, -125, -147]	[-159, -133, -119, -119, -116]	[-30, -23, -18, -21, -102]	[88, 118, 107, 173, 29]	[10005, 10000, 9999, 9999, 10010]	[220, 124, 187, 265, 267]
753	35.5	[106, 33, -24, 32, 103]	[-114, -149, -77, 22, -8]	[-170, -43, 21, 3, -157]	[-52, -186, -81, -102, -43]	[127, -68, -102, 34, 19]	[-113, -24, 6, -48, 179]	[-94, 55, 1, 89, 159]	[-127, -108, -125, -131, -147]	[-159, -133, -121, -152, -112]	[-30, -23, -18, -21, -96]	[88, 108, 108, 174, 12]	[10005, 10000, 9999, 10000, 10004]	[218, 123, 187, 265, 267]
754	42.5	[108, 74, -21, 42, 103]	[-126, -150, -77, 22, -15]	[-168, -43, 26, 5, -155]	[-45, -184, -85, -100, -51]	[127, -78, -95, 35, 38]	[-109, -25, 6, -48, 173]	[-92, 52, 7, 89, 156]	[-121, -111, -122, -122, -147]	[-159, -133, -121, -150, -112]	[-31, -27, -17, -21, -101]	[73, 110, 107, 173, 29]	[10005, 10003, 9999, 10000, 10004]	[220, 123, 193, 265, 267]
755	38.5	[106, 33, -24, 32, 103]	[-114, -149, -77, 22, -8]	[-170, -43, 21, 3, -157]	[-52, -186, -81, -102, -43]	[127, -68, -102, 34, 19]	[-113, -24, 6, -48, 179]	[-94, 55, 1, 89, 159]	[-127, -108, -125, -131, -147]	[-159, -133, -121, -152, -112]	[-30, -23, -18, -21, -96]	[88, 108, 108, 174, 12]	[10005, 10000, 9999, 10000, 10004]	[218, 123, 187, 265, 267]
756	40.0	[106, 33, -24, 32, 103]	[-114, -149, -77, 22, -8]	[-170, -43, 21, 3, -157]	[-52, -186, -81, -102, -43]	[127, -68, -102, 34, 19]	[-113, -24, 6, -48, 179]	[-94, 55, 1, 89, 159]	[-127, -108, -125, -131, -147]	[-159, -133, -121, -152, -112]	[-30, -23, -18, -21, -96]	[88, 108, 108, 174, 12]	[10005, 10000, 9999, 10000, 10004]	[218, 123, 187, 265, 267]
757	38.5	[115, -10, -20, 46, 103]	[-127, -150, -77, 22, -15]	[-168, -43, 21, 6, -169]	[-45, -186, -84, -102, -51]	[127, -76, -98, 35, 19]	[-109, -25, 6, -51, 169]	[-106, 55, 1, 89, 156]	[-127, -112, -125, -125, -146]	[-159, -133, -121, -145, -111]	[-30, -27, -17, -21, -96]	[73, 110, 107, 173, 29]	[10005, 10003, 9999, 10000, 10004]	[220, 123, 193, 266, 267]
758	35.0	[106, 33, -24, 32, 103]	[-114, -149, -77, 22, -8]	[-170, -43, 21, 3, -157]	[-52, -186, -81, -102, -43]	[127, -68, -102, 34, 19]	[-113, -24, 6, -48, 179]	[-94, 55, 1, 89, 159]	[-127, -108, -125, -131, -147]	[-159, -133, -121, -152, -112]	[-30, -23, -18, -21, -96]	[88, 108, 108, 174, 12]	[10005, 10000, 9999, 10000, 10004]	[218, 123, 187, 265, 267]
759	39.5	[115, -10, -14, 46, 97]	[-102, -156, -69, 27, -15]	[-164, -43, 22, 7, -171]	[-48, -161, -83, -108, -97]	[130, -75, -93, 36, 20]	[-106, -20, 9, -48, 160]	[-85, 51, 7, 93, 153]	[-127, -111, -125, -124, -161]	[-159, -132, -121, -144, -111]	[-29, -32, -21, -11, -101]	[57, 126, 107, 166, 33]	[10004, 10006, 9999, 9972, 9999]	[218, 124, 188, 266, 267]
760	34.0	[115, -10, -20, 46, 103]	[-127, -150, -77, 22, -15]	[-167, -43, 22, 6, -169]	[-46, -164, -81, -106, -51]	[127, -75, -97, 35, 20]	[-108, -25, 6, -51, 159]	[-106, 52, 2, 90, 156]	[-125, -109, -125, -123, -152]	[-159, -133, -121, -145, -111]	[-31, -23, -18, -15, -102]	[73, 110, 107, 173, 29]	[10005, 10003, 9999, 10000, 10004]	[220, 123, 193, 265, 267]
761	37.0	[115, -10, -20, 46, 103]	[-127, -150, -77, 22, -15]	[-167, -43, 22, 6, -169]	[-46, -164, -81, -106, -51]	[127, -75, -97, 35, 20]	[-113, -25, 6, -51, 159]	[-106, 52, 4, 95, 160]	[-125, -109, -125, -123, -152]	[-159, -133, -121, -145, -111]	[-31, -23, -18, -15, -102]	[73, 110, 107, 173, 29]	[10005, 10003, 9999, 10000, 10004]	[220, 123, 193, 265, 267]
762	34.5	[115, -10, -20, 46, 103]	[-127, -150, -77, 22, -15]	[-167, -43, 22, 6, -169]	[-46, -164, -81, -106, -51]	[127, -75, -97, 35, 20]	[-108, -25, 6, -51, 159]	[-106, 52, 2, 90, 156]	[-125, -109, -125, -123, -152]	[-159, -133, -121, -145, -111]	[-31, -23, -18, -15, -102]	[73, 110, 107, 173, 29]	[10005, 10003, 9999, 10000, 10004]	[220, 123, 193, 265, 267]
763	36.0	[111, 83, -24, 25, 101]	[-121, -150, -80, 32, -3]	[-170, -43, 18, 3, -146]	[-47, -184, -84, -99, -45]	[127, -69, -97, 35, 22]	[-113, -24, 8, -53, 162]	[-111, 58, 5, 94, 160]	[-80, -112, -125, -124, -153]	[-160, -133, -121, -153, -111]	[-38, -37, -13, -23, -96]	[68, 110, 108, 181, 18]	[10005, 10000, 9999, 10002, 10004]	[219, 123, 189, 280, 261]
764	36.0	[115, -10, -20, 46, 103]	[-127, -156, -77, 22, -15]	[-168, -43, 27, 6, -169]	[-45, -186, -81, -102, -53]	[127, -78, -94, 36, 19]	[-110, -22, 6, -48, 179]	[-84, 55, 1, 89, 156]	[-123, -108, -125, -123, -147]	[-159, -133, -121, -131, -112]	[-32, -32, -18, -8, -102]	[68, 117, 108, 173, 32]	[10005, 10000, 9998, 10000, 10004]	[220, 123, 190, 272, 267]
765	39.0	[115, -10, -20, 46, 103]	[-127, -150, -77, 22, -15]	[-167, -43, 22, 6, -169]	[-46, -164, -81, -106, -51]	[127, -75, -97, 35, 20]	[-108, -25, 6, -51, 159]	[-106, 52, 2, 90, 156]	[-125, -109, -125, -123, -152]	[-159, -133, -121, -145, -111]	[-31, -23, -18, -15, -102]	[73, 110, 107, 173, 29]	[10005, 10003, 9999, 10000, 10004]	[220, 123, 193, 265, 267]
766	33.5	[115, -10, -20, 46, 97]	[-127, -156, -77, 18, -15]	[-168, -43, 27, 6, -169]	[-45, -186, -81, -114, -53]	[127, -77, -93, 41, 17]	[-108, -21, 6, -48, 179]	[-106, 55, -5, 89, 157]	[-123, -111, -124, -124, -147]	[-159, -133, -121, -132, -112]	[-30, -23, -18, -21, -102]	[88, 118, 108, 174, 35]	[10005, 10000, 9999, 10000, 10010]	[220, 124, 187, 265, 267]
767	39.5	[115, -10, -20, 46, 103]	[-127, -150, -77, 16, -15]	[-168, -43, 26, 5, -161]	[-45, -186, -85, -100, -52]	[128, -81, -94, 36, 15]	[-109, -25, 10, -48, 158]	[-98, 52, 3, 90, 156]	[-122, -112, -125, -123, -147]	[-159, -132, -120, -119, -110]	[-31, -17, -18, -21, -102]	[88, 119, 108, 173, 29]	[10005, 10000, 9999, 9999, 10005]	[220, 124, 187, 265, 267]
768	34.5	[106, 33, -24, 32, 103]	[-114, -149, -77, 22, -8]	[-170, -43, 21, 3, -157]	[-52, -186, -81, -102, -43]	[127, -68, -102, 34, 19]	[-113, -24, 6, -48, 179]	[-105, 55, 1, 89, 159]	[-127, -108, -125, -130, -147]	[-159, -133, -121, -141, -112]	[-30, -23, -18, -21, -96]	[88, 108, 107, 174, 12]	[10005, 10000, 9999, 10000, 10004]	[218, 123, 187, 265, 267]
769	36.5	[115, -10, -20, 46, 103]	[-127, -150, -77, 22, -15]	[-167, -43, 22, 6, -169]	[-46, -164, -81, -106, -51]	[127, -75, -97, 35, 20]	[-113, -25, 6, -51, 159]	[-106, 52, 4, 95, 160]	[-125, -109, -125, -123, -152]	[-159, -133, -121, -145, -111]	[-31, -23, -18, -15, -102]	[73, 110, 107, 173, 29]	[10005, 10003, 9999, 10000, 10004]	[220, 123, 193, 265, 267]
770	38.5	[115, -10, -20, 46, 103]	[-127, -156, -77, 22, -15]	[-168, -43, 27, 6, -169]	[-45, -186, -81, -102, -53]	[127, -78, -94, 36, 19]	[-110, -22, 6, -48, 179]	[-84, 55, 1, 89, 156]	[-123, -108, -125, -129, -147]	[-159, -133, -121, -131, -112]	[-32, -32, -18, -8, -102]	[68, 117, 108, 173, 32]	[10005, 10000, 9998, 10000, 10004]	[220, 123, 190, 272, 267]
771	37.5	[115, -10, -20, 46, 103]	[-127, -150, -77, 22, -15]	[-167, -43, 22, 6, -169]	[-46, -164, -81, -106, -51]	[127, -75, -97, 35, 20]	[-108, -25, 6, -51, 159]	[-106, 52, 2, 90, 156]	[-125, -109, -125, -123, -152]	[-159, -133, -121, -145, -111]	[-31, -23, -18, -15, -102]	[73, 110, 107, 173, 29]	[10005, 10003, 9999, 10000, 10004]	[220, 123, 193, 265, 267]
772	40.0	[115, -10, -20, 46, 97]	[-127, -156, -77, 18, -15]	[-168, -43, 27, 6, -169]	[-51, -186, -81, -114, -53]	[127, -77, -93, 41, 17]	[-108, -21, 6, -48, 179]	[-106, 55, -5, 89, 157]	[-123, -111, -124, -124, -147]	[-159, -133, -121, -132, -112]	[-30, -23, -18, -21, -102]	[88, 118, 108, 174, 35]	[10005, 10000, 9999, 10000, 10010]	[220, 124, 187, 265, 267]
773	39.0	[115, -10, -20, 46, 97]	[-127, -156, -77, 18, -15]	[-168, -43, 27, 6, -169]	[-51, -186, -81, -114, -53]	[127, -77, -93, 41, 17]	[-108, -21, 6, -48, 179]	[-106, 55, -5, 89, 157]	[-123, -111, -124, -124, -147]	[-159, -133, -121, -132, -112]	[-30, -23, -18, -21, -102]	[88, 118, 108, 174, 35]	[10005, 10000, 9999, 10000, 10010]	[220, 124, 187, 265, 267]
774	35.5	[115, -10, -20, 46, 103]	[-127, -150, -77, 16, -15]	[-168, -43, 26, 5, -161]	[-45, -186, -81, -100, -52]	[128, -81, -94, 36, 15]	[-113, -22, 10, -49, 158]	[-105, 52, -3, 89, 156]	[-125, -105, -125, -123, -147]	[-159, -133, -120, -135, -110]	[-30, -25, -17, -21, -102]	[78, 113, 108, 173, 29]	[10005, 10000, 9999, 9995, 10004]	[220, 124, 187, 265, 267]
775	42.0	[115, -10, -20, 46, 97]	[-127, -156, -77, 18, -15]	[-168, -43, 27, 6, -169]	[-51, -186, -81, -114, -53]	[127, -77, -93, 41, 17]	[-108, -21, 6, -48, 179]	[-106, 55, -5, 89, 157]	[-123, -111, -124, -124, -147]	[-159, -133, -121, -132, -112]	[-30, -23, -18, -21, -102]	[88, 118, 108, 174, 35]	[10005, 10000, 9999, 10000, 10010]	[220, 124, 187, 265, 267]
776	41.0	[111, 83, -24, 25, 101]	[-121, -150, -80, 32, -3]	[-170, -43, 18, 3, -146]	[-47, -184, -84, -99, -45]	[127, -69, -99, 34, 22]	[-113, -24, 8, -49, 162]	[-111, 56, 2, 91, 160]	[-118, -108, -125, -130, -153]	[-160, -133, -121, -136, -112]	[-37, -25, -13, -23, -97]	[70, 115, 107, 176, 33]	[10005, 10000, 9993, 9999, 10004]	[220, 123, 189, 280, 261]
777	40.5	[106, 33, -24, 32, 103]	[-114, -149, -77, 22, -8]	[-170, -43, 20, 3, -157]	[-52, -186, -81, -99, -43]	[127, -69, -102, 34, 19]	[-113, -24, 6, -48, 179]	[-105, 55, 1, 89, 159]	[-127, -108, -125, -130, -147]	[-159, -133, -121, -141, -112]	[-30, -21, -18, -21, -96]	[88, 109, 107, 174, 12]	[10005, 10000, 9999, 10000, 10004]	[218, 123, 187, 265, 267]
778	45.0	[111, 83, -24, 25, 101]	[-121, -150, -80, 32, -3]	[-170, -43, 21, 5, -146]	[-46, -164, -81, -102, -49]	[127, -69, -97, 35, 20]	[-109, -22, 8, -52, 162]	[-106, 56, 3, 90, 160]	[-87, -111, -125, -124, -152]	[-166, -133, -121, -150, -111]	[-38, -32, -14, -15, -96]	[68, 110, 107, 180, 22]	[9999, 10000, 9999, 10002, 10004]	[219, 123, 189, 280, 261]
779	39.5	[115, -10, -20, 46, 103]	[-127, -150, -77, 16, -15]	[-168, -43, 26, 6, -166]	[-45, -186, -85, -99, -52]	[128, -78, -94, 36, 18]	[-108, -16, 10, -49, 158]	[-105, 52, -4, 89, 156]	[-122, -105, -125, -123, -147]	[-159, -132, -120, -135, -110]	[-30, -25, -17, -21, -102]	[88, 113, 108, 173, 29]	[10005, 10000, 9999, 9999, 10005]	[220, 124, 187, 265, 267]
780	41.0	[115, -10, -20, 46, 103]	[-127, -150, -77, 16, -15]	[-168, -43, 26, 6, -166]	[-45, -186, -85, -99, -52]	[128, -78, -94, 36, 18]	[-108, -16, 10, -49, 158]	[-105, 52, -4, 89, 156]	[-122, -105, -125, -123, -147]	[-159, -132, -120, -135, -110]	[-30, -25, -17, -21, -102]	[88, 113, 108, 173, 29]	[10005, 10000, 9999, 9999, 10005]	[220, 124, 187, 265, 267]
781	38.5	[115, -10, -20, 46, 103]	[-127, -150, -77, 16, -15]	[-168, -43, 26, 5, -161]	[-45, -186, -81, -100, -52]	[128, -81, -100, 36, 15]	[-113, -22, 16, -49, 158]	[-105, 52, -3, 89, 156]	[-125, -105, -125, -123, -147]	[-159, -133, -120, -135, -110]	[-30, -32, -19, -11, -102]	[78, 113, 108, 173, 29]	[10005, 10000, 9999, 9995, 10004]	[220, 124, 187, 265, 267]
782	41.0	[106, 33, -24, 32, 103]	[-114, -149, -77, 22, -8]	[-164, -43, 20, 3, -157]	[-52, -186, -81, -99, -43]	[127, -69, -102, 34, 19]	[-113, -24, 6, -48, 179]	[-105, 55, 1, 89, 159]	[-127, -108, -125, -130, -147]	[-159, -133, -121, -141, -112]	[-30, -21, -18, -21, -96]	[88, 109, 107, 174, 12]	[10005, 10000, 9999, 10000, 10004]	[218, 123, 187, 265, 267]
783	44.0	[115, -10, -20, 46, 103]	[-127, -150, -77, 16, -15]	[-168, -43, 26, 5, -161]	[-45, -186, -81, -100, -52]	[128, -81, -100, 36, 15]	[-113, -22, 16, -49, 158]	[-105, 52, -3, 89, 156]	[-125, -105, -125, -123, -147]	[-159, -133, -120, -135, -110]	[-30, -32, -19, -11, -102]	[78, 113, 108, 173, 29]	[10005, 10000, 9999, 9995, 10004]	[220, 124, 187, 265, 267]
784	40.5	[106, 33, -24, 32, 103]	[-114, -149, -77, 22, -8]	[-168, -43, 26, 4, -161]	[-52, -186, -81, -102, -43]	[128, -77, -97, 35, 19]	[-119, -24, 11, -48, 179]	[-105, 55, 1, 89, 157]	[-122, -107, -125, -129, -147]	[-159, -133, -120, -135, -111]	[-31, -25, -17, -20, -102]	[88, 112, 107, 174, 28]	[10005, 10000, 9999, 10000, 10004]	[218, 130, 187, 265, 267]
785	33.5	[111, 83, -24, 25, 101]	[-121, -150, -80, 32, -3]	[-170, -43, 18, 3, -146]	[-47, -184, -84, -99, -45]	[127, -69, -99, 34, 22]	[-113, -24, 8, -49, 162]	[-111, 56, 2, 91, 160]	[-118, -108, -125, -130, -153]	[-160, -133, -121, -136, -112]	[-37, -25, -13, -23, -97]	[70, 115, 107, 176, 33]	[10005, 10000, 9993, 9999, 10004]	[220, 123, 189, 280, 261]
786	39.5	[110, 16, -20, 46, 103]	[-122, -150, -77, 20, -15]	[-167, -43, 22, 4, -169]	[-46, -164, -81, -102, -51]	[127, -68, -100, 35, 20]	[-111, -24, 10, -51, 174]	[-106, 52, 3, 89, 160]	[-120, -109, -125, -124, -151]	[-159, -132, -121, -127, -111]	[-31, -25, -17, -20, -102]	[70, 114, 108, 173, 29]	[10005, 10000, 9999, 10000, 10004]	[220, 124, 192, 270, 264]
787	39.0	[110, 16, -20, 46, 103]	[-127, -152, -77, 20, -15]	[-167, -43, 22, 4, -169]	[-46, -164, -81, -103, -51]	[127, -68, -101, 35, 20]	[-111, -25, 8, -51, 174]	[-106, 52, 4, 94, 160]	[-120, -109, -125, -124, -152]	[-159, -133, -121, -127, -111]	[-31, -23, -17, -20, -102]	[88, 113, 108, 173, 29]	[10005, 10003, 9999, 10000, 10004]	[220, 124, 193, 279, 264]
788	40.5	[106, 33, -24, 32, 103]	[-114, -149, -77, 22, -8]	[-170, -43, 21, 3, -157]	[-52, -186, -81, -102, -43]	[127, -72, -98, 36, 15]	[-113, -23, 16, -49, 170]	[-105, 53, 0, 89, 159]	[-122, -108, -125, -123, -147]	[-159, -133, -121, -139, -111]	[-30, -24, -18, -14, -102]	[81, 112, 107, 174, 28]	[10005, 10000, 9999, 9995, 10004]	[218, 130, 187, 265, 267]
789	37.5	[106, 33, -24, 32, 103]	[-114, -149, -77, 22, -8]	[-168, -43, 26, 4, -161]	[-52, -186, -82, -102, -43]	[128, -77, -99, 35, 19]	[-119, -23, 11, -49, 167]	[-106, 55, 0, 89, 156]	[-122, -107, -119, -129, -149]	[-159, -133, -120, -135, -111]	[-31, -25, -17, -20, -102]	[85, 113, 108, 174, 28]	[10005, 10000, 9999, 9999, 10004]	[218, 130, 187, 265, 267]
790	37.0	[110, 16, -20, 46, 103]	[-122, -150, -77, 20, -15]	[-167, -43, 22, 4, -169]	[-46, -164, -81, -102, -51]	[127, -68, -100, 35, 20]	[-111, -24, 10, -51, 174]	[-106, 52, 3, 89, 160]	[-120, -109, -125, -124, -151]	[-159, -132, -121, -127, -111]	[-31, -25, -17, -20, -102]	[70, 114, 108, 173, 29]	[10005, 10000, 9999, 10000, 10004]	[220, 124, 192, 270, 264]
791	37.5	[115, -10, -20, 46, 103]	[-127, -150, -80, 18, -9]	[-169, -43, 26, 5, -161]	[-45, -186, -84, -101, -49]	[128, -77, -99, 35, 15]	[-114, -22, 11, -48, 158]	[-106, 55, -2, 90, 156]	[-125, -105, -125, -129, -150]	[-159, -133, -121, -135, -110]	[-31, -30, -17, -20, -97]	[74, 114, 108, 174, 30]	[10005, 10000, 9999, 10000, 10004]	[220, 124, 189, 266, 266]
792	36.0	[106, 33, -24, 32, 103]	[-114, -149, -77, 22, -8]	[-164, -43, 20, 3, -157]	[-52, -186, -81, -99, -43]	[127, -69, -102, 34, 19]	[-113, -24, 6, -48, 179]	[-111, 55, 1, 89, 159]	[-127, -108, -125, -130, -147]	[-165, -133, -121, -141, -112]	[-30, -21, -18, -21, -96]	[88, 109, 107, 174, 12]	[10005, 10000, 9999, 10000, 10004]	[218, 123, 187, 265, 267]
793	40.5	[106, 33, -24, 32, 103]	[-114, -149, -77, 22, -8]	[-168, -43, 26, 4, -161]	[-52, -186, -82, -102, -43]	[128, -77, -99, 35, 19]	[-119, -23, 11, -49, 167]	[-106, 55, 0, 89, 156]	[-122, -107, -119, -129, -149]	[-159, -133, -120, -135, -111]	[-31, -25, -17, -20, -102]	[85, 113, 108, 174, 28]	[10005, 10000, 9999, 9999, 10004]	[218, 130, 187, 265, 267]
794	41.0	[115, -10, -20, 46, 103]	[-127, -152, -77, 16, -15]	[-168, -43, 22, 6, -163]	[-43, -164, -81, -105, -52]	[128, -74, -97, 36, 15]	[-108, -22, 10, -54, 158]	[-105, 52, -4, 89, 156]	[-122, -105, -125, -124, -147]	[-159, -132, -120, -135, -110]	[-30, -25, -17, -21, -102]	[88, 113, 108, 173, 29]	[10005, 9994, 9999, 9999, 10005]	[220, 124, 187, 265, 267]
795	41.5	[111, 83, -24, 25, 101]	[-121, -150, -80, 32, -3]	[-168, -43, 21, 3, -146]	[-47, -184, -84, -100, -52]	[128, -69, -99, 34, 22]	[-113, -24, 8, -49, 162]	[-111, 56, 2, 91, 160]	[-118, -108, -125, -130, -153]	[-160, -133, -121, -136, -112]	[-37, -25, -13, -23, -97]	[70, 115, 113, 176, 33]	[10005, 10000, 9993, 9999, 10004]	[220, 123, 189, 280, 261]
796	45.0	[106, 33, -24, 32, 103]	[-114, -149, -77, 22, -8]	[-164, -43, 20, 3, -157]	[-52, -186, -81, -99, -43]	[127, -69, -102, 34, 19]	[-113, -24, 6, -48, 179]	[-111, 55, 1, 89, 159]	[-127, -108, -125, -130, -147]	[-165, -133, -121, -141, -112]	[-30, -21, -18, -21, -96]	[88, 109, 107, 174, 12]	[10005, 10000, 9999, 10000, 10004]	[218, 123, 187, 265, 267]
797	38.0	[110, 16, -20, 46, 103]	[-127, -152, -77, 20, -15]	[-167, -43, 22, 4, -169]	[-46, -164, -81, -103, -51]	[127, -68, -101, 35, 20]	[-111, -25, 8, -51, 174]	[-106, 52, 4, 94, 154]	[-120, -109, -125, -124, -152]	[-159, -133, -121, -127, -111]	[-31, -23, -17, -20, -102]	[88, 113, 108, 173, 29]	[10005, 10003, 9999, 10000, 10004]	[220, 124, 193, 279, 264]
798	39.0	[115, 16, -20, 46, 103]	[-127, -152, -77, 16, -15]	[-168, -43, 22, 0, -162]	[-39, -164, -81, -105, -51]	[128, -72, -97, 36, 15]	[-108, -22, 10, -55, 159]	[-105, 52, -4, 89, 156]	[-122, -105, -125, -123, -148]	[-159, -132, -120, -135, -110]	[-30, -30, -18, -21, -102]	[87, 115, 107, 173, 29]	[10005, 9994, 9999, 9999, 10005]	[220, 124, 187, 265, 267]
799	40.0	[106, 33, -24, 32, 103]	[-114, -149, -77, 22, -8]	[-164, -43, 20, 3, -157]	[-52, -186, -81, -99, -43]	[127, -69, -102, 34, 19]	[-113, -24, 6, -48, 179]	[-111, 55, 1, 89, 159]	[-127, -108, -125, -130, -147]	[-165, -133, -121, -141, -106]	[-30, -21, -18, -21, -96]	[88, 109, 107, 174, 12]	[10005, 10000, 9999, 10000, 10004]	[218, 123, 187, 265, 267]
