generation	fitness	corner	c	a1	a2	b1	b2	b3	x	o1	o2	wp	ww	we
0	2.0	[-94, 194, 28, 173, 77]	[-28, 136, -64, 182, -32]	[276, 147, 40, 220, 137]	[44, -205, 85, 144, 135]	[-139, 298, -66, -170, 129]	[-12, -48, -248, 7, 22]	[280, 272, 160, -173, 99]	[-70, 73, -106, -129, 97]	[-102, 247, -121, 33, -99]	[-267, -18, -189, 65, 251]	[182, 294, 130, 280, -34]	[10000, 10000, 10000, 10000, 10000]	[-160, -44, 276, -283, -214]
1	2.5	[43, -17, -293, -144, -106]	[-171, -34, -228, 259, -204]	[-174, -233, 96, 85, -214]	[-163, 85, -295, 64, -130]	[161, 84, -121, -25, 222]	[-194, -12, 94, 71, 289]	[-90, 268, 16, 32, 299]	[-225, -95, -46, -181, -16]	[-271, 69, -75, -131, -136]	[-98, -113, 112, 231, 66]	[4, 81, -26, 29, -44]	[10000, 10000, 10000, 10000, 10000]	[150, -252, 134, 161, 271]
2	2.0	[235, -173, -96, 176, 35]	[277, -104, -64, -115, 73]	[-209, 226, 155, 209, -65]	[-83, 260, -179, -204, -129]	[1, 61, -216, -228, 238]	[-108, 77, 118, 191, 128]	[-289, -110, 78, 175, -43]	[-270, -87, -146, 241, 44]	[-179, -58, 253, -276, 174]	[-175, -220, 149, -216, -240]	[-213, 217, -173, 24, -173]	[10000, 10000, 10000, 10000, 10000]	[-101, 38, -220, -67, 75]
3	3.0	[88, 223, 246, -239, -231]	[202, -105, -4, -28, 169]	[124, 39, 250, -267, 279]	[-130, 18, 23, -95, -197]	[30, 131, -141, -54, -91]	[-98, 13, -266, 6, 162]	[70, -266, 92, 148, 50]	[78, 286, -2, 6, 154]	[-86, -103, -140, -193, 252]	[209, 81, 151, -68, -121]	[-27, 59, 65, -32, -135]	[10000, 10000, 10000, 10000, 10000]	[-231, 102, -197, -29, 46]
4	3.0	[-94, 194, 28, 173, 77]	[-28, 136, -64, 182, -32]	[276, 147, 40, 220, 137]	[44, -205, 85, 144, 135]	[-139, 298, -66, -170, 129]	[-12, -48, -248, 7, 22]	[280, 272, 160, -173, 99]	[-70, 73, -106, -129, 97]	[-102, 247, -121, 33, -99]	[-267, -18, -195, 65, 251]	[182, 294, 130, 280, -34]	[10000, 10000, 10000, 10000, 10000]	[-160, -44, 276, -283, -214]
5	2.0	[127, -285, -150, 171, 175]	[246, -4, 151, -255, 125]	[90, -149, 108, -35, 47]	[169, 141, 130, 267, 127]	[213, 167, 265, -77, -189]	[7, -167, 257, -276, -154]	[270, -23, 41, 295, -23]	[-85, -110, -19, -139, 290]	[-69, 66, 120, -116, -189]	[-63, -187, -10, 267, 38]	[59, -211, -186, 178, -180]	[10000, 10000, 10000, 10000, 10000]	[35, 50, 253, -240, 219]
6	2.0	[-85, -127, -224, -5, 293]	[22, -34, 66, 85, -64]	[257, 222, -17, -202, 221]	[6, -209, -160, -277, 62]	[-271, -185, -35, -103, 96]	[64, 263, -16, -277, -97]	[277, -143, 38, 249, -173]	[-110, 173, 47, -82, 119]	[-234, 82, -54, -173, -77]	[225, -148, 47, -15, 221]	[47, -103, -19, 299, -67]	[10000, 10000, 10000, 10000, 10000]	[264, 165, -209, 167, 28]
7	3.0	[-94, 194, 28, 173, 77]	[-28, 136, -64, 182, -32]	[276, 142, -31, -25, 202]	[44, -209, -48, 144, 135]	[-139, 298, -56, -113, 129]	[-12, 227, -205, -198, -62]	[280, 76, 86, -173, 99]	[-70, 73, -106, -129, 97]	[-102, 247, -121, 33, -99]	[-267, -18, -195, 65, 251]	[182, 294, 130, 280, -34]	[10000, 10000, 10000, 10000, 10000]	[-160, -44, 276, -283, -214]
8	2.5	[43, -17, -293, -144, -106]	[-171, -34, -228, 259, -204]	[-174, -233, 96, 85, -214]	[-163, 85, -295, 64, -130]	[161, 84, -121, -25, 222]	[-194, -12, 94, 71, 289]	[-90, 268, 16, 32, 299]	[-225, -95, -46, -181, -16]	[-271, 69, -75, -131, -136]	[-98, -113, 112, 231, 66]	[4, 81, -26, 23, -44]	[10000, 10000, 10000, 10000, 10000]	[150, -252, 134, 161, 271]
9	2.0	[-85, -127, 40, 197, -99]	[185, -64, 61, 85, -64]	[150, 183, -17, -202, 221]	[-1, -123, -142, -134, 62]	[-271, 1, -41, -103, 96]	[-27, 242, -17, -15, 87]	[270, -258, 59, 200, -76]	[-110, 173, 47, -82, 119]	[-234, 82, -54, -173, -77]	[225, -148, 47, -15, 221]	[47, -103, -19, 299, -67]	[10000, 10000, 10000, 10000, 10000]	[264, 165, -209, 167, 28]
10	3.5	[79, 86, -242, 58, 144]	[251, -101, -79, -121, 244]	[-48, 133, 75, -189, -193]	[-69, -68, 293, 156, 45]	[-87, -2, 52, -156, 40]	[154, 75, -128, -26, 74]	[116, -80, -145, 42, 298]	[-233, 105, -84, 91, -247]	[-26, -211, -211, -79, 182]	[147, -51, 54, -258, -224]	[-93, 104, 84, 83, -105]	[10000, 10000, 10000, 10000, 10000]	[-85, 58, -22, -129, -12]
11	4.0	[-94, 194, 28, 173, 77]	[-28, 136, -64, 182, -32]	[276, 142, 24, -25, 202]	[93, -128, 220, 144, 135]	[-139, -42, -56, -113, 129]	[-129, 140, 2, -174, -62]	[48, 65, -135, -141, 99]	[-70, 84, -64, -129, 97]	[-102, -62, -173, -48, -104]	[-267, -18, -195, 65, 251]	[182, 294, 130, 280, -34]	[10000, 10000, 10000, 10000, 10000]	[-160, -44, 276, -283, -214]
12	3.0	[-85, -127, 40, 197, -99]	[185, -64, 61, 85, -64]	[150, 183, -17, -202, 221]	[-1, -123, -142, -134, 62]	[-271, 1, -41, -103, 96]	[-27, 242, -17, -15, 87]	[270, -258, 59, 200, -76]	[-110, 173, 47, -82, 119]	[-234, 82, -54, -173, -77]	[225, -148, 47, -15, 221]	[47, -103, -19, 299, -67]	[10000, 10000, 10000, 10000, 10000]	[264, 165, -209, 167, 28]
13	5.0	[43, -17, -293, -144, -106]	[-171, -34, -228, 259, -204]	[-174, -233, 96, 85, -214]	[-163, 85, -295, 64, -130]	[161, 84, -121, -25, 222]	[-194, -12, 94, 71, 289]	[-90, 268, 16, 21, 265]	[-177, -95, -46, -181, -16]	[-271, 100, -83, 30, -136]	[-119, -77, -22, 177, 66]	[4, 249, 123, 155, -44]	[10000, 10000, 10000, 10000, 10000]	[150, -252, 134, 161, 271]
14	6.0	[43, -17, -293, -144, -106]	[-171, -34, -228, 259, -204]	[-174, -233, 96, 85, -214]	[-163, 85, -295, 64, -130]	[161, 84, -121, -25, 222]	[-194, -12, 94, 71, 289]	[-90, 268, 16, 21, 265]	[-177, -95, -46, -181, -16]	[-271, 100, -83, 30, -136]	[-119, -77, -22, 177, 66]	[4, 249, 123, 155, -44]	[10000, 10000, 10000, 10000, 10000]	[150, -252, 134, 161, 271]
15	6.0	[43, -17, -293, -144, -106]	[-171, -34, -228, 259, -204]	[-174, -233, 96, 85, -214]	[-163, 85, -295, 64, -130]	[161, 84, -121, -25, 222]	[-194, -12, 94, 71, 289]	[-90, 268, 16, 21, 265]	[-177, -95, -46, -181, -16]	[-277, 100, -83, 30, -136]	[-119, -77, -22, 177, 66]	[4, 249, 123, 155, -44]	[10000, 10000, 10000, 10000, 10000]	[150, -252, 134, 161, 271]
16	7.0	[43, -17, -293, -144, -106]	[-171, -34, -228, 259, -204]	[-174, -233, 96, 85, -214]	[-163, 85, -295, 64, -130]	[161, 84, -121, -25, 222]	[-194, -12, 94, 71, 289]	[-90, 268, 16, 21, 265]	[-177, -95, -46, -181, -16]	[-277, 100, -83, 30, -136]	[-119, -77, -22, 177, 66]	[4, 249, 123, 155, -44]	[10000, 10000, 10000, 10000, 10000]	[150, -252, 134, 161, 271]
17	4.5	[43, -17, -293, -144, -106]	[-171, -34, -228, 259, -204]	[-174, -233, 96, 85, -214]	[-163, 85, -295, 64, -130]	[161, 84, -121, -25, 222]	[-194, -12, 94, 71, 289]	[-90, 268, 16, 21, 265]	[-177, -95, -46, -181, -16]	[-277, 100, -83, 30, -136]	[-119, -77, -22, 177, 66]	[4, 249, 123, 155, -44]	[10000, 10000, 10000, 10000, 10000]	[150, -252, 134, 161, 271]
18	4.0	[79, 86, -242, 58, 144]	[251, -101, -79, -121, 244]	[-48, 133, 75, -189, -193]	[-69, -17, 299, 156, 45]	[-87, 44, -10, -71, 164]	[154, 75, -131, -8, 227]	[116, -80, -34, 36, 299]	[-233, 105, -84, -159, -124]	[-26, -211, -211, -79, 182]	[147, -51, 54, -258, -224]	[-93, 104, 84, 83, -105]	[10000, 10000, 10000, 10000, 10000]	[-85, 58, -22, -129, -12]
19	4.0	[43, -17, -293, -144, -106]	[-171, -34, -228, 259, -204]	[-174, -233, 96, 85, -214]	[-163, 85, -295, 64, -130]	[161, 84, -121, -25, 222]	[-194, -12, 94, 71, 289]	[-90, 268, 16, 21, 265]	[-177, -95, -46, -181, -16]	[-277, 100, -83, 30, -136]	[-119, -77, -22, 177, 66]	[4, 249, 123, 155, -44]	[10000, 10000, 10000, 10000, 10000]	[150, -252, 134, 161, 271]
20	13.0	[75, 27, -250, 3, -106]	[-171, -57, -142, 92, 187]	[-174, -233, 96, 85, -195]	[-163, 63, -157, 64, -130]	[143, 84, -121, -25, 222]	[-194, -12, 89, 70, 281]	[-90, 204, 13, 22, 265]	[-189, 53, -66, -169, -16]	[-277, -122, -132, 4, 22]	[-119, -77, -22, 77, -221]	[4, 188, 123, 155, -44]	[10000, 10000, 10000, 10000, 10000]	[150, -252, 134, 161, 271]
21	11.0	[75, 27, -250, 3, -106]	[-171, -57, -142, 92, 187]	[-174, -233, 96, 85, -195]	[-163, 63, -157, 64, -130]	[143, 84, -121, -25, 222]	[-194, -12, 89, 70, 281]	[-90, 204, 13, 22, 265]	[-189, 53, -66, -169, -16]	[-277, -122, -132, 4, 22]	[-119, -77, -22, 77, -221]	[4, 188, 123, 155, -44]	[10000, 10000, 10000, 10000, 10000]	[150, -252, 134, 161, 271]
22	9.5	[75, 18, -261, 3, -106]	[-171, -45, -143, 92, 187]	[-174, -233, 96, 85, -195]	[-163, 63, -157, 64, -130]	[143, 84, -121, -25, 222]	[-194, -12, 89, 70, 281]	[-90, 204, 13, 22, 265]	[-189, 53, -66, -169, -16]	[-277, -122, -132, 4, 22]	[-119, -77, -22, 77, -221]	[4, 188, 123, 155, -44]	[10000, 10000, 10000, 10000, 10000]	[150, -252, 134, 161, 271]
23	11.0	[75, 27, -250, 3, -106]	[-171, -57, -142, 92, 187]	[-174, -233, 96, 85, -195]	[-163, 63, -157, 64, -130]	[143, 84, -121, -25, 222]	[-194, -12, 89, 70, 281]	[-90, 204, 13, 22, 265]	[-189, 53, -66, -169, -16]	[-277, -122, -132, 4, 22]	[-119, -77, -22, 77, -221]	[4, 188, 123, 155, -44]	[10000, 10000, 10000, 10000, 10000]	[150, -252, 134, 161, 271]
24	18.5	[75, 18, -261, 3, -106]	[-171, -45, -143, 92, 187]	[-174, -233, 96, 85, -195]	[-163, 63, -157, 64, -130]	[143, 84, -121, -25, 222]	[-194, -12, 89, 70, 281]	[-90, 204, 13, 22, 265]	[-189, 53, -66, -169, -16]	[-277, -122, -132, 4, 22]	[-119, -77, -22, 77, -221]	[4, 188, 123, 155, -44]	[10000, 10000, 10000, 10000, 10000]	[150, -252, 134, 161, 271]
25	14.5	[75, 18, -261, 3, -106]	[-171, -45, -143, 92, 187]	[-174, -233, 96, 85, -195]	[-163, 63, -157, 64, -130]	[143, 84, -121, -25, 222]	[-194, -12, 89, 70, 281]	[-90, -72, 13, 22, 265]	[-189, -51, -138, -121, -16]	[47, 52, -88, -53, 13]	[-119, -9, -4, 77, -221]	[4, 188, 123, 155, -44]	[10000, 10000, 10000, 10000, 10000]	[150, -252, 134, 161, 271]
26	13.0	[75, 18, -261, 3, -106]	[-171, -45, -143, 92, 187]	[-174, -233, 96, 85, -195]	[-163, 63, -157, 64, -130]	[143, 84, -121, -25, 222]	[-194, -12, 89, 70, 281]	[-90, -72, 13, 22, 265]	[-189, -51, -138, -121, -16]	[47, 52, -88, -53, 13]	[-119, -9, -4, 77, -221]	[4, 188, 123, 155, -44]	[10000, 10000, 10000, 10000, 10000]	[150, -252, 134, 161, 271]
27	12.0	[75, 18, -261, 3, -106]	[-171, -45, -143, 92, 187]	[-174, -233, 96, 85, -195]	[-163, 63, -157, 64, -130]	[143, 84, -121, -25, 222]	[-194, -12, 89, 70, 281]	[-90, 204, 13, 22, 265]	[-189, 53, -66, -169, -16]	[-277, -133, -131, 13, -15]	[-119, -29, -22, 77, -221]	[4, 188, 123, 155, -44]	[10000, 10000, 10000, 10000, 10000]	[150, -252, 134, 161, 271]
28	15.0	[75, 18, -261, 3, -106]	[-171, -45, -143, 92, 187]	[-174, -233, 96, 85, -195]	[-163, 63, -157, 64, -130]	[143, 84, -121, -25, 222]	[-194, -12, 89, 70, 281]	[-90, -72, 13, 22, 265]	[-189, -51, -138, -121, -16]	[47, 52, -88, -53, 13]	[-119, -9, -4, 77, -221]	[4, 188, 123, 155, -44]	[10000, 10000, 10000, 10000, 10000]	[150, -252, 134, 161, 271]
29	13.0	[75, 26, -246, 3, -106]	[-171, -53, -142, 92, 187]	[-174, -233, 96, 85, -195]	[-163, 63, -157, 64, -130]	[143, 84, -121, -25, 222]	[-194, -12, 89, 70, 281]	[-90, -46, 13, 22, 265]	[-189, -21, -130, -163, -16]	[47, 52, -88, -31, 13]	[-119, -27, -11, 77, -221]	[4, 188, 130, 175, -44]	[10000, 10000, 10000, 10000, 10000]	[150, -252, 134, 161, 271]
30	13.5	[75, 18, -261, 3, -106]	[-171, -45, -143, 92, 187]	[-174, -233, 96, 85, -195]	[-163, 63, -157, 64, -130]	[143, 84, -121, -25, 222]	[-194, -12, 89, 70, 281]	[-90, 204, 13, 22, 265]	[-189, 53, -66, -169, -16]	[-277, -133, -131, 13, -15]	[-119, -29, -22, 77, -221]	[4, 188, 123, 155, -44]	[10000, 10000, 10000, 10000, 10000]	[150, -252, 134, 161, 271]
31	15.0	[75, 18, -261, 3, -106]	[-171, -45, -143, 92, 187]	[-174, -233, 96, 85, -195]	[-163, 63, -157, 64, -130]	[143, 84, -121, -25, 222]	[-194, -12, 89, 70, 281]	[-90, 204, 13, 22, 265]	[-189, 53, -66, -169, -16]	[-277, -133, -131, 13, -15]	[-119, -29, -22, 77, -221]	[4, 188, 123, 155, -44]	[10000, 10000, 10000, 10000, 10000]	[150, -252, 134, 161, 271]
32	13.0	[75, 18, -261, 3, -106]	[-171, -45, -143, 92, 187]	[-174, -233, 96, 85, -195]	[-163, 63, -157, 64, -130]	[143, 84, -121, -25, 222]	[-194, -12, 89, 70, 281]	[-90, 204, 13, 22, 265]	[-189, 53, -66, -169, -16]	[-277, -133, -131, 13, -15]	[-119, -29, -22, 77, -221]	[4, 188, 123, 155, -44]	[10000, 10000, 10000, 10000, 10000]	[150, -252, 134, 161, 271]
33	16.0	[75, 18, -261, 3, -106]	[-171, -45, -143, 92, 187]	[-174, -233, 96, 85, -195]	[-163, 63, -157, 64, -130]	[143, 90, -121, -25, 222]	[-194, -12, 89, 70, 281]	[-90, -46, 13, 22, 265]	[-189, 144, -90, -169, -16]	[-180, -141, -124, 22, -17]	[-119, -9, -4, 77, -221]	[4, 188, 123, 155, -44]	[10000, 10000, 10000, 10000, 10000]	[150, -252, 134, 161, 271]
34	15.0	[75, 18, -261, 3, -106]	[-171, -45, -143, 92, 187]	[-174, -233, 96, 85, -195]	[-163, 63, -157, 64, -130]	[143, 90, -121, -25, 222]	[-194, -12, 89, 70, 281]	[-90, -46, 13, 22, 265]	[-189, 144, -90, -169, -16]	[-180, -47, -97, 5, -17]	[-119, -9, 0, 58, -221]	[4, 188, 109, 248, -43]	[10000, 10000, 10000, 10000, 10000]	[150, -237, 100, 167, 271]
35	13.5	[218, 18, -261, 3, -106]	[-171, -85, -127, 92, 187]	[-174, -233, 96, 163, -95]	[-127, 83, -177, -103, -128]	[143, 90, -121, -74, 236]	[-194, -12, 97, 70, 281]	[-203, 171, 13, 22, 265]	[-189, 144, -90, -153, -16]	[-180, -141, -124, 22, -17]	[-143, -38, 44, 59, -140]	[4, 188, 123, 155, -44]	[10000, 10000, 10000, 10000, 10000]	[150, -252, 134, 161, 271]
36	15.5	[75, 18, -261, 3, -106]	[-171, -45, -143, 92, 187]	[-174, -233, 96, 85, -195]	[-163, 63, -157, 64, -130]	[143, 90, -121, -25, 222]	[-194, -12, 89, 70, 281]	[-90, -60, 13, 16, 265]	[-189, -31, -110, -169, -16]	[-180, -141, -124, 22, -17]	[-119, -9, 0, 58, -221]	[4, 188, 89, 280, -43]	[10000, 10000, 10000, 10000, 10000]	[150, -237, 100, 167, 271]
37	17.0	[75, 18, -261, 3, -106]	[-171, -45, -143, 92, 187]	[-174, -233, 96, 85, -195]	[-163, 63, -157, 64, -130]	[143, 90, -121, -25, 222]	[-194, -12, 89, 70, 281]	[-90, -46, 13, 22, 265]	[-189, 144, -90, -169, -16]	[-180, -141, -124, 22, -17]	[-119, -9, -4, 77, -221]	[4, 188, 123, 155, -44]	[10000, 10000, 10000, 10000, 10000]	[150, -252, 134, 161, 271]
38	20.5	[75, 25, -251, 3, -106]	[-171, -53, -143, 92, 187]	[-174, -233, 96, 85, -195]	[-163, 63, -157, 64, -130]	[143, 84, -121, -25, 222]	[-194, -12, 89, 70, 281]	[-90, 203, 13, 22, 265]	[-183, 144, -89, -169, -16]	[-180, -141, -124, 22, -17]	[-119, -9, -4, 77, -221]	[4, 188, 123, 155, -38]	[10000, 10000, 10000, 10000, 10000]	[150, -252, 134, 161, 271]
39	17.5	[75, 18, -261, 3, -106]	[-171, -45, -143, 92, 187]	[-174, -233, 96, 85, -195]	[-163, 63, -157, 64, -130]	[143, 84, -121, -25, 222]	[-194, -12, 89, 70, 281]	[-90, 204, 13, 22, 265]	[-189, 53, -66, -169, -16]	[-277, -133, -132, 11, -15]	[-119, -48, -22, 80, -221]	[4, 188, 123, 155, -44]	[10000, 10000, 10000, 10000, 10000]	[150, -252, 134, 161, 271]
40	16.5	[218, 18, -261, 3, -106]	[-171, -85, -127, 92, 187]	[-174, -233, 96, 163, -95]	[-127, 83, -177, -103, -128]	[143, 90, -121, -74, 236]	[-194, -12, 97, 70, 281]	[-203, 171, 13, 22, 265]	[-189, 144, -90, -153, -16]	[-180, -141, -124, 22, -17]	[-143, -38, 44, 59, -140]	[4, 188, 123, 155, -44]	[10000, 10000, 10000, 10000, 10000]	[150, -252, 134, 161, 277]
41	16.5	[75, 18, -261, 3, -106]	[-171, -45, -143, 92, 187]	[-174, -233, 96, 85, -195]	[-163, 63, -157, 64, -130]	[143, 90, -121, -25, 222]	[-194, -12, 89, 70, 281]	[-90, -46, 13, 22, 265]	[-189, 58, -90, -169, -16]	[-180, -53, -97, 5, -17]	[-119, -9, 0, 58, -221]	[4, 188, 109, 248, -43]	[10000, 10000, 10000, 10000, 10000]	[150, -237, 100, 167, 271]
42	14.0	[218, 18, -261, 3, -106]	[-171, -85, -127, 92, 187]	[-174, -233, 96, 163, -95]	[-127, 83, -177, -103, -128]	[143, 90, -121, -74, 236]	[-194, -12, 97, 70, 281]	[-203, 135, 13, 22, 265]	[-189, 144, -90, -153, -16]	[-180, -91, -124, 22, -17]	[-143, -38, 44, 59, -140]	[4, 188, 123, 155, -44]	[10000, 10000, 10000, 10000, 10000]	[150, -252, 134, 161, 277]
43	16.5	[75, 18, -261, 3, -106]	[-171, -45, -143, 92, 187]	[-174, -233, 96, 85, -195]	[-163, 63, -157, 64, -130]	[143, 84, -121, -25, 216]	[-194, -12, 89, 70, 281]	[-90, 204, 13, 22, 265]	[-189, 53, -66, -169, -16]	[-277, -133, -132, 11, -15]	[-119, -48, -22, 80, -221]	[4, 188, 123, 155, -44]	[10000, 10000, 10000, 10000, 10000]	[150, -252, 134, 161, 271]
44	14.5	[75, 25, -251, 3, -106]	[-171, -53, -143, 92, 187]	[-174, -233, 96, 85, -195]	[-163, 63, -157, 64, -130]	[143, 84, -121, -25, 222]	[-194, -12, 89, 70, 281]	[-90, 203, 13, 22, 265]	[-183, 144, -89, -169, -16]	[-180, -141, -124, 22, -17]	[-119, -9, -4, 77, -221]	[4, 188, 123, 155, -38]	[10000, 10000, 10000, 10000, 10000]	[150, -252, 134, 161, 271]
45	20.0	[75, 18, -261, 3, -106]	[-171, -45, -143, 92, 187]	[-174, -233, 96, 85, -195]	[-163, 63, -157, 64, -130]	[143, 90, -121, -25, 222]	[-194, -12, 89, 70, 281]	[-90, -46, 13, 22, 265]	[-189, 144, -90, -169, -16]	[-180, -141, -124, 22, -17]	[-119, -9, -4, 77, -221]	[4, 188, 123, 155, -44]	[10000, 10000, 10000, 10000, 10000]	[150, -252, 134, 161, 271]
46	17.0	[75, 18, -261, 3, -106]	[-171, -45, -143, 92, 187]	[-174, -233, 96, 85, -195]	[-163, 63, -157, 64, -130]	[143, 90, -121, -19, 222]	[-194, -12, 89, 70, 281]	[-90, -46, 13, 22, 265]	[-189, 144, -82, -169, -16]	[-180, -141, -124, 9, -17]	[-119, -9, -1, 75, -221]	[4, 188, 123, 159, -44]	[10000, 10000, 10000, 10000, 10000]	[150, -252, 134, 161, 271]
47	16.0	[75, 18, -261, 3, -106]	[-171, -45, -143, 92, 187]	[-174, -233, 96, 85, -195]	[-163, 63, -157, 64, -130]	[143, 87, -121, -25, 222]	[-194, -12, 89, 70, 281]	[-90, 204, 13, 22, 265]	[-189, 53, -84, -169, -16]	[-235, -134, -123, 21, -17]	[-119, -19, -14, 77, -221]	[4, 188, 123, 155, -44]	[10000, 10000, 10000, 10000, 10000]	[150, -252, 134, 161, 271]
48	15.0	[75, 25, -251, 3, -106]	[-171, -53, -143, 92, 187]	[-174, -233, 96, 85, -195]	[-163, 63, -157, 64, -130]	[143, 84, -121, -25, 222]	[-194, -12, 89, 70, 281]	[-90, 203, 13, 22, 265]	[-183, 144, -89, -169, -16]	[-180, -141, -124, 22, -17]	[-119, -9, -4, 77, -221]	[4, 188, 123, 155, -38]	[10000, 10000, 10000, 10000, 10000]	[150, -252, 134, 161, 271]
49	15.5	[75, 18, -261, 3, -106]	[-171, -45, -143, 92, 187]	[-174, -233, 96, 85, -195]	[-163, 63, -157, 64, -130]	[143, 87, -121, -25, 222]	[-194, -12, 89, 70, 281]	[-90, 204, 13, 22, 265]	[-189, 53, -84, -169, -16]	[-235, -134, -123, 21, -17]	[-119, -19, -14, 77, -221]	[4, 188, 123, 155, -44]	[10000, 10000, 10000, 10000, 10000]	[150, -252, 134, 161, 271]
50	14.5	[75, 18, -261, 3, -106]	[-171, -45, -143, 92, 187]	[-174, -233, 96, 85, -195]	[-163, 63, -157, 64, -130]	[143, 84, -121, -25, 216]	[-194, -12, 89, 70, 281]	[-90, 204, 13, 22, 265]	[-189, 53, -66, -169, -16]	[-277, -133, -132, 11, -15]	[-119, -48, -22, 80, -221]	[4, 188, 123, 155, -44]	[10000, 10000, 10000, 10000, 10000]	[144, -252, 134, 161, 271]
51	15.5	[218, 18, -261, 3, -106]	[-171, -64, -129, 92, 187]	[-174, -233, 96, 92, -185]	[-127, 83, -160, 23, -130]	[143, 90, -121, -25, 234]	[-194, -23, 92, 70, 281]	[-113, -41, 7, 23, 265]	[-189, 144, -75, -108, -10]	[-180, -106, -124, 14, -17]	[-143, -38, 44, 59, -140]	[4, 188, 123, 155, -44]	[10000, 10000, 10000, 10000, 10000]	[150, -252, 134, 161, 277]
52	19.5	[75, 18, -261, 3, -106]	[-171, -45, -143, 92, 187]	[-174, -233, 96, 85, -195]	[-163, 63, -157, 64, -130]	[143, 87, -121, -25, 222]	[-194, -12, 89, 70, 281]	[-90, 204, 13, 22, 265]	[-189, 53, -84, -169, -16]	[-235, -134, -123, 21, -17]	[-119, -19, -14, 77, -221]	[4, 188, 123, 155, -44]	[10000, 10000, 10000, 10000, 10000]	[150, -252, 134, 161, 271]
53	14.0	[75, 18, -261, 3, -106]	[-171, -45, -143, 92, 187]	[-174, -233, 96, 85, -195]	[-163, 63, -157, 64, -130]	[143, 87, -121, -25, 222]	[-194, -12, 89, 70, 281]	[-90, 204, 13, 22, 265]	[-189, 53, -84, -169, -16]	[-235, -134, -123, 21, -17]	[-119, -19, -14, 77, -221]	[4, 188, 123, 155, -44]	[10000, 10000, 10000, 10000, 10000]	[150, -252, 134, 161, 271]
54	12.5	[218, 18, -261, 3, -106]	[-171, -85, -135, 92, 187]	[-174, -233, 96, 120, -194]	[-127, 83, -177, 57, -130]	[143, 90, -121, -26, 226]	[-194, -21, 94, 70, 281]	[-203, -25, -49, 23, 265]	[-189, 144, -90, -168, -10]	[-180, -91, -124, 22, -17]	[-143, -38, 44, 59, -140]	[4, 188, 123, 155, -44]	[10000, 10000, 10000, 10000, 10000]	[150, -252, 134, 161, 277]
55	20.0	[75, 18, -261, 3, -106]	[-171, -45, -143, 92, 187]	[-174, -233, 96, 85, -195]	[-163, 63, -173, -22, -130]	[143, 90, -121, -58, 222]	[-194, -12, 89, 70, 281]	[-192, -60, 13, 16, 265]	[-189, -31, -91, -156, -16]	[-180, -141, -124, 22, -17]	[-119, -9, 0, 58, -221]	[4, 188, 89, 280, -43]	[10000, 10000, 10000, 10000, 10000]	[150, -237, 100, 167, 271]
56	16.0	[75, 18, -261, 3, -106]	[-171, -45, -143, 92, 187]	[-174, -233, 96, 85, -195]	[-163, 63, -173, -22, -130]	[143, 90, -121, -58, 222]	[-194, -12, 89, 70, 281]	[-192, -60, 13, 16, 265]	[-189, -31, -91, -156, -16]	[-180, -141, -124, 22, -17]	[-119, -9, 0, 58, -221]	[4, 188, 89, 274, -43]	[10000, 10000, 10000, 10000, 10000]	[150, -237, 100, 167, 271]
57	13.5	[218, 18, -261, 3, -106]	[-171, -64, -129, 92, 187]	[-174, -233, 96, 91, -177]	[-146, 70, -170, 26, -130]	[143, 90, -121, -27, 234]	[-194, -23, 89, 70, 281]	[-138, -36, 9, 22, 265]	[-189, 144, -80, -163, -16]	[-180, -91, -130, 9, -17]	[-143, -38, 44, 59, -140]	[4, 188, 123, 155, -44]	[10000, 10000, 10000, 10000, 10000]	[150, -252, 134, 161, 277]
58	18.5	[127, 23, -259, 7, -106]	[-171, -141, -40, 65, 187]	[-182, -67, 97, 23, -127]	[40, 70, -176, 24, -97]	[145, 90, -116, -36, 225]	[-194, -12, 97, 70, 281]	[-203, 90, 13, 22, 265]	[-189, 66, -90, -153, -16]	[-180, -91, -124, 14, -17]	[-139, -38, 44, 59, -140]	[4, 188, 123, 155, -44]	[10000, 10000, 10000, 10000, 10000]	[150, -252, 134, 161, 277]
59	16.0	[218, 18, -261, 3, -106]	[-171, -64, -129, 92, 187]	[-174, -233, 96, 92, -185]	[-127, 64, -157, 23, -130]	[143, 90, -121, -25, 219]	[-194, -23, 92, 70, 281]	[-113, 71, 8, 22, 265]	[-189, 144, -75, -133, -10]	[-245, -106, -124, 14, -17]	[-130, -38, 0, 59, -140]	[4, 188, 123, 155, -44]	[10000, 10000, 10000, 10000, 10000]	[150, -252, 134, 161, 277]
60	15.0	[127, 23, -259, 7, -106]	[-171, -141, -40, 65, 187]	[-182, -67, 96, 52, -127]	[40, 70, -170, 26, -97]	[145, 90, -120, -36, 225]	[-194, -13, 91, 70, 281]	[-184, 90, 13, 22, 265]	[-189, 66, -90, -153, -16]	[-180, -91, -124, 14, -17]	[-139, -38, 44, 59, -140]	[4, 188, 123, 155, -44]	[10000, 10000, 10000, 10000, 10000]	[150, -252, 134, 161, 277]
61	16.0	[218, 18, -261, 3, -106]	[-171, -64, -129, 92, 187]	[-174, -233, 96, 92, -185]	[-127, 64, -157, 23, -130]	[143, 90, -121, -25, 219]	[-194, -23, 92, 70, 281]	[-113, 71, 8, 22, 265]	[-189, 144, -75, -133, -10]	[-245, -106, -124, 14, -17]	[-130, -38, 0, 59, -140]	[4, 188, 123, 155, -44]	[10000, 10000, 10000, 10000, 10000]	[150, -252, 134, 161, 277]
62	18.5	[127, 23, -259, 7, -106]	[-171, -141, -40, 65, 187]	[-182, -67, 96, 52, -127]	[40, 70, -170, 26, -97]	[145, 90, -120, -36, 225]	[-194, -13, 91, 70, 281]	[-184, 90, 13, 22, 265]	[-189, 66, -90, -153, -16]	[-180, -91, -124, 14, -17]	[-139, -38, 44, 59, -140]	[4, 188, 123, 155, -44]	[10000, 10000, 10000, 10000, 10000]	[150, -252, 134, 161, 277]
63	15.5	[75, 18, -261, 3, -106]	[-171, -45, -143, 92, 187]	[-174, -233, 90, 79, -195]	[-163, 63, -157, 64, -130]	[143, 90, -121, -25, 222]	[-194, -18, 91, 70, 281]	[-183, 20, 13, 22, 265]	[-189, 144, -90, -161, -16]	[-180, -141, -114, 5, -17]	[-119, -28, 40, 58, -221]	[4, 188, 109, 248, -43]	[10000, 10000, 10000, 10000, 10000]	[150, -237, 100, 167, 271]
64	14.5	[75, 18, -261, 3, -106]	[-171, -45, -143, 92, 187]	[-174, -233, 96, 85, -195]	[-163, 57, -173, -22, -130]	[143, 90, -121, -58, 222]	[-194, -12, 89, 70, 281]	[-192, -60, 13, 16, 265]	[-189, -31, -91, -156, -16]	[-180, -141, -124, 22, -17]	[-119, -9, 0, 58, -221]	[4, 188, 89, 274, -43]	[10000, 10000, 10000, 10000, 10000]	[150, -237, 100, 167, 271]
65	13.5	[75, 18, -261, 3, -106]	[-171, -45, -143, 92, 187]	[-174, -233, 96, 85, -195]	[-163, 63, -157, 64, -130]	[143, 87, -121, -25, 222]	[-194, -12, 89, 70, 281]	[-90, 204, 13, 22, 265]	[-189, 83, -88, -164, -16]	[-235, -137, -123, 21, -17]	[-113, -24, 36, 77, -221]	[4, 188, 123, 155, -44]	[10000, 10000, 10000, 10000, 10000]	[150, -252, 134, 161, 271]
66	13.5	[75, 18, -261, 3, -106]	[-171, -45, -143, 92, 187]	[-174, -233, 96, 85, -195]	[-163, 63, -157, 64, -130]	[143, 87, -121, -25, 222]	[-194, -12, 89, 70, 281]	[-90, 204, 13, 22, 265]	[-189, 83, -88, -164, -16]	[-235, -137, -123, 21, -17]	[-113, -24, 36, 77, -221]	[4, 188, 123, 155, -44]	[10000, 10000, 10000, 10000, 10000]	[150, -252, 134, 161, 271]
67	15.0	[81, 18, -261, 3, -106]	[-171, -45, -143, 92, 187]	[-174, -233, 96, 85, -195]	[-163, 63, -157, 64, -130]	[143, 90, -121, -25, 222]	[-194, -12, 90, 70, 281]	[-90, -46, 13, 22, 265]	[-189, 58, -90, -166, -16]	[-180, -87, -97, 11, -17]	[-119, -28, 9, 58, -221]	[4, 188, 109, 254, -43]	[10000, 10000, 10000, 10000, 10000]	[150, -237, 100, 167, 271]
68	14.0	[75, 18, -261, 3, -106]	[-171, -45, -143, 92, 187]	[-174, -233, 96, 85, -195]	[-163, 57, -173, -22, -130]	[143, 90, -121, -58, 222]	[-194, -12, 89, 70, 281]	[-192, -60, 13, 16, 265]	[-189, -31, -91, -156, -16]	[-180, -141, -124, 22, -17]	[-119, -9, 0, 58, -221]	[4, 188, 89, 274, -43]	[10000, 10000, 10000, 10000, 10000]	[150, -237, 100, 167, 271]
69	16.5	[218, 54, -258, 53, -106]	[-171, -141, 184, -29, 187]	[-182, -67, 99, -100, -127]	[40, 144, -176, -66, -97]	[145, 90, -121, -74, 236]	[-200, -12, 97, 70, 281]	[-132, -39, 13, 22, 265]	[-189, 72, -86, -147, -16]	[-180, -130, -124, 22, -17]	[-143, -25, 35, 53, -140]	[4, 188, 123, 156, -44]	[10000, 10000, 10000, 10004, 10000]	[150, -252, 134, 161, 277]
70	18.0	[75, 18, -261, 3, -106]	[-171, -45, -143, 92, 187]	[-174, -233, 90, 79, -195]	[-163, 63, -157, 64, -130]	[143, 90, -121, -25, 222]	[-194, -18, 91, 70, 281]	[-183, 20, 13, 22, 265]	[-189, 144, -90, -161, -16]	[-180, -141, -114, 5, -17]	[-119, -28, 40, 58, -221]	[4, 188, 109, 248, -43]	[10000, 10000, 10000, 10000, 10000]	[150, -237, 100, 167, 271]
71	13.5	[75, 18, -261, 3, -106]	[-171, -45, -143, 92, 187]	[-174, -233, 96, 85, -195]	[-163, 63, -157, 64, -130]	[143, 87, -121, -25, 222]	[-194, -12, 89, 70, 281]	[-90, 204, 13, 22, 265]	[-189, 83, -88, -164, -16]	[-235, -137, -123, 21, -17]	[-113, -24, 36, 77, -221]	[4, 188, 123, 155, -44]	[10000, 10000, 9994, 10000, 10000]	[150, -252, 134, 161, 271]
72	14.5	[75, 18, -261, 3, -106]	[-171, -45, -143, 92, 187]	[-174, -233, 90, 79, -195]	[-163, 63, -157, 64, -130]	[143, 90, -121, -25, 222]	[-194, -18, 91, 70, 281]	[-183, 20, 13, 22, 265]	[-189, 144, -90, -161, -16]	[-180, -141, -114, 5, -17]	[-119, -28, 40, 58, -221]	[4, 188, 109, 248, -43]	[10000, 10000, 10000, 10000, 10000]	[150, -237, 100, 167, 271]
73	15.0	[218, 54, -258, 53, -106]	[-171, -141, 184, -29, 187]	[-182, -67, 99, -100, -127]	[40, 144, -176, -66, -97]	[145, 90, -121, -74, 236]	[-197, -15, 97, 70, 281]	[-132, 131, 13, 22, 265]	[-189, 72, -86, -147, -16]	[-180, -130, -124, 22, -17]	[-143, -25, 35, 53, -140]	[4, 188, 123, 156, -44]	[10000, 10000, 10000, 10004, 10000]	[150, -252, 134, 161, 277]
74	16.0	[75, 18, -261, 3, -106]	[-171, -45, -143, 92, 187]	[-180, -233, 96, 85, -195]	[-163, 63, -157, 64, -130]	[143, 87, -121, -25, 222]	[-194, -12, 89, 70, 281]	[-90, 92, 13, 22, 265]	[-189, 79, -90, -166, -16]	[-183, -137, -123, 21, -17]	[-113, -26, 36, 77, -221]	[4, 188, 112, 191, -44]	[10000, 10000, 9996, 10000, 10000]	[150, -252, 134, 155, 271]
75	14.0	[81, 18, -261, 3, -106]	[-171, -45, -143, 92, 187]	[-174, -233, 96, 85, -195]	[-163, 63, -157, 64, -130]	[143, 90, -121, -25, 222]	[-194, -13, 89, 70, 281]	[-90, 72, 13, 22, 265]	[-189, 81, -90, -166, -16]	[-180, -87, -97, 11, -17]	[-119, -28, 9, 58, -221]	[4, 188, 109, 254, -43]	[10000, 10000, 10000, 10000, 10000]	[150, -237, 100, 167, 271]
76	16.0	[75, 18, -261, 3, -106]	[-171, -45, -143, 92, 187]	[-174, -233, 90, 79, -195]	[-163, 63, -157, 64, -130]	[143, 90, -121, -25, 222]	[-194, -18, 91, 70, 281]	[-183, 20, 13, 22, 265]	[-189, 144, -90, -161, -16]	[-180, -141, -114, 5, -17]	[-136, -28, 37, 58, -221]	[4, 188, 109, 248, -43]	[10000, 10000, 10000, 10000, 10000]	[150, -237, 100, 167, 271]
77	16.0	[218, 54, -258, 53, -100]	[-171, -141, 184, -29, 187]	[-176, -67, 99, -100, -127]	[40, 144, -176, -66, -97]	[145, 90, -121, -73, 225]	[-200, -12, 90, 70, 281]	[-109, 3, 13, 22, 265]	[-189, 72, -86, -147, -16]	[-217, -124, -119, 20, -17]	[-136, -25, 35, 53, -140]	[4, 188, 110, 237, -44]	[10000, 10000, 10000, 10004, 10000]	[150, -252, 134, 161, 277]
78	16.0	[75, 18, -261, 3, -106]	[-171, -45, -143, 92, 187]	[-180, -233, 96, 85, -195]	[-163, 63, -157, 64, -130]	[143, 87, -121, -25, 222]	[-194, -12, 89, 70, 281]	[-90, 92, 13, 22, 265]	[-189, 79, -90, -166, -16]	[-183, -137, -123, 21, -17]	[-113, -26, 36, 77, -221]	[4, 188, 112, 191, -44]	[10000, 10000, 9996, 10000, 10000]	[150, -252, 134, 155, 271]
79	17.0	[75, 18, -261, 3, -106]	[-171, -45, -143, 92, 187]	[-180, -233, 96, 85, -195]	[-163, 63, -157, 64, -130]	[143, 87, -121, -25, 222]	[-194, -12, 89, 70, 281]	[-90, 92, 13, 22, 265]	[-189, 79, -90, -166, -16]	[-183, -137, -123, 21, -17]	[-113, -26, 36, 77, -221]	[4, 188, 112, 191, -44]	[10000, 10000, 9996, 10000, 10000]	[150, -252, 134, 155, 271]
80	14.5	[81, 18, -261, 3, -106]	[-171, -45, -143, 92, 187]	[-174, -233, 96, 85, -195]	[-163, 63, -157, 64, -130]	[143, 90, -121, -25, 222]	[-194, -13, 89, 70, 281]	[-90, 72, 13, 22, 265]	[-189, 81, -90, -166, -16]	[-180, -87, -97, 11, -17]	[-119, -28, 9, 58, -221]	[4, 188, 109, 254, -43]	[10000, 10000, 10000, 10000, 10000]	[150, -237, 100, 167, 271]
81	13.5	[75, 18, -261, 3, -106]	[-171, -45, -143, 92, 187]	[-180, -233, 96, 85, -195]	[-163, 63, -157, 64, -130]	[143, 87, -121, -25, 222]	[-194, -12, 89, 70, 281]	[-90, 92, 13, 22, 265]	[-189, 79, -90, -166, -16]	[-183, -137, -123, 21, -17]	[-113, -26, 36, 77, -221]	[4, 188, 112, 191, -44]	[10000, 10000, 9996, 10000, 10000]	[150, -252, 134, 155, 271]
82	22.0	[75, 18, -261, 3, -106]	[-171, -45, -143, 92, 187]	[-174, -233, 96, 85, -195]	[-163, 59, -170, 37, -130]	[143, 90, -121, -27, 222]	[-194, -12, 90, 70, 281]	[-192, -60, 13, 22, 265]	[-189, 59, -91, -166, -16]	[-203, -128, -119, 22, -17]	[-119, -9, 0, 58, -210]	[4, 188, 89, 274, -43]	[10000, 10000, 10000, 10000, 10000]	[150, -237, 100, 167, 271]
83	19.0	[75, 18, -261, 3, -106]	[-171, -45, -143, 92, 187]	[-174, -233, 96, 85, -195]	[-163, 59, -170, 37, -130]	[143, 90, -121, -27, 222]	[-194, -12, 90, 70, 281]	[-192, -60, 13, 22, 265]	[-189, 59, -91, -166, -16]	[-203, -128, -119, 22, -17]	[-119, -9, 0, 58, -210]	[4, 188, 89, 274, -43]	[10000, 10000, 10000, 10000, 10000]	[150, -237, 100, 167, 271]
84	16.5	[75, 18, -261, 3, -106]	[-171, -45, -143, 92, 187]	[-174, -233, 90, 79, -195]	[-163, 63, -157, 64, -130]	[143, 90, -121, -25, 222]	[-194, -18, 91, 70, 281]	[-183, 20, 13, 22, 265]	[-189, 144, -90, -161, -16]	[-180, -141, -114, 5, -17]	[-136, -28, 37, 58, -221]	[4, 188, 109, 248, -43]	[10000, 10000, 10000, 10000, 10000]	[150, -237, 100, 167, 271]
85	14.5	[218, 54, -258, 53, -100]	[-171, -141, 184, -29, 187]	[-176, -67, 99, -100, -127]	[40, 144, -176, -66, -97]	[145, 90, -121, -73, 225]	[-200, -12, 90, 70, 281]	[-109, 3, 13, 22, 265]	[-189, -13, -91, -150, -16]	[-217, -124, -119, 20, -17]	[-136, -19, 10, 56, -182]	[4, 188, 101, 240, -44]	[10000, 10000, 10000, 10001, 10000]	[150, -252, 134, 161, 277]
86	19.5	[141, 32, -257, 7, -106]	[-171, -72, 131, 56, 187]	[-171, -82, 96, 72, -184]	[40, 75, -158, 67, -109]	[145, 88, -121, -31, 222]	[-196, -12, 90, 70, 281]	[-184, 90, 13, 22, 265]	[-189, 66, -89, -158, -16]	[-174, -103, -122, 7, -17]	[-139, -29, 36, 59, -140]	[4, 188, 123, 155, -44]	[10000, 10000, 10000, 10000, 10000]	[150, -252, 134, 159, 277]
87	16.0	[75, 19, -257, 3, -106]	[-171, -50, -143, 92, 187]	[-174, -233, 96, 85, -195]	[-163, 63, -157, 69, -130]	[143, 86, -121, -41, 222]	[-194, -12, 89, 70, 281]	[-90, 167, 13, 22, 265]	[-189, 67, -90, -169, -16]	[-180, -120, -123, 17, -17]	[-123, -23, 11, 77, -221]	[4, 188, 123, 155, -38]	[10006, 10000, 10000, 10000, 10000]	[150, -252, 134, 155, 271]
88	13.5	[75, 19, -257, 3, -106]	[-171, -50, -143, 92, 187]	[-174, -233, 96, 85, -195]	[-163, 63, -157, 69, -130]	[143, 86, -121, -41, 222]	[-194, -12, 89, 70, 281]	[-90, 167, 13, 22, 265]	[-189, 67, -90, -169, -16]	[-180, -120, -123, 17, -17]	[-123, -23, 11, 77, -221]	[4, 188, 123, 155, -38]	[10006, 10000, 10000, 10000, 10000]	[150, -252, 134, 155, 271]
89	17.5	[218, 54, -258, 53, -100]	[-171, -141, 184, -29, 187]	[-176, -67, 99, -100, -127]	[40, 144, -176, -66, -97]	[145, 90, -121, -73, 225]	[-200, -12, 90, 70, 281]	[-109, 3, 13, 22, 265]	[-189, 72, -86, -147, -16]	[-180, -130, -108, 16, -17]	[-143, -25, 35, 56, -190]	[10, 188, 120, 200, -44]	[10000, 10000, 10000, 10002, 10000]	[150, -238, 121, 162, 277]
90	12.0	[75, 18, -261, 3, -106]	[-171, -45, -143, 92, 187]	[-174, -233, 90, 79, -195]	[-163, 63, -157, 64, -130]	[143, 90, -121, -25, 222]	[-194, -18, 91, 70, 281]	[-183, 20, 13, 22, 265]	[-189, 144, -90, -161, -16]	[-180, -141, -114, 5, -17]	[-136, -28, 37, 58, -221]	[4, 188, 109, 248, -43]	[10000, 10000, 10000, 10000, 10000]	[150, -237, 100, 167, 271]
91	17.5	[218, 43, -258, 30, -105]	[-171, -141, 184, -29, 187]	[-176, -106, 96, -44, -127]	[-106, 69, -159, -51, -97]	[145, 90, -121, -63, 222]	[-199, -12, 90, 70, 281]	[-109, 3, 13, 22, 265]	[-189, -13, -90, -156, -16]	[-217, -124, -119, 20, -17]	[-136, -19, 10, 56, -182]	[4, 188, 101, 240, -44]	[10000, 10000, 10000, 10001, 10000]	[150, -252, 134, 161, 277]
92	14.0	[218, 43, -258, 30, -105]	[-171, -141, 184, -29, 187]	[-176, -106, 96, -44, -127]	[-106, 69, -159, -51, -97]	[145, 90, -121, -63, 222]	[-199, -12, 90, 70, 281]	[-109, 3, 13, 22, 265]	[-189, -13, -90, -156, -16]	[-217, -124, -119, 20, -17]	[-136, -19, 10, 56, -182]	[4, 188, 101, 240, -44]	[10000, 10000, 10000, 10001, 10000]	[150, -252, 134, 161, 277]
93	18.0	[81, 18, -261, 3, -106]	[-171, -45, -143, 92, 187]	[-170, -233, 96, 85, -195]	[-153, 63, -157, 53, -130]	[143, 90, -121, -25, 219]	[-194, -15, 89, 70, 281]	[-105, 71, 11, 22, 265]	[-189, 81, -90, -165, -16]	[-180, -104, -113, 11, -17]	[-119, -28, 3, 58, -221]	[4, 188, 109, 254, -43]	[10000, 10000, 10000, 10000, 10000]	[150, -237, 100, 167, 271]
94	13.5	[81, 18, -261, 3, -106]	[-171, -45, -143, 92, 187]	[-170, -233, 96, 85, -195]	[-153, 63, -157, 53, -130]	[143, 90, -121, -25, 219]	[-194, -15, 89, 70, 281]	[-105, 71, 11, 22, 265]	[-189, 81, -90, -165, -16]	[-180, -104, -113, 11, -17]	[-119, -28, 3, 58, -221]	[4, 188, 109, 254, -43]	[10000, 10000, 10000, 10000, 10000]	[150, -237, 100, 167, 271]
95	14.5	[75, 18, -261, 3, -106]	[-171, -45, -143, 92, 187]	[-174, -233, 96, 85, -201]	[-163, 61, -161, 49, -130]	[143, 90, -121, -27, 222]	[-194, -12, 90, 70, 281]	[-192, -60, 13, 22, 265]	[-189, 59, -91, -166, -16]	[-203, -128, -119, 22, -17]	[-119, -9, 0, 58, -210]	[-2, 188, 89, 274, -43]	[10000, 10000, 10000, 10000, 10000]	[150, -237, 100, 167, 271]
96	18.5	[218, 54, -258, 53, -106]	[-171, -141, 184, -29, 187]	[-182, -67, 99, -100, -127]	[40, 144, -176, -66, -97]	[145, 90, -121, -74, 236]	[-206, -12, 97, 70, 281]	[-132, -39, 13, 22, 265]	[-189, 72, -86, -147, -16]	[-180, -130, -124, 22, -17]	[-143, -33, 22, 53, -140]	[4, 188, 123, 156, -44]	[10000, 10000, 10000, 10006, 10000]	[150, -252, 134, 167, 277]
97	17.0	[218, 54, -258, 53, -106]	[-171, -141, 184, -29, 187]	[-182, -67, 99, -100, -127]	[40, 144, -176, -66, -97]	[145, 90, -121, -74, 236]	[-206, -12, 97, 70, 281]	[-132, -39, 13, 22, 265]	[-189, 72, -86, -147, -16]	[-180, -130, -124, 22, -17]	[-143, -33, 22, 53, -140]	[4, 188, 123, 156, -44]	[10000, 10000, 10000, 10006, 10000]	[150, -252, 134, 167, 277]
98	17.5	[218, 54, -258, 53, -100]	[-171, -130, 140, -9, 187]	[-175, -110, 97, -100, -127]	[40, 144, -157, -21, -125]	[145, 87, -121, -52, 225]	[-200, -12, 89, 70, 281]	[-92, 80, 13, 22, 265]	[-189, 63, -90, -151, -16]	[-206, -111, -115, 15, -17]	[-136, -19, 24, 58, -149]	[4, 188, 101, 240, -44]	[10000, 10000, 10000, 10001, 10000]	[150, -252, 134, 161, 277]
99	15.5	[218, 54, -258, 53, -106]	[-171, -140, 184, -29, 187]	[-176, -94, 98, 73, -153]	[40, 69, -176, -66, -97]	[145, 90, -121, -64, 236]	[-200, -12, 97, 70, 281]	[-132, -39, 13, 22, 265]	[-189, 72, -90, -158, -16]	[-180, -129, -122, 22, -17]	[-143, -33, 22, 53, -140]	[4, 188, 123, 156, -44]	[10000, 10000, 10000, 10006, 10000]	[150, -252, 134, 167, 277]
100	17.0	[200, 18, -261, 3, -106]	[-171, -69, -82, 25, 187]	[-177, -196, 96, 85, -195]	[-163, 60, -184, -21, -130]	[143, 90, -121, -27, 222]	[-200, -12, 90, 70, 281]	[-134, -2, 13, 22, 265]	[-189, 72, -88, -159, -16]	[-181, -128, -120, 15, -17]	[-119, -9, 3, 58, -210]	[4, 188, 89, 274, -43]	[10000, 10000, 10000, 10000, 10000]	[150, -237, 100, 167, 271]
101	15.0	[218, 54, -258, 53, -100]	[-171, -141, 184, -29, 187]	[-182, -67, 99, -100, -127]	[40, 144, -176, -66, -97]	[145, 90, -121, -74, 236]	[-197, -15, 97, 70, 281]	[-132, 131, 13, 22, 265]	[-189, 72, -86, -147, -16]	[-180, -130, -124, 22, -17]	[-143, -25, 35, 53, -140]	[4, 163, 123, 156, -44]	[10000, 10000, 10000, 10004, 10000]	[144, -252, 134, 161, 277]
102	15.5	[81, 18, -261, 3, -106]	[-171, -45, -143, 92, 187]	[-170, -233, 96, 110, -195]	[-153, 63, -157, 53, -130]	[143, 90, -121, -25, 219]	[-194, -15, 89, 70, 281]	[-105, 71, 11, 22, 265]	[-189, 81, -90, -165, -16]	[-180, -104, -113, 11, -17]	[-130, -28, 3, 58, -221]	[4, 188, 109, 254, -43]	[10000, 10000, 10000, 10000, 10000]	[150, -237, 100, 167, 271]
103	17.0	[218, 54, -258, 53, -100]	[-171, -130, 140, -9, 187]	[-175, -110, 97, -100, -127]	[40, 144, -157, -21, -125]	[145, 87, -121, -52, 225]	[-197, -12, 89, 70, 281]	[-132, 62, 13, 22, 265]	[-189, 67, -88, -158, -16]	[-206, -111, -116, 15, -17]	[-136, -9, 19, 58, -210]	[4, 188, 101, 240, -44]	[10000, 10000, 10000, 10001, 10000]	[150, -252, 134, 161, 277]
104	14.5	[218, 43, -258, 30, -105]	[-171, -141, 184, -29, 193]	[-176, -106, 96, -44, -127]	[-131, 69, -159, -51, -97]	[145, 90, -121, -73, 231]	[-199, -12, 90, 70, 281]	[-109, 42, 13, 22, 265]	[-189, 14, -90, -156, -16]	[-217, -124, -119, 20, -11]	[-136, -21, 20, 58, -182]	[4, 188, 110, 240, -44]	[10000, 10000, 10000, 10000, 10000]	[150, -252, 134, 161, 277]
105	15.0	[218, 54, -258, 53, -106]	[-171, -141, 184, -29, 212]	[-182, -226, 96, 33, -127]	[-3, 89, -159, 52, -111]	[143, 90, -121, -34, 226]	[-194, -15, 91, 70, 281]	[-129, 128, 11, 22, 265]	[-189, 72, -88, -160, -16]	[-180, -130, -113, 22, -17]	[-143, -25, 35, 54, -140]	[4, 188, 126, 149, -44]	[10000, 10000, 10000, 10002, 10000]	[150, -252, 134, 167, 277]
106	19.5	[218, 54, -258, 53, -106]	[-171, -141, 184, -29, 212]	[-182, -226, 96, 33, -127]	[-3, 89, -159, 52, -111]	[143, 90, -121, -34, 226]	[-194, -15, 91, 70, 281]	[-129, 128, 11, 22, 265]	[-189, 72, -88, -160, -16]	[-180, -130, -113, 22, -17]	[-143, -25, 35, 54, -140]	[4, 188, 126, 149, -44]	[10000, 10000, 10000, 10002, 10000]	[150, -252, 134, 167, 277]
107	14.0	[218, 54, -258, 53, -106]	[-171, -140, 184, -29, 187]	[-176, -94, 98, 73, -153]	[40, 69, -176, -66, -97]	[145, 90, -121, -64, 236]	[-200, -12, 97, 70, 281]	[-132, -39, 13, 22, 265]	[-189, 72, -90, -158, -16]	[-180, -129, -122, 22, -11]	[-143, -33, 22, 53, -140]	[4, 188, 123, 156, -44]	[10000, 10000, 10000, 10006, 10000]	[150, -277, 134, 167, 277]
108	17.5	[200, 18, -261, 3, -106]	[-171, -69, -82, 25, 187]	[-177, -196, 96, 85, -195]	[-163, 60, -184, -21, -130]	[143, 90, -121, -27, 222]	[-200, -12, 90, 70, 281]	[-134, -2, 13, 22, 265]	[-189, 66, -88, -159, -16]	[-181, -128, -120, 15, -17]	[-119, -9, 3, 58, -210]	[4, 188, 95, 274, -43]	[10000, 10000, 10000, 10000, 10000]	[150, -237, 100, 167, 271]
109	13.0	[141, 32, -257, 7, -106]	[-171, -72, 131, 56, 187]	[-171, -82, 96, 72, -184]	[40, 75, -158, 67, -109]	[145, 94, -121, -31, 222]	[-196, -12, 90, 70, 281]	[-184, 90, 13, 22, 259]	[-189, 78, -89, -158, -16]	[-174, -93, -122, 7, -17]	[-139, -29, 36, 59, -140]	[4, 188, 129, 155, -44]	[10025, 10000, 10000, 10000, 10000]	[150, -252, 134, 153, 277]
110	18.0	[218, 54, -258, 53, -100]	[-171, -130, 140, -9, 187]	[-175, -110, 97, -100, -127]	[40, 144, -157, -21, -125]	[145, 87, -121, -52, 225]	[-197, -12, 89, 70, 281]	[-132, 37, 13, 22, 265]	[-189, 69, -88, -158, -16]	[-206, -111, -116, 21, -17]	[-136, -9, 21, 58, -184]	[4, 188, 101, 240, -44]	[10000, 10000, 10000, 10001, 10000]	[150, -252, 134, 161, 277]
111	16.5	[218, 54, -258, 53, -100]	[-171, -141, 184, -29, 187]	[-182, -67, 99, -100, -127]	[40, 144, -176, -66, -97]	[145, 90, -121, -74, 236]	[-197, -15, 97, 70, 281]	[-132, 131, 13, 22, 265]	[-189, 72, -86, -147, -16]	[-180, -130, -124, 22, -17]	[-143, -25, 35, 53, -140]	[4, 163, 123, 150, -44]	[10000, 10000, 10000, 10004, 10000]	[144, -244, 132, 162, 277]
112	16.5	[75, 18, -261, 3, -106]	[-171, -45, -143, 92, 187]	[-174, -233, 90, 79, -195]	[-163, 63, -157, 64, -130]	[143, 90, -121, -25, 197]	[-194, -13, 91, 70, 281]	[-183, 25, 7, 22, 265]	[-189, 144, -90, -161, -16]	[-180, -141, -114, 5, -17]	[-136, -28, 37, 58, -221]	[4, 188, 109, 248, -43]	[10000, 10000, 10000, 10000, 10000]	[150, -237, 100, 167, 271]
113	13.5	[141, 32, -257, 7, -106]	[-171, -121, 108, -3, 187]	[-174, -135, 97, -73, -188]	[40, 72, -159, 50, -109]	[145, 89, -121, -55, 222]	[-196, -9, 90, 70, 281]	[-147, 31, 13, 22, 265]	[-195, 16, -90, -164, -16]	[-180, -91, -111, 18, -17]	[-139, -28, 36, 59, -146]	[4, 188, 122, 185, -44]	[10000, 10000, 10000, 10000, 10000]	[150, -252, 134, 161, 277]
114	17.0	[218, 54, -258, 53, -106]	[-171, -140, 184, -29, 187]	[-176, -94, 98, 73, -153]	[40, 69, -176, -66, -97]	[145, 90, -121, -64, 236]	[-200, -12, 97, 70, 281]	[-132, -39, 13, 22, 265]	[-189, 72, -90, -158, -16]	[-180, -129, -122, 22, -15]	[-143, -33, 22, 53, -205]	[4, 188, 123, 156, -44]	[10000, 10000, 10000, 10006, 10000]	[150, -277, 134, 167, 277]
115	16.5	[218, 54, -258, 53, -100]	[-171, -141, 184, -29, 187]	[-178, -67, 99, -100, -127]	[40, 144, -176, -66, -97]	[145, 90, -121, -74, 235]	[-200, -14, 95, 70, 281]	[-111, 69, 13, 22, 265]	[-189, 72, -86, -149, -16]	[-180, -130, -108, 17, -17]	[-143, -25, 35, 56, -190]	[16, 188, 120, 200, -44]	[10000, 9975, 10000, 10002, 10000]	[150, -238, 121, 162, 277]
116	19.0	[218, 54, -258, 53, -106]	[-165, -140, 184, -29, 187]	[-176, -94, 98, 73, -153]	[40, 69, -176, -66, -97]	[145, 87, -121, -64, 230]	[-200, -12, 89, 70, 281]	[-132, -39, 13, 22, 265]	[-189, 72, -89, -158, -16]	[-180, -129, -122, 22, -15]	[-143, -30, 21, 57, -205]	[4, 188, 123, 236, -44]	[10000, 10000, 10000, 10004, 10000]	[150, -273, 134, 167, 277]
117	14.0	[218, 54, -258, 53, -106]	[-171, -140, 184, -29, 187]	[-176, -94, 98, 73, -153]	[40, 69, -176, -66, -97]	[145, 90, -121, -64, 236]	[-200, -12, 97, 70, 281]	[-132, -12, 13, 22, 265]	[-189, 72, -90, -159, -16]	[-180, -129, -121, 19, -16]	[-129, -33, 22, 53, -205]	[4, 188, 123, 156, -44]	[10000, 10000, 10000, 10006, 10000]	[150, -277, 134, 167, 277]
118	18.5	[218, 54, -258, 53, -106]	[-171, -140, 184, -29, 187]	[-176, -94, 98, 73, -153]	[40, 69, -176, -66, -97]	[145, 90, -121, -64, 236]	[-200, -12, 97, 70, 281]	[-132, -12, 13, 22, 265]	[-189, 72, -90, -159, -16]	[-180, -129, -121, 19, -16]	[-129, -33, 22, 53, -205]	[4, 188, 123, 156, -44]	[10000, 10000, 10000, 10006, 10000]	[150, -277, 134, 167, 277]
119	17.0	[218, 54, -258, 53, -106]	[-165, -140, 184, -29, 187]	[-176, -94, 98, 73, -153]	[40, 69, -176, -66, -97]	[145, 87, -121, -64, 230]	[-200, -12, 89, 70, 281]	[-132, -39, 13, 22, 265]	[-189, 72, -89, -158, -16]	[-180, -129, -122, 22, -15]	[-143, -30, 21, 57, -205]	[4, 188, 123, 236, -44]	[10000, 10000, 10000, 10004, 10000]	[150, -273, 134, 167, 277]
120	16.0	[218, 54, -258, 53, -106]	[-165, -140, 184, -29, 187]	[-176, -94, 98, 73, -153]	[40, 69, -176, -66, -97]	[145, 87, -121, -64, 230]	[-200, -12, 89, 70, 281]	[-132, -39, 13, 22, 265]	[-189, 72, -89, -158, -16]	[-180, -129, -122, 22, -15]	[-143, -30, 21, 57, -205]	[4, 188, 123, 236, -44]	[10000, 10000, 10000, 10004, 10000]	[150, -273, 134, 167, 277]
121	18.0	[81, 18, -261, 3, -106]	[-151, -63, -135, 92, 187]	[-170, -114, 93, 79, -195]	[-2, 71, -157, 61, -124]	[143, 90, -120, -42, 230]	[-195, -12, 89, 70, 281]	[-179, 56, 12, 22, 265]	[-189, 78, -90, -162, -16]	[-180, -132, -115, 8, -17]	[-130, -28, 25, 58, -221]	[4, 188, 111, 231, -43]	[10000, 10000, 10000, 10000, 10000]	[150, -247, 130, 167, 271]
122	20.5	[141, 32, -257, 7, -106]	[-171, -121, 108, -3, 187]	[-174, -135, 97, -73, -188]	[40, 72, -165, 50, -109]	[145, 89, -121, -55, 222]	[-196, -9, 90, 70, 281]	[-147, 31, 13, 22, 265]	[-195, 16, -90, -164, -16]	[-180, -91, -111, 18, -17]	[-139, -28, 36, 59, -146]	[4, 188, 122, 185, -44]	[10000, 10000, 10000, 10000, 10000]	[150, -252, 134, 161, 277]
123	17.0	[218, 54, -258, 53, -106]	[-171, -140, 184, -29, 187]	[-176, -94, 98, 73, -153]	[40, 69, -176, -66, -97]	[145, 90, -121, -64, 236]	[-200, -12, 97, 70, 281]	[-132, -12, 13, 22, 265]	[-189, 74, -90, -159, -16]	[-180, -129, -121, 19, -16]	[-129, -33, 22, 53, -205]	[4, 188, 123, 156, -44]	[10000, 10000, 10000, 10006, 10000]	[150, -277, 134, 167, 277]
124	17.5	[218, 46, -260, 43, -102]	[-171, -141, 139, 32, 187]	[-176, -168, 86, 64, -154]	[40, 144, -176, -66, -97]	[145, 88, -121, -71, 236]	[-197, -15, 95, 70, 281]	[-132, 131, 13, 22, 265]	[-189, 72, -86, -147, -16]	[-180, -129, -122, 22, -15]	[-143, -29, 21, 53, -140]	[4, 164, 123, 150, -44]	[10000, 10000, 10000, 10004, 10000]	[148, -255, 132, 162, 277]
125	17.5	[218, 54, -258, 53, -100]	[-171, -141, 184, -29, 187]	[-178, -67, 99, -100, -127]	[40, 144, -176, -66, -97]	[145, 90, -121, -74, 235]	[-200, -14, 95, 70, 281]	[-111, 69, 13, 22, 265]	[-189, 72, -88, -149, -16]	[-185, -130, -108, 17, -17]	[-143, -13, 33, 56, -190]	[5, 188, 118, 232, -44]	[10000, 10000, 10000, 10002, 10000]	[150, -238, 121, 162, 277]
126	17.5	[218, 54, -258, 53, -100]	[-171, -141, 184, -23, 187]	[-175, -70, 104, -100, -127]	[40, 144, -161, -39, -97]	[145, 89, -121, -74, 235]	[-198, -14, 95, 70, 281]	[-111, 68, 13, 22, 265]	[-189, 72, -86, -149, -16]	[-180, -130, -108, 17, -17]	[-143, -25, 35, 56, -190]	[16, 188, 120, 200, -44]	[10000, 9975, 10000, 10002, 10000]	[150, -238, 121, 162, 277]
127	18.0	[200, 18, -261, 3, -106]	[-171, -69, -82, 19, 187]	[-177, -196, 102, 85, -195]	[-163, 60, -184, -21, -130]	[143, 90, -121, -27, 222]	[-206, -12, 89, 70, 281]	[-133, -21, 12, 22, 265]	[-189, 68, -88, -159, -16]	[-181, -130, -121, 12, -17]	[-119, -9, 6, 57, -210]	[4, 188, 101, 274, -43]	[10000, 10000, 10000, 10000, 10000]	[150, -238, 100, 167, 271]
128	16.0	[218, 32, -260, 43, -102]	[-171, -141, 93, 76, 187]	[-176, -168, 86, 15, -154]	[40, 143, -176, -66, -97]	[145, 90, -121, -71, 234]	[-197, -12, 97, 70, 281]	[-132, 1, 13, 22, 265]	[-189, 72, -86, -147, -16]	[-180, -130, -123, 22, -17]	[-143, -25, 35, 53, -140]	[4, 163, 123, 150, -44]	[10000, 10000, 10000, 10004, 10000]	[144, -244, 132, 162, 277]
129	16.5	[200, 18, -261, 3, -106]	[-171, -69, -82, 19, 187]	[-177, -196, 102, 85, -195]	[-163, 60, -184, -21, -130]	[143, 90, -121, -27, 222]	[-206, -12, 91, 70, 281]	[-132, -23, 13, 22, 265]	[-189, 68, -88, -159, -16]	[-181, -130, -121, 16, -17]	[-123, -9, 9, 60, -205]	[4, 188, 99, 274, -43]	[10000, 10000, 10000, 10000, 10000]	[150, -237, 100, 167, 271]
130	18.0	[200, 18, -261, 3, -106]	[-171, -69, -82, 19, 187]	[-177, -196, 102, 85, -195]	[-163, 60, -184, -21, -130]	[143, 90, -121, -27, 222]	[-206, -12, 89, 70, 281]	[-133, -21, 12, 22, 265]	[-189, 68, -88, -159, -16]	[-181, -130, -121, 12, -17]	[-119, -9, 6, 57, -210]	[4, 188, 101, 274, -43]	[10000, 10000, 10000, 10000, 10000]	[150, -238, 100, 167, 271]
131	18.0	[218, 54, -258, 46, -102]	[-171, -100, -37, -29, 187]	[-177, -92, 98, 9, -127]	[40, 106, -166, -52, -101]	[145, 90, -121, -61, 226]	[-197, -15, 93, 70, 281]	[-132, 26, 10, 22, 265]	[-189, 124, -88, -148, -16]	[-180, -134, -119, 21, -17]	[-140, -26, 35, 53, -140]	[4, 164, 128, 239, -44]	[10000, 10000, 10000, 10000, 10000]	[144, -243, 119, 165, 275]
132	16.5	[141, 32, -257, 7, -106]	[-171, -121, 108, -3, 187]	[-174, -135, 97, -73, -188]	[40, 72, -165, 50, -109]	[145, 89, -121, -55, 222]	[-190, -9, 90, 70, 281]	[-147, 31, 13, 22, 265]	[-195, 16, -90, -164, -16]	[-180, -91, -111, 18, -17]	[-139, -28, 36, 59, -146]	[4, 188, 122, 185, -44]	[10000, 10000, 10000, 10000, 10000]	[150, -252, 134, 161, 277]
133	16.0	[218, 32, -260, 43, -102]	[-171, -141, 93, 76, 187]	[-176, -144, 101, 15, -154]	[40, 143, -173, -66, -97]	[145, 89, -121, -71, 234]	[-197, -12, 96, 70, 281]	[-132, 1, 13, 22, 265]	[-189, 72, -86, -147, -16]	[-180, -130, -123, 22, -17]	[-143, -25, 35, 53, -140]	[4, 163, 123, 150, -44]	[10000, 10000, 10000, 10004, 10000]	[144, -244, 132, 162, 277]
134	16.0	[218, 54, -258, 46, -102]	[-171, -100, -37, -29, 187]	[-177, -92, 98, 9, -127]	[40, 106, -166, -52, -101]	[145, 90, -121, -61, 226]	[-197, -15, 93, 70, 281]	[-132, 26, 10, 22, 265]	[-189, 124, -88, -148, -16]	[-180, -134, -119, 21, -17]	[-140, -26, 35, 53, -140]	[4, 164, 128, 239, -44]	[10000, 10000, 10000, 10000, 10000]	[144, -243, 119, 165, 275]
135	17.5	[200, 18, -261, 3, -106]	[-171, -64, -125, 19, 187]	[-177, -148, 102, 85, -195]	[-8, 60, -160, -21, -130]	[143, 90, -120, -27, 228]	[-205, -12, 89, 70, 281]	[-132, -18, 13, 22, 265]	[-183, 74, -88, -162, -16]	[-181, -130, -121, 15, -17]	[-129, -28, 21, 59, -205]	[4, 188, 112, 274, -43]	[10000, 10000, 10000, 10000, 10000]	[150, -237, 100, 167, 271]
136	14.5	[200, 18, -261, 3, -106]	[-171, -64, -125, 19, 187]	[-177, -148, 102, 85, -195]	[-8, 60, -160, -21, -130]	[143, 90, -120, -27, 228]	[-205, -12, 89, 70, 281]	[-132, -18, 13, 22, 265]	[-183, 74, -88, -162, -16]	[-181, -130, -121, 15, -17]	[-129, -28, 21, 59, -205]	[4, 188, 112, 274, -43]	[10000, 10000, 10000, 10000, 10000]	[150, -237, 100, 167, 271]
137	14.0	[200, 18, -261, 3, -106]	[-171, -64, -125, 19, 187]	[-177, -148, 102, 85, -195]	[-8, 60, -160, -21, -130]	[143, 90, -120, -27, 228]	[-205, -12, 89, 70, 281]	[-132, -18, 13, 22, 265]	[-183, 74, -88, -162, -16]	[-181, -130, -121, 15, -17]	[-129, -28, 21, 59, -205]	[4, 188, 112, 274, -43]	[10000, 10000, 10000, 10000, 10000]	[150, -237, 100, 167, 271]
138	19.0	[200, 18, -261, 3, -106]	[-171, -69, -82, 19, 187]	[-177, -196, 102, 85, -195]	[-163, 60, -184, -29, -130]	[145, 90, -121, -45, 222]	[-199, -12, 90, 70, 281]	[-133, -21, 12, 22, 265]	[-189, 68, -88, -159, -16]	[-181, -130, -120, 16, -17]	[-119, -9, 10, 56, -206]	[4, 188, 117, 198, -43]	[10000, 10000, 10000, 10000, 10000]	[150, -238, 100, 167, 271]
139	16.0	[200, 18, -261, 3, -106]	[-171, -69, -82, 19, 187]	[-177, -196, 102, 85, -195]	[-163, 60, -184, -29, -130]	[145, 90, -121, -45, 222]	[-199, -12, 90, 70, 281]	[-133, -21, 12, 22, 265]	[-189, 68, -88, -159, -16]	[-181, -130, -120, 16, -17]	[-119, -9, 10, 56, -206]	[4, 188, 117, 198, -43]	[10000, 10000, 10000, 10000, 10000]	[150, -238, 100, 167, 271]
140	17.0	[218, 54, -258, 46, -102]	[-171, -100, -37, -29, 187]	[-177, -92, 98, 9, -121]	[40, 106, -166, -52, -101]	[145, 90, -121, -61, 226]	[-197, -15, 93, 70, 281]	[-132, 26, 10, 22, 265]	[-189, 124, -88, -148, -16]	[-180, -134, -119, 21, -17]	[-140, -26, 35, 53, -140]	[4, 164, 128, 239, -44]	[10000, 10000, 10000, 10000, 10000]	[144, -243, 119, 165, 275]
141	15.0	[218, 54, -258, 46, -102]	[-171, -100, -37, -29, 187]	[-177, -92, 98, 9, -121]	[40, 106, -166, -52, -101]	[145, 90, -121, -61, 226]	[-197, -15, 93, 70, 281]	[-132, 26, 10, 22, 265]	[-189, 124, -88, -148, -16]	[-180, -134, -119, 21, -17]	[-140, -26, 35, 53, -140]	[4, 164, 128, 239, -44]	[10000, 10000, 10000, 10000, 10000]	[144, -243, 119, 165, 275]
142	18.0	[224, 54, -253, 20, -106]	[-171, -141, 68, -7, 187]	[-178, -95, 100, -73, -127]	[18, 130, -164, -66, -97]	[145, 90, -119, -48, 235]	[-200, -12, 93, 70, 281]	[-111, 69, 13, 22, 265]	[-189, 72, -89, -157, -16]	[-183, -129, -119, 18, -17]	[-143, -13, 26, 56, -190]	[4, 188, 118, 232, -44]	[10000, 10000, 10000, 10005, 10000]	[150, -238, 121, 162, 277]
143	17.0	[209, 32, -260, 43, -102]	[-171, -141, 93, 37, 187]	[-177, -182, 86, 15, -154]	[40, 96, -177, -66, -97]	[145, 90, -121, -30, 230]	[-203, -12, 97, 70, 281]	[-132, -1, 13, 22, 271]	[-189, 73, -88, -157, -16]	[-180, -104, -114, 22, -16]	[-141, -23, 32, 55, -173]	[4, 181, 123, 157, -44]	[10000, 10000, 10000, 10004, 10000]	[144, -244, 132, 162, 277]
144	17.5	[218, 54, -258, 46, -102]	[-171, -100, -37, -29, 187]	[-177, -92, 98, 9, -121]	[40, 106, -166, -52, -101]	[145, 90, -121, -61, 226]	[-197, -15, 93, 70, 281]	[-132, 26, 10, 22, 265]	[-189, 124, -88, -148, -16]	[-180, -134, -119, 21, -17]	[-140, -26, 35, 53, -140]	[4, 164, 128, 239, -44]	[10000, 10000, 10000, 10000, 10000]	[144, -243, 119, 165, 275]
145	17.0	[143, 42, -258, 22, -106]	[-171, -124, 111, -3, 187]	[-174, -135, 97, -37, -188]	[40, 70, -165, 50, -109]	[145, 90, -120, -55, 222]	[-190, -9, 90, 70, 281]	[-144, 11, 13, 22, 265]	[-195, 21, -90, -164, -16]	[-180, -91, -111, 18, -16]	[-140, -23, 32, 59, -146]	[4, 188, 123, 184, -44]	[10000, 10000, 10000, 10000, 10000]	[150, -252, 134, 162, 277]
146	18.0	[203, 51, -252, 22, -106]	[-171, -124, 111, -3, 187]	[-174, -135, 97, -37, -188]	[40, 70, -165, 50, -109]	[145, 90, -120, -55, 222]	[-190, -9, 90, 70, 281]	[-144, 11, 13, 22, 265]	[-195, 21, -90, -164, -16]	[-180, -91, -111, 18, -16]	[-140, -23, 32, 59, -146]	[4, 188, 123, 184, -44]	[10000, 10000, 10000, 10000, 10000]	[150, -252, 134, 162, 277]
147	14.0	[218, 32, -260, 43, -102]	[-171, -141, 93, 76, 187]	[-176, -168, 86, 15, -154]	[40, 112, -176, -66, -97]	[145, 90, -121, -71, 236]	[-197, -14, 95, 70, 281]	[-132, 1, 13, 22, 265]	[-189, 80, -88, -141, -16]	[-180, -129, -123, 22, -17]	[-143, -26, 31, 47, -134]	[4, 163, 123, 150, -44]	[10000, 10000, 10000, 9998, 10000]	[144, -244, 132, 162, 277]
148	16.0	[218, 32, -260, 43, -102]	[-171, -141, 93, 76, 187]	[-177, -158, 101, 15, -154]	[40, 108, -175, -66, -97]	[145, 89, -121, -30, 234]	[-202, -12, 96, 70, 281]	[-132, 1, 13, 22, 268]	[-189, 72, -86, -155, -16]	[-180, -130, -123, 22, -17]	[-143, -31, 35, 53, -140]	[4, 163, 123, 150, -44]	[10000, 10000, 10000, 10004, 10000]	[144, -244, 132, 162, 277]
149	15.5	[218, 32, -260, 43, -102]	[-171, -141, 93, 76, 187]	[-177, -158, 101, 15, -160]	[40, 108, -175, -66, -97]	[145, 89, -121, -30, 234]	[-202, -12, 96, 70, 281]	[-132, 1, 13, 22, 268]	[-189, 72, -86, -155, -16]	[-180, -130, -123, 22, -17]	[-143, -31, 35, 53, -140]	[4, 163, 123, 150, -44]	[10000, 10000, 10000, 10004, 10000]	[144, -244, 132, 162, 277]
150	18.5	[218, 32, -260, 43, -102]	[-171, -141, 93, 76, 187]	[-176, -168, 86, 15, -154]	[40, 118, -176, -66, -97]	[145, 90, -121, -71, 236]	[-197, -14, 95, 70, 281]	[-132, 1, 13, 22, 265]	[-189, 80, -88, -141, -16]	[-180, -129, -123, 22, -17]	[-143, -26, 31, 47, -134]	[4, 163, 123, 150, -44]	[10000, 10000, 10000, 9998, 10000]	[144, -244, 132, 162, 277]
151	16.5	[218, 32, -260, 43, -102]	[-171, -141, 93, 76, 187]	[-176, -168, 86, 15, -154]	[40, 118, -176, -66, -97]	[145, 90, -121, -71, 236]	[-197, -14, 95, 70, 281]	[-132, 1, 13, 22, 265]	[-189, 80, -88, -141, -16]	[-180, -129, -123, 22, -17]	[-143, -26, 31, 47, -134]	[4, 163, 123, 150, -44]	[10000, 10000, 10000, 9998, 10000]	[144, -244, 132, 162, 277]
152	17.5	[209, 32, -260, 43, -102]	[-171, -141, 93, 37, 187]	[-177, -182, 86, 15, -154]	[40, 74, -177, -66, -97]	[145, 90, -121, -38, 230]	[-203, -9, 90, 70, 281]	[-132, 14, 13, 22, 269]	[-189, 47, -95, -157, -16]	[-180, -124, -116, 21, -16]	[-143, -24, 35, 53, -176]	[4, 163, 123, 174, -44]	[10000, 10000, 10000, 10004, 10000]	[144, -244, 132, 162, 277]
153	20.0	[200, 18, -261, 3, -106]	[-171, -64, -72, 14, 187]	[-177, -150, 96, 50, -195]	[-93, 60, -160, -29, -130]	[145, 90, -121, -27, 228]	[-196, -12, 89, 70, 281]	[-132, -18, 12, 22, 265]	[-183, 76, -89, -160, -16]	[-181, -132, -121, 12, -17]	[-129, -28, 21, 59, -205]	[4, 188, 113, 245, -43]	[10000, 10000, 10000, 10000, 10000]	[150, -238, 103, 167, 271]
154	20.0	[203, 42, -257, 22, -106]	[-171, -124, 111, -3, 187]	[-174, -135, 97, -37, -188]	[40, 70, -165, 50, -109]	[145, 90, -120, -55, 222]	[-190, -9, 90, 70, 281]	[-144, 11, 13, 22, 265]	[-195, 21, -90, -164, -16]	[-180, -91, -111, 18, -16]	[-140, -23, 32, 59, -146]	[4, 188, 123, 184, -44]	[10000, 10000, 10000, 10000, 10000]	[150, -252, 134, 162, 277]
155	13.5	[214, 36, -261, 39, -106]	[-171, -64, -125, 10, 187]	[-177, -174, 98, 71, -195]	[-93, 60, -166, -29, -130]	[145, 90, -121, -61, 228]	[-196, -15, 89, 70, 281]	[-132, -18, 12, 22, 265]	[-183, 31, -90, -163, -16]	[-181, -132, -120, 12, -17]	[-135, -26, 21, 59, -205]	[4, 188, 113, 245, -43]	[10000, 10000, 10000, 10000, 10000]	[150, -238, 103, 167, 271]
156	15.5	[203, 51, -252, 22, -106]	[-171, -124, 105, -3, 187]	[-174, -135, 97, -37, -188]	[40, 70, -165, 50, -109]	[145, 90, -120, -55, 222]	[-190, -9, 90, 70, 281]	[-144, 11, 13, 22, 265]	[-195, 21, -90, -164, -16]	[-180, -91, -111, 18, -16]	[-140, -23, 32, 59, -146]	[4, 188, 123, 184, -44]	[10000, 10000, 10000, 10000, 10000]	[150, -252, 134, 162, 277]
157	18.0	[224, 46, -254, 34, -107]	[-171, -141, 81, 13, 187]	[-178, -95, 100, -71, -145]	[23, 100, -172, -66, -97]	[145, 90, -119, -59, 234]	[-200, -12, 95, 70, 281]	[-125, 9, 13, 22, 265]	[-189, 72, -89, -157, -16]	[-183, -129, -119, 18, -17]	[-143, -13, 26, 56, -190]	[4, 188, 118, 232, -44]	[10000, 10000, 10000, 10005, 10000]	[150, -238, 121, 162, 277]
158	19.0	[218, 32, -260, 43, -102]	[-171, -141, 93, 76, 187]	[-176, -168, 86, 15, -154]	[40, 118, -176, -66, -97]	[145, 90, -121, -71, 236]	[-197, -14, 95, 70, 281]	[-132, 1, 13, 22, 265]	[-189, 80, -88, -141, -16]	[-180, -129, -123, 22, -17]	[-143, -26, 31, 47, -134]	[4, 163, 123, 150, -44]	[10000, 10000, 10000, 9998, 10000]	[144, -244, 132, 162, 277]
159	19.5	[200, 18, -261, 3, -106]	[-155, -63, -128, 19, 187]	[-177, -127, 93, 85, -195]	[19, 73, -164, -61, -130]	[143, 90, -115, -31, 228]	[-205, -12, 90, 70, 281]	[-160, 5, 12, 22, 265]	[-183, 77, -89, -162, -16]	[-181, -130, -121, 15, -17]	[-129, -28, 21, 59, -213]	[4, 188, 113, 274, -43]	[10000, 10000, 10000, 10000, 10000]	[150, -237, 100, 167, 271]
160	20.0	[200, 18, -261, 3, -106]	[-171, -64, -72, 14, 187]	[-177, -150, 96, 50, -195]	[-93, 61, -161, -27, -126]	[145, 90, -121, -46, 228]	[-196, -12, 89, 70, 281]	[-132, -5, 12, 22, 265]	[-183, 76, -89, -162, -16]	[-181, -132, -121, 12, -17]	[-129, -28, 21, 59, -205]	[4, 188, 113, 245, -43]	[10000, 10000, 10000, 10000, 10000]	[150, -238, 103, 167, 271]
161	20.0	[209, 32, -260, 43, -102]	[-171, -141, 93, 37, 187]	[-177, -182, 86, 15, -154]	[40, 74, -177, -66, -97]	[145, 90, -121, -38, 230]	[-203, -9, 90, 70, 281]	[-132, 14, 13, 22, 269]	[-189, 49, -95, -155, -16]	[-180, -127, -116, 21, -16]	[-143, -37, 35, 53, -166]	[4, 163, 123, 174, -44]	[10005, 10000, 10000, 10004, 10000]	[144, -244, 132, 162, 277]
162	19.0	[209, 32, -260, 43, -102]	[-171, -141, 93, 37, 187]	[-177, -182, 86, 15, -154]	[40, 74, -177, -66, -97]	[145, 90, -121, -38, 230]	[-203, -9, 90, 70, 281]	[-132, 14, 13, 22, 269]	[-189, 49, -95, -155, -16]	[-180, -127, -116, 21, -16]	[-143, -31, 35, 53, -166]	[4, 163, 123, 174, -44]	[10005, 10000, 10000, 10004, 10000]	[144, -244, 132, 162, 277]
163	19.0	[224, 46, -254, 34, -107]	[-171, -141, 81, 13, 187]	[-178, -95, 100, -71, -145]	[23, 100, -172, -66, -97]	[145, 90, -119, -59, 234]	[-200, -12, 95, 70, 281]	[-125, 9, 13, 22, 265]	[-189, 72, -89, -157, -16]	[-183, -135, -119, 18, -17]	[-143, -13, 26, 56, -190]	[4, 188, 118, 232, -44]	[10000, 10000, 10000, 10005, 10000]	[150, -238, 121, 162, 277]
164	16.0	[200, 18, -261, 3, -106]	[-171, -64, -72, 14, 187]	[-177, -150, 96, 50, -195]	[-93, 61, -161, -27, -126]	[145, 90, -121, -46, 228]	[-196, -12, 89, 70, 281]	[-132, -5, 12, 22, 265]	[-183, 76, -89, -162, -16]	[-181, -132, -115, 12, -17]	[-129, -28, 21, 59, -205]	[4, 188, 113, 245, -43]	[10000, 10000, 10000, 10000, 10000]	[150, -238, 103, 167, 271]
165	19.0	[203, 42, -257, 22, -106]	[-171, -124, 111, -3, 187]	[-174, -135, 97, -37, -188]	[40, 70, -165, 50, -109]	[145, 90, -120, -51, 223]	[-190, -9, 94, 70, 281]	[-144, 49, 13, 22, 265]	[-190, 39, -90, -161, -16]	[-180, -114, -111, 18, -16]	[-140, -23, 33, 59, -146]	[4, 182, 123, 184, -44]	[10000, 10000, 10000, 10000, 10000]	[150, -252, 134, 162, 277]
166	14.0	[203, 42, -257, 22, -106]	[-171, -124, 111, -3, 187]	[-174, -135, 97, -37, -188]	[40, 70, -165, 50, -109]	[145, 90, -120, -51, 223]	[-190, -9, 94, 70, 281]	[-144, 49, 13, 22, 265]	[-190, 39, -90, -161, -16]	[-180, -114, -111, 18, -16]	[-140, -23, 33, 59, -146]	[4, 182, 123, 184, -44]	[10000, 10000, 10000, 10000, 10000]	[150, -252, 134, 162, 277]
167	15.5	[209, 21, -260, 43, -102]	[-171, -141, 35, 37, 187]	[-177, -182, 86, 36, -154]	[40, 74, -172, -5, -123]	[139, 90, -121, -38, 230]	[-198, -9, 90, 70, 281]	[-132, 1, 12, 22, 268]	[-189, 49, -95, -155, -16]	[-180, -127, -116, 21, -16]	[-143, -37, 35, 53, -166]	[4, 163, 123, 174, -44]	[10005, 10000, 10000, 10004, 10000]	[144, -244, 132, 162, 277]
168	16.5	[203, 42, -257, 22, -106]	[-171, -124, 111, -3, 187]	[-174, -135, 97, -37, -161]	[40, 73, -173, -32, -101]	[145, 90, -121, -43, 227]	[-190, -9, 91, 70, 281]	[-144, 44, 13, 22, 265]	[-190, 29, -90, -161, -16]	[-180, -95, -111, 18, -16]	[-140, -23, 32, 59, -146]	[4, 187, 123, 184, -44]	[10000, 10000, 10000, 10000, 10000]	[150, -252, 134, 162, 277]
169	19.0	[200, 18, -261, 3, -106]	[-155, -63, -134, 19, 187]	[-177, -127, 93, 85, -195]	[19, 73, -164, -61, -130]	[143, 90, -115, -31, 228]	[-205, -12, 90, 70, 281]	[-160, 5, 12, 22, 265]	[-183, 77, -89, -162, -16]	[-181, -130, -121, 15, -17]	[-129, -28, 21, 59, -213]	[4, 182, 113, 274, -43]	[10000, 10000, 10000, 10000, 10000]	[150, -237, 100, 167, 271]
170	18.5	[224, 46, -254, 34, -107]	[-171, -141, 81, 13, 187]	[-178, -95, 106, -71, -145]	[23, 100, -172, -66, -97]	[145, 90, -119, -59, 234]	[-200, -12, 95, 70, 281]	[-125, 9, 13, 22, 265]	[-189, 72, -89, -157, -16]	[-183, -135, -119, 18, -17]	[-143, -13, 26, 56, -190]	[4, 188, 118, 232, -44]	[10000, 10000, 10000, 10005, 10000]	[150, -238, 121, 162, 277]
171	20.0	[209, 21, -260, 43, -102]	[-171, -141, 35, 37, 187]	[-177, -182, 86, 36, -154]	[40, 74, -172, -5, -123]	[139, 90, -121, -38, 230]	[-198, -9, 90, 70, 281]	[-132, 1, 12, 22, 268]	[-189, 49, -95, -155, -16]	[-180, -127, -116, 21, -16]	[-143, -37, 35, 53, -166]	[4, 163, 123, 174, -44]	[10005, 10000, 10000, 10004, 10000]	[144, -244, 132, 162, 277]
172	18.5	[203, 42, -257, 22, -106]	[-171, -124, 111, -3, 187]	[-174, -135, 97, -37, -188]	[40, 70, -165, 50, -109]	[145, 90, -120, -51, 223]	[-190, -9, 94, 70, 281]	[-144, 49, 13, 22, 265]	[-190, 39, -90, -160, -16]	[-180, -114, -111, 18, -16]	[-140, -29, 33, 59, -146]	[4, 182, 123, 184, -44]	[10000, 10000, 10000, 10000, 10000]	[150, -252, 134, 162, 277]
173	17.5	[209, 21, -260, 43, -102]	[-171, -141, 35, 37, 187]	[-177, -182, 86, 36, -154]	[40, 74, -172, -5, -123]	[139, 90, -121, -38, 230]	[-198, -9, 90, 70, 281]	[-132, 1, 12, 22, 268]	[-189, 49, -95, -155, -16]	[-180, -127, -116, 21, -16]	[-143, -37, 35, 53, -166]	[4, 163, 123, 174, -44]	[10005, 10000, 10000, 10004, 10000]	[144, -244, 132, 162, 277]
174	20.0	[209, 32, -260, 43, -102]	[-171, -141, 93, 37, 187]	[-175, -141, 93, 12, -184]	[40, 74, -177, -30, -109]	[142, 90, -120, -44, 228]	[-201, -9, 90, 70, 281]	[-132, 14, 13, 22, 269]	[-189, 49, -92, -160, -16]	[-180, -115, -116, 21, -16]	[-143, -37, 35, 58, -147]	[4, 168, 123, 182, -44]	[10004, 10000, 10000, 10001, 10000]	[144, -244, 132, 162, 277]
175	18.5	[209, 21, -260, 43, -102]	[-171, -141, 35, 43, 187]	[-177, -182, 86, 36, -154]	[40, 74, -172, -5, -123]	[139, 90, -121, -38, 230]	[-198, -9, 90, 70, 281]	[-132, 1, 12, 22, 268]	[-189, 49, -95, -155, -16]	[-180, -127, -116, 21, -16]	[-143, -37, 35, 53, -166]	[4, 163, 123, 174, -44]	[10005, 10000, 10000, 10004, 10000]	[144, -244, 132, 162, 277]
176	16.0	[209, 21, -260, 43, -102]	[-171, -141, 35, 43, 187]	[-177, -182, 86, 36, -154]	[40, 74, -172, -5, -123]	[139, 90, -121, -38, 230]	[-198, -9, 90, 70, 281]	[-132, 1, 12, 22, 268]	[-189, 49, -95, -155, -16]	[-180, -127, -116, 21, -16]	[-143, -37, 35, 53, -166]	[4, 163, 123, 174, -44]	[10005, 10000, 10000, 10004, 10000]	[144, -244, 132, 162, 277]
177	19.0	[209, 21, -260, 43, -102]	[-171, -141, 35, 43, 187]	[-177, -182, 86, 36, -154]	[40, 74, -172, -5, -123]	[139, 90, -121, -38, 230]	[-198, -9, 90, 70, 281]	[-132, 1, 12, 22, 268]	[-189, 49, -95, -155, -16]	[-180, -127, -116, 21, -16]	[-143, -37, 35, 53, -166]	[4, 163, 123, 174, -44]	[10005, 10000, 10000, 10004, 10000]	[144, -244, 132, 162, 277]
178	19.5	[203, 42, -257, 22, -106]	[-171, -124, 111, -3, 187]	[-174, -135, 97, -37, -161]	[40, 73, -179, -32, -101]	[145, 90, -121, -43, 227]	[-190, -9, 91, 70, 281]	[-144, 44, 13, 22, 265]	[-190, 29, -90, -161, -16]	[-180, -105, -112, 18, -16]	[-140, -23, 32, 59, -146]	[4, 187, 123, 184, -44]	[10000, 10000, 10000, 10000, 10000]	[150, -252, 134, 162, 277]
179	22.0	[200, 18, -261, 3, -106]	[-155, -131, -84, 19, 187]	[-177, -166, 94, 85, -195]	[19, 73, -164, -65, -130]	[143, 90, -120, -31, 228]	[-204, -10, 93, 70, 281]	[-160, 5, 12, 22, 265]	[-183, 77, -89, -162, -16]	[-181, -130, -121, 15, -17]	[-129, -28, 21, 59, -213]	[4, 188, 113, 274, -43]	[10000, 10000, 10000, 10000, 10000]	[150, -237, 100, 167, 271]
180	12.0	[209, 32, -260, 43, -102]	[-171, -141, 93, 37, 187]	[-175, -141, 93, 12, -184]	[40, 74, -177, -30, -109]	[142, 90, -120, -44, 228]	[-201, -9, 90, 70, 281]	[-132, 14, 13, 22, 269]	[-189, 49, -92, -160, -16]	[-180, -115, -116, 21, -16]	[-143, -37, 35, 58, -147]	[4, 168, 123, 182, -44]	[10004, 10000, 10000, 10001, 9994]	[144, -244, 132, 162, 277]
181	14.5	[203, 42, -257, 22, -106]	[-171, -124, 111, -3, 187]	[-174, -135, 97, -37, -188]	[40, 70, -165, 50, -109]	[145, 90, -120, -51, 223]	[-190, -9, 94, 70, 281]	[-144, 49, 13, 22, 265]	[-190, 39, -90, -160, -16]	[-180, -114, -111, 18, -16]	[-140, -29, 33, 59, -146]	[4, 182, 123, 184, -44]	[10000, 10000, 10000, 10000, 10000]	[150, -252, 134, 162, 277]
182	20.5	[203, 42, -257, 22, -106]	[-171, -132, 77, 9, 187]	[-174, -174, 96, -29, -169]	[40, 80, -172, 5, -110]	[145, 90, -120, -42, 223]	[-190, -9, 90, 70, 281]	[-141, 37, 13, 22, 265]	[-190, 33, -92, -161, -16]	[-180, -95, -116, 18, -16]	[-140, -23, 34, 55, -161]	[4, 177, 123, 184, -44]	[10005, 10000, 10000, 10000, 10000]	[150, -252, 134, 162, 277]
183	16.0	[209, 32, -260, 43, -102]	[-171, -134, 104, 16, 187]	[-177, -160, 97, -29, -157]	[40, 74, -173, -39, -97]	[145, 90, -121, -38, 230]	[-203, -3, 90, 70, 281]	[-132, 14, 13, 22, 268]	[-189, 49, -92, -155, -16]	[-180, -112, -112, 20, -16]	[-143, -30, 33, 59, -166]	[4, 180, 123, 184, -44]	[10005, 10000, 10000, 10001, 10000]	[144, -252, 132, 162, 277]
184	15.5	[203, 42, -257, 22, -106]	[-171, -124, 111, -3, 187]	[-174, -135, 97, -37, -161]	[40, 73, -179, -32, -101]	[145, 90, -121, -43, 227]	[-190, -9, 91, 70, 281]	[-144, 44, 13, 22, 265]	[-190, 29, -90, -161, -16]	[-180, -105, -112, 18, -16]	[-140, -23, 32, 59, -146]	[4, 186, 123, 184, -44]	[10000, 10000, 10000, 10000, 10000]	[150, -252, 134, 162, 277]
185	19.5	[203, 40, -258, 22, -106]	[-171, -132, 81, 9, 187]	[-174, -168, 97, -45, -169]	[40, 94, -176, -42, -99]	[141, 90, -120, -42, 223]	[-190, -9, 90, 70, 281]	[-156, 36, 12, 22, 265]	[-190, 33, -91, -162, -16]	[-176, -126, -119, 18, -16]	[-136, -24, 24, 57, -164]	[4, 185, 114, 184, -44]	[10001, 10000, 10000, 10000, 10000]	[150, -252, 134, 162, 277]
186	18.5	[209, 32, -260, 43, -102]	[-171, -141, 93, 37, 187]	[-176, -181, 96, 12, -154]	[40, 73, -170, -7, -103]	[144, 90, -121, -51, 226]	[-198, -10, 90, 70, 281]	[-132, 14, 13, 22, 265]	[-194, 49, -95, -155, -16]	[-180, -127, -116, 21, -16]	[-149, -37, 35, 53, -166]	[4, 163, 123, 174, -44]	[10005, 10000, 10000, 10004, 10000]	[144, -244, 132, 162, 277]
187	21.5	[203, 42, -257, 22, -106]	[-171, -139, 85, 24, 187]	[-174, -160, 94, -3, -184]	[40, 78, -172, 5, -110]	[145, 90, -120, -42, 223]	[-190, -9, 90, 70, 281]	[-141, 15, 13, 22, 265]	[-190, 33, -92, -161, -16]	[-180, -95, -116, 18, -16]	[-140, -23, 34, 55, -161]	[4, 177, 123, 184, -44]	[10005, 10000, 10000, 10000, 10000]	[150, -252, 134, 162, 277]
188	18.5	[203, 40, -258, 22, -106]	[-171, -132, 81, 9, 187]	[-174, -168, 97, -45, -169]	[40, 94, -176, -42, -99]	[141, 90, -120, -42, 223]	[-190, -9, 90, 70, 281]	[-148, 5, 13, 22, 265]	[-189, 33, -91, -161, -16]	[-177, -122, -116, 18, -16]	[-140, -24, 29, 59, -154]	[4, 177, 123, 184, -50]	[10005, 10000, 10000, 10000, 10000]	[150, -252, 134, 162, 277]
189	17.5	[203, 40, -258, 22, -106]	[-171, -132, 81, 9, 187]	[-174, -168, 97, -45, -169]	[40, 94, -176, -42, -99]	[141, 90, -120, -42, 223]	[-190, -9, 90, 70, 281]	[-148, 5, 13, 22, 265]	[-189, 33, -91, -161, -16]	[-177, -122, -116, 18, -16]	[-140, -24, 29, 59, -154]	[4, 177, 123, 184, -50]	[10005, 10000, 10000, 10000, 10000]	[150, -252, 134, 162, 277]
190	15.5	[203, 40, -258, 22, -106]	[-171, -132, 81, 9, 187]	[-174, -168, 97, -45, -169]	[40, 94, -176, -42, -99]	[141, 90, -120, -42, 223]	[-190, -9, 90, 76, 281]	[-156, 36, 12, 22, 265]	[-190, 33, -91, -162, -16]	[-176, -126, -119, 18, -16]	[-136, -24, 24, 57, -164]	[4, 185, 114, 184, -44]	[10001, 10000, 10000, 10000, 10000]	[150, -252, 134, 162, 277]
191	16.5	[209, 32, -260, 43, -102]	[-171, -141, 87, 37, 187]	[-176, -181, 96, 12, -154]	[40, 73, -170, -7, -103]	[144, 90, -121, -51, 226]	[-198, -10, 90, 70, 281]	[-132, 14, 13, 22, 265]	[-194, 49, -95, -155, -16]	[-180, -127, -116, 21, -16]	[-149, -37, 35, 53, -166]	[4, 163, 123, 174, -44]	[10005, 10000, 10000, 10004, 10000]	[144, -244, 132, 162, 277]
192	15.5	[203, 42, -257, 22, -106]	[-171, -124, 109, -3, 187]	[-174, -135, 98, -10, -175]	[-38, 65, -166, 16, -109]	[145, 90, -120, -55, 222]	[-190, -6, 90, 70, 281]	[-132, 6, 13, 22, 268]	[-195, 23, -97, -164, -16]	[-180, -91, -113, 19, -16]	[-140, -29, 32, 59, -146]	[4, 171, 123, 190, -44]	[10000, 10000, 9994, 10000, 10000]	[150, -252, 132, 162, 277]
193	15.5	[203, 42, -257, 22, -106]	[-171, -139, 85, 24, 187]	[-174, -160, 94, -3, -184]	[40, 78, -172, 5, -110]	[145, 90, -120, -42, 223]	[-190, -9, 90, 70, 281]	[-141, 15, 13, 22, 265]	[-190, 33, -92, -161, -16]	[-179, -104, -116, 18, -16]	[-140, -23, 33, 56, -161]	[-2, 176, 123, 185, -44]	[10005, 10000, 10000, 10000, 10000]	[150, -252, 134, 162, 277]
194	15.5	[203, 40, -260, 22, -106]	[-171, -132, 84, 9, 187]	[-174, -172, 96, -16, -169]	[40, 74, -173, -42, -106]	[141, 90, -121, -46, 223]	[-190, -7, 90, 70, 281]	[-148, 13, 13, 22, 265]	[-189, 47, -97, -161, -16]	[-177, -122, -112, 18, -16]	[-142, -23, 26, 59, -151]	[4, 173, 123, 184, -44]	[10005, 10006, 10000, 10001, 10000]	[150, -252, 134, 162, 277]
195	14.0	[203, 40, -258, 22, -106]	[-171, -132, 81, 9, 187]	[-174, -168, 97, -45, -169]	[40, 94, -176, -42, -99]	[141, 90, -120, -42, 223]	[-190, -9, 90, 76, 281]	[-156, 36, 12, 22, 265]	[-190, 33, -91, -162, -16]	[-176, -126, -119, 18, -16]	[-136, -24, 24, 57, -164]	[4, 185, 114, 184, -44]	[10001, 10000, 10000, 10000, 10000]	[150, -252, 134, 162, 277]
196	18.5	[203, 40, -260, 22, -106]	[-171, -132, 84, 9, 187]	[-174, -172, 96, -16, -169]	[40, 74, -173, -42, -106]	[141, 90, -121, -46, 223]	[-190, -7, 90, 70, 281]	[-148, 13, 13, 22, 265]	[-189, 47, -97, -161, -16]	[-177, -122, -112, 18, -16]	[-142, -23, 26, 59, -151]	[4, 173, 123, 184, -44]	[10005, 10006, 10000, 10001, 10000]	[150, -252, 134, 162, 277]
197	17.5	[206, 35, -259, 31, -102]	[-171, -132, 81, 15, 187]	[-174, -166, 95, -10, -176]	[40, 83, -177, -39, -99]	[141, 90, -120, -42, 223]	[-190, -9, 90, 70, 281]	[-139, 23, 13, 22, 265]	[-190, 33, -91, -161, -16]	[-176, -100, -116, 18, -16]	[-140, -23, 34, 55, -161]	[4, 177, 123, 184, -44]	[10005, 10000, 10000, 10000, 10000]	[150, -252, 134, 162, 277]
198	17.0	[203, 40, -260, 22, -106]	[-171, -132, 84, 9, 187]	[-174, -172, 96, -16, -169]	[40, 74, -173, -42, -106]	[141, 90, -121, -46, 223]	[-190, -7, 90, 70, 281]	[-148, 13, 13, 22, 265]	[-189, 47, -97, -161, -16]	[-177, -122, -112, 18, -16]	[-142, -23, 26, 59, -151]	[4, 173, 123, 184, -44]	[10005, 10006, 10000, 10001, 10000]	[150, -252, 134, 162, 277]
199	17.5	[203, 40, -258, 22, -106]	[-171, -132, 81, 9, 187]	[-174, -168, 97, -45, -169]	[40, 94, -176, -42, -99]	[141, 90, -120, -42, 223]	[-190, -9, 90, 70, 281]	[-148, 5, 13, 22, 265]	[-189, 33, -91, -161, -16]	[-177, -109, -116, 18, -16]	[-140, -24, 34, 59, -154]	[4, 177, 123, 184, -45]	[10005, 10000, 10000, 10000, 10000]	[150, -252, 134, 162, 277]
