generation	fitness	corner	c	a1	a2	b1	b2	b3	x	o1	o2	wp	ww	we
200	18.0	[203, 40, -260, 22, -106]	[-171, -132, 84, 9, 187]	[-174, -172, 96, -16, -169]	[40, 74, -173, -42, -106]	[141, 90, -121, -46, 223]	[-190, -7, 90, 70, 281]	[-148, 13, 38, 22, 265]	[-189, 47, -97, -161, -16]	[-177, -122, -112, 18, -16]	[-142, -23, 26, 59, -151]	[4, 173, 123, 184, -44]	[10005, 10006, 10000, 10001, 10000]	[150, -252, 134, 162, 277]
201	12.0	[-52, 145, -34, -41, -81]	[117, -247, -114, 212, 7]	[-101, -27, 66, -96, 88]	[53, -110, -30, 83, -102]	[107, -137, -213, 177, -35]	[-86, -61, 29, -95, -134]	[-216, 170, -61, 35, 226]	[130, -115, -2, 37, -169]	[-175, 50, 31, -171, 16]	[160, 11, -188, -205, 25]	[279, 90, 214, 5, 233]	[10000, 10001, 10024, 10000, 10006]	[-203, 179, 233, 162, -80]
202	17.0	[125, -28, -50, -40, -262]	[138, -219, -37, -36, -2]	[18, -124, -22, -46, -200]	[-165, 146, -278, -208, -173]	[111, -124, -67, 37, -203]	[-26, -77, -18, -106, 143]	[45, 110, -5, 168, -51]	[-10, -232, -140, -102, -184]	[82, 45, -126, -91, -160]	[213, -54, 14, -236, -84]	[-211, 80, 96, 180, 14]	[10006, 10003, 10000, 9997, 10000]	[283, 221, 196, 289, 245]
203	15.5	[203, 40, -260, 22, -106]	[-171, -132, 84, 3, 187]	[-174, -172, 96, -68, -155]	[40, -40, -81, 75, -106]	[141, 90, -159, 120, 1]	[-190, -7, 90, -27, -24]	[-148, 13, 38, 22, 265]	[-189, 53, -97, -161, -16]	[-177, -122, -112, 18, -16]	[-142, -23, 26, 59, -151]	[4, 173, 123, 184, -44]	[10005, 10006, 10000, 10001, 10000]	[150, -252, 134, 162, 277]
204	15.0	[-52, 145, -34, -41, -81]	[117, -247, -114, 212, 7]	[-101, -27, 66, -96, 88]	[53, -110, -30, 83, -102]	[107, -137, -213, 177, -35]	[-86, -61, 29, -95, -134]	[-216, 170, -61, 35, 226]	[130, -115, -2, 37, -169]	[-175, 50, 31, -171, 16]	[160, 11, -188, -205, 25]	[279, 90, 214, 5, 233]	[10000, 10001, 10024, 10000, 10006]	[-203, 179, 233, 162, -80]
205	15.0	[125, -28, -50, -40, -262]	[118, -212, -37, -36, -2]	[18, -124, 73, -57, -200]	[-165, 146, -278, -208, -173]	[105, -124, -67, 37, -203]	[-26, -77, -18, -106, 143]	[45, 110, -5, 168, -51]	[-10, -232, -140, -102, -184]	[82, 45, -126, -91, -160]	[213, -54, 14, -236, -84]	[-211, 80, 96, 180, 14]	[10006, 10003, 10000, 9997, 10000]	[283, 221, 196, 289, 245]
206	16.0	[203, 40, -258, 22, -100]	[-171, -132, 81, 9, 187]	[-174, -168, 97, -45, -169]	[40, 85, -173, -42, -106]	[141, 90, -121, -40, 223]	[-195, -7, 90, 70, 281]	[-148, 13, 13, 22, 265]	[-189, 47, -97, -161, -16]	[-177, -122, -112, 18, -16]	[-142, -23, 26, 59, -151]	[4, 173, 123, 184, -44]	[10005, 10000, 10000, 10001, 10000]	[175, -252, 134, 162, 277]
207	15.0	[-52, 145, -34, -41, -81]	[117, -182, -114, 206, 1]	[-101, -27, 66, -91, 80]	[53, -134, 21, -31, -110]	[109, -140, -178, 138, 45]	[241, 4, 19, -122, -82]	[-220, 33, -22, 156, 225]	[130, 132, -80, -81, 6]	[268, -109, -219, -137, 16]	[149, 10, -148, -21, 24]	[279, 79, 228, 92, 232]	[10000, 10000, 10000, 10000, 10000]	[-203, 183, 233, 159, 17]
208	17.0	[203, 40, -260, 22, -106]	[-171, -132, 84, 9, -136]	[-174, -172, 96, -1, -169]	[40, 74, 48, -73, -120]	[141, 90, -125, -19, 176]	[-190, -56, 5, -55, 161]	[-148, 13, 18, 146, 201]	[-189, 53, -142, -52, -16]	[-177, -212, -185, -84, -106]	[-142, -23, -186, 59, -49]	[2, 146, 123, 184, -44]	[10005, 10001, 9999, 10000, 10000]	[150, 133, 136, 162, 277]
209	30.5	[203, 193, 45, 119, -115]	[-156, -93, -116, 9, -136]	[-174, -16, 17, -1, -169]	[40, 61, 35, -73, -120]	[157, -36, -30, -19, 176]	[-155, 6, -3, 17, 146]	[-148, 13, 18, 146, 201]	[-189, 53, -142, -52, -16]	[-177, -212, -185, -84, -106]	[-142, -23, -186, 59, -49]	[2, 146, 123, 184, -44]	[10005, 10001, 9999, 10000, 10000]	[150, 133, 136, 162, 277]
210	25.5	[203, 193, 45, 119, -115]	[-156, -93, -116, 9, -136]	[-174, -16, 17, -1, -169]	[40, 61, 35, -73, -120]	[157, -36, -30, -19, 176]	[-155, 6, -3, 17, 146]	[-148, 13, 18, 146, 201]	[-189, 53, -142, -52, -16]	[-177, -212, -185, -84, -106]	[-142, -23, -186, 59, -49]	[2, 146, 123, 184, -44]	[10005, 10001, 9999, 10000, 10000]	[150, 133, 136, 162, 277]
211	20.5	[203, 193, 45, 119, -115]	[-156, -93, -116, 9, -136]	[-174, -16, 17, -1, -169]	[46, 61, 35, -73, -120]	[157, -36, -30, -19, 176]	[-155, 6, -3, 17, 146]	[-148, 13, 18, 146, 201]	[-189, 53, -142, -52, -16]	[-177, -212, -185, -84, -106]	[-142, -23, -186, 59, -49]	[2, 146, 123, 184, -44]	[10005, 10001, 9999, 10000, 10000]	[150, 133, 136, 162, 277]
212	19.0	[203, 193, 45, 119, -115]	[-156, -93, -116, 9, -136]	[-174, -16, 17, -1, -169]	[46, 61, 35, -73, -120]	[157, -36, -30, -19, 176]	[-155, 6, -3, 17, 146]	[-148, 13, 18, 146, 201]	[-189, 53, -142, -52, -16]	[-177, -212, -185, -84, -106]	[-142, -23, -186, 59, -49]	[2, 146, 123, 184, -44]	[10005, 10001, 9999, 10000, 10000]	[150, 133, 136, 162, 277]
213	30.5	[203, 193, 45, 119, -115]	[-156, -93, -116, 9, -136]	[-174, -16, 17, -1, -169]	[46, 61, 35, -73, -120]	[157, -36, -30, -19, 176]	[-155, 6, -3, 17, 146]	[-148, 13, 18, 146, 201]	[-189, 53, -142, -52, -16]	[-177, -212, -185, -110, -98]	[66, 10, -181, -5, -49]	[2, 146, 123, 161, -44]	[10005, 10001, 9999, 10000, 10000]	[150, 133, 136, 162, 277]
214	20.5	[203, 193, 45, 119, -115]	[-156, -93, -116, 9, -136]	[-174, -16, 17, -1, -169]	[46, 61, 35, -73, -120]	[157, -36, -30, -19, 176]	[-155, 6, -3, 17, 146]	[-148, 13, 18, 146, 201]	[-189, 53, -142, -52, -16]	[-177, -212, -185, -110, -98]	[66, 10, -181, -5, -49]	[2, 146, 123, 161, -44]	[10005, 10001, 9999, 10000, 10000]	[150, 133, 136, 162, 277]
215	26.0	[203, 193, -60, 42, -115]	[-156, -93, -116, 9, -136]	[-174, -16, 17, -33, -169]	[40, 84, 5, -57, -116]	[157, -82, -73, -18, 176]	[-155, -3, 22, 17, 146]	[-148, 13, 15, 97, 201]	[-189, 48, -122, -52, -16]	[-177, -208, -139, -37, -106]	[-142, -23, -75, 59, -49]	[2, 148, 123, 184, -44]	[10005, 10001, 9999, 10000, 10006]	[150, 133, 136, 162, 277]
216	23.0	[203, 40, -260, 22, -106]	[-171, -134, 72, 9, -136]	[-174, -172, 84, -34, -169]	[40, 74, -213, -15, -160]	[141, 90, -127, -27, 176]	[-190, -56, 65, -40, 129]	[-148, 13, 18, 43, 205]	[-189, 53, -142, -52, -16]	[-177, -212, -134, -84, -106]	[-142, 3, -171, 59, -49]	[2, 146, 118, 184, -44]	[10005, 10001, 9999, 9999, 10000]	[150, 133, 136, 162, 277]
217	24.0	[203, 193, -60, 42, -115]	[-156, -93, -116, 9, -136]	[-174, -16, 17, -33, -169]	[40, 84, 5, -57, -116]	[157, -82, -73, -18, 176]	[-155, -3, 22, 17, 146]	[-148, 13, 15, 97, 201]	[-189, 48, -122, -52, -16]	[-177, -208, -139, -37, -106]	[-142, -23, -75, 59, -49]	[2, 148, 123, 184, -44]	[10005, 10001, 9999, 10000, 10006]	[150, 133, 136, 162, 277]
218	25.0	[203, 193, -60, 42, -115]	[-156, -93, -116, 9, -136]	[-174, -16, 17, -33, -169]	[40, 84, 5, -57, -116]	[157, -82, -73, -18, 176]	[-155, -3, 22, 17, 146]	[-148, 13, 15, 97, 201]	[-189, 48, -122, -52, -16]	[-177, -208, -139, -37, -106]	[-142, -23, -75, 59, -49]	[2, 148, 123, 184, -44]	[10005, 10001, 9999, 10000, 10006]	[150, 133, 136, 162, 277]
219	25.0	[203, 193, 45, 119, -115]	[-156, -93, -116, 9, -136]	[-174, -16, 17, -1, -169]	[46, 61, 35, -73, -120]	[157, -36, -30, -19, 176]	[-155, 6, -3, 17, 146]	[-148, 13, 18, 146, 201]	[-189, 53, -142, -52, -16]	[-177, -212, -185, -110, -98]	[66, 10, -181, -5, -49]	[2, 146, 123, 161, -44]	[10005, 10001, 9999, 10000, 10000]	[150, 133, 136, 162, 277]
220	25.0	[197, 193, 45, 119, -115]	[-156, -93, -116, 9, -136]	[-174, -16, 17, -1, -46]	[46, 61, 33, -37, -120]	[143, -61, -51, -19, 176]	[-155, 6, -3, 17, 146]	[-148, 13, 18, 146, 201]	[-189, 53, -142, -52, -16]	[-177, -212, -185, -84, -106]	[-142, -23, -186, 59, -49]	[2, 146, 123, 184, -44]	[10005, 10001, 9999, 10000, 10000]	[150, 133, 136, 162, 277]
221	25.0	[197, 193, 45, 119, -115]	[-156, -93, -116, 9, -136]	[-174, -16, 17, -1, -46]	[46, 61, 33, -37, -120]	[143, -61, -51, -19, 176]	[-155, 6, -3, 17, 146]	[-148, 13, 18, 146, 201]	[-189, 53, -142, -52, -16]	[-177, -212, -185, -84, -106]	[-142, -23, -186, 59, -49]	[2, 146, 123, 184, -44]	[10005, 10001, 9999, 10000, 10000]	[150, 133, 136, 162, 277]
222	22.0	[203, 40, -260, 22, -106]	[100, -171, -24, -23, 187]	[-174, -172, 72, -49, -194]	[38, 84, -22, 4, -170]	[141, 90, -137, 7, 136]	[-174, -7, 5, -30, -24]	[-148, 13, 8, 149, 133]	[-189, 53, -123, -130, -16]	[-177, -150, -185, -9, -82]	[-142, -23, 18, 46, -151]	[4, 173, 123, 184, -44]	[10005, 10006, 10000, 10001, 10000]	[150, -153, 136, 162, 277]
223	28.0	[203, 193, -60, 42, -115]	[-156, -93, -116, 9, -136]	[-174, -16, 17, -33, -169]	[40, 84, 5, -57, -116]	[157, -82, -73, -18, 176]	[-155, -3, 22, 17, 146]	[-148, 13, 15, 97, 201]	[-189, 48, -122, -46, -16]	[-177, -208, -139, -37, -106]	[-142, -23, -178, 59, -49]	[2, 147, 123, 184, -44]	[10005, 10001, 9999, 10000, 10006]	[150, 133, 136, 162, 277]
224	27.0	[203, 193, 45, 119, -115]	[-156, -93, -116, 9, -136]	[-174, -16, 17, -1, -169]	[46, 61, 35, -73, -120]	[157, -36, -30, -19, 176]	[-155, 6, -3, 17, 146]	[-148, 13, 18, 146, 201]	[-189, 53, -142, -52, -16]	[-177, -212, -185, -110, -98]	[66, 10, -181, -5, -49]	[2, 146, 123, 161, -44]	[10005, 10001, 9999, 10000, 10000]	[150, 133, 136, 162, 277]
225	26.0	[203, 193, -60, 42, -115]	[-156, -93, -116, 9, -136]	[-174, -16, 17, -33, -169]	[40, 84, 5, -57, -116]	[157, -82, -73, -18, 176]	[-155, -3, 22, 17, 146]	[-148, 13, 15, 97, 201]	[-189, -35, -122, -46, -16]	[-177, -208, -144, -38, -112]	[-142, -23, -178, 59, -49]	[2, 147, 123, 184, -44]	[10005, 10001, 9999, 10000, 10006]	[150, 133, 136, 162, 277]
226	29.0	[197, 193, 45, 119, -115]	[-156, -93, -116, 9, -136]	[-174, -16, 17, -1, -169]	[46, 61, 35, -73, -120]	[157, -36, -30, -19, 176]	[-155, 6, -3, 17, 146]	[-148, 13, 9, 146, 201]	[-25, 53, -142, -52, -16]	[-177, -212, -204, -111, -106]	[-142, -16, -178, -10, -17]	[136, 121, 123, 184, -44]	[10005, 10001, 9999, 10000, 10000]	[150, 133, 136, 162, 277]
227	27.5	[197, 193, 45, 119, -115]	[-156, -93, -116, 9, -136]	[-174, -16, 17, -1, -169]	[46, 61, 35, -73, -120]	[157, -36, -30, -19, 176]	[-155, 6, -3, 17, 146]	[-148, 13, 9, 146, 201]	[-25, 53, -142, -52, -16]	[-177, -212, -204, -111, -106]	[-142, -16, -178, -10, -17]	[136, 121, 123, 184, -44]	[10005, 10001, 9999, 10000, 10000]	[150, 133, 136, 162, 277]
228	25.0	[203, 193, 45, 119, -115]	[-156, -93, -116, 9, -136]	[-174, -16, 17, -6, -169]	[45, 64, 35, -73, -120]	[157, -57, -36, -19, 176]	[-155, 1, 10, 17, 146]	[-148, 13, 16, 135, 201]	[-189, 53, -142, -47, -16]	[-177, -210, -176, -66, -104]	[17, -17, -159, 14, -49]	[-4, 147, 123, 161, -44]	[10005, 10001, 9999, 10000, 10003]	[150, 133, 136, 162, 277]
229	23.5	[197, 193, 45, 119, -115]	[-156, -93, -116, 9, -136]	[-174, -16, 17, -1, -169]	[46, 61, 35, -73, -120]	[157, -36, -30, -19, 176]	[-155, 6, -3, 17, 146]	[-148, 13, 9, 146, 201]	[-25, 53, -142, -52, -16]	[-177, -212, -204, -111, -106]	[-142, -16, -178, -10, -17]	[136, 121, 123, 184, -44]	[10005, 10001, 9999, 10000, 10000]	[150, 133, 136, 162, 277]
230	24.0	[203, 40, -260, 22, -106]	[-171, -140, 21, 35, -135]	[-174, -172, 78, -38, -169]	[40, 74, -213, -15, -160]	[141, 90, -127, -27, 176]	[-190, -56, 67, -53, 129]	[34, 38, 18, 43, 205]	[-189, 53, -142, -59, -24]	[-177, -212, -129, -88, -106]	[-136, -8, -124, -59, -66]	[-84, 141, 115, 182, -41]	[10005, 10003, 9999, 9999, 10000]	[144, 160, 156, 211, 277]
231	27.0	[203, 40, -260, 22, -106]	[-171, -140, 21, 35, -135]	[-174, -172, 78, -38, -169]	[40, 74, -213, -15, -160]	[141, 90, -127, -27, 176]	[-190, -56, 67, -53, 129]	[34, 38, 18, 43, 205]	[-189, 53, -142, -59, -24]	[-177, -212, -129, -88, -106]	[-136, -8, -124, -59, -66]	[-84, 141, 115, 182, -41]	[10005, 10003, 9999, 9999, 10000]	[144, 160, 156, 211, 277]
232	28.0	[203, 193, -66, 42, -115]	[-156, -93, -116, 9, -136]	[-174, -16, 17, -33, -169]	[40, 84, 5, -57, -116]	[157, -82, -73, -18, 176]	[-155, -3, 22, 17, 146]	[-148, 13, 8, 97, 201]	[-189, -35, -130, -52, -16]	[-177, -208, -161, -71, -112]	[-142, -23, -178, 59, -49]	[2, 142, 114, 184, -44]	[10005, 10002, 9999, 10000, 10012]	[150, 133, 136, 162, 277]
233	29.5	[203, 193, 45, 119, -115]	[-156, -93, -116, 9, -136]	[-174, -16, 17, -6, -169]	[45, 64, 35, -67, -120]	[157, -56, -51, -19, 176]	[-155, -1, 20, 17, 146]	[-148, 13, 16, 111, 201]	[-189, 53, -142, -51, -16]	[-177, -212, -159, -87, -104]	[17, -17, -120, 29, -49]	[-4, 147, 123, 161, -44]	[10005, 10001, 9999, 10000, 10003]	[150, 133, 136, 162, 277]
234	26.5	[203, 193, 45, 119, -115]	[-156, -93, -116, 9, -136]	[-174, -16, 17, -6, -169]	[45, 64, 35, -67, -120]	[157, -56, -51, -19, 176]	[-155, -1, 20, 17, 146]	[-148, 13, 16, 111, 201]	[-189, 53, -142, -51, -16]	[-177, -212, -159, -87, -104]	[17, -17, -120, 29, -49]	[-4, 147, 123, 161, -44]	[10005, 10001, 9999, 10000, 10003]	[150, 133, 136, 162, 277]
235	26.0	[197, 193, 45, 119, -115]	[-156, -93, -116, 9, -136]	[-174, -16, 17, -1, -169]	[46, 61, 35, -73, -120]	[157, -36, -30, -19, 176]	[-155, 6, -3, 17, 140]	[-148, 13, 9, 146, 201]	[-159, 53, -134, -60, -16]	[-177, -212, -188, -111, -90]	[-142, -16, -62, 0, -134]	[58, 132, 123, 184, -44]	[10005, 10001, 9999, 10000, 10000]	[150, 133, 136, 162, 277]
236	26.5	[203, 193, 45, 119, -115]	[-156, -93, -116, 9, -136]	[-174, -16, 17, -6, -169]	[45, 64, 35, -73, -120]	[157, -57, -36, -19, 176]	[-155, 1, 10, 17, 146]	[-148, 19, 16, 135, 201]	[-189, 53, -142, -47, -16]	[-177, -210, -176, -66, -104]	[17, -8, -142, 8, -49]	[-4, 147, 123, 161, -44]	[10005, 10001, 9999, 10000, 10003]	[150, 133, 136, 162, 277]
237	29.0	[197, 193, 45, 119, -115]	[-156, -93, -116, 9, -136]	[-174, -16, 17, -1, -169]	[46, 61, 35, -73, -120]	[157, -36, -30, -19, 176]	[-155, 6, -3, 17, 140]	[-148, 13, 9, 146, 201]	[-159, 53, -134, -60, -16]	[-177, -212, -188, -111, -90]	[-142, -16, -62, 0, -134]	[58, 132, 123, 184, -44]	[10005, 10001, 9999, 10000, 10000]	[150, 133, 136, 162, 277]
238	23.5	[203, 193, 45, 119, -115]	[-156, -93, -116, 9, -136]	[-174, -16, 17, -6, -169]	[45, 64, 35, -73, -120]	[157, -36, -35, -19, 176]	[-155, 3, -2, 17, 142]	[-148, 13, 18, 135, 201]	[-189, 53, -142, -52, -22]	[-177, -212, -168, -61, -104]	[-87, -21, -159, 29, -49]	[-4, 147, 118, 175, -44]	[10005, 10001, 9999, 10000, 10003]	[150, 144, 140, 182, 277]
239	28.5	[197, 193, 45, 119, -115]	[-156, -93, -116, 9, -136]	[-174, -16, 17, -1, -169]	[46, 61, 35, -73, -120]	[157, -36, -30, -19, 176]	[-155, 6, -3, 17, 140]	[-148, 13, 9, 146, 201]	[-159, 53, -134, -60, -16]	[-177, -212, -188, -111, -90]	[-142, -16, -62, 0, -134]	[58, 132, 123, 184, -44]	[10005, 10001, 9999, 10000, 10000]	[150, 133, 136, 162, 277]
240	23.0	[203, 193, 45, 119, -115]	[-156, -93, -116, 9, -136]	[-174, -16, 17, -6, -169]	[45, 64, 35, -67, -120]	[157, -56, -51, -19, 176]	[-155, -1, 20, 17, 146]	[-148, 13, 16, 111, 201]	[-189, 53, -142, -51, -16]	[-177, -212, -159, -87, -104]	[17, -17, -120, 29, -49]	[-4, 147, 123, 161, -44]	[10005, 10001, 9999, 10000, 10003]	[150, 133, 136, 162, 277]
241	24.5	[197, 193, 45, 119, -115]	[-156, -93, -116, 9, -136]	[-174, -16, 17, -1, -46]	[46, 66, 13, -54, -120]	[143, -80, -51, -19, 176]	[-155, 6, -3, 17, 146]	[-148, 13, 18, 146, 201]	[-189, 53, -142, -52, -16]	[-177, -212, -185, -84, -106]	[-142, -23, -186, 53, -49]	[2, 146, 123, 184, -44]	[10005, 10001, 9999, 9994, 10000]	[150, 133, 136, 162, 277]
242	27.5	[203, 193, 45, 119, -115]	[-156, -93, -116, 9, -136]	[-174, -16, 17, -6, -169]	[45, 64, 35, -73, -120]	[157, -57, -36, -19, 176]	[-155, 1, 10, 17, 146]	[-148, 19, 16, 135, 201]	[-189, 53, -142, -47, -16]	[-177, -210, -176, -66, -104]	[17, -8, -142, 8, -49]	[-4, 147, 123, 161, -44]	[10005, 10001, 9999, 10000, 10003]	[150, 133, 136, 162, 277]
243	27.0	[197, 193, 45, 119, -115]	[-156, -93, -116, 9, -136]	[-174, -16, 17, -27, -167]	[46, 61, 33, -37, -119]	[143, -61, -51, -18, 176]	[-155, -2, -3, 17, 146]	[-148, 13, 18, 146, 201]	[-189, 53, -126, -46, -16]	[-177, -208, -160, -83, -106]	[-142, -23, -186, 53, -49]	[2, 146, 123, 184, -44]	[10005, 10001, 9999, 9994, 9994]	[150, 133, 136, 162, 277]
244	25.0	[197, 193, 45, 119, -115]	[-156, -93, -116, 9, -136]	[-174, -16, 17, -1, -169]	[46, 61, 35, -67, -120]	[157, -36, -30, -19, 176]	[-155, 6, -3, 17, 140]	[-148, 13, 9, 146, 201]	[-159, 53, -134, -60, -16]	[-177, -212, -188, -111, -90]	[-142, -16, -62, 0, -134]	[58, 132, 123, 184, -44]	[10005, 10001, 9999, 10000, 10000]	[150, 133, 136, 162, 277]
245	25.5	[203, 193, 45, 119, -115]	[-156, -93, -116, 9, -136]	[-174, -16, 17, -6, -169]	[46, 61, 35, -73, -120]	[157, -36, -35, -19, 176]	[-155, 3, -2, 17, 142]	[-148, 13, 18, 135, 201]	[-195, 53, -142, -52, -22]	[-177, -212, -168, -111, -104]	[-87, -21, -159, 29, -49]	[-4, 147, 118, 175, -44]	[10005, 10001, 9999, 10000, 10003]	[150, 144, 140, 182, 283]
246	26.0	[203, 193, -60, 42, -115]	[-156, -93, -116, 13, -135]	[-174, -106, 17, -18, -66]	[40, 79, 8, -57, -118]	[157, -70, -73, -19, 176]	[-170, -3, 33, 17, 146]	[-148, 13, 15, 97, 201]	[-189, 48, -122, -46, -16]	[-177, -208, -139, -37, -106]	[-142, -23, -178, 65, -49]	[2, 147, 123, 184, -44]	[10005, 10001, 9999, 10000, 10006]	[150, 133, 136, 162, 277]
247	28.5	[203, 193, 45, 119, -115]	[-156, -93, -116, 9, -136]	[-174, -16, 17, -6, -169]	[46, 61, 35, -73, -120]	[157, -36, -35, -19, 176]	[-155, 3, -2, 17, 142]	[-148, 13, 18, 135, 201]	[-195, 53, -142, -52, -22]	[-177, -212, -168, -111, -104]	[-87, -21, -159, 29, -49]	[-4, 147, 118, 175, -44]	[10005, 10001, 9999, 10000, 10003]	[150, 144, 140, 182, 283]
248	25.5	[203, 193, 45, 119, -115]	[-156, -93, -116, 9, -136]	[-174, -16, 17, -6, -169]	[46, 61, 35, -73, -120]	[157, -36, -35, -19, 176]	[-155, 3, -2, 17, 142]	[-148, 13, 18, 135, 201]	[-195, 53, -142, -52, -22]	[-177, -212, -168, -111, -104]	[-87, -21, -159, 29, -49]	[-4, 147, 118, 175, -44]	[10005, 10001, 9999, 10000, 10003]	[150, 144, 140, 182, 283]
249	24.0	[197, 193, 45, 119, -115]	[-156, -93, -116, 9, -136]	[-174, -16, 17, -1, -46]	[46, 66, 13, -54, -120]	[143, -80, -51, -19, 176]	[-155, 6, -3, 17, 146]	[-148, 13, 18, 146, 201]	[-189, 53, -142, -52, -16]	[-177, -212, -185, -84, -106]	[-142, -23, -186, 53, -49]	[2, 146, 123, 184, -44]	[10005, 10001, 9999, 9994, 10000]	[150, 133, 136, 162, 277]
250	25.0	[209, 193, 45, 119, -115]	[-156, -93, -116, 9, -136]	[-174, -16, 17, -6, -169]	[45, 64, 35, -67, -120]	[157, -56, -51, -19, 176]	[-161, -1, 20, 17, 146]	[-148, 13, 16, 111, 201]	[-189, 53, -142, -51, -16]	[-177, -212, -159, -87, -104]	[17, -17, -120, 29, -49]	[-4, 147, 123, 161, -44]	[10005, 10001, 9999, 10000, 10003]	[150, 133, 136, 162, 277]
251	27.5	[209, 193, 45, 119, -115]	[-156, -93, -116, 9, -136]	[-174, -16, 17, -6, -169]	[45, 64, 35, -67, -120]	[157, -56, -51, -19, 176]	[-155, -1, 20, 17, 146]	[-148, 13, 16, 111, 201]	[-189, 53, -142, -51, -16]	[-177, -211, -159, -77, -104]	[17, -17, -120, 35, -49]	[-4, 147, 123, 161, -44]	[10005, 10001, 9999, 10000, 10003]	[150, 133, 136, 162, 277]
252	33.5	[197, 193, 45, 119, -115]	[-156, -93, -116, 3, -136]	[-174, -16, 17, -27, -167]	[46, 61, 35, -63, -119]	[143, -61, -51, -19, 176]	[-155, -1, 11, 17, 146]	[-148, 13, 16, 124, 201]	[-189, 53, -142, -46, -16]	[-177, -211, -184, -80, -109]	[-142, -17, -186, 53, -49]	[2, 146, 123, 184, -44]	[10005, 10001, 9999, 9994, 10000]	[150, 133, 136, 162, 277]
253	26.5	[203, 193, 45, 119, -115]	[-156, -93, -116, 9, -136]	[-174, -10, 17, -6, -169]	[46, 61, 35, -73, -120]	[157, -36, -35, -19, 176]	[-155, 3, -2, 17, 142]	[-148, 13, 18, 135, 201]	[-195, 53, -142, -52, -22]	[-177, -212, -168, -117, -104]	[-87, -21, -159, 29, -49]	[-4, 147, 118, 175, -44]	[10005, 10001, 9999, 10000, 10003]	[150, 144, 140, 182, 283]
254	29.0	[209, 193, 45, 119, -115]	[-156, -93, -116, 9, -136]	[-174, -16, 17, -6, -169]	[45, 64, 35, -67, -120]	[157, -56, -51, -19, 176]	[-161, -1, 20, 17, 146]	[-148, 13, 16, 111, 201]	[-189, 53, -142, -51, -16]	[-177, -212, -159, -87, -104]	[17, -17, -120, 29, -49]	[-4, 147, 123, 161, -44]	[10005, 10001, 9999, 10000, 10003]	[150, 133, 136, 162, 277]
255	26.5	[203, 193, 45, 119, -115]	[-156, -93, -116, 9, -136]	[-174, -10, 17, -6, -169]	[46, 61, 35, -73, -120]	[157, -36, -35, -19, 176]	[-155, 3, -2, 17, 142]	[-148, 13, 18, 135, 201]	[-195, 53, -142, -52, -22]	[-177, -212, -168, -117, -104]	[-87, -21, -159, 29, -49]	[-4, 147, 118, 175, -44]	[10005, 10001, 9999, 10000, 10003]	[150, 144, 140, 182, 283]
256	29.0	[197, 193, 45, 119, -115]	[-156, -93, -116, 9, -136]	[-174, -16, 17, -27, -167]	[46, 64, 33, -37, -119]	[143, -58, -51, -19, 176]	[-155, -1, 15, 17, 145]	[-148, 13, 17, 131, 201]	[-189, 53, -126, -47, -16]	[-177, -208, -160, -83, -106]	[10, -21, -164, 29, -49]	[2, 146, 123, 184, -44]	[10005, 10001, 9999, 9994, 10001]	[150, 133, 136, 162, 277]
257	28.0	[209, 193, 45, 119, -115]	[-156, -93, -116, 9, -136]	[-174, -16, 17, -6, -169]	[45, 64, 35, -67, -120]	[157, -56, -51, -19, 176]	[-161, -1, 20, 17, 146]	[-148, 13, 16, 111, 201]	[-189, 53, -142, -51, -16]	[-171, -212, -159, -87, -104]	[17, -17, -120, 29, -49]	[-4, 147, 123, 161, -44]	[10005, 10001, 9999, 10000, 10003]	[150, 133, 136, 162, 277]
258	26.5	[197, 193, 45, 119, -115]	[-156, -93, -116, 9, -136]	[-174, -16, 17, -1, -46]	[46, 66, 13, -54, -120]	[143, -80, -51, -19, 176]	[-155, 6, -3, 17, 146]	[-148, 13, 18, 146, 201]	[-189, 53, -142, -52, -16]	[-177, -212, -185, -84, -106]	[-142, -23, -186, 53, -49]	[2, 146, 123, 184, -44]	[10005, 10001, 9999, 9994, 10000]	[150, 133, 136, 162, 277]
259	24.5	[209, 193, 45, 119, -115]	[-156, -93, -116, 9, -136]	[-174, -16, 17, -6, -169]	[45, 64, 35, -67, -120]	[157, -56, -51, -19, 176]	[-155, -1, 20, 17, 146]	[-148, 13, 16, 111, 201]	[-189, 53, -142, -51, -16]	[-177, -211, -159, -77, -104]	[17, -17, -120, 35, -49]	[-4, 147, 123, 161, -44]	[10005, 10001, 9999, 10000, 10003]	[150, 133, 136, 162, 277]
260	24.0	[197, 193, 45, 119, -115]	[-156, -93, -116, 9, -136]	[-174, -16, 17, -1, -46]	[46, 66, 13, -54, -120]	[143, -80, -51, -19, 176]	[-155, 6, -3, 17, 146]	[-148, 13, 18, 146, 201]	[-189, 53, -142, -52, -16]	[-177, -212, -185, -84, -106]	[-142, -23, -186, 53, -49]	[2, 146, 123, 184, -44]	[10005, 10001, 9999, 9994, 10000]	[150, 133, 136, 162, 277]
261	30.0	[203, 193, -60, 42, -115]	[-156, -93, -116, 13, -135]	[-174, -44, 17, -6, -133]	[40, 79, 18, -60, -118]	[151, -33, -71, -19, 176]	[-165, -1, 18, 17, 146]	[-148, 13, 15, 108, 201]	[-189, 53, -137, -58, -16]	[-177, -211, -139, -37, -106]	[3, -18, -147, 36, -49]	[2, 147, 123, 173, -44]	[10005, 10001, 9999, 10000, 10006]	[150, 133, 136, 162, 277]
262	25.0	[197, 193, 45, 119, -115]	[-156, -93, -116, 9, -136]	[-174, -36, 17, -1, -46]	[46, 66, 12, -58, -120]	[143, -80, -51, -19, 176]	[-155, 6, -3, 17, 146]	[-148, 13, 13, 146, 201]	[-189, 53, -142, -53, -16]	[-177, -212, -185, -84, -106]	[-142, -23, -186, 53, -49]	[2, 146, 123, 184, -44]	[10005, 10001, 9999, 9994, 10000]	[150, 133, 136, 162, 277]
263	26.0	[197, 193, 45, 119, -115]	[-156, -93, -116, 3, -136]	[-174, -16, 17, -27, -167]	[46, 61, 35, -63, -119]	[143, -61, -51, -19, 176]	[-155, -1, 11, 17, 146]	[-148, 13, 16, 124, 201]	[-189, 53, -141, -46, -16]	[-177, -209, -183, -43, -106]	[-142, -17, -181, 64, -49]	[2, 147, 123, 184, -44]	[10005, 10001, 9999, 9994, 10006]	[150, 133, 136, 162, 277]
264	25.0	[197, 193, 45, 119, -115]	[-156, -93, -116, 9, -136]	[-174, -16, 17, -27, -167]	[46, 64, 33, -37, -119]	[143, -58, -51, -19, 176]	[-161, -1, 15, 17, 145]	[-148, 13, 17, 131, 201]	[-189, 53, -126, -47, -16]	[-177, -208, -160, -83, -106]	[10, -21, -164, 29, -49]	[2, 146, 123, 184, -44]	[10005, 10001, 9999, 9994, 10001]	[150, 133, 136, 162, 277]
265	27.5	[209, 193, 45, 119, -115]	[-156, -93, -116, 9, -136]	[-174, -16, 48, -26, -169]	[45, 64, 33, -43, -120]	[152, -60, -51, -19, 176]	[-155, -1, 8, 17, 146]	[-148, 13, 17, 111, 201]	[-189, 53, -142, -51, -16]	[-177, -211, -159, -77, -104]	[17, -17, -120, 35, -49]	[-4, 147, 123, 161, -44]	[10005, 10001, 9999, 10000, 10003]	[150, 133, 136, 162, 277]
266	27.0	[209, 193, 45, 119, -115]	[-156, -93, -116, 9, -136]	[-174, -16, 17, -6, -169]	[45, 64, 35, -67, -120]	[157, -56, -51, -19, 176]	[-155, -1, 20, 17, 146]	[-148, 13, 16, 111, 201]	[-189, 53, -142, -51, -16]	[-177, -211, -159, -79, -105]	[-66, -17, -120, 35, -49]	[-1, 146, 123, 180, -44]	[10005, 10001, 9999, 10000, 10003]	[150, 133, 136, 162, 277]
267	30.0	[197, 193, 45, 119, -115]	[-156, -93, -116, 3, -136]	[-174, -16, 17, -1, -46]	[46, 61, 9, -61, -120]	[143, -70, -51, -19, 176]	[-169, 6, -3, 17, 146]	[-148, 13, 16, 141, 201]	[-189, 53, -122, -49, -16]	[-177, -209, -168, -40, -106]	[-142, -23, -174, 57, -49]	[2, 146, 123, 184, -44]	[10005, 10001, 9999, 9994, 10000]	[150, 133, 136, 162, 271]
268	26.0	[209, 193, 45, 119, -115]	[-156, -93, -116, 9, -136]	[-174, -16, 17, -6, -169]	[45, 64, 35, -67, -120]	[157, -56, -51, -19, 176]	[-155, -1, 20, 17, 146]	[-148, 13, 16, 111, 201]	[-189, 53, -142, -51, -16]	[-177, -211, -159, -79, -105]	[-66, -17, -120, 35, -49]	[-1, 146, 123, 180, -44]	[10005, 10001, 9999, 10000, 10003]	[150, 133, 136, 162, 277]
269	28.5	[209, 193, 45, 119, -115]	[-156, -93, -116, 9, -136]	[-174, -16, 17, -6, -169]	[45, 64, 35, -67, -120]	[157, -56, -51, -19, 176]	[-155, -1, 20, 17, 146]	[-148, 13, 16, 111, 201]	[-189, 53, -142, -51, -16]	[-177, -211, -159, -79, -105]	[-66, -17, -120, 35, -49]	[-1, 146, 123, 180, -44]	[10005, 10001, 9999, 10000, 10003]	[150, 133, 136, 162, 277]
270	28.5	[197, 193, 45, 119, -115]	[-156, -93, -116, 9, -136]	[-174, -16, 17, -1, -46]	[46, 66, 13, -54, -120]	[143, -80, -51, -19, 176]	[-155, 6, -3, 17, 146]	[-148, 13, 11, 146, 201]	[-189, 53, -142, -52, -16]	[-177, -212, -203, -110, -106]	[-142, -18, -184, 4, -49]	[2, 137, 123, 184, -44]	[10005, 10001, 9999, 9996, 10000]	[150, 133, 136, 162, 277]
271	28.0	[197, 193, 45, 119, -115]	[-156, -93, -116, 9, -136]	[-174, -16, 17, -27, -167]	[46, 64, 33, -37, -119]	[143, -58, -51, -19, 176]	[-161, -1, 15, 17, 145]	[-148, 13, 17, 131, 201]	[-189, 53, -126, -47, -16]	[-177, -208, -160, -83, -106]	[10, -21, -164, 29, -49]	[2, 146, 123, 184, -44]	[10005, 10001, 9999, 9994, 10001]	[150, 133, 136, 162, 277]
272	30.5	[209, 193, 45, 119, -115]	[-156, -99, -116, 9, -136]	[-174, -16, 48, -26, -169]	[45, 64, 33, -43, -120]	[152, -60, -51, -19, 176]	[-155, -1, 8, 17, 146]	[-148, 13, 17, 105, 201]	[-189, 53, -142, -51, -16]	[-177, -211, -159, -77, -104]	[17, -17, -120, 35, -49]	[-4, 147, 123, 161, -44]	[10005, 10001, 9999, 10000, 10003]	[150, 133, 136, 162, 277]
273	26.5	[209, 193, 45, 119, -115]	[-156, -93, -116, 9, -136]	[-174, -18, 17, -6, -169]	[43, 65, 14, -67, -120]	[157, -56, -51, -19, 176]	[-155, -1, 20, 17, 146]	[-148, 13, 16, 111, 201]	[-189, 53, -142, -51, -16]	[-177, -211, -159, -79, -105]	[-66, -17, -120, 35, -49]	[-1, 146, 123, 180, -44]	[10005, 10001, 9999, 10000, 10003]	[150, 133, 136, 162, 277]
274	30.5	[197, 193, 45, 119, -115]	[-156, -93, -116, 9, -136]	[-174, -16, 17, -27, -167]	[46, 64, 33, -37, -119]	[143, -58, -51, -19, 176]	[-161, -1, 15, 17, 145]	[-148, 13, 17, 131, 201]	[-189, 53, -126, -47, -16]	[-177, -208, -160, -83, -106]	[10, -21, -164, 29, -49]	[2, 146, 123, 184, -44]	[10005, 10001, 9999, 9994, 10001]	[150, 133, 136, 162, 271]
275	26.0	[209, 193, 45, 119, -115]	[-156, -93, -116, 9, -136]	[-174, -16, 14, -6, -169]	[45, 64, 35, -67, -120]	[157, -56, -51, -19, 176]	[-161, -1, 20, 17, 146]	[-148, 13, 16, 111, 201]	[-189, 53, -142, -51, -16]	[-171, -212, -159, -87, -104]	[17, -17, -120, 29, -49]	[-4, 147, 123, 161, -44]	[10005, 10001, 9999, 10000, 10003]	[150, 133, 136, 162, 277]
276	31.0	[207, 193, 43, 57, -115]	[-156, -99, -116, 9, -135]	[-174, -36, 34, -26, -169]	[45, 68, 25, -54, -120]	[151, -57, -53, -19, 176]	[-156, -1, 8, 17, 146]	[-148, 13, 17, 108, 201]	[-189, 53, -139, -51, -16]	[-177, -211, -149, -45, -105]	[17, -17, -120, 35, -49]	[-4, 147, 123, 161, -44]	[10005, 10001, 9999, 10000, 10003]	[150, 133, 136, 162, 277]
277	27.5	[197, 193, 45, 119, -115]	[-156, -93, -122, 9, -136]	[-174, -16, 17, -1, -46]	[46, 66, 13, -54, -120]	[143, -80, -51, -19, 176]	[-155, 6, -3, 17, 146]	[-148, 13, 11, 146, 201]	[-189, 53, -136, -52, -16]	[-177, -212, -203, -110, -106]	[-142, -18, -184, 4, -49]	[2, 137, 123, 184, -44]	[10005, 10001, 9999, 9996, 10000]	[150, 133, 136, 162, 277]
278	34.0	[209, 193, 45, 119, -115]	[-156, -93, -116, 9, -136]	[-174, -16, 14, -6, -169]	[45, 64, 35, -67, -120]	[157, -56, -51, -19, 176]	[-161, -1, 20, 17, 146]	[-148, 13, 16, 111, 201]	[-189, 53, -142, -51, -16]	[-171, -212, -159, -87, -104]	[17, -17, -120, 29, -49]	[-4, 147, 123, 161, -44]	[10005, 10001, 9999, 10000, 10003]	[150, 133, 136, 162, 277]
279	27.0	[209, 193, 45, 119, -115]	[-156, -93, -116, 9, -136]	[-174, -16, 14, -6, -169]	[45, 64, 35, -67, -120]	[157, -56, -51, -19, 176]	[-161, -1, 20, 17, 146]	[-148, 13, 16, 111, 201]	[-189, 53, -142, -51, -16]	[-171, -212, -159, -87, -104]	[17, -17, -120, 29, -49]	[-4, 147, 123, 161, -44]	[10005, 10001, 9999, 10000, 10003]	[150, 133, 136, 162, 277]
280	24.0	[207, 193, 43, 57, -115]	[-156, -99, -116, 9, -135]	[-174, -36, 34, -26, -169]	[45, 74, 25, -54, -120]	[151, -57, -53, -19, 176]	[-156, -1, 8, 17, 146]	[-148, 13, 17, 108, 201]	[-189, 53, -139, -51, -16]	[-177, -211, -149, -45, -105]	[17, -17, -120, 35, -49]	[-4, 147, 123, 161, -44]	[10005, 10001, 9999, 10000, 10003]	[150, 133, 136, 162, 277]
281	30.5	[197, 193, 45, 119, -115]	[-156, -93, -116, 9, -136]	[-174, -10, 17, -1, -46]	[46, 65, 13, -54, -120]	[143, -80, -51, -19, 176]	[-155, 1, -6, 17, 146]	[-148, 13, 11, 146, 201]	[-189, 53, -142, -46, -16]	[-177, -212, -203, -110, -106]	[-142, -18, -184, 4, -49]	[2, 137, 123, 184, -44]	[10005, 10001, 9999, 9996, 10000]	[150, 133, 136, 162, 277]
282	28.5	[209, 193, 45, 119, -115]	[-156, -93, -116, 9, -136]	[-174, -16, 14, -6, -169]	[45, 65, 34, -67, -120]	[151, -62, -56, -19, 176]	[-161, 0, 8, 17, 146]	[-148, 13, 16, 111, 201]	[-189, 53, -142, -51, -16]	[-171, -212, -159, -87, -104]	[17, -17, -120, 29, -49]	[-4, 147, 123, 167, -44]	[10005, 10001, 9999, 10000, 10003]	[150, 133, 136, 162, 277]
283	25.5	[203, 193, -60, 42, -115]	[-156, -93, -116, 13, -129]	[-174, -44, 17, -6, -133]	[41, 76, 12, -60, -118]	[151, -47, -70, -19, 182]	[-165, -1, 13, 17, 146]	[-148, 13, 16, 108, 201]	[-189, 53, -128, -53, -16]	[-177, -211, -139, -37, -106]	[-119, -23, -150, 41, -49]	[2, 147, 123, 184, -44]	[10005, 10001, 9999, 9999, 10006]	[150, 133, 136, 162, 272]
284	26.5	[207, 193, 43, 57, -115]	[-156, -105, -116, 9, -135]	[-174, -36, 34, -26, -169]	[45, 74, 25, -54, -120]	[151, -57, -53, -19, 176]	[-156, -1, 8, 17, 146]	[-148, 13, 17, 108, 201]	[-189, 53, -139, -51, -16]	[-177, -211, -149, -45, -105]	[17, -17, -120, 35, -49]	[-4, 147, 123, 161, -44]	[10005, 10001, 9999, 10000, 10003]	[150, 133, 136, 162, 277]
285	27.0	[197, 193, 45, 119, -115]	[-156, -93, -116, 9, -136]	[-174, -16, 17, -27, -167]	[46, 64, 33, -37, -119]	[143, -58, -51, -19, 176]	[-161, -1, 15, 17, 151]	[-148, 13, 17, 131, 201]	[-189, 53, -126, -47, -16]	[-177, -208, -160, -83, -106]	[10, -21, -164, 29, -49]	[2, 146, 123, 184, -44]	[10005, 10001, 9999, 9994, 10001]	[150, 133, 136, 162, 271]
286	28.5	[209, 193, 45, 119, -115]	[-156, -94, -116, 9, -136]	[-174, -31, 22, -12, -138]	[45, 64, 27, -59, -118]	[151, -50, -53, -19, 176]	[-161, -1, 8, 17, 146]	[-148, 13, 15, 123, 201]	[-189, 53, -139, -51, -16]	[-177, -211, -159, -76, -106]	[15, -17, -123, 35, -49]	[-4, 147, 123, 161, -44]	[10005, 10001, 9999, 10000, 10003]	[150, 133, 136, 162, 277]
287	30.0	[209, 193, 45, 119, -115]	[-156, -93, -110, 9, -136]	[-174, -37, 15, -2, -169]	[46, 65, 31, -67, -120]	[151, -63, -59, -19, 176]	[-161, 0, 3, 17, 146]	[-148, 13, 14, 145, 201]	[-195, 53, -138, -48, -16]	[-174, -212, -159, -104, -105]	[17, -17, -129, 30, -49]	[-4, 147, 123, 169, -44]	[10005, 10001, 9999, 10000, 10003]	[150, 133, 136, 162, 277]
288	25.0	[203, 193, -60, 42, -115]	[-156, -93, -116, 13, -135]	[-174, -44, 17, -6, -133]	[41, 76, 12, -60, -118]	[152, -50, -58, -19, 176]	[-165, -1, 18, 17, 146]	[-148, 13, 15, 123, 201]	[-189, 53, -134, -50, -16]	[-177, -210, -155, -55, -106]	[-70, -18, -129, 41, -49]	[2, 147, 123, 173, -44]	[10005, 10001, 9999, 10000, 10006]	[150, 133, 136, 162, 277]
289	30.5	[209, 193, 45, 119, -109]	[-156, -93, -113, 9, -136]	[-174, -21, 14, -6, -169]	[46, 65, 32, -67, -120]	[151, -63, -57, -19, 176]	[-161, 0, 7, 17, 146]	[-148, 13, 14, 138, 201]	[-193, 53, -142, -48, -16]	[-174, -212, -159, -100, -105]	[17, -17, -123, 30, -49]	[-4, 147, 123, 169, -44]	[10005, 10001, 9999, 10000, 10003]	[150, 133, 136, 162, 277]
290	28.5	[197, 193, 45, 119, -115]	[-156, -93, -116, 9, -136]	[-174, -16, 17, -27, -167]	[46, 64, 33, -37, -119]	[143, -58, -51, -19, 176]	[-161, 1, 8, 17, 151]	[-148, 13, 16, 144, 201]	[-189, 53, -140, -47, -16]	[-177, -208, -160, -83, -106]	[10, -21, -164, 29, -49]	[2, 146, 123, 184, -44]	[10005, 10001, 9999, 9994, 10001]	[150, 133, 136, 162, 271]
291	27.0	[209, 193, 45, 119, -115]	[-158, -93, -116, 9, -136]	[-174, -17, 17, -6, -169]	[43, 65, 22, -61, -114]	[157, -38, -51, -19, 176]	[-155, -1, 14, 17, 146]	[-148, 13, 16, 116, 200]	[-189, 53, -142, -51, -16]	[-174, -212, -159, -80, -105]	[-66, -17, -121, 32, -49]	[-1, 146, 123, 176, -44]	[10005, 10001, 9999, 9998, 10003]	[150, 133, 136, 162, 277]
292	32.0	[209, 193, 45, 119, -109]	[-156, -93, -110, 9, -136]	[-174, -37, 15, -2, -169]	[45, 65, 31, -67, -120]	[156, -56, -58, -19, 176]	[-161, 0, 3, 17, 146]	[-148, 13, 14, 145, 201]	[-195, 53, -138, -48, -16]	[-174, -212, -159, -104, -105]	[17, -17, -129, 30, -49]	[-4, 147, 123, 169, -44]	[10005, 10001, 9999, 10000, 10003]	[150, 133, 136, 162, 277]
293	28.0	[207, 193, 43, 57, -115]	[-156, -105, -116, 9, -135]	[-174, -23, 30, -14, -169]	[45, 65, 17, -56, -120]	[151, -46, -50, -19, 176]	[-156, -1, 15, 17, 146]	[-148, 13, 15, 110, 200]	[-189, 53, -140, -51, -16]	[-177, -211, -149, -45, -105]	[17, -17, -120, 35, -49]	[-4, 147, 123, 161, -44]	[10007, 10001, 9999, 10000, 10003]	[150, 133, 136, 162, 277]
294	27.0	[197, 193, 45, 119, -115]	[-156, -93, -116, 9, -136]	[-174, -10, 17, -1, -46]	[46, 65, 13, -54, -120]	[143, -80, -51, -19, 176]	[-155, 1, -6, 17, 146]	[-148, 13, 11, 146, 201]	[-189, 53, -142, -46, -16]	[-177, -212, -203, -110, -100]	[-142, -18, -184, 4, -49]	[2, 137, 123, 184, -44]	[10005, 10001, 9999, 9996, 10000]	[150, 133, 136, 162, 277]
295	32.0	[209, 193, 45, 119, -115]	[-158, -93, -116, 9, -136]	[-174, -17, 17, -6, -169]	[43, 65, 22, -61, -114]	[157, -38, -51, -19, 176]	[-155, -1, 14, 17, 146]	[-148, 13, 16, 116, 200]	[-189, 53, -142, -51, -16]	[-174, -212, -159, -80, -105]	[-66, -17, -121, 32, -49]	[-1, 146, 123, 176, -44]	[10005, 10001, 9999, 9998, 10003]	[150, 133, 136, 162, 277]
296	29.5	[209, 193, 39, 119, -115]	[-156, -93, -116, 9, -136]	[-174, -24, 16, -6, -169]	[45, 69, 34, -64, -120]	[151, -57, -58, -18, 178]	[-157, 0, 5, 17, 146]	[-148, 13, 17, 111, 201]	[-189, 53, -142, -51, -16]	[-171, -212, -159, -86, -106]	[17, -17, -120, 29, -49]	[-4, 147, 123, 167, -44]	[10005, 10001, 9999, 10000, 10003]	[150, 133, 136, 162, 277]
297	27.0	[209, 193, 45, 119, -109]	[-156, -93, -110, 3, -136]	[-174, -37, 15, -2, -169]	[45, 65, 31, -67, -120]	[156, -56, -58, -19, 176]	[-161, 0, 3, 17, 146]	[-148, 13, 14, 145, 201]	[-195, 53, -138, -48, -16]	[-180, -212, -159, -104, -105]	[17, -17, -129, 30, -49]	[-4, 147, 123, 169, -44]	[10005, 10001, 9999, 10000, 10003]	[150, 133, 136, 162, 277]
298	25.5	[207, 193, 43, 57, -115]	[-156, -105, -116, 9, -135]	[-174, -17, 30, -14, -169]	[45, 68, 17, -57, -120]	[152, -46, -47, -19, 176]	[-159, -1, 14, 17, 146]	[-148, 13, 15, 108, 201]	[-189, 53, -141, -52, -16]	[-177, -211, -149, -45, -105]	[17, -23, -136, 35, -49]	[-4, 147, 123, 161, -44]	[10011, 10001, 9999, 10000, 10003]	[150, 133, 136, 162, 277]
299	31.0	[197, 193, 45, 119, -115]	[-162, -93, -116, 9, -136]	[-174, -10, 17, -1, -46]	[46, 65, 19, -54, -120]	[143, -80, -51, -19, 176]	[-155, 1, -6, 17, 146]	[-148, 13, 11, 146, 201]	[-189, 53, -142, -46, -16]	[-177, -212, -203, -110, -100]	[-142, -18, -184, 4, -49]	[2, 137, 123, 184, -44]	[10005, 10001, 9999, 9996, 10000]	[150, 133, 136, 162, 277]
300	29.0	[197, 193, 45, 119, -115]	[-162, -93, -116, 9, -136]	[-174, -10, 17, -1, -46]	[46, 90, 19, -54, -120]	[143, -80, -51, -19, 176]	[-155, 1, -6, 17, 146]	[-148, 13, 11, 146, 201]	[-189, 53, -142, -46, -16]	[-177, -212, -203, -110, -100]	[-142, -18, -184, 4, -49]	[2, 137, 123, 184, -44]	[10005, 10001, 9999, 9996, 10000]	[150, 133, 136, 162, 277]
301	24.0	[197, 193, 45, 119, -115]	[-162, -93, -116, 9, -136]	[-174, -10, 17, -1, -46]	[46, 90, 19, -54, -120]	[143, -80, -51, -19, 176]	[-155, 1, -6, 17, 146]	[-148, 13, 11, 146, 201]	[-189, 53, -142, -46, -16]	[-177, -212, -203, -110, -100]	[-142, -18, -184, 4, -49]	[2, 137, 123, 184, -44]	[10005, 10001, 9999, 9996, 10000]	[150, 133, 136, 162, 277]
302	29.5	[209, 168, 39, 119, -115]	[-156, -93, -116, 9, -136]	[-174, -24, 28, -6, -169]	[45, 68, 21, -58, -120]	[151, -57, -50, -18, 178]	[-157, 0, 5, 17, 146]	[-148, 13, 17, 111, 201]	[-189, 53, -142, -51, -16]	[-171, -212, -159, -86, -106]	[17, -17, -120, 32, -49]	[-4, 144, 123, 173, -44]	[10005, 10001, 9999, 10000, 10003]	[150, 133, 136, 162, 277]
303	24.5	[209, 193, 45, 119, -109]	[-156, -93, -113, 9, -136]	[-174, -21, 14, -31, -169]	[46, 65, 32, -67, -120]	[151, -63, -57, -19, 176]	[-161, 0, 7, 17, 146]	[-148, 13, 14, 138, 201]	[-193, 53, -142, -48, -16]	[-174, -212, -159, -100, -105]	[17, -17, -123, 30, -49]	[-4, 147, 123, 169, -44]	[10005, 10001, 9999, 10000, 10003]	[150, 133, 136, 162, 277]
304	26.0	[209, 193, 45, 119, -115]	[-158, -93, -116, 9, -136]	[-174, -17, 17, -7, -169]	[43, 65, 22, -61, -120]	[157, -38, -51, -19, 176]	[-155, -1, 14, 17, 146]	[-148, 13, 16, 116, 200]	[-189, 53, -117, -51, -16]	[-174, -212, -159, -80, -105]	[-66, -17, -120, 33, -49]	[-1, 146, 123, 168, -44]	[10005, 10001, 9999, 9998, 10003]	[150, 139, 136, 162, 277]
305	31.0	[209, 193, 45, 119, -109]	[-156, -93, -113, 11, -140]	[-174, -37, 15, -2, -169]	[41, 71, 20, -67, -120]	[154, -49, -59, -19, 176]	[-161, 0, 4, 17, 146]	[-148, 13, 11, 135, 201]	[-195, 53, -138, -48, -16]	[-178, -211, -159, -101, -105]	[17, -17, -134, 36, -49]	[-1, 141, 123, 165, -44]	[10006, 10001, 9999, 10000, 10003]	[150, 133, 136, 162, 277]
306	25.5	[197, 193, 45, 119, -115]	[-162, -93, -116, 9, -136]	[-174, -10, 17, -1, -46]	[46, 90, 19, -54, -120]	[143, -80, -51, -19, 176]	[-155, 1, -6, 17, 146]	[-148, 13, 11, 146, 201]	[-189, 53, -142, -46, -16]	[-177, -212, -203, -110, -100]	[-142, -18, -184, 4, -49]	[2, 137, 123, 184, -44]	[10005, 10001, 9999, 9996, 10000]	[150, 133, 136, 162, 277]
307	25.5	[209, 193, 45, 119, -109]	[-156, -93, -113, 11, -140]	[-174, -37, 15, -2, -169]	[41, 71, 20, -67, -120]	[154, -49, -59, -19, 176]	[-161, 0, 4, 17, 146]	[-148, 13, 11, 135, 201]	[-195, 53, -138, -48, -16]	[-178, -211, -159, -101, -105]	[17, -17, -134, 36, -49]	[-1, 141, 123, 165, -44]	[10006, 10001, 9999, 10000, 10003]	[150, 133, 136, 162, 277]
308	28.0	[207, 193, 43, 57, -115]	[-156, -105, -116, 9, -135]	[-174, -17, 30, -14, -169]	[45, 68, 17, -57, -120]	[127, -46, -47, -19, 176]	[-158, 0, 10, 17, 146]	[-148, 13, 17, 108, 201]	[-189, 53, -141, -52, -16]	[-177, -211, -149, -45, -105]	[17, -18, -136, 35, -49]	[-4, 144, 123, 161, -44]	[10011, 10001, 9999, 10000, 10003]	[150, 133, 136, 162, 277]
309	26.0	[209, 193, 39, 119, -115]	[-156, -93, -116, 9, -136]	[-174, -23, 30, -6, -169]	[45, 69, 29, -61, -120]	[151, -57, -58, -18, 178]	[-163, 0, 5, 17, 146]	[-148, 13, 17, 111, 201]	[-189, 53, -142, -51, -16]	[-171, -212, -159, -86, -106]	[17, -42, -120, 29, -49]	[-4, 141, 123, 167, -44]	[10005, 10001, 9999, 10000, 10003]	[150, 133, 136, 162, 277]
310	27.5	[209, 168, 39, 119, -115]	[-156, -93, -116, 9, -136]	[-174, -24, 28, -6, -169]	[45, 68, 21, -58, -120]	[151, -57, -50, -18, 178]	[-163, 0, 5, 17, 146]	[-148, 13, 17, 111, 201]	[-189, 53, -142, -51, -16]	[-171, -212, -159, -86, -106]	[17, -17, -120, 32, -49]	[-4, 144, 123, 173, -44]	[10005, 10001, 9999, 10000, 10003]	[150, 133, 136, 162, 277]
311	34.0	[209, 168, 39, 119, -115]	[-156, -93, -116, 9, -136]	[-174, -24, 28, -6, -169]	[45, 68, 21, -58, -120]	[151, -57, -50, -18, 178]	[-163, 0, 5, 17, 146]	[-148, 13, 17, 111, 201]	[-189, 53, -142, -51, -16]	[-171, -212, -159, -86, -106]	[17, -17, -120, 32, -49]	[-4, 144, 123, 173, -44]	[10005, 10001, 9999, 10000, 10003]	[150, 133, 136, 162, 277]
312	31.0	[207, 193, 43, 57, -115]	[-156, -105, -116, 9, -135]	[-174, -17, 30, -14, -169]	[45, 68, 17, -57, -120]	[127, -46, -47, -19, 176]	[-152, 0, 10, 17, 146]	[-148, 13, 17, 108, 201]	[-189, 53, -141, -52, -16]	[-177, -211, -149, -45, -105]	[17, -18, -136, 35, -49]	[-4, 144, 123, 161, -44]	[10011, 10001, 9999, 10000, 10003]	[150, 133, 136, 168, 277]
313	29.0	[209, 193, 45, 119, -109]	[-156, -93, -113, 9, -136]	[-174, -21, 14, -6, -169]	[46, 65, 32, -67, -120]	[146, -64, -59, -19, 176]	[-161, 0, 7, 17, 146]	[-148, 13, 11, 138, 201]	[-192, 53, -140, -48, -16]	[-174, -211, -165, -101, -106]	[17, -17, -123, 30, -49]	[-4, 147, 123, 169, -44]	[10005, 10001, 9999, 10000, 9978]	[150, 133, 136, 162, 277]
314	30.0	[209, 193, 18, 100, -115]	[-158, -103, -116, 9, -136]	[-174, -17, 17, -6, -169]	[45, 65, 22, -61, -114]	[157, -41, -51, -19, 176]	[-155, -1, 14, 17, 146]	[-148, 13, 16, 110, 200]	[-189, 53, -142, -51, -16]	[-174, -212, -159, -80, -105]	[-66, -17, -123, 34, -49]	[-2, 147, 123, 168, -44]	[10005, 10001, 9999, 9998, 10003]	[150, 133, 136, 162, 277]
315	28.0	[209, 193, 45, 119, -109]	[-156, -93, -113, 9, -136]	[-174, -21, 14, -6, -169]	[46, 65, 32, -67, -120]	[146, -59, -59, -19, 176]	[-161, 0, 7, 17, 146]	[-148, 13, 11, 138, 201]	[-192, 53, -140, -48, -16]	[-174, -211, -165, -101, -106]	[17, -17, -123, 30, -49]	[-4, 147, 123, 169, -44]	[10005, 10001, 9999, 10000, 9978]	[150, 133, 136, 162, 277]
316	26.5	[207, 193, 45, 119, -109]	[-156, -93, -113, 9, -136]	[-174, -14, 15, -31, -169]	[46, 65, 28, -56, -120]	[151, -63, -55, -19, 176]	[-161, 1, 3, 17, 146]	[-148, 13, 14, 124, 200]	[-190, 53, -142, -50, -16]	[-174, -212, -159, -100, -105]	[17, -17, -120, 32, -49]	[-4, 147, 123, 171, -44]	[10005, 10001, 9999, 10000, 10003]	[150, 133, 136, 162, 277]
317	29.0	[209, 193, 45, 119, -109]	[-156, -93, -113, 9, -136]	[-180, -21, 14, -6, -169]	[46, 65, 32, -67, -120]	[146, -64, -59, -19, 176]	[-161, 0, 7, 17, 146]	[-148, 13, 11, 138, 201]	[-192, 53, -140, -48, -16]	[-174, -211, -165, -101, -106]	[17, -17, -123, 30, -49]	[-4, 147, 123, 169, -44]	[10005, 10001, 9999, 10000, 9978]	[150, 133, 136, 162, 277]
318	24.5	[207, 193, 45, 119, -109]	[-156, -93, -113, 9, -136]	[-174, -14, 15, -31, -169]	[46, 65, 28, -56, -120]	[151, -63, -55, -19, 176]	[-161, 1, 3, 17, 146]	[-148, 13, 14, 124, 200]	[-190, 53, -142, -50, -16]	[-174, -212, -159, -100, -105]	[17, -17, -120, 32, -49]	[-4, 147, 123, 171, -44]	[10005, 10001, 9999, 10000, 10003]	[150, 133, 136, 162, 277]
319	27.0	[209, 193, 18, 100, -115]	[-158, -103, -116, 9, -136]	[-174, -17, 17, -6, -169]	[43, 65, 22, -61, -116]	[157, -38, -51, -19, 176]	[-155, -1, 14, 17, 146]	[-148, 13, 15, 110, 200]	[-189, 53, -142, -49, -16]	[-174, -212, -177, -97, -105]	[-66, -17, -121, 34, -49]	[-2, 147, 123, 168, -44]	[10005, 10001, 9999, 9998, 10003]	[150, 133, 136, 162, 277]
320	32.0	[209, 193, 18, 100, -115]	[-158, -103, -116, 9, -136]	[-174, -17, 17, -3, -169]	[45, 87, 20, -61, -114]	[157, -56, -51, -20, 176]	[-155, -1, 14, 17, 146]	[-148, 13, 16, 115, 200]	[-189, 53, -142, -46, -16]	[-175, -212, -159, -80, -105]	[-66, -17, -123, 34, -49]	[-2, 147, 123, 168, -44]	[10005, 10001, 9999, 9998, 10003]	[150, 133, 136, 162, 277]
321	27.5	[209, 193, 18, 100, -115]	[-158, -103, -116, 9, -136]	[-174, -17, 17, -6, -169]	[43, 65, 22, -61, -114]	[157, -38, -51, -19, 176]	[-155, -1, 14, 17, 146]	[-148, 13, 15, 110, 201]	[-189, 53, -142, -49, -16]	[-174, -212, -177, -97, -105]	[-66, -17, -121, 34, -49]	[-2, 147, 123, 168, -44]	[10005, 10001, 9999, 9998, 10003]	[150, 133, 136, 162, 277]
322	28.5	[209, 193, 45, 119, -109]	[-156, -93, -113, 9, -136]	[-180, -21, 14, -6, -169]	[46, 65, 32, -67, -120]	[146, -64, -59, -19, 176]	[-161, 0, 7, 17, 146]	[-148, 13, 11, 138, 201]	[-192, 53, -140, -48, -16]	[-174, -211, -165, -101, -106]	[17, -17, -123, 30, -49]	[-4, 147, 123, 169, -44]	[10005, 10001, 9999, 10000, 9978]	[150, 133, 136, 162, 277]
323	24.5	[209, 193, 45, 119, -109]	[-156, -93, -113, 9, -136]	[-180, -21, 14, -6, -169]	[46, 65, 32, -67, -120]	[146, -64, -59, -19, 176]	[-161, 0, 7, 17, 146]	[-148, 13, 11, 138, 201]	[-192, 53, -140, -48, -16]	[-174, -211, -165, -101, -106]	[17, -17, -123, 30, -49]	[-4, 147, 123, 169, -44]	[10005, 10001, 9999, 10000, 9978]	[150, 133, 136, 162, 277]
324	28.0	[209, 193, 45, 119, -109]	[-156, -93, -113, 9, -136]	[-180, -21, 14, -6, -169]	[46, 65, 32, -67, -120]	[146, -64, -59, -19, 176]	[-161, 0, 7, 17, 146]	[-148, 13, 11, 138, 201]	[-192, 53, -140, -48, -16]	[-174, -211, -165, -101, -106]	[17, -17, -123, 30, -49]	[-4, 147, 123, 169, -44]	[10005, 10001, 9999, 10000, 9978]	[150, 133, 136, 162, 277]
325	27.0	[209, 193, 45, 119, -109]	[-156, -93, -113, 11, -134]	[-174, -37, 15, -2, -169]	[41, 71, 20, -67, -120]	[154, -49, -59, -19, 176]	[-161, 0, 4, 17, 146]	[-148, 13, 11, 135, 201]	[-195, 53, -138, -48, -16]	[-178, -211, -159, -101, -105]	[17, -17, -134, 36, -49]	[-1, 141, 123, 165, -44]	[10000, 10001, 9999, 10000, 10003]	[150, 133, 136, 162, 277]
326	31.0	[207, 193, 45, 119, -109]	[-156, -93, -113, 9, -136]	[-174, -14, 15, -31, -169]	[46, 65, 28, -56, -120]	[151, -63, -55, -19, 176]	[-161, 1, 0, 17, 146]	[-148, 13, 12, 138, 201]	[-193, 53, -142, -48, -16]	[-174, -212, -159, -100, -105]	[17, -17, -123, 30, -49]	[-4, 147, 123, 169, -44]	[10005, 10001, 9999, 10000, 10003]	[150, 133, 136, 162, 277]
327	27.5	[207, 193, 45, 119, -109]	[-156, -93, -113, 9, -136]	[-174, -14, 15, -31, -169]	[46, 65, 28, -56, -120]	[151, -63, -55, -19, 176]	[-161, 1, 0, 17, 146]	[-148, 13, 12, 138, 201]	[-193, 53, -142, -48, -16]	[-174, -212, -159, -100, -105]	[17, -17, -123, 30, -49]	[-4, 147, 123, 169, -44]	[10005, 10001, 9999, 10000, 10003]	[150, 133, 136, 168, 277]
328	26.0	[209, 193, 18, 100, -115]	[-158, -96, -116, 9, -136]	[-174, -11, 17, -6, -169]	[45, 80, 21, -55, -118]	[157, -41, -51, -19, 176]	[-155, -1, 14, 17, 146]	[-148, 13, 16, 110, 200]	[-189, 53, -142, -51, -16]	[-174, -212, -159, -80, -105]	[-66, -17, -123, 34, -49]	[-2, 147, 123, 168, -44]	[10005, 10001, 9999, 9998, 10003]	[150, 133, 136, 162, 277]
329	30.5	[207, 193, 45, 119, -109]	[-156, -93, -113, 9, -136]	[-174, -14, 15, -31, -169]	[46, 65, 27, -56, -120]	[151, -63, -55, -19, 176]	[-156, 0, 4, 17, 146]	[-148, 13, 14, 124, 201]	[-190, 53, -142, -49, -19]	[-174, -212, -156, -100, -105]	[17, -17, -123, 30, -49]	[-4, 145, 123, 170, -44]	[10005, 10001, 9999, 10000, 9997]	[150, 133, 136, 162, 277]
330	27.0	[207, 193, 45, 119, -109]	[-156, -93, -113, 9, -136]	[-174, -14, 15, -31, -169]	[46, 65, 27, -56, -120]	[151, -63, -55, -19, 176]	[-156, 0, 4, 17, 146]	[-148, 13, 14, 124, 201]	[-190, 53, -142, -49, -19]	[-174, -212, -156, -100, -105]	[17, -17, -123, 30, -49]	[-4, 145, 123, 170, -44]	[10005, 10001, 9999, 10000, 9997]	[150, 133, 136, 162, 277]
331	29.0	[209, 193, 18, 100, -115]	[-158, -103, -116, 9, -136]	[-174, -17, 23, -6, -169]	[43, 65, 22, -61, -114]	[157, -38, -51, -19, 176]	[-155, -1, 14, 17, 146]	[-148, 13, 15, 110, 200]	[-189, 53, -139, -50, -16]	[-174, -212, -169, -93, -105]	[-66, -17, -124, 34, -49]	[-2, 147, 123, 168, -44]	[10003, 10001, 9999, 9998, 10003]	[150, 133, 136, 162, 277]
332	27.5	[209, 193, 18, 100, -115]	[-162, -96, -116, 9, -136]	[-174, -14, 17, -6, -169]	[43, 68, 22, -62, -114]	[157, -44, -55, -19, 176]	[-155, -1, 14, 17, 146]	[-148, 13, 15, 110, 200]	[-189, 53, -139, -50, -16]	[-174, -212, -159, -93, -105]	[-66, -17, -123, 34, -49]	[-2, 147, 123, 168, -44]	[10004, 10001, 9999, 9998, 10003]	[150, 133, 142, 162, 271]
333	28.5	[209, 193, 39, 119, -115]	[-156, -93, -116, 9, -136]	[-174, -23, 30, -6, -169]	[45, 69, 29, -63, -120]	[151, -57, -54, -18, 178]	[-163, 0, 5, 11, 146]	[-148, 13, 17, 111, 201]	[-189, 53, -142, -51, -16]	[-171, -212, -159, -86, -106]	[11, -42, -120, 29, -49]	[-4, 141, 123, 167, -44]	[10005, 10001, 9999, 10000, 10003]	[150, 133, 136, 162, 277]
334	26.5	[209, 193, 18, 100, -115]	[-158, -103, -116, 9, -136]	[-174, -17, 23, -6, -169]	[43, 65, 22, -61, -114]	[157, -38, -51, -19, 176]	[-155, -1, 14, 17, 146]	[-148, 13, 15, 110, 200]	[-189, 53, -139, -50, -16]	[-174, -212, -169, -93, -105]	[-66, -23, -124, 34, -49]	[-2, 147, 123, 168, -44]	[10003, 10001, 9999, 9998, 10003]	[150, 133, 136, 162, 277]
335	31.5	[209, 193, 39, 119, -115]	[-156, -93, -116, 9, -136]	[-174, -23, 30, -6, -169]	[45, 69, 29, -63, -120]	[151, -57, -54, -18, 178]	[-163, 0, 5, 11, 146]	[-148, 13, 17, 111, 201]	[-189, 53, -142, -51, -16]	[-171, -212, -159, -86, -106]	[11, -42, -120, 29, -49]	[-4, 141, 123, 167, -44]	[10005, 10001, 9999, 10000, 10003]	[150, 133, 136, 162, 277]
336	25.0	[209, 193, 39, 119, -115]	[-156, -93, -116, 9, -136]	[-174, -23, 30, -6, -169]	[45, 69, 29, -63, -120]	[151, -57, -54, -18, 178]	[-163, 0, 5, 11, 146]	[-148, 13, 17, 111, 201]	[-189, 53, -142, -51, -16]	[-171, -212, -159, -86, -106]	[11, -42, -120, 29, -49]	[-4, 141, 123, 167, -44]	[10005, 10001, 9999, 10000, 10003]	[150, 133, 136, 162, 277]
337	28.5	[209, 193, 45, 119, -109]	[-156, -94, -114, 9, -136]	[-180, -21, 14, -6, -169]	[46, 65, 24, -63, -120]	[149, -45, -58, -19, 176]	[-159, -1, 12, 17, 146]	[-148, 13, 12, 121, 200]	[-192, 53, -139, -49, -16]	[-174, -212, -166, -93, -106]	[-49, -17, -123, 30, -49]	[-4, 147, 123, 169, -44]	[10003, 10001, 9999, 10000, 9986]	[150, 133, 136, 162, 277]
338	32.5	[209, 193, 45, 119, -109]	[-150, -93, -113, 9, -136]	[-174, -21, 16, -7, -169]	[46, 65, 23, -64, -120]	[140, -46, -59, -19, 176]	[-158, 0, 10, 17, 146]	[-148, 13, 11, 134, 201]	[-184, 53, -141, -50, -16]	[-174, -211, -157, -101, -106]	[17, -11, -135, 30, -49]	[-4, 144, 123, 167, -44]	[10005, 10001, 9999, 10000, 9978]	[150, 133, 136, 162, 277]
339	27.0	[209, 193, 18, 100, -115]	[-158, -103, -116, 9, -136]	[-174, -17, 17, -6, -169]	[43, 65, 22, -61, -116]	[157, -38, -51, -19, 176]	[-155, -1, 8, 17, 146]	[-148, 13, 15, 110, 200]	[-189, 53, -142, -49, -16]	[-174, -212, -177, -97, -105]	[-66, -17, -121, 34, -49]	[-2, 147, 123, 169, -44]	[10005, 10001, 9999, 9999, 10003]	[150, 133, 136, 162, 277]
340	29.5	[209, 193, 39, 119, -115]	[-156, -93, -116, 9, -136]	[-174, -23, 30, -6, -169]	[45, 69, 29, -63, -120]	[151, -57, -54, -18, 178]	[-163, 0, 5, 11, 146]	[-148, 13, 17, 111, 201]	[-189, 53, -142, -51, -16]	[-171, -212, -159, -86, -106]	[11, -42, -120, 29, -49]	[-4, 141, 123, 167, -44]	[10005, 10001, 9999, 10000, 10003]	[150, 133, 136, 162, 277]
341	27.0	[209, 193, 45, 119, -109]	[-156, -94, -114, 9, -136]	[-180, -19, 17, -6, -169]	[43, 65, 27, -63, -120]	[149, -45, -56, -19, 176]	[-162, 0, 5, 17, 146]	[-148, 13, 12, 126, 200]	[-191, 53, -139, -48, -16]	[-174, -212, -166, -99, -105]	[-49, -17, -123, 30, -49]	[-4, 147, 123, 169, -44]	[10005, 10001, 9999, 10000, 9986]	[150, 133, 136, 162, 275]
342	32.0	[209, 193, 18, 100, -115]	[-158, -103, -116, 9, -136]	[-174, -17, 17, -6, -169]	[43, 65, 22, -61, -116]	[157, -38, -51, -19, 176]	[-155, -1, 8, 17, 146]	[-148, 13, 15, 110, 200]	[-189, 53, -142, -49, -16]	[-174, -212, -177, -97, -105]	[-66, -17, -121, 34, -49]	[-2, 147, 123, 169, -44]	[10005, 10001, 9999, 9999, 10003]	[150, 133, 136, 162, 277]
343	28.0	[209, 193, 45, 119, -109]	[-158, -94, -116, 9, -136]	[-175, -21, 14, -6, -169]	[46, 65, 25, -67, -120]	[146, -53, -59, -19, 176]	[-161, 0, 7, 17, 146]	[-148, 13, 12, 137, 201]	[-192, 53, -140, -50, -16]	[-174, -211, -168, -94, -105]	[17, -23, -123, 30, -49]	[-2, 147, 123, 168, -44]	[10005, 10001, 9999, 9998, 9985]	[150, 133, 136, 162, 277]
344	26.5	[209, 193, 39, 119, -115]	[-156, -95, -116, 9, -136]	[-174, -17, 17, -6, -169]	[45, 73, 28, -56, -120]	[153, -48, -51, -18, 178]	[-162, -1, 11, 15, 146]	[-148, 13, 12, 112, 201]	[-191, 53, -142, -51, -16]	[-171, -212, -166, -92, -106]	[11, -42, -120, 29, -49]	[-4, 141, 123, 167, -44]	[10005, 10001, 9999, 10000, 10003]	[150, 133, 136, 162, 277]
345	25.5	[209, 193, 18, 100, -115]	[-158, -103, -116, 9, -136]	[-174, -17, 17, -6, -169]	[43, 65, 22, -61, -116]	[157, -38, -51, -19, 176]	[-155, -1, 8, 17, 146]	[-148, 13, 15, 110, 200]	[-189, 53, -142, -49, -16]	[-174, -212, -177, -97, -105]	[-66, -17, -121, 34, -49]	[-2, 147, 123, 169, -44]	[10005, 10001, 9999, 9999, 10003]	[150, 133, 136, 162, 277]
346	27.0	[209, 193, 18, 100, -115]	[-158, -103, -116, 9, -136]	[-174, -11, 17, -6, -169]	[43, 65, 22, -61, -114]	[157, -38, -51, -19, 176]	[-155, -1, 14, 17, 146]	[-148, 13, 15, 110, 201]	[-189, 53, -142, -49, -16]	[-174, -212, -177, -97, -105]	[-66, -17, -121, 34, -49]	[-2, 146, 127, 169, -44]	[10005, 10001, 9999, 9998, 9997]	[150, 133, 130, 162, 277]
347	27.0	[209, 193, 18, 100, -115]	[-162, -96, -116, 9, -136]	[-174, -14, 17, -6, -169]	[43, 68, 22, -62, -114]	[157, -44, -55, -19, 176]	[-155, -1, 14, 17, 146]	[-148, 13, 15, 110, 200]	[-189, 53, -139, -50, -16]	[-174, -212, -159, -93, -105]	[-66, -17, -123, 34, -49]	[-2, 147, 123, 174, -44]	[10004, 10001, 9999, 9998, 10003]	[150, 133, 142, 156, 271]
348	25.0	[209, 193, 18, 100, -115]	[-158, -103, -116, 9, -136]	[-174, -17, 17, -6, -169]	[44, 65, 25, -61, -114]	[157, -38, -51, -19, 176]	[-155, -1, 7, 17, 146]	[-148, 13, 12, 124, 201]	[-189, 53, -141, -49, -16]	[-174, -212, -177, -96, -105]	[-66, -20, -121, 34, -49]	[-2, 146, 127, 169, -44]	[10005, 10001, 9999, 9998, 9997]	[150, 133, 132, 162, 277]
349	29.0	[209, 193, 39, 119, -115]	[-156, -93, -116, 9, -136]	[-174, -23, 30, -6, -169]	[45, 69, 29, -63, -120]	[151, -57, -54, -18, 178]	[-163, 0, 5, 11, 146]	[-148, 13, 17, 111, 201]	[-189, 53, -142, -51, -16]	[-171, -212, -159, -86, -106]	[11, -42, -120, 29, -49]	[-4, 141, 123, 167, -44]	[10005, 10001, 9999, 10000, 10003]	[150, 133, 136, 162, 277]
350	26.5	[209, 193, 24, 100, -115]	[-158, -103, -116, 9, -136]	[-174, -17, 17, -6, -169]	[44, 65, 25, -61, -114]	[157, -38, -51, -19, 176]	[-155, -1, 7, 17, 146]	[-148, 13, 12, 124, 201]	[-189, 53, -141, -49, -16]	[-174, -212, -177, -96, -105]	[-66, -20, -121, 34, -49]	[-2, 146, 127, 169, -44]	[10005, 10001, 9999, 9998, 9997]	[150, 133, 132, 162, 277]
351	30.0	[209, 193, 18, 100, -115]	[-158, -103, -116, 9, -136]	[-174, -11, 17, -6, -169]	[43, 65, 22, -61, -114]	[157, -38, -51, -19, 176]	[-155, -1, 14, 17, 146]	[-148, 13, 15, 110, 201]	[-189, 53, -142, -49, -16]	[-174, -212, -177, -97, -105]	[-66, -11, -121, 34, -49]	[-2, 146, 127, 169, -44]	[10005, 10001, 9999, 9998, 9997]	[150, 133, 130, 162, 277]
352	28.0	[209, 193, 39, 119, -115]	[-156, -95, -116, 9, -136]	[-174, -17, 17, -6, -169]	[45, 73, 28, -56, -120]	[153, -48, -51, -18, 178]	[-162, -1, 11, 15, 146]	[-148, 13, 12, 112, 201]	[-191, 53, -142, -51, -16]	[-171, -212, -166, -92, -106]	[11, -42, -120, 29, -49]	[-4, 141, 123, 167, -44]	[10005, 10001, 9999, 10000, 10003]	[150, 133, 136, 162, 277]
353	29.0	[209, 193, 18, 100, -115]	[-158, -103, -116, 9, -136]	[-174, -17, 17, -6, -169]	[43, 65, 22, -61, -116]	[157, -38, -51, -19, 176]	[-155, -1, 8, 17, 146]	[-148, 13, 15, 110, 200]	[-189, 53, -142, -43, -16]	[-174, -212, -177, -97, -105]	[-66, -17, -121, 34, -49]	[-2, 147, 123, 169, -44]	[10005, 10001, 9999, 9999, 10003]	[150, 133, 136, 162, 277]
354	32.0	[209, 193, 29, 100, -115]	[-158, -103, -116, 9, -136]	[-174, -17, 17, -6, -169]	[44, 65, 25, -61, -114]	[157, -38, -51, -19, 176]	[-155, -1, 7, 17, 146]	[-148, 13, 12, 124, 201]	[-189, 53, -141, -49, -16]	[-174, -206, -177, -96, -105]	[-66, -20, -121, 34, -43]	[-2, 146, 127, 169, -44]	[10005, 10001, 9999, 9998, 9997]	[150, 133, 132, 162, 277]
355	26.5	[209, 193, 39, 119, -115]	[-156, -95, -116, 9, -136]	[-174, -17, 17, -6, -169]	[45, 73, 28, -56, -120]	[153, -48, -51, -18, 178]	[-162, -1, 11, 15, 146]	[-148, 13, 12, 112, 201]	[-191, 53, -142, -51, -16]	[-171, -212, -166, -92, -106]	[11, -42, -120, 29, -49]	[-4, 141, 123, 167, -44]	[10005, 10001, 9999, 10000, 10003]	[150, 133, 136, 162, 277]
356	30.5	[209, 193, 39, 119, -115]	[-156, -95, -116, 9, -136]	[-174, -22, 17, -6, -169]	[45, 73, 22, -62, -120]	[151, -48, -51, -18, 178]	[-162, 0, 11, 15, 146]	[-148, 13, 12, 112, 201]	[-191, 53, -142, -51, -16]	[-171, -212, -160, -92, -106]	[11, -42, -120, 29, -49]	[-4, 141, 123, 167, -44]	[10005, 10001, 9999, 10000, 10003]	[150, 133, 136, 162, 277]
357	26.0	[209, 193, 45, 119, -109]	[-153, -94, -116, 9, -136]	[-175, -21, 16, -6, -169]	[46, 65, 26, -59, -120]	[146, -47, -59, -19, 176]	[-160, 0, 7, 17, 146]	[-148, 13, 12, 113, 201]	[-192, 53, -142, -50, -16]	[-174, -211, -159, -92, -105]	[17, -23, -121, 30, -49]	[-2, 147, 123, 168, -44]	[10005, 10001, 9999, 9998, 9985]	[150, 133, 136, 162, 277]
358	24.0	[209, 193, 45, 119, -109]	[-144, -93, -113, 9, -136]	[-174, -18, 16, -7, -169]	[46, 69, 27, -66, -120]	[140, -47, -59, -19, 176]	[-158, 0, 8, 16, 146]	[-148, 13, 12, 135, 201]	[-184, 53, -141, -50, -16]	[-172, -211, -158, -98, -106]	[-40, -17, -120, 30, -49]	[-4, 135, 123, 170, -44]	[10005, 10001, 9999, 10000, 9982]	[150, 133, 136, 162, 277]
359	29.0	[209, 193, 45, 119, -109]	[-153, -94, -116, 9, -136]	[-175, -21, 16, -6, -169]	[46, 65, 26, -59, -126]	[146, -47, -59, -19, 176]	[-160, 0, 7, 17, 146]	[-148, 13, 12, 113, 201]	[-192, 53, -142, -50, -16]	[-174, -211, -159, -92, -105]	[17, -23, -121, 30, -49]	[-2, 147, 123, 168, -44]	[10005, 10001, 9999, 9998, 9985]	[150, 133, 136, 162, 277]
360	28.0	[209, 193, 39, 119, -115]	[-156, -95, -116, 9, -136]	[-174, -22, 17, -6, -169]	[45, 73, 22, -62, -120]	[151, -48, -51, -18, 178]	[-162, 0, 11, 15, 146]	[-148, 13, 12, 112, 201]	[-191, 53, -142, -51, -16]	[-171, -212, -160, -92, -106]	[11, -42, -120, 29, -49]	[-4, 141, 123, 173, -44]	[10005, 10001, 9999, 10000, 10003]	[150, 133, 136, 162, 277]
361	35.5	[209, 193, 18, 100, -115]	[-158, -101, -116, 9, -136]	[-174, -22, 17, -6, -169]	[45, 68, 22, -63, -116]	[157, -38, -51, -19, 176]	[-159, -1, 10, 14, 146]	[-148, 13, 15, 110, 200]	[-189, 53, -142, -49, -16]	[-174, -212, -177, -94, -105]	[-50, -24, -121, 34, -49]	[-2, 147, 123, 168, -44]	[9999, 10001, 9999, 9999, 10003]	[150, 133, 136, 168, 277]
362	27.5	[209, 193, 39, 119, -115]	[-156, -95, -116, 9, -136]	[-174, -22, 17, -6, -169]	[45, 73, 22, -62, -120]	[151, -48, -51, -18, 178]	[-162, 0, 11, 15, 146]	[-148, 13, 12, 112, 201]	[-191, 53, -142, -51, -16]	[-171, -212, -160, -92, -106]	[11, -42, -120, 29, -49]	[-4, 141, 123, 173, -44]	[10005, 10001, 9999, 10000, 10003]	[150, 133, 136, 162, 277]
363	25.5	[209, 193, 45, 119, -109]	[-156, -94, -114, 9, -136]	[-180, -19, 17, -6, -169]	[43, 65, 27, -62, -117]	[149, -40, -52, -19, 176]	[-157, 0, 4, 17, 146]	[-148, 13, 12, 134, 201]	[-191, 53, -142, -48, -16]	[-174, -212, -166, -99, -105]	[-49, -20, -123, 33, -49]	[-4, 147, 124, 169, -44]	[10005, 10001, 9999, 10000, 9986]	[150, 133, 135, 162, 275]
364	27.5	[209, 193, 45, 119, -109]	[-156, -96, -113, 9, -136]	[-174, -18, 16, -6, -169]	[43, 68, 27, -58, -120]	[140, -46, -58, -19, 176]	[-157, -1, 10, 15, 146]	[-148, 13, 11, 134, 201]	[-184, 53, -139, -50, -22]	[-173, -211, -159, -98, -106]	[-59, -17, -120, 33, -49]	[-4, 135, 123, 167, -44]	[10005, 10001, 9999, 10000, 9982]	[150, 133, 136, 162, 277]
365	27.0	[209, 193, 45, 119, -109]	[-153, -94, -116, 9, -136]	[-175, -21, 16, -6, -169]	[46, 65, 26, -59, -126]	[146, -47, -59, -19, 176]	[-160, 0, 7, 17, 146]	[-148, 13, 12, 113, 201]	[-192, 53, -142, -50, -16]	[-174, -211, -159, -92, -105]	[17, -23, -121, 30, -49]	[-2, 147, 123, 168, -44]	[10005, 10001, 9999, 9998, 9985]	[150, 133, 136, 162, 277]
366	30.5	[209, 193, 39, 119, -115]	[-156, -95, -116, 9, -136]	[-174, -17, 17, -6, -169]	[45, 73, 28, -56, -120]	[153, -48, -46, -18, 178]	[-162, -1, 11, 15, 146]	[-148, 13, 11, 120, 200]	[-191, 53, -142, -51, -16]	[-171, -208, -166, -92, -106]	[-32, -35, -121, 33, -49]	[-4, 141, 123, 167, -44]	[10005, 10001, 9999, 10000, 10003]	[150, 133, 136, 162, 277]
367	29.5	[209, 193, 18, 100, -115]	[-158, -101, -116, 9, -136]	[-174, -22, 17, -6, -169]	[45, 68, 23, -63, -116]	[157, -38, -55, -19, 176]	[-159, -1, 10, 14, 146]	[-148, 13, 13, 132, 200]	[-187, 53, -141, -49, -16]	[-174, -212, -177, -94, -105]	[-50, -24, -121, 34, -49]	[-2, 147, 123, 168, -44]	[9999, 10001, 9999, 9999, 10003]	[150, 133, 136, 168, 277]
368	27.0	[209, 193, 39, 119, -115]	[-156, -95, -116, 9, -136]	[-174, -22, 17, -6, -169]	[45, 73, 22, -62, -120]	[151, -48, -51, -18, 178]	[-162, 0, 11, 15, 146]	[-148, 13, 12, 112, 201]	[-191, 59, -142, -51, -16]	[-171, -218, -160, -92, -106]	[11, -42, -121, 32, -49]	[-3, 146, 123, 167, -44]	[10005, 10001, 9999, 9998, 10003]	[150, 133, 136, 162, 277]
369	27.0	[209, 193, 45, 119, -109]	[-144, -93, -113, 9, -136]	[-174, -18, 16, -7, -169]	[46, 69, 27, -66, -120]	[151, -48, -47, -18, 176]	[-159, 0, 11, 15, 146]	[-148, 13, 11, 134, 201]	[-184, 53, -141, -50, -16]	[-172, -211, -162, -96, -106]	[-33, -34, -121, 33, -49]	[-4, 135, 123, 170, -44]	[10005, 10001, 9999, 10000, 9976]	[150, 133, 136, 162, 277]
370	32.0	[209, 193, 18, 100, -115]	[-158, -101, -116, 9, -136]	[-174, -22, 17, 0, -163]	[45, 68, 22, -63, -116]	[157, -38, -51, -19, 176]	[-159, -1, 10, 14, 146]	[-148, 13, 15, 110, 200]	[-189, 53, -142, -49, -16]	[-174, -211, -170, -86, -105]	[-50, -24, -121, 33, -49]	[-2, 147, 123, 168, -44]	[9999, 10001, 9999, 9998, 10003]	[150, 133, 136, 168, 277]
371	30.0	[209, 193, 45, 119, -109]	[-156, -94, -114, 9, -136]	[-180, -19, 17, -6, -169]	[43, 65, 27, -62, -117]	[149, -40, -52, -19, 176]	[-157, 0, 4, 17, 146]	[-148, 13, 12, 134, 201]	[-191, 53, -142, -48, -16]	[-174, -212, -166, -99, -105]	[-49, -20, -123, 33, -49]	[-4, 147, 124, 169, -44]	[10005, 10001, 9999, 10000, 9986]	[150, 133, 135, 162, 275]
372	27.5	[208, 193, 42, 106, -115]	[-158, -102, -121, 9, -136]	[-174, -18, 15, -6, -169]	[44, 65, 27, -62, -115]	[153, -40, -52, -19, 176]	[-155, 0, 5, 17, 146]	[-148, 13, 12, 131, 200]	[-189, 53, -142, -48, -16]	[-174, -212, -168, -99, -105]	[-66, -20, -121, 34, -49]	[-2, 146, 127, 169, -44]	[10005, 10001, 9999, 9998, 9997]	[150, 133, 132, 162, 277]
373	27.0	[209, 193, 39, 119, -115]	[-156, -95, -116, 9, -142]	[-174, -22, 17, -6, -169]	[45, 73, 22, -62, -120]	[151, -48, -51, -18, 178]	[-162, 0, 11, 15, 146]	[-154, 13, 12, 112, 201]	[-191, 53, -142, -51, -16]	[-171, -212, -160, -92, -106]	[11, -42, -120, 29, -49]	[-4, 141, 123, 173, -44]	[10005, 10001, 9999, 10000, 10003]	[150, 133, 136, 162, 277]
374	26.0	[209, 193, 39, 119, -115]	[-156, -94, -114, 9, -136]	[-174, -19, 17, -6, -169]	[45, 65, 27, -62, -120]	[151, -42, -52, -18, 178]	[-157, 0, 8, 17, 146]	[-148, 13, 12, 112, 201]	[-191, 56, -142, -48, -16]	[-171, -212, -160, -92, -112]	[11, -23, -121, 32, -49]	[-3, 147, 123, 167, -44]	[10005, 10001, 9999, 9998, 10003]	[150, 133, 136, 162, 277]
375	28.0	[209, 193, 45, 119, -109]	[-144, -93, -113, 9, -136]	[-174, -18, 16, -7, -169]	[46, 69, 27, -66, -120]	[151, -48, -47, -18, 176]	[-159, 0, 11, 15, 146]	[-148, 13, 12, 112, 201]	[-184, 53, -142, -51, -16]	[-171, -215, -160, -94, -106]	[-33, -34, -121, 33, -49]	[-3, 138, 123, 170, -44]	[10005, 10001, 9999, 10000, 9976]	[150, 133, 136, 162, 277]
376	29.0	[209, 193, 39, 119, -115]	[-156, -95, -116, 9, -136]	[-174, -22, 17, -6, -169]	[45, 73, 22, -62, -120]	[151, -48, -51, -18, 178]	[-162, 0, 11, 15, 146]	[-148, 13, 12, 112, 201]	[-191, 57, -142, -51, -16]	[-171, -218, -160, -92, -106]	[11, -48, -121, 32, -49]	[-3, 146, 123, 167, -44]	[10005, 10001, 9999, 9998, 10003]	[150, 133, 136, 162, 277]
377	24.5	[209, 193, 39, 119, -115]	[-156, -95, -116, 9, -136]	[-174, -22, 17, -6, -169]	[45, 73, 22, -62, -120]	[151, -48, -51, -18, 178]	[-162, 0, 11, 15, 146]	[-148, 13, 12, 112, 201]	[-191, 57, -142, -51, -16]	[-171, -218, -160, -92, -106]	[11, -48, -121, 32, -49]	[-3, 146, 123, 167, -44]	[10005, 10001, 9999, 9998, 10003]	[150, 133, 136, 162, 277]
378	27.0	[209, 193, 39, 119, -115]	[-156, -95, -116, 9, -136]	[-174, -22, 17, -6, -169]	[45, 73, 22, -62, -120]	[151, -48, -51, -18, 178]	[-162, 0, 11, 15, 146]	[-148, 13, 12, 112, 201]	[-191, 57, -142, -51, -16]	[-171, -218, -160, -92, -106]	[11, -48, -121, 32, -49]	[-3, 146, 123, 167, -44]	[10005, 10001, 9999, 9998, 10003]	[150, 133, 136, 162, 277]
379	29.5	[209, 193, 39, 119, -115]	[-156, -95, -116, 9, -142]	[-174, -22, 17, -6, -169]	[45, 73, 22, -62, -120]	[151, -48, -51, -18, 178]	[-162, 0, 11, 15, 146]	[-154, 13, 12, 112, 201]	[-191, 53, -142, -51, -16]	[-171, -212, -160, -92, -106]	[11, -42, -120, 29, -49]	[-4, 141, 123, 173, -44]	[10005, 10001, 9999, 10000, 10003]	[150, 133, 136, 162, 277]
380	26.0	[209, 193, 18, 100, -115]	[-158, -101, -116, 9, -136]	[-174, -22, 17, 0, -163]	[45, 62, 22, -63, -116]	[157, -38, -51, -19, 176]	[-159, -1, 10, 14, 146]	[-148, 13, 15, 110, 200]	[-189, 53, -142, -49, -16]	[-174, -211, -170, -86, -105]	[-50, -24, -121, 33, -49]	[-2, 147, 123, 168, -44]	[9999, 10001, 9999, 9998, 10003]	[150, 133, 136, 168, 277]
381	26.0	[209, 193, 39, 119, -115]	[-156, -94, -114, 9, -136]	[-174, -19, 17, -6, -169]	[45, 65, 27, -62, -120]	[151, -42, -52, -18, 178]	[-157, 0, 8, 17, 146]	[-148, 13, 12, 112, 201]	[-191, 56, -142, -48, -16]	[-171, -212, -160, -92, -112]	[11, -23, -121, 32, -49]	[-3, 147, 123, 167, -44]	[10005, 10001, 9999, 9998, 10003]	[150, 133, 136, 162, 277]
382	23.5	[209, 193, 18, 100, -115]	[-156, -97, -116, 9, -136]	[-175, -22, 17, -6, -169]	[39, 68, 23, -63, -116]	[157, -38, -57, -19, 176]	[-159, -1, 10, 14, 146]	[-148, 13, 13, 126, 200]	[-190, 53, -142, -50, -16]	[-174, -212, -177, -94, -105]	[-14, -21, -121, 40, -49]	[-2, 147, 119, 169, -44]	[10000, 10001, 9999, 9999, 10003]	[150, 133, 136, 168, 277]
383	26.5	[209, 193, 45, 119, -109]	[-153, -94, -115, 9, -136]	[-175, -21, 17, -6, -169]	[46, 65, 26, -62, -122]	[152, -45, -57, -19, 176]	[-160, 0, 6, 17, 146]	[-148, 13, 12, 113, 201]	[-191, 53, -142, -50, -16]	[-174, -211, -162, -98, -105]	[17, -20, -121, 31, -49]	[-2, 147, 123, 169, -44]	[10005, 10001, 9999, 9998, 10000]	[150, 133, 135, 162, 277]
384	27.5	[209, 193, 45, 119, -109]	[-144, -93, -113, 9, -136]	[-174, -18, 10, -7, -169]	[46, 69, 27, -66, -120]	[151, -48, -47, -18, 176]	[-159, 0, 8, 15, 146]	[-148, 13, 12, 112, 201]	[-184, 55, -142, -51, -16]	[-171, -212, -160, -94, -106]	[-33, -34, -121, 33, -49]	[-3, 138, 123, 168, -44]	[10005, 10001, 9999, 10000, 9976]	[150, 133, 136, 162, 277]
385	27.0	[209, 193, 45, 119, -109]	[-153, -94, -115, 9, -136]	[-175, -21, 17, -6, -169]	[46, 65, 26, -62, -122]	[152, -45, -57, -19, 176]	[-160, 0, 6, 17, 146]	[-148, 13, 12, 113, 201]	[-191, 53, -142, -50, -16]	[-174, -211, -162, -98, -105]	[17, -20, -121, 31, -49]	[-2, 147, 123, 169, -44]	[10005, 10001, 9999, 9998, 10000]	[150, 133, 135, 162, 277]
386	25.5	[209, 193, 18, 100, -115]	[-158, -101, -116, 9, -136]	[-174, -22, 17, 0, -163]	[45, 62, 22, -63, -116]	[157, -38, -53, -19, 176]	[-159, -1, 10, 14, 146]	[-148, 13, 9, 110, 200]	[-189, 53, -142, -49, -16]	[-174, -211, -170, -86, -105]	[-50, -24, -121, 33, -49]	[-2, 147, 123, 168, -44]	[9999, 10001, 9999, 9998, 10003]	[150, 133, 136, 168, 277]
387	24.5	[209, 193, 39, 119, -115]	[-156, -95, -116, 9, -142]	[-174, -22, 17, -6, -169]	[45, 73, 22, -62, -120]	[151, -48, -51, -18, 178]	[-162, 0, 11, 15, 146]	[-154, 13, 12, 112, 201]	[-191, 53, -142, -51, -16]	[-171, -212, -160, -92, -106]	[11, -42, -120, 29, -49]	[-4, 141, 123, 173, -44]	[10005, 10001, 9999, 10000, 10003]	[150, 133, 136, 162, 277]
388	25.0	[209, 193, 18, 100, -115]	[-156, -97, -116, 9, -136]	[-175, -22, 17, -4, -169]	[41, 62, 23, -63, -116]	[157, -38, -57, -19, 176]	[-159, -1, 11, 14, 146]	[-148, 13, 11, 126, 200]	[-190, 53, -142, -50, -16]	[-174, -212, -177, -94, -105]	[-14, -21, -121, 39, -49]	[-2, 147, 119, 168, -44]	[10000, 10001, 9999, 9993, 10003]	[150, 133, 136, 168, 277]
389	35.0	[209, 193, 45, 119, -115]	[-146, -94, -115, 9, -136]	[-175, -22, 16, -7, -169]	[45, 65, 23, -63, -122]	[151, -47, -57, -19, 176]	[-162, 0, 6, 15, 146]	[-148, 13, 12, 112, 201]	[-191, 57, -142, -51, -16]	[-171, -218, -160, -92, -106]	[-18, -47, -121, 32, -49]	[-3, 146, 123, 169, -44]	[10005, 10001, 9999, 9998, 10003]	[150, 133, 136, 162, 277]
390	27.0	[209, 193, 45, 119, -115]	[-156, -95, -116, 9, -136]	[-174, -22, 17, -6, -169]	[45, 70, 22, -62, -120]	[152, -43, -51, -18, 178]	[-162, 0, 11, 14, 146]	[-148, 13, 12, 122, 200]	[-191, 59, -142, -51, -16]	[-173, -217, -172, -92, -106]	[11, -40, -123, 32, -49]	[-3, 146, 123, 169, -44]	[10005, 10001, 9999, 9998, 10003]	[150, 133, 136, 164, 277]
391	26.0	[209, 193, 45, 119, -115]	[-156, -95, -116, 9, -136]	[-174, -22, 17, -6, -169]	[45, 70, 22, -62, -120]	[152, -43, -51, -18, 178]	[-162, 0, 11, 14, 146]	[-148, 13, 12, 122, 200]	[-191, 59, -142, -51, -16]	[-173, -217, -172, -92, -106]	[11, -40, -123, 32, -49]	[-3, 146, 123, 169, -44]	[10005, 10001, 9999, 9998, 10003]	[150, 133, 136, 164, 277]
392	29.5	[209, 193, 45, 119, -115]	[-146, -94, -115, 9, -136]	[-175, -22, 16, -7, -169]	[45, 65, 23, -63, -122]	[151, -47, -57, -19, 176]	[-162, 0, 6, 15, 146]	[-148, 13, 12, 112, 201]	[-191, 57, -142, -51, -16]	[-171, -218, -160, -92, -106]	[-18, -47, -121, 32, -49]	[-3, 146, 123, 169, -44]	[10005, 10001, 9999, 9998, 10003]	[150, 133, 136, 162, 277]
393	26.5	[209, 193, 45, 119, -109]	[-144, -93, -113, 9, -136]	[-174, -18, 10, -7, -169]	[46, 69, 27, -66, -120]	[157, -48, -47, -18, 176]	[-159, 0, 8, 15, 146]	[-148, 13, 12, 112, 201]	[-184, 55, -142, -51, -16]	[-171, -212, -160, -94, -106]	[-33, -34, -121, 33, -49]	[-3, 138, 123, 168, -44]	[10005, 10001, 9999, 10000, 9976]	[150, 133, 136, 162, 277]
394	28.0	[209, 193, 45, 119, -109]	[-144, -93, -113, 9, -136]	[-174, -18, 10, -7, -169]	[46, 69, 27, -66, -120]	[157, -48, -41, -18, 176]	[-159, 0, 8, 15, 146]	[-148, 13, 12, 112, 201]	[-184, 55, -142, -51, -16]	[-171, -212, -160, -94, -106]	[-33, -34, -121, 33, -49]	[-3, 138, 123, 168, -44]	[10005, 10001, 9999, 10000, 9976]	[150, 133, 136, 162, 277]
395	29.0	[209, 193, 27, 112, -115]	[-156, -97, -116, 9, -136]	[-169, -22, 17, -4, -169]	[41, 62, 23, -62, -118]	[157, -38, -57, -19, 177]	[-159, -1, 10, 14, 146]	[-154, 13, 11, 126, 200]	[-190, 53, -142, -50, -16]	[-174, -212, -177, -94, -105]	[-14, -21, -121, 39, -49]	[-2, 147, 119, 168, -44]	[10000, 10001, 9999, 9993, 10003]	[150, 133, 136, 168, 277]
396	29.0	[209, 193, 27, 112, -115]	[-156, -97, -116, 9, -136]	[-169, -22, 17, -4, -169]	[41, 62, 23, -62, -119]	[157, -38, -57, -19, 177]	[-159, -1, 10, 14, 146]	[-154, 13, 11, 126, 200]	[-190, 53, -142, -50, -16]	[-174, -212, -177, -94, -105]	[-14, -21, -121, 39, -49]	[-2, 147, 119, 168, -44]	[10000, 10001, 9999, 9993, 10003]	[150, 133, 136, 168, 277]
397	27.0	[209, 193, 39, 119, -115]	[-156, -95, -116, 9, -142]	[-174, -22, 17, -6, -169]	[45, 73, 22, -62, -120]	[151, -48, -51, -18, 178]	[-162, 0, 11, 15, 146]	[-154, 13, 12, 112, 201]	[-191, 53, -142, -51, -16]	[-174, -212, -162, -94, -106]	[11, -28, -120, 39, -49]	[-4, 141, 123, 173, -44]	[10005, 10001, 9999, 10000, 10003]	[150, 133, 136, 162, 277]
398	26.5	[209, 193, 27, 112, -115]	[-156, -97, -116, 9, -136]	[-169, -22, 17, -4, -169]	[41, 62, 23, -62, -118]	[157, -38, -57, -19, 177]	[-159, -1, 10, 14, 146]	[-154, 13, 11, 126, 200]	[-190, 53, -142, -50, -16]	[-174, -212, -177, -94, -105]	[-14, -21, -121, 39, -49]	[-2, 147, 119, 168, -44]	[10000, 10001, 9999, 9993, 10003]	[150, 133, 136, 168, 277]
399	26.5	[209, 193, 27, 112, -115]	[-156, -97, -116, 9, -136]	[-169, -22, 17, -4, -169]	[41, 62, 23, -62, -118]	[157, -38, -57, -19, 177]	[-159, -1, 10, 14, 146]	[-154, 13, 11, 126, 200]	[-190, 53, -142, -50, -16]	[-174, -212, -177, -94, -105]	[-14, -22, -121, 39, -49]	[-2, 147, 121, 168, -44]	[10000, 10001, 9999, 9993, 10003]	[150, 133, 136, 168, 277]
