generation	fitness	corner	c	a1	a2	b1	b2	b3	x	o1	o2	wp	ww	we
800	40.0	[112, -19, -23, 76, 79]	[-76, -149, -69, 15, 33]	[-158, -58, 26, -19, -148]	[-50, -173, -100, -110, -104]	[130, -85, -101, 23, 37]	[-132, -23, 12, -44, 101]	[-44, 53, -1, 103, 182]	[-82, -120, -115, -116, -166]	[-157, -126, -107, -116, -115]	[-33, -33, -8, -40, -62]	[91, 112, 99, 181, 139]	[10004, 9998, 9997, 10004, 9996]	[201, 124, 187, 240, 169]
801	39.5	[112, -19, -23, 76, 79]	[-80, -148, -69, 15, -16]	[-170, -34, 11, -19, -148]	[-46, -169, -93, -111, -96]	[127, -81, -101, 23, 37]	[-149, -17, 5, -33, 102]	[-47, 53, -1, 101, 182]	[-89, -120, -119, -114, -166]	[-163, -120, -108, -118, -90]	[-34, -36, -8, -39, -63]	[84, 111, 79, 176, 140]	[10004, 10004, 9997, 10000, 9996]	[226, 194, 187, 240, 196]
802	37.0	[112, -19, -23, 76, 79]	[-76, -149, -69, 15, 33]	[-158, -58, 26, -19, -148]	[-50, -173, -100, -110, -104]	[130, -85, -101, 23, 37]	[-132, -23, 12, -44, 101]	[-44, 53, -1, 103, 182]	[-82, -120, -115, -116, -166]	[-157, -126, -107, -116, -115]	[-33, -33, -8, -40, -62]	[91, 112, 99, 181, 139]	[10004, 9998, 9997, 10004, 9996]	[201, 124, 187, 240, 169]
803	40.0	[113, -16, -51, -9, 104]	[-102, -150, -69, 14, 192]	[-170, -61, 17, -3, -182]	[-19, -173, -89, -106, -105]	[119, -112, -105, 33, -31]	[-102, -19, 8, -56, 157]	[-116, 57, 3, 85, 175]	[-72, -130, -122, -108, -159]	[-157, -130, -105, -125, -113]	[52, -55, -12, -7, -58]	[117, 108, 108, 181, 28]	[10005, 10005, 9993, 9992, 9997]	[228, 136, 197, 263, 262]
804	41.0	[112, -19, -23, 76, 79]	[-80, -148, -69, 15, -16]	[-170, -34, 11, -19, -148]	[-46, -169, -93, -111, -96]	[127, -81, -101, 23, 37]	[-149, -17, 5, -33, 102]	[-47, 53, -1, 101, 182]	[-89, -120, -119, -114, -166]	[-163, -120, -108, -118, -90]	[-34, -36, -8, -39, -63]	[84, 111, 79, 176, 140]	[10004, 10004, 9997, 10000, 9996]	[226, 194, 187, 240, 196]
805	40.5	[112, -19, -23, 76, 79]	[-80, -148, -69, 15, -16]	[-170, -57, 26, -19, -148]	[-46, -169, -93, -111, -96]	[127, -81, -101, 23, 37]	[-149, -17, 5, -33, 102]	[-47, 53, -1, 101, 182]	[-89, -120, -119, -114, -166]	[-163, -120, -108, -118, -90]	[-34, -36, -8, -39, -63]	[84, 111, 79, 176, 140]	[10004, 10004, 9997, 10000, 9996]	[226, 194, 187, 240, 196]
806	38.0	[112, -19, -23, 76, 79]	[-80, -148, -69, 15, -16]	[-170, -57, 26, -19, -148]	[-46, -169, -93, -111, -96]	[127, -81, -101, 23, 37]	[-149, -17, 5, -33, 102]	[-47, 53, -1, 101, 182]	[-89, -120, -119, -114, -166]	[-163, -120, -108, -118, -90]	[-34, -36, -8, -39, -63]	[84, 111, 79, 176, 140]	[10004, 10004, 9997, 10000, 9996]	[226, 194, 187, 240, 196]
807	40.5	[114, -5, -20, 46, 109]	[-122, -150, -77, 20, -15]	[-168, -43, 23, 4, -169]	[-45, -172, -81, -102, -51]	[127, -68, -97, 35, 20]	[-111, -23, 10, -42, 145]	[-106, 53, 2, 89, 160]	[-122, -114, -120, -121, -151]	[-159, -128, -125, -116, -112]	[-28, -24, -23, -14, -79]	[70, 114, 120, 174, 102]	[10005, 10000, 9999, 10000, 10004]	[220, 124, 192, 270, 264]
808	35.5	[112, -19, -23, 76, 79]	[-76, -149, -69, 15, 33]	[-158, -58, 26, -19, -148]	[-50, -173, -100, -110, -104]	[130, -85, -101, 23, 37]	[-132, -23, 12, -44, 101]	[-44, 53, -1, 103, 182]	[-82, -120, -115, -116, -166]	[-157, -126, -107, -116, -115]	[-33, -33, -8, -40, -62]	[91, 112, 99, 181, 139]	[10004, 9998, 9997, 10004, 9996]	[201, 124, 187, 240, 169]
809	39.5	[88, 129, -54, 52, 98]	[-162, -141, -82, 20, -88]	[-151, -43, 17, -8, -177]	[-52, -148, -76, -91, -104]	[127, -83, -73, 52, -4]	[-71, -28, 18, -22, 96]	[-58, 55, 12, 94, 234]	[-70, -148, -143, -89, -166]	[-163, -146, -84, -99, -122]	[-29, -15, -14, -11, -77]	[140, 133, 120, 179, 52]	[10004, 10001, 9999, 9992, 10004]	[170, 164, 177, 199, 163]
810	37.0	[175, 114, 39, 74, 92]	[-156, -122, -86, 23, -117]	[-169, -11, 6, -9, -177]	[-46, -149, -67, -90, -100]	[127, -87, -97, 51, 12]	[-109, -30, 11, -40, 108]	[-42, 52, 10, 89, 106]	[-130, -122, -114, -112, -105]	[-164, -123, -129, -90, -124]	[11, -15, -23, -3, -82]	[99, 130, 123, 174, 171]	[9999, 9996, 9998, 9997, 10003]	[201, 196, 219, 210, 168]
811	38.0	[88, 135, -54, 135, 98]	[-168, -147, -84, 20, -140]	[-151, -42, 19, -8, -177]	[-52, -154, -76, -92, -98]	[121, -85, -73, 31, 2]	[-62, -29, 17, -20, 89]	[-57, 59, 12, 93, 237]	[-74, -149, -121, -96, -166]	[-157, -144, -116, -102, -123]	[-31, -15, -14, -11, -66]	[127, 132, 114, 178, 58]	[10004, 10001, 9999, 9996, 9994]	[176, 181, 176, 197, 163]
812	42.0	[88, 135, -54, 135, 98]	[-168, -147, -84, 20, -140]	[-151, -42, 19, -8, -177]	[-52, -154, -76, -103, -102]	[121, -85, -96, 31, 2]	[-107, -28, 17, -23, 89]	[-57, 59, 12, 101, 237]	[-73, -145, -115, -112, -142]	[-163, -144, -124, -99, -116]	[0, -20, -9, -17, -64]	[93, 113, 122, 170, 170]	[9999, 9998, 9999, 9996, 9994]	[170, 184, 177, 197, 163]
813	38.0	[88, 135, -54, 135, 98]	[-168, -147, -84, 20, -140]	[-151, -42, 19, -8, -177]	[-52, -154, -76, -103, -102]	[121, -85, -96, 31, 2]	[-107, -28, 17, -23, 89]	[-57, 59, 12, 101, 237]	[-73, -145, -115, -112, -142]	[-163, -144, -124, -99, -116]	[0, -20, -9, -17, -64]	[93, 113, 122, 170, 170]	[9999, 9998, 9999, 9996, 9994]	[170, 184, 177, 197, 163]
814	44.5	[88, 135, -54, 135, 98]	[-168, -147, -84, 20, -140]	[-151, -42, 19, -8, -177]	[-52, -154, -76, -92, -98]	[121, -85, -73, 31, 2]	[-62, -29, 17, -20, 89]	[-57, 59, 12, 93, 237]	[-74, -149, -121, -96, -166]	[-157, -144, -116, -102, -123]	[-31, -15, -14, -11, -66]	[127, 132, 114, 178, 58]	[10004, 10001, 9999, 9996, 9994]	[176, 181, 176, 197, 163]
815	41.0	[114, -5, -20, 46, 109]	[-122, -150, -77, 20, -15]	[-168, -43, 23, 4, -169]	[-45, -172, -75, -102, -51]	[127, -68, -97, 35, 20]	[-79, -26, 10, -42, 145]	[-106, 53, 11, 90, 160]	[-122, -114, -120, -121, -151]	[-159, -128, -125, -116, -112]	[-28, -24, -23, -14, -79]	[70, 114, 120, 174, 102]	[10005, 10000, 9999, 10000, 10004]	[220, 124, 192, 270, 264]
816	40.0	[112, -19, -23, 76, 79]	[-76, -149, -69, 15, 33]	[-158, -58, 26, -19, -148]	[-50, -173, -100, -110, -104]	[130, -85, -101, 23, 37]	[-132, -23, 12, -44, 101]	[-44, 53, -1, 103, 182]	[-82, -120, -115, -116, -166]	[-157, -126, -107, -116, -109]	[-33, -33, -8, -40, -62]	[91, 112, 99, 181, 139]	[10004, 9998, 9997, 10004, 9996]	[201, 124, 187, 240, 169]
817	50.0	[112, -19, -23, 76, 79]	[-80, -148, -69, 15, -16]	[-170, -44, 20, -15, -148]	[-46, -159, -77, -94, -97]	[122, -84, -86, 26, 28]	[-107, -23, 17, -21, 96]	[-57, 55, 9, 100, 146]	[-107, -136, -137, -118, -153]	[-159, -122, -121, -108, -92]	[-34, -36, -8, -3, -74]	[84, 111, 79, 176, 140]	[10004, 10004, 9997, 10000, 9996]	[226, 194, 187, 240, 196]
818	42.0	[112, -19, -23, 76, 79]	[-80, -148, -69, 15, -16]	[-170, -44, 20, -15, -148]	[-46, -159, -77, -94, -97]	[122, -84, -86, 26, 28]	[-107, -23, 17, -21, 96]	[-57, 55, 9, 100, 146]	[-107, -136, -137, -118, -153]	[-159, -122, -121, -108, -92]	[-34, -36, -8, -3, -74]	[84, 111, 79, 176, 140]	[10004, 10004, 9997, 10000, 9996]	[226, 194, 187, 240, 196]
819	42.5	[112, -19, -23, 76, 79]	[-80, -148, -69, 15, -16]	[-170, -44, 20, -15, -148]	[-46, -159, -77, -94, -97]	[122, -84, -86, 26, 28]	[-107, -23, 17, -21, 96]	[-57, 55, 9, 100, 146]	[-107, -136, -137, -118, -153]	[-159, -122, -121, -108, -92]	[-34, -36, -8, -3, -74]	[84, 111, 79, 176, 140]	[10004, 10004, 9997, 10000, 9996]	[226, 194, 187, 240, 196]
820	40.0	[112, -18, -37, 33, 101]	[-88, -148, -69, 15, -16]	[-170, -57, 26, -19, -160]	[-33, -170, -89, -111, -96]	[127, -81, -101, 23, 37]	[-149, -17, 5, -33, 102]	[-47, 53, -1, 101, 182]	[-89, -120, -119, -114, -166]	[-163, -120, -108, -118, -90]	[-34, -36, -8, -39, -63]	[84, 105, 79, 176, 140]	[10004, 10004, 9997, 10000, 9996]	[226, 194, 187, 240, 196]
821	42.0	[175, 114, 39, 74, 92]	[-156, -122, -86, 29, -117]	[-169, -11, 6, -9, -177]	[-46, -149, -67, -90, -100]	[127, -87, -97, 35, 25]	[-109, -24, 11, -44, 108]	[-42, 52, 3, 91, 132]	[-130, -122, -114, -115, -105]	[-163, -124, -129, -90, -124]	[11, -15, -16, -14, -65]	[99, 127, 122, 174, 171]	[9999, 9996, 9998, 10002, 10009]	[201, 196, 204, 234, 168]
822	42.0	[112, -19, -23, 76, 79]	[-80, -148, -69, 15, -16]	[-170, -44, 20, -15, -148]	[-46, -159, -77, -94, -97]	[122, -84, -86, 26, 28]	[-107, -23, 17, -21, 96]	[-57, 55, 9, 100, 146]	[-107, -136, -137, -118, -153]	[-159, -122, -121, -108, -92]	[-34, -36, -8, -3, -74]	[84, 111, 79, 176, 140]	[10004, 10004, 9997, 10000, 9996]	[226, 194, 187, 240, 196]
823	38.5	[112, -18, -37, 33, 101]	[-88, -148, -69, 15, -16]	[-170, -57, 26, -19, -160]	[-39, -170, -89, -111, -96]	[127, -81, -101, 23, 37]	[-149, -17, 5, -33, 102]	[-47, 53, -1, 101, 182]	[-89, -120, -119, -114, -166]	[-163, -120, -108, -118, -90]	[-34, -36, -8, -39, -63]	[84, 105, 79, 176, 140]	[10004, 10004, 9997, 10000, 9996]	[226, 194, 187, 240, 196]
824	35.0	[112, -19, -23, 76, 79]	[-80, -148, -69, 15, -16]	[-170, -44, 20, -15, -148]	[-46, -159, -77, -94, -97]	[122, -84, -86, 26, 28]	[-107, -23, 17, -21, 96]	[-57, 55, 9, 100, 146]	[-107, -136, -137, -118, -153]	[-159, -122, -121, -108, -92]	[-34, -36, -8, -3, -74]	[84, 111, 79, 176, 140]	[10004, 10004, 9997, 10000, 9996]	[226, 194, 187, 240, 196]
825	41.0	[112, -19, -23, 76, 79]	[-98, -148, -70, 16, -16]	[-170, -39, 12, -18, -157]	[-46, -159, -77, -108, -97]	[122, -84, -89, 26, 28]	[-107, -27, 8, -31, 102]	[-56, 55, -1, 101, 146]	[-107, -124, -115, -91, -165]	[-159, -131, -121, -102, -92]	[-31, -23, -8, -13, -74]	[84, 127, 85, 179, 131]	[10004, 10004, 9997, 10000, 9996]	[226, 194, 187, 240, 196]
826	38.5	[112, -19, -50, 61, 88]	[-93, -148, -69, 15, -16]	[-170, -59, 22, -19, -148]	[-40, -169, -91, -107, -96]	[119, -92, -102, 23, 25]	[-149, -18, 8, -34, 150]	[-61, 55, 2, 101, 182]	[-89, -127, -119, -114, -166]	[-163, -126, -108, -118, -90]	[-34, -36, -11, -39, -63]	[93, 108, 90, 177, 55]	[10004, 10004, 9997, 9993, 9997]	[226, 157, 191, 240, 196]
827	39.5	[112, -19, -23, 76, 79]	[-80, -148, -69, 15, -16]	[-170, -57, 26, -19, -151]	[-46, -172, -90, -92, -96]	[126, -72, -101, 33, 37]	[-149, -17, 7, -34, 102]	[-73, 53, 0, 101, 198]	[-89, -115, -125, -119, -166]	[-162, -123, -123, -117, -100]	[-34, -34, -11, -20, -66]	[79, 113, 112, 175, 140]	[10004, 10004, 9997, 10000, 9996]	[226, 194, 187, 240, 196]
828	40.0	[112, -19, -23, 76, 79]	[-80, -148, -69, 15, -16]	[-170, -44, 20, -15, -148]	[-46, -159, -77, -94, -97]	[122, -107, -100, 29, 26]	[-107, -27, 11, -34, 102]	[-91, 57, 3, 86, 146]	[-107, -130, -119, -110, -165]	[-159, -132, -119, -124, -108]	[-31, -23, -8, -3, -74]	[84, 127, 89, 179, 131]	[10004, 10004, 9997, 10000, 9996]	[226, 194, 187, 240, 196]
829	37.5	[112, -19, -23, 76, 79]	[-80, -148, -69, 15, -16]	[-170, -44, 20, -15, -148]	[-46, -159, -77, -94, -97]	[122, -107, -100, 29, 26]	[-107, -27, 11, -34, 102]	[-91, 57, 3, 86, 146]	[-107, -130, -119, -110, -165]	[-159, -132, -119, -124, -108]	[-31, -23, -8, -3, -74]	[84, 127, 89, 179, 131]	[10004, 10004, 9997, 10000, 9996]	[226, 194, 187, 240, 196]
830	38.0	[112, -19, -23, 76, 79]	[-80, -148, -69, 15, -16]	[-170, -57, 26, -19, -151]	[-46, -172, -90, -92, -96]	[126, -72, -101, 33, 37]	[-149, -17, 7, -34, 102]	[-73, 53, 0, 101, 198]	[-89, -115, -125, -119, -166]	[-162, -123, -123, -117, -100]	[-34, -34, -11, -20, -66]	[79, 113, 112, 175, 140]	[10004, 10004, 9997, 10000, 9996]	[226, 194, 187, 240, 196]
831	39.0	[112, -19, -23, 76, 79]	[-80, -148, -69, 15, -16]	[-170, -44, 20, -15, -148]	[-46, -158, -78, -94, -97]	[122, -90, -100, 33, 19]	[-107, -29, 5, -27, 106]	[-62, 55, 2, 100, 159]	[-107, -123, -119, -112, -165]	[-159, -122, -112, -117, -92]	[-31, -23, -8, -21, -74]	[84, 127, 89, 179, 131]	[10004, 10004, 9997, 10000, 9996]	[226, 194, 187, 240, 196]
832	45.0	[112, -19, -50, 61, 88]	[-93, -148, -72, 15, -16]	[-170, -59, 24, -9, -155]	[-40, -169, -91, -107, -96]	[119, -92, -102, 23, 25]	[-149, -18, 8, -34, 150]	[-61, 55, 2, 101, 182]	[-89, -127, -119, -114, -166]	[-163, -126, -108, -118, -90]	[-34, -36, -11, -39, -63]	[93, 108, 90, 177, 55]	[10004, 10004, 9997, 9993, 9997]	[226, 157, 191, 240, 196]
833	39.5	[112, -19, -50, 61, 88]	[-93, -148, -73, 15, -16]	[-170, -58, 24, -19, -148]	[-40, -169, -89, -110, -96]	[119, -83, -101, 33, 25]	[-145, -18, 7, -32, 150]	[-55, 55, 2, 101, 182]	[-89, -122, -119, -101, -166]	[-163, -126, -108, -118, -90]	[-34, -36, -11, -39, -63]	[93, 108, 90, 177, 55]	[10004, 10004, 9997, 9993, 9997]	[226, 157, 191, 240, 196]
834	39.0	[112, -19, -23, 76, 79]	[-98, -148, -70, 16, -16]	[-170, -39, 12, -18, -157]	[-46, -159, -83, -108, -97]	[122, -84, -89, 26, 28]	[-107, -27, 8, -31, 102]	[-56, 55, -1, 101, 146]	[-107, -124, -115, -91, -165]	[-159, -131, -121, -102, -92]	[-31, -23, -8, -13, -74]	[84, 127, 85, 179, 131]	[10004, 10004, 9997, 10000, 9996]	[226, 194, 187, 240, 196]
835	41.0	[112, -18, -37, 33, 101]	[-88, -148, -75, 15, -16]	[-170, -58, 26, -19, -160]	[-39, -170, -91, -111, -96]	[127, -88, -101, 23, 22]	[-125, -27, 8, -33, 118]	[-47, 56, 1, 100, 182]	[-89, -121, -119, -112, -166]	[-162, -127, -108, -118, -90]	[-34, -36, -14, -4, -70]	[84, 105, 79, 176, 140]	[10004, 10004, 9997, 10000, 9996]	[226, 194, 187, 240, 202]
836	36.0	[112, -19, -23, 76, 79]	[-80, -148, -69, 15, -16]	[-170, -44, 20, -15, -148]	[-46, -159, -77, -94, -97]	[122, -84, -86, 26, 28]	[-107, -23, 17, -21, 96]	[-57, 55, 9, 100, 146]	[-107, -136, -137, -118, -153]	[-159, -122, -121, -108, -92]	[-34, -36, -8, -3, -74]	[84, 111, 79, 176, 140]	[10004, 10004, 9997, 10000, 9996]	[226, 194, 187, 240, 196]
837	44.0	[112, -19, -23, 72, 82]	[-98, -148, -70, 15, -16]	[-170, -40, 15, -13, -157]	[-46, -164, -90, -107, -97]	[122, -84, -95, 26, 28]	[-107, -27, 8, -31, 102]	[-56, 55, -1, 101, 146]	[-107, -124, -115, -91, -165]	[-159, -131, -121, -102, -92]	[-31, -23, -8, -13, -74]	[84, 127, 85, 179, 131]	[10004, 10004, 9997, 10000, 9996]	[226, 194, 187, 240, 196]
838	35.5	[112, -19, -23, 76, 79]	[-80, -148, -69, 15, -16]	[-170, -44, 20, -15, -148]	[-46, -158, -78, -94, -97]	[122, -90, -100, 33, 19]	[-107, -29, 5, -27, 106]	[-62, 55, 2, 100, 159]	[-107, -123, -119, -112, -165]	[-159, -122, -112, -117, -92]	[-31, -23, -8, -21, -74]	[84, 127, 89, 179, 131]	[10004, 10004, 9997, 10000, 9996]	[226, 194, 187, 240, 196]
839	35.5	[175, 114, 39, 74, 92]	[-156, -122, -86, 29, -117]	[-169, -11, 6, -9, -177]	[-46, -149, -67, -90, -106]	[127, -87, -97, 35, 25]	[-109, -18, 11, -44, 108]	[-42, 52, 3, 85, 132]	[-130, -122, -118, -110, -105]	[-163, -126, -129, -90, -124]	[6, -22, -15, -14, -65]	[99, 127, 93, 174, 171]	[10002, 9996, 9998, 10002, 10009]	[201, 196, 204, 234, 168]
840	45.5	[112, -19, -23, 76, 79]	[-80, -148, -69, 15, -16]	[-170, -44, 20, -15, -148]	[-46, -159, -77, -94, -97]	[122, -84, -86, 26, 28]	[-107, -29, 17, -21, 96]	[-57, 55, 9, 100, 146]	[-107, -136, -137, -118, -153]	[-159, -122, -121, -108, -92]	[-34, -36, -8, -3, -74]	[84, 111, 79, 176, 140]	[10004, 10004, 9997, 10000, 9996]	[226, 194, 187, 240, 196]
841	33.5	[175, 114, 39, 74, 92]	[-156, -122, -86, 29, -117]	[-169, -11, 6, -9, -177]	[-46, -149, -67, -90, -106]	[127, -87, -97, 35, 25]	[-109, -18, 11, -44, 108]	[-42, 52, 3, 91, 132]	[-130, -122, -114, -107, -128]	[-163, -124, -129, -90, -124]	[-30, -16, -16, -14, -65]	[95, 123, 108, 175, 130]	[10004, 9999, 9998, 10001, 10009]	[201, 196, 204, 234, 168]
842	40.5	[112, -21, -37, 33, 101]	[-117, -148, -75, 15, -16]	[-170, -55, 26, -19, -160]	[-39, -170, -91, -111, -96]	[127, -88, -101, 23, 22]	[-125, -27, 8, -33, 118]	[-47, 56, 1, 100, 182]	[-89, -121, -119, -112, -166]	[-162, -127, -108, -118, -90]	[-34, -36, -14, -4, -70]	[84, 105, 79, 176, 140]	[10004, 10004, 9997, 10000, 9996]	[226, 194, 187, 240, 202]
843	41.0	[112, -25, -23, 76, 79]	[-123, -148, -71, 15, -16]	[-161, -49, 24, -15, -148]	[-45, -173, -85, -110, -97]	[123, -88, -92, 23, 28]	[-114, -23, 14, -21, 110]	[-52, 53, 9, 102, 146]	[-107, -136, -126, -116, -154]	[-159, -122, -121, -108, -92]	[-34, -36, -8, -22, -62]	[87, 113, 105, 176, 140]	[10004, 10004, 9997, 10000, 9996]	[202, 162, 187, 240, 196]
844	38.5	[112, -19, -23, 76, 79]	[-80, -148, -69, 15, -16]	[-170, -44, 20, -15, -148]	[-46, -159, -77, -94, -97]	[122, -84, -86, 26, 28]	[-107, -29, 17, -21, 96]	[-57, 55, 9, 100, 146]	[-107, -136, -137, -118, -153]	[-159, -122, -121, -108, -92]	[-34, -36, -8, -3, -74]	[84, 111, 79, 176, 140]	[10004, 10004, 9997, 10000, 9996]	[226, 194, 187, 240, 196]
845	37.0	[112, -21, -37, 33, 101]	[-117, -148, -69, 15, -16]	[-170, -55, 26, -19, -160]	[-39, -170, -91, -111, -96]	[127, -88, -101, 23, 22]	[-125, -27, 8, -33, 118]	[-47, 56, 1, 100, 182]	[-89, -121, -119, -112, -166]	[-162, -127, -108, -118, -90]	[-34, -36, -14, -4, -70]	[84, 105, 79, 176, 140]	[10004, 10004, 9997, 10000, 9996]	[226, 194, 187, 240, 202]
846	40.0	[112, -19, -29, 76, 73]	[-80, -148, -69, 15, -10]	[-170, -44, 20, -15, -148]	[-46, -159, -77, -94, -97]	[122, -107, -100, 29, 26]	[-107, -27, 11, -34, 102]	[-91, 57, 3, 86, 146]	[-107, -130, -119, -110, -165]	[-159, -132, -119, -124, -108]	[-31, -23, -8, -3, -74]	[84, 127, 89, 179, 131]	[10004, 10004, 9997, 10000, 9996]	[226, 194, 187, 240, 196]
847	38.0	[112, -19, -23, 76, 79]	[-98, -148, -70, 16, -16]	[-170, -39, 12, -18, -157]	[-46, -159, -83, -108, -97]	[122, -84, -89, 26, 28]	[-107, -27, 8, -31, 102]	[-56, 55, -1, 101, 146]	[-107, -127, -114, -91, -165]	[-158, -131, -121, -108, -92]	[-31, -23, -8, -13, -74]	[84, 127, 85, 179, 131]	[10004, 10004, 9997, 10000, 9996]	[226, 200, 187, 240, 196]
848	41.5	[112, -19, -50, 61, 88]	[-87, -148, -73, 15, -16]	[-170, -58, 20, -18, -148]	[-40, -162, -87, -110, -96]	[120, -87, -98, 28, 25]	[-145, -18, 7, -33, 123]	[-55, 55, 2, 101, 182]	[-104, -124, -117, -101, -166]	[-159, -127, -122, -112, -90]	[-32, -25, -10, -13, -63]	[84, 123, 85, 177, 55]	[10004, 10004, 9997, 9993, 9997]	[226, 175, 189, 240, 196]
849	39.5	[112, -19, -23, 76, 79]	[-80, -148, -69, 15, -16]	[-170, -44, 20, -15, -148]	[-46, -158, -78, -94, -97]	[123, -90, -101, 30, 27]	[-107, -27, 7, -33, 118]	[-62, 56, 2, 100, 159]	[-107, -124, -118, -115, -166]	[-159, -122, -112, -117, -92]	[-31, -23, -8, -19, -71]	[84, 126, 89, 179, 131]	[10004, 10004, 9997, 10000, 9996]	[226, 194, 187, 240, 196]
850	37.5	[112, -19, -50, 61, 88]	[-87, -148, -73, 15, -16]	[-170, -50, 13, -18, -148]	[-40, -162, -83, -110, -96]	[121, -87, -98, 28, 25]	[-145, -27, 7, -31, 118]	[-55, 55, 1, 101, 153]	[-104, -124, -117, -91, -166]	[-163, -126, -119, -110, -90]	[-31, -25, -8, -13, -63]	[85, 124, 85, 177, 55]	[10004, 10004, 9997, 9993, 9997]	[226, 175, 190, 240, 196]
851	45.0	[175, 114, 39, 74, 92]	[-156, -122, -86, 29, -117]	[-169, -11, 6, -9, -177]	[-46, -149, -73, -90, -106]	[127, -87, -97, 35, 25]	[-109, -18, 11, -44, 108]	[-42, 52, 3, 91, 132]	[-130, -122, -114, -107, -128]	[-163, -124, -129, -90, -124]	[-30, -16, -16, -14, -65]	[95, 123, 106, 179, 131]	[10004, 9999, 9998, 10001, 10009]	[201, 196, 204, 234, 168]
852	33.5	[112, -19, -23, 76, 79]	[-80, -148, -69, 15, -16]	[-170, -44, 20, -15, -148]	[-46, -161, -77, -94, -97]	[122, -84, -96, 33, 28]	[-107, -28, 12, -21, 96]	[-57, 55, 2, 100, 146]	[-107, -126, -133, -114, -153]	[-159, -122, -117, -116, -92]	[-34, -24, -8, -3, -74]	[84, 111, 79, 176, 140]	[10004, 10004, 9997, 10000, 9996]	[226, 194, 187, 240, 196]
853	39.5	[112, -19, -23, 76, 79]	[-80, -148, -69, 15, -16]	[-170, -44, 20, -15, -148]	[-46, -161, -78, -101, -97]	[122, -88, -88, 33, 26]	[-107, -27, 7, -30, 106]	[-62, 55, 2, 100, 155]	[-107, -133, -130, -115, -163]	[-159, -122, -112, -117, -92]	[-31, -23, -8, -21, -74]	[90, 127, 89, 179, 131]	[10004, 10004, 9997, 10000, 9996]	[226, 194, 187, 240, 196]
854	40.5	[112, -21, -37, 33, 101]	[-117, -148, -69, 15, -16]	[-170, -55, 26, -19, -160]	[-39, -170, -91, -111, -96]	[127, -88, -101, 23, 22]	[-125, -27, 8, -33, 118]	[-47, 56, 1, 100, 182]	[-89, -121, -122, -112, -166]	[-162, -127, -122, -118, -90]	[-34, -36, -14, -4, -70]	[84, 105, 79, 176, 140]	[10004, 10004, 9997, 10000, 9996]	[209, 166, 187, 240, 198]
855	36.5	[112, -19, -23, 76, 79]	[-80, -148, -70, 15, -16]	[-170, -44, 20, -17, -148]	[-46, -161, -78, -96, -97]	[122, -88, -88, 33, 26]	[-107, -27, 5, -28, 106]	[-62, 55, 8, 100, 155]	[-107, -122, -130, -115, -163]	[-159, -122, -112, -117, -92]	[-31, -23, -8, -21, -74]	[90, 127, 89, 179, 131]	[10004, 10004, 9997, 10000, 9996]	[226, 194, 187, 240, 196]
856	36.5	[112, -19, -23, 76, 79]	[-80, -148, -69, 15, -16]	[-170, -44, 20, -15, -148]	[-46, -161, -77, -94, -97]	[122, -88, -92, 33, 26]	[-107, -27, 7, -30, 106]	[-62, 55, 2, 89, 153]	[-107, -133, -130, -115, -164]	[-159, -125, -113, -118, -92]	[-31, -23, -8, -18, -74]	[89, 127, 89, 179, 131]	[10004, 10004, 9997, 10000, 9996]	[226, 194, 187, 240, 196]
857	39.0	[112, -19, -23, 76, 79]	[-80, -148, -69, 15, -16]	[-170, -44, 20, -15, -148]	[-46, -161, -77, -94, -97]	[122, -88, -92, 33, 26]	[-107, -27, 7, -30, 106]	[-62, 55, 2, 89, 153]	[-107, -133, -130, -115, -164]	[-159, -125, -113, -118, -92]	[-31, -23, -8, -18, -74]	[89, 127, 89, 179, 131]	[10004, 10004, 9997, 10000, 9996]	[226, 194, 187, 240, 196]
858	37.0	[112, -19, -23, 76, 79]	[-80, -148, -69, 15, -16]	[-170, -44, 20, -15, -148]	[-46, -158, -78, -94, -97]	[123, -90, -101, 30, 27]	[-107, -27, 7, -33, 118]	[-62, 54, 2, 100, 159]	[-120, -117, -117, -108, -159]	[-159, -122, -112, -117, -92]	[-31, -23, -8, -19, -71]	[84, 126, 89, 179, 131]	[10004, 10004, 9997, 10000, 9996]	[226, 194, 187, 240, 196]
859	38.5	[175, 114, 33, 74, 92]	[-156, -122, -86, 29, -117]	[-169, -11, 6, -9, -177]	[-46, -149, -67, -90, -106]	[127, -87, -97, 35, 25]	[-109, -18, 11, -44, 114]	[-42, 52, 3, 85, 132]	[-130, -122, -118, -110, -105]	[-163, -126, -129, -90, -124]	[6, -22, -15, -14, -65]	[99, 133, 87, 174, 171]	[10002, 9996, 9998, 10002, 10009]	[201, 196, 204, 234, 168]
860	39.0	[112, -19, -23, 76, 79]	[-80, -148, -69, 15, -16]	[-170, -45, 22, -17, -148]	[-46, -161, -77, -109, -97]	[122, -86, -98, 30, 28]	[-107, -27, 11, -27, 108]	[-51, 56, 2, 100, 146]	[-105, -122, -128, -114, -157]	[-161, -125, -120, -116, -91]	[-34, -24, -8, -3, -74]	[84, 111, 79, 176, 140]	[10004, 10004, 9997, 10000, 9996]	[226, 194, 187, 240, 196]
861	42.5	[112, -19, -23, 76, 79]	[-80, -148, -69, 15, -16]	[-170, -44, 20, -15, -148]	[-46, -161, -77, -94, -97]	[122, -88, -92, 33, 26]	[-107, -27, 7, -30, 106]	[-62, 55, 2, 89, 153]	[-107, -133, -130, -115, -164]	[-159, -125, -113, -118, -92]	[-31, -23, -8, -18, -74]	[89, 127, 89, 179, 131]	[10004, 10004, 9997, 10000, 9996]	[226, 194, 187, 240, 196]
862	36.5	[112, -19, -23, 76, 79]	[-80, -148, -69, 15, -16]	[-170, -44, 20, -15, -148]	[-46, -158, -78, -94, -97]	[123, -90, -101, 30, 27]	[-107, -27, 7, -33, 118]	[-62, 54, 2, 100, 155]	[-120, -119, -117, -109, -159]	[-159, -124, -112, -117, -92]	[-31, -23, -8, -19, -71]	[84, 127, 89, 179, 131]	[10004, 10004, 9997, 10000, 9996]	[226, 194, 187, 240, 196]
863	40.5	[112, -19, -23, 76, 79]	[-80, -148, -69, 15, -16]	[-170, -44, 20, -15, -148]	[-46, -158, -78, -94, -97]	[123, -90, -101, 30, 27]	[-107, -27, 7, -33, 118]	[-62, 54, 2, 100, 155]	[-120, -119, -117, -109, -159]	[-159, -124, -112, -117, -92]	[-31, -23, -8, -19, -71]	[84, 127, 89, 179, 131]	[10004, 10004, 9997, 10000, 9996]	[226, 194, 187, 240, 196]
864	37.5	[112, -19, -50, 61, 88]	[-87, -148, -73, 15, -16]	[-164, -58, 20, -18, -148]	[-40, -162, -87, -110, -96]	[120, -87, -98, 28, 25]	[-145, -18, 7, -33, 113]	[-57, 55, 2, 101, 182]	[-104, -124, -119, -109, -166]	[-159, -126, -122, -112, -90]	[-32, -25, -10, -11, -65]	[84, 122, 82, 177, 55]	[10004, 10004, 9997, 9993, 9997]	[226, 191, 189, 240, 196]
865	39.0	[112, -24, -33, 40, 79]	[-123, -148, -70, 15, -16]	[-163, -52, 24, -15, -148]	[-45, -173, -89, -111, -97]	[123, -88, -92, 23, 28]	[-114, -23, 14, -21, 110]	[-52, 53, 9, 102, 146]	[-107, -136, -126, -116, -154]	[-159, -122, -121, -108, -92]	[-34, -36, -8, -19, -64]	[88, 122, 99, 177, 140]	[10004, 10004, 9997, 10000, 9996]	[226, 177, 187, 240, 196]
866	42.5	[112, -19, -23, 76, 79]	[-80, -148, -69, 15, -16]	[-170, -44, 20, -15, -148]	[-46, -161, -77, -94, -97]	[122, -84, -96, 33, 28]	[-107, -28, 12, -21, 96]	[-51, 55, 2, 100, 146]	[-105, -126, -133, -114, -153]	[-159, -125, -117, -116, -92]	[-34, -24, -8, -3, -74]	[84, 111, 79, 176, 140]	[10004, 10004, 9997, 10000, 9996]	[226, 194, 187, 240, 196]
867	39.5	[112, -19, -23, 76, 79]	[-80, -148, -70, 15, -16]	[-170, -44, 20, -17, -148]	[-46, -161, -78, -96, -97]	[122, -88, -88, 33, 26]	[-107, -27, 5, -28, 106]	[-62, 55, 8, 100, 155]	[-107, -122, -130, -115, -163]	[-159, -122, -112, -117, -92]	[-31, -29, -8, -21, -74]	[90, 127, 89, 179, 131]	[10004, 10004, 9997, 10000, 9996]	[226, 194, 187, 240, 196]
868	33.5	[112, -19, -23, 76, 79]	[-80, -148, -70, 15, -16]	[-170, -44, 20, -17, -148]	[-46, -161, -78, -96, -97]	[122, -88, -88, 33, 26]	[-107, -27, 5, -28, 106]	[-62, 55, 8, 100, 155]	[-107, -122, -130, -115, -163]	[-159, -122, -112, -117, -92]	[-31, -29, -8, -21, -74]	[90, 127, 89, 179, 131]	[10004, 10004, 9997, 10000, 9996]	[226, 194, 187, 240, 196]
869	40.0	[112, -19, -50, 61, 88]	[-87, -148, -73, 23, -16]	[-170, -19, 13, -18, -142]	[-44, -150, -69, -92, -105]	[121, -87, -97, 31, 25]	[-139, -27, 8, -31, 119]	[-55, 55, 2, 101, 153]	[-104, -124, -117, -97, -166]	[-163, -126, -119, -110, -90]	[-31, -25, -8, -13, -63]	[85, 124, 85, 177, 55]	[10004, 10004, 9997, 9993, 9997]	[226, 175, 190, 240, 196]
870	41.0	[175, 114, 39, 74, 92]	[-156, -122, -86, 29, -117]	[-169, -11, 15, -15, -177]	[-46, -152, -74, -91, -106]	[124, -88, -101, 31, 26]	[-107, -23, 8, -41, 108]	[-54, 55, 2, 97, 132]	[-124, -121, -126, -114, -147]	[-157, -125, -118, -84, -124]	[-30, -22, -9, -19, -68]	[95, 126, 91, 179, 131]	[10004, 10003, 9997, 10000, 10002]	[201, 196, 204, 234, 168]
871	35.0	[112, -24, -33, 40, 79]	[-123, -148, -70, 15, -16]	[-163, -52, 24, -15, -148]	[-45, -173, -89, -111, -97]	[123, -88, -92, 23, 28]	[-114, -26, 12, -30, 110]	[-56, 53, 9, 102, 146]	[-107, -133, -124, -116, -155]	[-159, -122, -113, -108, -92]	[-34, -36, -8, -12, -65]	[88, 122, 99, 177, 140]	[10004, 10004, 9997, 10000, 9996]	[226, 188, 187, 240, 196]
872	41.0	[112, -19, -23, 76, 73]	[-74, -148, -69, 15, -16]	[-170, -45, 21, -15, -153]	[-46, -158, -69, -98, -99]	[122, -86, -97, 30, 28]	[-139, -27, 11, -27, 108]	[-54, 56, 2, 100, 146]	[-105, -122, -128, -105, -157]	[-161, -126, -120, -110, -91]	[-31, -25, -8, -11, -69]	[85, 124, 85, 177, 101]	[10004, 10004, 9997, 9998, 9996]	[226, 194, 187, 240, 196]
873	43.0	[112, -19, -23, 76, 73]	[-74, -148, -69, 15, -16]	[-170, -45, 21, -15, -153]	[-46, -158, -74, -98, -99]	[122, -86, -98, 30, 28]	[-107, -24, 11, -27, 108]	[-51, 56, 2, 100, 146]	[-105, -122, -128, -114, -157]	[-161, -125, -120, -116, -91]	[-34, -24, -8, -3, -74]	[84, 112, 83, 177, 97]	[10004, 10004, 9997, 10000, 9996]	[226, 194, 187, 240, 196]
874	36.5	[112, -19, -23, 76, 79]	[-80, -148, -69, 15, -16]	[-170, -44, 20, -15, -148]	[-46, -161, -77, -94, -97]	[122, -84, -96, 33, 28]	[-107, -28, 12, -21, 96]	[-51, 55, 2, 100, 146]	[-105, -126, -133, -114, -153]	[-159, -125, -117, -116, -92]	[-34, -24, -8, -3, -74]	[84, 111, 79, 176, 140]	[10004, 10004, 9997, 10000, 9996]	[226, 194, 187, 240, 196]
875	42.5	[112, -19, -23, 76, 79]	[-80, -148, -69, 15, -16]	[-170, -44, 20, -15, -148]	[-46, -161, -77, -94, -97]	[122, -84, -96, 33, 28]	[-107, -28, 12, -21, 96]	[-51, 55, 2, 100, 146]	[-105, -126, -133, -114, -153]	[-159, -125, -117, -113, -92]	[-34, -24, -9, -5, -74]	[84, 114, 82, 177, 73]	[10004, 10004, 9997, 9998, 9996]	[226, 191, 188, 240, 196]
876	40.5	[112, -19, -50, 61, 88]	[-148, -148, -73, 15, -16]	[-170, -50, 13, -14, -142]	[-40, -152, -83, -110, -96]	[127, -87, -97, 28, 25]	[-139, -24, 8, -31, 119]	[-55, 52, 2, 99, 153]	[-121, -124, -118, -104, -161]	[-163, -126, -122, -94, -90]	[-31, -25, -8, -13, -64]	[87, 129, 91, 177, 55]	[10004, 9996, 9998, 9993, 9997]	[226, 187, 200, 240, 196]
877	38.0	[112, -19, -23, 76, 79]	[-80, -148, -69, 15, -16]	[-170, -44, 20, -15, -148]	[-46, -161, -77, -94, -97]	[122, -84, -96, 33, 28]	[-107, -28, 12, -21, 96]	[-51, 55, 2, 100, 146]	[-105, -126, -133, -114, -153]	[-159, -125, -117, -113, -92]	[-34, -24, -9, -5, -74]	[84, 114, 82, 177, 73]	[10004, 10004, 9997, 9998, 9996]	[226, 191, 188, 240, 196]
878	35.0	[112, -19, -23, 76, 73]	[-154, -133, -86, 16, -43]	[-170, -31, 17, -15, -177]	[-46, -158, -74, -98, -99]	[122, -86, -98, 30, 28]	[-107, -24, 11, -27, 108]	[-51, 56, 2, 100, 146]	[-105, -122, -128, -114, -157]	[-161, -125, -120, -116, -91]	[-34, -24, -8, -3, -74]	[84, 112, 83, 177, 97]	[10004, 10004, 9997, 10000, 9996]	[226, 194, 187, 240, 196]
879	41.0	[112, -19, -38, 61, 88]	[-81, -148, -73, 15, -16]	[-167, -56, 20, -18, -148]	[-40, -162, -86, -110, -96]	[122, -89, -99, 29, 25]	[-145, -19, 7, -33, 113]	[-57, 55, 2, 101, 158]	[-125, -125, -121, -111, -166]	[-159, -126, -118, -112, -90]	[-32, -25, -9, -18, -71]	[84, 122, 82, 177, 61]	[10004, 10004, 9997, 9993, 9997]	[226, 191, 189, 240, 196]
880	35.0	[112, -19, -23, 76, 79]	[-80, -148, -69, 15, -16]	[-170, -44, 20, -15, -148]	[-46, -161, -78, -95, -97]	[122, -88, -88, 33, 26]	[-101, -27, 9, -31, 106]	[-62, 55, 2, 96, 154]	[-106, -126, -127, -114, -163]	[-159, -124, -111, -117, -98]	[-31, -27, -8, -18, -74]	[87, 127, 89, 179, 131]	[10004, 10004, 9997, 10000, 9996]	[226, 194, 187, 240, 196]
881	40.5	[112, -19, -23, 76, 79]	[-80, -148, -65, 15, -16]	[-170, -44, 20, -16, -148]	[-46, -158, -78, -95, -97]	[122, -88, -88, 33, 25]	[-107, -27, 5, -28, 114]	[-54, 53, 2, 100, 154]	[-107, -122, -130, -115, -163]	[-159, -122, -112, -117, -92]	[-31, -29, -8, -21, -74]	[90, 127, 89, 179, 131]	[10004, 10004, 9997, 10000, 9996]	[226, 194, 187, 240, 196]
882	37.5	[112, -19, -23, 76, 73]	[-154, -133, -86, 16, -43]	[-170, -31, 17, -15, -177]	[-46, -158, -74, -98, -99]	[122, -86, -104, 30, 28]	[-107, -24, 11, -27, 108]	[-51, 56, 2, 100, 146]	[-105, -122, -128, -114, -157]	[-161, -125, -120, -116, -91]	[-34, -24, -8, -3, -74]	[84, 112, 83, 177, 97]	[10004, 10004, 9997, 10000, 9996]	[226, 194, 187, 240, 196]
883	36.0	[112, -19, -23, 76, 73]	[-74, -148, -69, 15, -16]	[-170, -45, 21, -15, -153]	[-46, -158, -74, -98, -99]	[122, -86, -98, 30, 28]	[-107, -24, 11, -27, 108]	[-51, 56, 2, 100, 146]	[-105, -122, -128, -114, -157]	[-161, -125, -120, -116, -91]	[-34, -24, -8, -3, -74]	[84, 112, 83, 177, 97]	[10004, 10004, 9997, 10000, 9996]	[226, 194, 187, 240, 196]
884	40.0	[112, -19, -23, 76, 79]	[-80, -148, -69, 15, -16]	[-170, -44, 20, -15, -148]	[-46, -161, -77, -94, -97]	[122, -84, -96, 33, 28]	[-107, -28, 12, -21, 96]	[-51, 55, 2, 100, 146]	[-105, -126, -133, -114, -153]	[-159, -125, -117, -113, -92]	[-34, -24, -9, -5, -68]	[84, 114, 82, 177, 73]	[10004, 10004, 9997, 9998, 9996]	[226, 197, 188, 240, 196]
885	35.0	[112, -19, -23, 76, 79]	[-80, -148, -65, 15, -16]	[-170, -44, 20, -16, -148]	[-46, -158, -75, -95, -97]	[122, -87, -93, 31, 25]	[-107, -26, 10, -30, 113]	[-54, 53, 2, 97, 154]	[-107, -123, -130, -114, -163]	[-159, -122, -111, -114, -90]	[-31, -29, -8, -18, -73]	[90, 127, 89, 179, 131]	[10004, 10004, 9997, 10000, 9996]	[226, 194, 187, 240, 196]
886	39.0	[112, -19, -23, 76, 73]	[-154, -133, -86, 16, -49]	[-170, -31, 17, -15, -177]	[-46, -158, -74, -98, -99]	[122, -86, -104, 30, 28]	[-107, -24, 11, -27, 108]	[-51, 56, 2, 100, 146]	[-105, -122, -128, -114, -157]	[-161, -125, -120, -116, -91]	[-34, -24, -8, -3, -74]	[84, 112, 83, 177, 97]	[10004, 10004, 9997, 10000, 9996]	[226, 194, 187, 240, 196]
887	38.0	[112, -19, -23, 76, 79]	[-80, -148, -65, 15, -16]	[-170, -44, 20, -16, -148]	[-46, -158, -75, -95, -97]	[122, -87, -93, 31, 25]	[-107, -26, 10, -30, 113]	[-54, 53, 2, 97, 154]	[-107, -123, -130, -114, -163]	[-159, -122, -111, -114, -90]	[-31, -29, -8, -18, -73]	[90, 127, 89, 179, 131]	[10004, 10004, 9997, 10000, 9996]	[226, 194, 187, 240, 196]
888	41.5	[112, -19, -23, 76, 79]	[-80, -148, -69, 15, -16]	[-170, -44, 20, -15, -148]	[-46, -161, -77, -94, -97]	[122, -84, -96, 33, 28]	[-107, -28, 12, -21, 96]	[-51, 55, 2, 100, 146]	[-105, -126, -133, -114, -153]	[-159, -125, -117, -113, -92]	[-34, -24, -9, -5, -68]	[84, 114, 82, 177, 73]	[10004, 10004, 9997, 9998, 9996]	[226, 197, 188, 240, 196]
889	37.0	[112, -19, -23, 76, 73]	[-74, -148, -69, 15, -16]	[-170, -45, 21, -15, -153]	[-46, -158, -74, -98, -99]	[122, -86, -98, 30, 28]	[-107, -24, 11, -27, 108]	[-51, 56, 2, 100, 146]	[-105, -122, -128, -114, -157]	[-161, -125, -120, -116, -91]	[-34, -24, -8, -3, -74]	[84, 112, 83, 177, 97]	[10004, 10004, 9997, 10000, 9996]	[226, 194, 187, 240, 196]
890	43.5	[112, -19, -23, 76, 73]	[-154, -133, -86, 16, -49]	[-170, -31, 17, -15, -177]	[-46, -158, -74, -98, -99]	[122, -86, -104, 30, 28]	[-107, -24, 11, -27, 114]	[-51, 56, 2, 100, 146]	[-105, -122, -128, -114, -157]	[-161, -125, -120, -116, -91]	[-34, -24, -8, -3, -74]	[84, 112, 83, 177, 97]	[10004, 10004, 9997, 10000, 9996]	[226, 194, 187, 240, 196]
891	44.5	[112, -19, -23, 75, 81]	[-81, -148, -69, 15, -16]	[-170, -44, 20, -16, -148]	[-46, -161, -81, -104, -97]	[120, -84, -96, 33, 28]	[-107, -28, 9, -24, 96]	[-51, 55, 2, 100, 146]	[-105, -126, -133, -113, -153]	[-159, -125, -117, -113, -92]	[-34, -24, -9, -5, -68]	[84, 114, 82, 177, 73]	[10004, 10004, 9997, 9998, 9996]	[226, 197, 188, 240, 196]
892	43.5	[112, -19, -23, 76, 79]	[-86, -148, -72, 15, -16]	[-169, -50, 20, -15, -148]	[-46, -160, -78, -95, -97]	[122, -87, -95, 32, 25]	[-101, -33, 8, -29, 106]	[-62, 55, 2, 96, 163]	[-115, -124, -120, -106, -162]	[-159, -123, -116, -114, -94]	[-31, -27, -8, -17, -73]	[87, 127, 89, 178, 95]	[10004, 10004, 9997, 9998, 9996]	[226, 194, 188, 240, 196]
893	36.5	[112, -19, -23, 76, 79]	[-80, -148, -69, 15, -16]	[-170, -44, 20, -15, -148]	[-46, -161, -77, -94, -97]	[122, -84, -96, 33, 28]	[-107, -28, 12, -21, 96]	[-51, 55, 2, 100, 146]	[-105, -126, -133, -114, -153]	[-159, -125, -117, -113, -92]	[-34, -24, -9, -5, -68]	[84, 114, 82, 177, 73]	[10004, 10004, 9997, 9998, 9996]	[226, 197, 188, 240, 196]
894	40.5	[112, -19, -23, 76, 79]	[-86, -148, -72, 15, -16]	[-169, -50, 20, -15, -148]	[-46, -160, -78, -95, -97]	[122, -87, -95, 32, 25]	[-101, -33, 8, -29, 106]	[-62, 55, 2, 96, 163]	[-115, -124, -120, -106, -162]	[-159, -123, -116, -114, -94]	[-31, -27, -8, -20, -73]	[87, 126, 97, 178, 95]	[10004, 10004, 9997, 9998, 9996]	[226, 194, 188, 240, 196]
895	34.0	[112, -24, -33, 40, 79]	[-123, -148, -70, 15, -16]	[-163, -52, 24, -15, -148]	[-45, -173, -89, -111, -97]	[123, -88, -92, 29, 28]	[-108, -33, 10, -30, 110]	[-56, 54, 3, 102, 146]	[-107, -133, -130, -115, -155]	[-165, -122, -111, -114, -91]	[-28, -32, -8, -21, -67]	[89, 122, 99, 177, 140]	[10004, 10004, 9997, 10000, 9996]	[226, 190, 187, 240, 196]
896	38.0	[112, -24, -33, 40, 79]	[-123, -148, -70, 15, -16]	[-163, -52, 24, -15, -148]	[-45, -173, -89, -111, -97]	[123, -88, -92, 29, 28]	[-108, -33, 10, -30, 110]	[-56, 54, 3, 102, 146]	[-107, -133, -130, -115, -155]	[-165, -122, -111, -114, -91]	[-28, -32, -8, -21, -67]	[89, 122, 99, 177, 140]	[10004, 10004, 9997, 10000, 9996]	[226, 190, 187, 240, 196]
897	39.0	[112, -19, -23, 76, 79]	[-80, -148, -69, 15, -16]	[-170, -44, 26, -15, -148]	[-46, -160, -76, -101, -97]	[122, -87, -92, 33, 27]	[-107, -27, 10, -31, 106]	[-62, 55, 2, 100, 155]	[-107, -132, -127, -115, -163]	[-159, -119, -112, -117, -98]	[-31, -23, -8, -10, -74]	[94, 127, 90, 179, 131]	[10004, 10003, 9997, 10000, 9996]	[226, 194, 187, 240, 202]
898	38.0	[112, -19, -23, 76, 79]	[-110, -133, -83, 15, -16]	[-170, -44, 18, -15, -153]	[-46, -161, -77, -98, -97]	[122, -84, -96, 33, 28]	[-107, -28, 12, -21, 96]	[-51, 55, 2, 100, 146]	[-105, -126, -133, -114, -153]	[-159, -125, -117, -113, -92]	[-34, -24, -9, -5, -68]	[84, 114, 82, 177, 73]	[10004, 10004, 9997, 9998, 9996]	[226, 197, 188, 240, 196]
899	39.5	[112, -19, -23, 76, 73]	[-74, -148, -69, 15, -16]	[-170, -45, 21, -15, -153]	[-46, -158, -74, -98, -99]	[122, -86, -98, 30, 28]	[-107, -24, 11, -27, 108]	[-51, 62, 2, 100, 146]	[-105, -122, -128, -114, -157]	[-155, -125, -120, -116, -91]	[-34, -24, -8, -3, -74]	[84, 112, 83, 177, 97]	[10004, 10004, 9997, 10000, 9996]	[226, 194, 187, 240, 196]
900	36.5	[112, -24, -33, 40, 79]	[-123, -148, -70, 15, -16]	[-163, -52, 24, -15, -148]	[-45, -173, -89, -111, -97]	[123, -88, -92, 29, 28]	[-108, -33, 10, -30, 110]	[-56, 54, 3, 102, 146]	[-107, -133, -130, -115, -155]	[-165, -122, -111, -114, -91]	[-28, -32, -8, -21, -67]	[89, 97, 99, 177, 140]	[10004, 10004, 9997, 10000, 9996]	[226, 190, 187, 240, 196]
901	35.0	[112, -19, -23, 76, 79]	[-110, -133, -83, 15, -16]	[-170, -44, 18, -15, -153]	[-46, -161, -77, -98, -97]	[122, -84, -96, 33, 28]	[-107, -28, -13, -21, 96]	[-51, 55, 2, 100, 146]	[-105, -126, -133, -114, -153]	[-159, -125, -117, -113, -92]	[-34, -24, -9, -5, -68]	[84, 114, 82, 177, 73]	[10004, 10004, 9997, 9998, 9996]	[226, 197, 188, 240, 196]
902	39.0	[112, -19, -23, 76, 73]	[-74, -148, -69, 15, -16]	[-170, -45, 21, -15, -153]	[-46, -158, -74, -98, -99]	[122, -86, -98, 30, 28]	[-107, -24, -14, -27, 108]	[-51, 62, 2, 100, 146]	[-105, -122, -128, -114, -157]	[-155, -125, -120, -116, -91]	[-34, -24, -8, -3, -74]	[84, 119, 87, 177, 96]	[10004, 10004, 9997, 10000, 9996]	[226, 194, 188, 240, 196]
903	37.0	[112, -19, -23, 76, 73]	[-154, -133, -86, 16, -49]	[-170, -31, 17, -15, -177]	[-46, -133, -76, -95, -99]	[122, -85, -104, 30, 28]	[-107, -25, 11, -27, 114]	[-51, 56, 2, 100, 146]	[-105, -125, -133, -114, -157]	[-161, -125, -120, -116, -91]	[-34, -24, -8, -3, -74]	[84, 112, 88, 177, 92]	[10004, 10004, 9997, 9999, 9996]	[226, 194, 187, 240, 196]
904	45.0	[112, -19, -23, 75, 81]	[-81, -148, -69, 15, -16]	[-145, -44, 20, -16, -148]	[-46, -161, -81, -104, -97]	[120, -90, -96, 33, 28]	[-107, -28, 9, -24, 96]	[-51, 55, -4, 100, 146]	[-105, -126, -133, -113, -155]	[-159, -125, -117, -113, -92]	[-34, -24, -9, -3, -68]	[84, 114, 82, 177, 73]	[10004, 10004, 9996, 9999, 9996]	[226, 197, 188, 240, 196]
905	39.5	[112, -19, -23, 76, 73]	[-154, -133, -86, 16, -49]	[-170, -31, 17, -15, -177]	[-46, -158, -74, -98, -99]	[122, -86, -96, 30, 28]	[-106, -25, 11, -30, 114]	[-54, 56, 2, 100, 146]	[-106, -126, -131, -113, -158]	[-159, -123, -116, -116, -92]	[-34, -24, -8, -3, -73]	[84, 115, 58, 179, 96]	[10004, 10004, 9991, 10000, 9996]	[226, 194, 187, 240, 196]
906	38.5	[112, -19, -23, 76, 73]	[-154, -133, -86, 16, -49]	[-170, -31, 17, -15, -177]	[-46, -158, -74, -98, -99]	[122, -86, -96, 30, 28]	[-106, -25, 11, -30, 114]	[-54, 56, 2, 100, 146]	[-106, -126, -131, -113, -158]	[-159, -123, -116, -116, -92]	[-34, -24, -8, -3, -73]	[84, 115, 58, 179, 96]	[10004, 10004, 9991, 10000, 9996]	[226, 194, 187, 240, 196]
907	38.0	[112, -19, -23, 76, 73]	[-154, -133, -86, 16, -49]	[-170, -31, 17, -15, -177]	[-46, -133, -76, -95, -99]	[122, -85, -104, 30, 28]	[-107, -25, 11, -27, 114]	[-51, 56, 2, 100, 146]	[-105, -128, -132, -115, -157]	[-160, -98, -120, -116, -91]	[-34, -23, -11, -3, -74]	[90, 120, 90, 177, 92]	[10004, 10004, 9997, 10000, 9996]	[226, 194, 187, 240, 196]
908	37.5	[112, -19, -23, 76, 73]	[-74, -148, -69, 15, -16]	[-170, -45, 21, -15, -153]	[-46, -158, -74, -98, -99]	[122, -86, -92, 30, 28]	[-107, -24, -13, -27, 108]	[-51, 62, 2, 100, 146]	[-105, -122, -128, -114, -157]	[-155, -125, -120, -116, -91]	[-34, -24, -8, -3, -74]	[84, 119, 87, 183, 96]	[10004, 10004, 9997, 10000, 9996]	[226, 194, 188, 240, 196]
909	47.0	[112, -19, -23, 76, 73]	[-154, -133, -86, 16, -49]	[-170, -31, 17, -15, -177]	[-46, -158, -74, -98, -99]	[122, -86, -96, 30, 28]	[-106, -25, 11, -30, 114]	[-54, 56, 2, 100, 146]	[-106, -120, -131, -113, -158]	[-159, -123, -116, -116, -92]	[-34, -24, -8, -3, -73]	[84, 115, 58, 179, 96]	[10004, 10004, 9991, 10000, 9996]	[226, 194, 187, 240, 196]
910	39.5	[112, -19, -23, 75, 81]	[-81, -148, -69, 15, -16]	[-145, -44, 20, -16, -148]	[-46, -161, -81, -104, -97]	[120, -90, -96, 33, 28]	[-107, -28, 9, -24, 96]	[-51, 55, -4, 100, 146]	[-105, -126, -133, -113, -155]	[-159, -125, -117, -113, -92]	[-34, -24, -9, -3, -68]	[84, 114, 82, 177, 73]	[10004, 10004, 9996, 9999, 9996]	[226, 197, 188, 240, 196]
911	43.5	[112, -24, -33, 40, 79]	[-123, -148, -70, 15, -16]	[-163, -52, 24, -15, -148]	[-45, -173, -89, -111, -97]	[123, -88, -92, 29, 28]	[-108, -33, 10, -30, 110]	[-56, 54, 3, 102, 146]	[-107, -133, -130, -115, -155]	[-165, -122, -111, -114, -91]	[-28, -32, -8, -21, -67]	[89, 97, 99, 177, 140]	[10004, 10004, 9997, 10000, 9996]	[226, 190, 187, 240, 196]
912	37.0	[112, -19, -23, 76, 73]	[-154, -133, -86, 16, -49]	[-170, -31, 17, -15, -177]	[-46, -133, -76, -95, -97]	[122, -86, -99, 30, 28]	[-107, -25, 11, -27, 114]	[-51, 56, 2, 100, 146]	[-105, -125, -133, -114, -157]	[-155, -125, -120, -116, -91]	[-34, -24, -8, -3, -74]	[84, 119, 89, 177, 99]	[10004, 10004, 9997, 9999, 9996]	[226, 194, 187, 240, 196]
913	42.5	[112, -19, -23, 76, 79]	[-86, -148, -72, 15, -16]	[-169, -50, 20, -15, -148]	[-46, -160, -78, -95, -97]	[122, -87, -101, 30, 28]	[-101, -31, 8, -29, 106]	[-62, 56, 2, 97, 148]	[-109, -125, -121, -112, -163]	[-159, -123, -113, -114, -94]	[-31, -27, -9, -17, -73]	[87, 126, 94, 179, 102]	[10004, 10004, 10003, 9982, 9996]	[226, 202, 188, 240, 202]
914	37.0	[112, -19, -23, 75, 81]	[-81, -148, -69, 15, -16]	[-145, -44, 20, -16, -148]	[-46, -161, -81, -104, -97]	[120, -90, -96, 33, 28]	[-107, -28, 9, -24, 96]	[-51, 55, -4, 100, 146]	[-105, -126, -133, -113, -155]	[-159, -125, -117, -113, -92]	[-34, -24, -9, -3, -68]	[84, 114, 82, 177, 73]	[10004, 10004, 9996, 9999, 9996]	[226, 197, 188, 240, 196]
915	40.0	[112, -19, -23, 76, 73]	[-154, -133, -86, 16, -17]	[-170, -31, 17, -15, -177]	[-46, -139, -76, -95, -99]	[122, -86, -99, 31, 28]	[-107, -28, 10, -29, 114]	[-61, 56, 2, 100, 147]	[-107, -130, -131, -115, -161]	[-164, -113, -120, -116, -91]	[-32, -23, -11, -3, -74]	[91, 121, 90, 177, 92]	[10004, 10004, 9997, 10000, 9996]	[226, 194, 187, 240, 196]
916	35.0	[112, -19, -23, 76, 73]	[-74, -148, -69, 15, -16]	[-170, -45, 21, -15, -153]	[-46, -158, -78, -96, -99]	[122, -86, -92, 33, 26]	[-107, -25, 2, -28, 113]	[-51, 62, 2, 100, 153]	[-105, -122, -128, -114, -157]	[-155, -125, -120, -116, -91]	[-34, -24, -8, -3, -74]	[84, 119, 87, 183, 96]	[10004, 10004, 9997, 10000, 9996]	[226, 194, 188, 240, 196]
917	40.0	[112, -19, -23, 76, 79]	[-85, -148, -70, 15, -16]	[-169, -50, 24, -15, -148]	[-46, -160, -78, -98, -98]	[124, -87, -97, 32, 26]	[-101, -26, 11, -30, 106]	[-58, 56, 2, 97, 154]	[-108, -123, -131, -112, -159]	[-159, -123, -114, -114, -90]	[-31, -27, -8, -4, -73]	[87, 107, 84, 179, 102]	[10004, 10004, 10002, 9983, 9996]	[226, 219, 188, 240, 196]
918	40.0	[112, -19, -23, 76, 73]	[-154, -133, -86, 16, -17]	[-170, -31, 11, -15, -177]	[-46, -139, -76, -95, -99]	[122, -86, -99, 32, 28]	[-107, -28, 10, -29, 114]	[-61, 56, 2, 100, 147]	[-107, -130, -131, -115, -161]	[-164, -113, -120, -116, -91]	[-32, -23, -11, -3, -74]	[91, 121, 90, 177, 92]	[10004, 10004, 9997, 10000, 9996]	[226, 194, 187, 240, 196]
919	35.5	[112, -19, -23, 76, 73]	[-154, -133, -86, 22, -49]	[-170, -31, 17, -15, -177]	[-46, -160, -75, -97, -99]	[122, -87, -96, 30, 28]	[-106, -28, 9, -30, 114]	[-54, 56, 2, 100, 146]	[-106, -124, -129, -112, -162]	[-159, -123, -116, -116, -92]	[-34, -24, -8, -3, -73]	[87, 109, 64, 179, 96]	[10004, 10004, 9985, 10000, 9996]	[226, 194, 187, 240, 196]
920	42.0	[112, -19, -23, 76, 79]	[-80, -148, -69, 15, -16]	[-170, -44, 26, -15, -148]	[-46, -160, -77, -101, -97]	[122, -87, -101, 31, 27]	[-107, -28, 10, -31, 106]	[-62, 56, 2, 94, 149]	[-107, -128, -128, -115, -163]	[-165, -119, -120, -117, -98]	[-31, -23, -8, -7, -74]	[92, 121, 90, 179, 131]	[10004, 9998, 9997, 10000, 9996]	[226, 194, 187, 240, 202]
921	39.0	[112, -19, -23, 76, 79]	[-85, -148, -70, 15, -16]	[-169, -50, 24, -15, -148]	[-46, -160, -78, -98, -98]	[124, -87, -97, 32, 26]	[-101, -26, 11, -30, 106]	[-58, 56, 2, 97, 154]	[-108, -123, -131, -112, -159]	[-159, -123, -114, -114, -90]	[-31, -27, -8, -4, -73]	[87, 107, 84, 179, 102]	[10004, 10004, 10002, 9983, 9996]	[226, 219, 188, 240, 196]
922	42.5	[112, -19, -23, 76, 79]	[-85, -148, -70, 15, -16]	[-169, -50, 24, -15, -148]	[-46, -160, -78, -98, -98]	[124, -87, -97, 32, 26]	[-101, -26, 11, -30, 106]	[-58, 56, 2, 97, 154]	[-108, -123, -131, -112, -159]	[-159, -123, -114, -114, -90]	[-31, -27, -8, -4, -73]	[87, 107, 84, 179, 102]	[10004, 10004, 10002, 9983, 9996]	[226, 219, 188, 240, 196]
923	38.5	[112, -24, -33, 40, 79]	[-123, -148, -70, 15, -16]	[-163, -52, 24, -15, -148]	[-45, -173, -89, -111, -97]	[123, -88, -92, 29, 28]	[-108, -33, 10, -30, 110]	[-56, 54, 3, 100, 146]	[-107, -133, -132, -115, -155]	[-158, -125, -111, -120, -91]	[-29, -28, -8, -19, -67]	[89, 117, 92, 179, 140]	[10004, 10004, 9997, 10000, 9996]	[226, 190, 188, 240, 196]
924	43.0	[112, -19, -23, 76, 73]	[-154, -133, -86, 22, -49]	[-170, -31, 17, -15, -177]	[-46, -160, -75, -97, -99]	[122, -87, -96, 30, 28]	[-106, -28, 9, -30, 114]	[-54, 56, 2, 100, 146]	[-106, -124, -129, -112, -162]	[-159, -123, -116, -116, -92]	[-34, -24, -8, -3, -73]	[87, 109, 64, 179, 96]	[10004, 10004, 9985, 10000, 9996]	[226, 194, 187, 240, 196]
925	37.5	[112, -24, -33, 40, 79]	[-123, -148, -70, 15, -16]	[-163, -52, 24, -15, -148]	[-45, -173, -89, -111, -97]	[123, -88, -92, 29, 28]	[-108, -33, 10, -30, 110]	[-56, 54, 3, 100, 146]	[-107, -133, -132, -115, -155]	[-158, -125, -111, -120, -91]	[-29, -28, -8, -19, -67]	[89, 117, 92, 179, 140]	[10004, 10004, 9997, 10000, 9996]	[226, 190, 188, 240, 196]
926	37.0	[112, -19, -23, 76, 79]	[-86, -148, -72, 15, -16]	[-169, -44, 20, -15, -148]	[-46, -160, -78, -95, -97]	[122, -87, -101, 30, 28]	[-101, -31, 8, -29, 106]	[-62, 56, 2, 97, 148]	[-109, -125, -121, -112, -163]	[-159, -123, -113, -114, -94]	[-31, -27, -9, -17, -73]	[87, 126, 94, 179, 102]	[10004, 10004, 10003, 9982, 9996]	[226, 202, 188, 240, 202]
927	34.5	[112, -19, -23, 76, 73]	[-74, -148, -69, 15, -16]	[-170, -45, 21, -15, -153]	[-46, -158, -78, -96, -99]	[122, -86, -92, 33, 26]	[-107, -25, 2, -28, 113]	[-51, 62, 2, 100, 153]	[-105, -122, -128, -114, -157]	[-155, -125, -120, -116, -91]	[-34, -24, -8, -3, -74]	[84, 119, 87, 183, 96]	[10004, 10004, 9997, 10000, 9996]	[226, 194, 188, 240, 196]
928	40.5	[112, -19, -23, 76, 79]	[-85, -148, -70, 15, -30]	[-170, -39, 19, -15, -171]	[-46, -160, -79, -98, -98]	[123, -88, -97, 32, 26]	[-101, -27, 9, -28, 106]	[-58, 56, -1, 98, 154]	[-108, -123, -129, -113, -157]	[-159, -125, -114, -114, -92]	[-33, -24, -8, -4, -73]	[84, 115, 85, 179, 102]	[10004, 10004, 9989, 9991, 9996]	[226, 219, 187, 240, 196]
929	43.0	[112, -19, -23, 76, 74]	[-86, -148, -72, 15, -16]	[-169, -35, 14, -15, -161]	[-46, -160, -78, -95, -98]	[122, -86, -100, 31, 28]	[-107, -30, -7, -29, 109]	[-62, 56, 2, 98, 148]	[-109, -125, -121, -112, -163]	[-159, -123, -113, -114, -94]	[-31, -27, -9, -17, -73]	[87, 126, 94, 179, 102]	[10004, 10004, 10003, 9982, 9996]	[226, 202, 188, 240, 202]
930	41.0	[112, -19, -23, 76, 79]	[-86, -148, -72, 15, -16]	[-169, -44, 20, -9, -148]	[-46, -160, -78, -95, -97]	[122, -87, -101, 30, 28]	[-101, -31, 8, -29, 106]	[-62, 56, 2, 97, 148]	[-109, -125, -121, -112, -163]	[-159, -123, -113, -114, -94]	[-31, -27, -9, -17, -73]	[87, 126, 94, 179, 102]	[10004, 10004, 10003, 9982, 9996]	[226, 202, 188, 240, 202]
931	38.0	[112, -19, -23, 76, 73]	[-74, -148, -69, 15, -16]	[-170, -45, 21, -15, -153]	[-46, -158, -78, -96, -99]	[122, -86, -92, 33, 26]	[-107, -25, 2, -28, 113]	[-51, 62, 2, 100, 153]	[-105, -122, -128, -114, -157]	[-155, -125, -120, -116, -91]	[-34, -24, -8, -3, -74]	[84, 119, 93, 183, 96]	[10004, 10004, 9997, 10000, 9996]	[226, 194, 188, 240, 196]
932	39.5	[112, -24, -33, 40, 79]	[-123, -148, -70, 15, -16]	[-163, -52, 24, -15, -148]	[-45, -173, -89, -111, -97]	[123, -88, -92, 29, 28]	[-103, -30, 10, -30, 110]	[-56, 55, 3, 100, 146]	[-107, -133, -132, -115, -156]	[-158, -125, -111, -120, -91]	[-29, -25, -8, -19, -67]	[89, 116, 92, 179, 140]	[10004, 10004, 9991, 9993, 9996]	[226, 198, 188, 240, 196]
933	35.0	[112, -24, -33, 40, 79]	[-123, -148, -70, 15, -16]	[-163, -52, 24, -15, -148]	[-45, -173, -89, -111, -97]	[123, -88, -92, 29, 28]	[-103, -30, 10, -30, 110]	[-56, 55, 3, 100, 146]	[-107, -133, -132, -115, -156]	[-158, -125, -111, -120, -91]	[-29, -25, -8, -19, -67]	[89, 116, 92, 179, 140]	[10004, 10004, 9991, 9993, 9996]	[226, 198, 188, 240, 196]
934	37.5	[112, -19, -23, 76, 79]	[-110, -138, -70, 21, -16]	[-169, -50, 24, -15, -148]	[-46, -160, -78, -95, -97]	[124, -87, -97, 32, 25]	[-101, -39, 8, -31, 106]	[-62, 55, 2, 97, 154]	[-111, -124, -122, -107, -163]	[-159, -123, -112, -114, -90]	[-31, -27, -9, -17, -73]	[87, 127, 89, 179, 102]	[10004, 10004, 10003, 9998, 9996]	[226, 219, 188, 240, 196]
935	41.0	[112, -19, -23, 76, 79]	[-86, -148, -72, 15, -16]	[-169, -44, 20, -9, -148]	[-46, -160, -78, -95, -97]	[122, -87, -101, 30, 22]	[-101, -31, 8, -29, 106]	[-56, 56, 2, 97, 148]	[-109, -125, -121, -112, -163]	[-159, -123, -113, -114, -94]	[-31, -27, -9, -17, -73]	[87, 126, 94, 179, 102]	[10004, 10004, 10003, 9982, 9996]	[226, 202, 188, 240, 202]
936	35.0	[112, -19, -23, 76, 73]	[-154, -134, -85, 22, -49]	[-170, -32, 16, -15, -177]	[-46, -160, -75, -97, -99]	[122, -87, -96, 29, 28]	[-106, -28, 10, -30, 114]	[-54, 56, 2, 100, 147]	[-105, -122, -129, -112, -162]	[-159, -123, -116, -116, -92]	[-34, -24, -8, -3, -73]	[87, 109, 64, 179, 102]	[10004, 10004, 9985, 10000, 9996]	[226, 194, 187, 240, 196]
937	40.0	[112, -19, -23, 76, 79]	[-104, -148, -70, 15, -30]	[-167, -39, 24, -15, -167]	[-46, -160, -79, -98, -97]	[123, -88, -97, 32, 27]	[-101, -27, 6, -28, 107]	[-58, 55, 3, 98, 153]	[-108, -123, -130, -113, -157]	[-158, -124, -113, -114, -92]	[-33, -24, -8, -4, -73]	[84, 115, 85, 173, 102]	[10004, 10004, 9989, 9991, 9996]	[226, 219, 187, 240, 196]
938	41.0	[112, -23, -33, 63, 79]	[-123, -148, -70, 15, -16]	[-163, -52, 24, -15, -148]	[-51, -173, -89, -111, -97]	[123, -88, -92, 29, 28]	[-103, -30, 10, -30, 110]	[-56, 55, 3, 100, 146]	[-107, -133, -132, -115, -156]	[-158, -125, -111, -120, -91]	[-29, -25, -8, -19, -67]	[89, 116, 92, 179, 140]	[10004, 10004, 9991, 9993, 9996]	[226, 198, 188, 240, 196]
939	38.0	[112, -19, -23, 76, 79]	[-110, -144, -70, 21, -16]	[-169, -50, 24, -15, -148]	[-46, -160, -78, -95, -97]	[124, -87, -97, 32, 25]	[-101, -39, 8, -31, 106]	[-62, 55, 2, 97, 154]	[-111, -124, -122, -107, -163]	[-159, -123, -112, -114, -90]	[-31, -27, -9, -17, -73]	[87, 127, 89, 179, 102]	[10010, 10004, 10003, 9998, 9996]	[226, 219, 188, 240, 196]
940	40.5	[112, -19, -23, 76, 79]	[-85, -148, -70, 15, -30]	[-170, -39, 19, -15, -167]	[-49, -165, -83, -106, -98]	[123, -88, -93, 31, 27]	[-101, -27, 2, -28, 110]	[-58, 56, 2, 99, 150]	[-107, -130, -129, -113, -157]	[-159, -125, -112, -114, -92]	[-33, -24, -8, -4, -73]	[84, 115, 85, 173, 102]	[10004, 10004, 9989, 9991, 9996]	[226, 219, 187, 240, 196]
941	40.0	[112, -24, -33, 40, 79]	[-92, -148, -70, 15, -23]	[-163, -52, 23, -15, -164]	[-51, -173, -79, -101, -98]	[123, -88, -92, 29, 28]	[-103, -30, -3, -29, 110]	[-56, 55, 3, 100, 146]	[-107, -132, -124, -113, -156]	[-158, -123, -111, -116, -92]	[-29, -26, -8, -18, -67]	[89, 116, 92, 179, 110]	[10004, 10004, 9991, 9993, 9996]	[226, 198, 188, 240, 196]
942	38.0	[112, -19, -23, 76, 79]	[-110, -144, -70, 21, -16]	[-169, -50, 24, -15, -148]	[-46, -160, -78, -95, -97]	[124, -87, -97, 32, 25]	[-101, -39, 8, -31, 106]	[-62, 55, 2, 97, 154]	[-111, -124, -122, -107, -163]	[-159, -123, -112, -114, -90]	[-31, -27, -9, -17, -73]	[87, 127, 89, 179, 102]	[10010, 10004, 10003, 9998, 9996]	[226, 219, 188, 240, 196]
943	43.0	[112, -19, -23, 76, 79]	[-104, -148, -70, 15, -30]	[-167, -39, 24, -15, -167]	[-46, -160, -79, -98, -97]	[123, -88, -97, 32, 27]	[-101, -27, 6, -28, 107]	[-58, 55, 3, 98, 153]	[-108, -123, -130, -113, -157]	[-158, -124, -113, -114, -92]	[-33, -24, -8, -4, -73]	[84, 115, 91, 179, 102]	[10004, 10004, 9992, 9983, 9996]	[226, 219, 187, 240, 196]
944	38.5	[112, -19, -23, 76, 73]	[-154, -136, -82, 22, -31]	[-170, -31, 15, -15, -177]	[-46, -160, -75, -97, -99]	[122, -87, -95, 30, 28]	[-106, -27, 10, -29, 114]	[-54, 56, 2, 100, 146]	[-106, -124, -129, -112, -160]	[-159, -123, -116, -116, -91]	[-32, -23, -8, -3, -73]	[94, 126, 64, 179, 96]	[10004, 10004, 9996, 10000, 9996]	[226, 194, 187, 240, 196]
945	45.0	[112, -19, -23, 76, 79]	[-110, -144, -70, 21, -16]	[-169, -50, 24, -15, -148]	[-46, -160, -78, -95, -97]	[124, -87, -97, 32, 25]	[-101, -39, 8, -31, 106]	[-62, 55, 2, 97, 154]	[-111, -124, -122, -107, -163]	[-159, -123, -112, -114, -90]	[-31, -27, -9, -17, -73]	[87, 127, 89, 179, 102]	[10010, 10004, 10003, 9998, 9996]	[226, 219, 188, 240, 196]
946	38.0	[112, -19, -23, 76, 73]	[-154, -134, -85, 22, -49]	[-170, -32, 16, -15, -177]	[-46, -160, -75, -97, -99]	[122, -87, -96, 29, 28]	[-106, -28, 10, -30, 114]	[-54, 56, 2, 100, 147]	[-105, -122, -129, -112, -162]	[-158, -123, -116, -116, -93]	[-34, -24, -8, -3, -73]	[87, 109, 64, 179, 102]	[10004, 10004, 9985, 10000, 9996]	[226, 194, 187, 240, 196]
947	42.0	[112, -19, -23, 76, 79]	[-110, -144, -70, 21, -16]	[-169, -50, 24, -15, -148]	[-46, -160, -78, -95, -97]	[124, -87, -97, 32, 25]	[-101, -39, 8, -31, 106]	[-62, 55, 2, 97, 154]	[-111, -124, -122, -107, -163]	[-159, -123, -112, -114, -90]	[-31, -27, -9, -17, -73]	[87, 127, 89, 179, 102]	[10010, 10004, 10003, 9998, 9996]	[226, 219, 188, 240, 196]
948	41.0	[112, -19, -23, 76, 73]	[-154, -134, -85, 22, -49]	[-170, -32, 16, -15, -177]	[-46, -160, -75, -97, -99]	[122, -87, -96, 29, 28]	[-106, -28, 10, -30, 114]	[-54, 56, 2, 100, 147]	[-105, -122, -129, -112, -162]	[-158, -123, -116, -116, -93]	[-34, -24, -8, -3, -73]	[87, 109, 64, 179, 102]	[10004, 10004, 9985, 10000, 9996]	[226, 194, 187, 240, 196]
949	40.0	[112, -19, -23, 76, 79]	[-104, -148, -70, 15, -30]	[-167, -39, 24, -15, -167]	[-46, -160, -79, -98, -97]	[123, -88, -97, 32, 27]	[-101, -27, 6, -28, 107]	[-58, 55, 3, 98, 153]	[-108, -123, -130, -113, -157]	[-158, -124, -113, -114, -92]	[-33, -24, -8, -4, -79]	[84, 115, 91, 179, 102]	[10004, 10004, 9992, 9983, 9996]	[226, 194, 188, 240, 196]
950	42.0	[112, -19, -23, 76, 73]	[-154, -136, -82, 22, -31]	[-170, -31, 15, -15, -177]	[-46, -160, -75, -97, -99]	[122, -87, -95, 30, 28]	[-106, -27, 10, -29, 114]	[-54, 56, 2, 100, 146]	[-106, -124, -129, -112, -160]	[-159, -123, -116, -116, -91]	[-32, -23, -8, -3, -73]	[94, 126, 64, 179, 96]	[10004, 10004, 9996, 10000, 9996]	[226, 194, 187, 240, 196]
951	38.5	[112, -19, -23, 76, 79]	[-104, -148, -70, 15, -30]	[-167, -39, 24, -15, -167]	[-46, -160, -79, -98, -97]	[123, -88, -97, 32, 27]	[-101, -27, 6, -28, 107]	[-56, 56, 3, 98, 153]	[-108, -123, -130, -113, -157]	[-158, -124, -113, -114, -92]	[-33, -24, -8, -4, -79]	[84, 115, 91, 179, 102]	[10004, 10004, 9992, 9983, 9996]	[226, 194, 188, 240, 196]
952	41.5	[112, -24, -33, 40, 79]	[-92, -148, -70, 15, -23]	[-163, -52, 23, -15, -164]	[-51, -173, -79, -101, -98]	[123, -88, -92, 29, 28]	[-103, -30, -3, -29, 110]	[-56, 55, 3, 100, 146]	[-107, -132, -124, -113, -156]	[-158, -123, -111, -116, -92]	[-29, -26, -8, -18, -67]	[89, 116, 92, 179, 110]	[10004, 10004, 9991, 9993, 9996]	[226, 198, 188, 234, 196]
953	38.5	[112, -19, -23, 76, 74]	[-86, -148, -72, 15, -16]	[-169, -35, 14, -15, -161]	[-49, -160, -79, -95, -98]	[122, -88, -93, 29, 28]	[-105, -28, 2, -23, 109]	[-56, 60, 2, 100, 148]	[-109, -129, -128, -113, -161]	[-159, -125, -113, -115, -91]	[-32, -24, -8, -15, -74]	[87, 117, 91, 174, 109]	[10004, 10004, 9989, 9989, 9996]	[226, 202, 188, 240, 202]
954	41.0	[112, -19, -23, 76, 74]	[-125, -143, -77, 15, -30]	[-167, -39, 22, -15, -167]	[-46, -160, -79, -98, -97]	[123, -88, -97, 32, 27]	[-104, -27, 8, -29, 109]	[-58, 56, 3, 99, 151]	[-105, -122, -129, -112, -157]	[-158, -124, -115, -115, -93]	[-33, -23, -8, -3, -79]	[84, 115, 85, 179, 102]	[10004, 10004, 9994, 9983, 9996]	[226, 194, 188, 240, 196]
955	36.0	[112, -19, -23, 76, 79]	[-104, -148, -70, 15, -30]	[-167, -39, 24, -15, -167]	[-46, -160, -79, -98, -97]	[123, -88, -97, 32, 27]	[-101, -27, 6, -28, 107]	[-56, 56, 3, 98, 153]	[-108, -123, -130, -113, -157]	[-158, -124, -113, -114, -92]	[-33, -24, -8, -4, -79]	[84, 115, 91, 179, 102]	[9998, 10004, 9992, 9983, 9996]	[226, 194, 188, 240, 196]
956	39.5	[112, -13, -23, 76, 74]	[-86, -148, -72, 15, -16]	[-169, -35, 14, -15, -161]	[-46, -160, -78, -95, -98]	[122, -88, -93, 29, 28]	[-107, -28, 4, -23, 109]	[-56, 60, 2, 100, 148]	[-109, -123, -128, -114, -163]	[-159, -124, -116, -116, -91]	[-31, -26, -8, -15, -74]	[87, 117, 93, 179, 123]	[10004, 10004, 9991, 9984, 9996]	[226, 202, 188, 240, 202]
957	41.5	[112, -24, -33, 40, 79]	[-92, -148, -70, 15, -23]	[-163, -52, 23, -15, -164]	[-51, -173, -79, -101, -98]	[123, -88, -92, 29, 28]	[-103, -30, -3, -29, 110]	[-56, 55, 3, 100, 146]	[-107, -132, -124, -113, -156]	[-158, -123, -111, -116, -92]	[-29, -26, -8, -18, -67]	[89, 116, 92, 179, 110]	[10004, 10004, 9991, 9993, 9996]	[226, 198, 188, 234, 196]
958	39.5	[112, -24, -33, 40, 79]	[-92, -148, -70, 15, -23]	[-163, -52, 23, -15, -164]	[-51, -173, -79, -101, -98]	[123, -88, -92, 29, 28]	[-103, -30, -3, -29, 110]	[-56, 55, 3, 100, 146]	[-107, -132, -124, -113, -156]	[-158, -123, -111, -116, -92]	[-29, -26, -8, -18, -67]	[89, 116, 92, 179, 110]	[10004, 10004, 9991, 9993, 9996]	[226, 198, 188, 234, 196]
959	44.5	[112, -13, -23, 76, 74]	[-86, -148, -72, 15, -16]	[-169, -35, 14, -15, -161]	[-46, -160, -78, -95, -98]	[122, -88, -93, 29, 28]	[-107, -28, 4, -23, 109]	[-56, 60, 2, 100, 148]	[-109, -123, -128, -114, -163]	[-159, -124, -116, -116, -91]	[-31, -26, -8, -15, -74]	[87, 117, 93, 179, 123]	[10004, 10004, 9991, 9984, 9996]	[226, 202, 188, 240, 202]
960	38.0	[112, -19, -23, 76, 79]	[-104, -148, -70, 15, -30]	[-167, -39, 24, -15, -167]	[-52, -160, -79, -98, -97]	[123, -88, -97, 32, 27]	[-106, -28, 8, -28, 107]	[-51, 56, 2, 99, 150]	[-108, -123, -129, -111, -160]	[-158, -123, -116, -114, -93]	[-33, -24, -8, -4, -79]	[84, 115, 91, 179, 102]	[10004, 10004, 9992, 9983, 9996]	[226, 219, 187, 240, 196]
961	41.5	[112, -19, -23, 76, 79]	[-104, -148, -70, 15, -30]	[-167, -39, 24, -15, -167]	[-52, -160, -79, -98, -97]	[123, -88, -97, 32, 27]	[-106, -28, 8, -28, 107]	[-51, 56, 2, 99, 150]	[-108, -123, -129, -111, -160]	[-158, -123, -116, -114, -93]	[-33, -24, -8, -4, -79]	[84, 115, 91, 179, 102]	[10004, 10004, 9992, 9983, 9996]	[226, 219, 187, 240, 196]
962	38.0	[112, -18, -23, 76, 79]	[-104, -148, -70, 15, -21]	[-168, -36, 15, -15, -167]	[-46, -160, -79, -95, -98]	[122, -88, -93, 31, 27]	[-101, -27, 6, -27, 107]	[-56, 60, 2, 100, 153]	[-109, -124, -129, -113, -157]	[-158, -124, -113, -114, -92]	[-33, -24, -8, -4, -79]	[84, 115, 91, 179, 102]	[9998, 10004, 9992, 9983, 9996]	[226, 194, 188, 240, 196]
963	38.0	[112, -19, -23, 76, 77]	[-99, -148, -69, 15, -16]	[-170, -48, 21, -15, -153]	[-46, -163, -77, -97, -96]	[126, -88, -97, 33, 28]	[-103, -32, 3, -27, 114]	[-58, 56, 2, 97, 151]	[-108, -124, -124, -112, -152]	[-158, -124, -114, -115, -92]	[-33, -27, -8, -8, -69]	[84, 114, 87, 179, 99]	[10004, 10004, 9996, 9995, 9996]	[226, 195, 187, 240, 196]
964	38.0	[112, -19, -23, 76, 79]	[-104, -148, -71, 15, -30]	[-167, -36, 24, -15, -167]	[-46, -160, -79, -96, -98]	[122, -88, -97, 31, 27]	[-106, -28, 4, -27, 107]	[-56, 56, 2, 98, 153]	[-109, -123, -129, -114, -157]	[-158, -124, -113, -114, -92]	[-32, -26, -8, -4, -79]	[84, 115, 91, 179, 102]	[9998, 10004, 9992, 9983, 9996]	[226, 194, 188, 240, 196]
965	38.5	[112, -19, -23, 76, 74]	[-125, -143, -77, 15, -30]	[-167, -39, 22, -15, -167]	[-46, -160, -79, -98, -97]	[123, -88, -97, 32, 27]	[-104, -27, 8, -29, 109]	[-58, 56, 3, 99, 151]	[-105, -122, -129, -112, -157]	[-158, -124, -115, -115, -93]	[-33, -23, -8, -3, -79]	[84, 115, 85, 179, 102]	[10004, 10004, 9994, 9983, 9996]	[226, 194, 188, 240, 196]
966	39.0	[112, -19, -23, 76, 77]	[-99, -148, -69, 15, -16]	[-170, -48, 21, -15, -153]	[-46, -163, -77, -97, -96]	[126, -88, -97, 33, 28]	[-103, -32, 3, -27, 114]	[-58, 56, 2, 98, 151]	[-108, -123, -126, -113, -152]	[-158, -124, -114, -115, -92]	[-33, -27, -8, -8, -69]	[84, 114, 87, 179, 99]	[10004, 10004, 9996, 9995, 9996]	[226, 195, 187, 240, 196]
967	40.0	[112, -19, -23, 76, 77]	[-99, -148, -68, 15, -16]	[-170, -45, 24, -15, -153]	[-46, -161, -78, -95, -96]	[126, -88, -97, 33, 27]	[-101, -33, 6, -27, 114]	[-58, 56, 2, 100, 146]	[-109, -124, -129, -110, -156]	[-158, -124, -112, -115, -92]	[-33, -18, -8, -10, -73]	[84, 114, 87, 178, 100]	[10004, 10004, 10002, 9992, 9996]	[226, 195, 187, 240, 196]
968	41.0	[112, -19, -23, 76, 77]	[-99, -148, -68, 15, -16]	[-170, -45, 21, -15, -153]	[-46, -163, -77, -98, -96]	[126, -88, -97, 33, 28]	[-102, -33, 1, -28, 114]	[-58, 56, 2, 100, 146]	[-108, -129, -128, -113, -157]	[-155, -125, -114, -115, -91]	[-33, -26, -9, -8, -69]	[84, 118, 89, 175, 98]	[10004, 10004, 9997, 9993, 9996]	[226, 194, 188, 240, 196]
969	38.5	[112, -19, -23, 76, 77]	[-99, -148, -68, 15, -16]	[-170, -45, 21, -15, -153]	[-46, -163, -77, -98, -96]	[126, -88, -97, 33, 28]	[-102, -33, 1, -28, 114]	[-58, 56, 2, 100, 146]	[-108, -129, -128, -113, -157]	[-155, -125, -114, -115, -91]	[-33, -26, -9, -8, -69]	[84, 118, 89, 175, 98]	[10004, 10004, 9997, 9993, 9996]	[226, 194, 188, 240, 196]
970	37.5	[112, -19, -23, 76, 73]	[-140, -145, -82, 16, -31]	[-170, -31, 23, -15, -175]	[-46, -160, -78, -98, -97]	[123, -88, -97, 32, 27]	[-106, -27, 8, -29, 107]	[-57, 56, 2, 99, 150]	[-106, -124, -130, -105, -158]	[-159, -123, -113, -110, -91]	[-33, -19, -8, -10, -78]	[87, 118, 70, 179, 96]	[10004, 10004, 9992, 10000, 9996]	[226, 194, 187, 240, 196]
971	37.0	[112, -18, -23, 76, 79]	[-104, -148, -70, 15, -21]	[-168, -36, 15, -15, -167]	[-46, -160, -79, -95, -104]	[122, -88, -93, 31, 27]	[-101, -27, 6, -27, 107]	[-56, 60, 2, 100, 153]	[-109, -124, -129, -113, -157]	[-158, -124, -113, -114, -92]	[-33, -24, -8, -4, -79]	[84, 115, 91, 179, 102]	[9998, 10004, 9992, 9983, 9996]	[226, 194, 188, 240, 196]
972	40.5	[112, -19, -23, 76, 74]	[-125, -143, -77, 15, -30]	[-167, -39, 22, -15, -167]	[-46, -160, -79, -98, -97]	[123, -88, -97, 32, 27]	[-104, -27, 8, -29, 109]	[-58, 56, 3, 99, 151]	[-105, -122, -129, -112, -157]	[-158, -124, -115, -115, -93]	[-33, -23, -8, -3, -79]	[84, 115, 85, 179, 102]	[10004, 10004, 9994, 9983, 9996]	[226, 194, 188, 240, 196]
973	42.0	[112, -19, -23, 76, 79]	[-104, -148, -71, 15, -30]	[-167, -36, 24, -15, -167]	[-46, -160, -79, -96, -98]	[122, -88, -97, 31, 27]	[-100, -28, 4, -27, 107]	[-56, 56, 2, 98, 153]	[-109, -123, -129, -114, -157]	[-158, -124, -113, -114, -92]	[-32, -26, -8, -4, -79]	[84, 115, 91, 179, 102]	[9998, 10004, 9992, 9983, 9996]	[226, 194, 188, 240, 196]
974	43.0	[112, -18, -23, 76, 79]	[-104, -148, -70, 15, -21]	[-168, -36, 15, -15, -167]	[-46, -160, -79, -95, -104]	[122, -88, -93, 31, 27]	[-101, -27, 6, -27, 107]	[-56, 60, 2, 100, 153]	[-109, -124, -129, -111, -157]	[-158, -124, -113, -113, -92]	[-33, -23, -8, -4, -79]	[84, 115, 91, 179, 102]	[9998, 10004, 9992, 9983, 9996]	[226, 194, 188, 240, 196]
975	41.5	[112, -18, -23, 76, 79]	[-104, -148, -70, 15, -21]	[-168, -36, 15, -15, -167]	[-46, -160, -79, -95, -104]	[122, -88, -93, 31, 27]	[-101, -27, 6, -27, 107]	[-56, 60, 2, 100, 153]	[-109, -124, -129, -111, -157]	[-158, -124, -113, -113, -92]	[-33, -23, -8, -4, -79]	[84, 115, 91, 179, 102]	[9998, 10004, 9992, 9983, 9996]	[226, 194, 188, 240, 196]
976	43.5	[112, -19, -23, 76, 79]	[-104, -148, -70, 15, -30]	[-167, -39, 24, -15, -167]	[-52, -160, -79, -98, -97]	[123, -88, -97, 32, 27]	[-103, -31, 8, -28, 107]	[-51, 56, 2, 98, 150]	[-108, -123, -127, -113, -160]	[-158, -124, -115, -114, -93]	[-33, -29, -5, -8, -79]	[84, 115, 91, 179, 100]	[10004, 10004, 9992, 9994, 9996]	[226, 219, 187, 240, 196]
977	38.5	[112, -19, -23, 76, 79]	[-104, -148, -70, 15, -30]	[-167, -39, 24, -15, -167]	[-52, -160, -79, -98, -97]	[123, -88, -97, 32, 27]	[-103, -31, 8, -28, 107]	[-51, 56, 2, 98, 150]	[-108, -123, -127, -113, -160]	[-158, -124, -115, -114, -93]	[-33, -29, -5, -8, -79]	[84, 115, 91, 179, 100]	[10004, 10004, 9992, 9994, 9996]	[226, 219, 187, 240, 196]
978	42.0	[112, -19, -23, 76, 77]	[-99, -148, -68, 15, -16]	[-170, -45, 21, -15, -153]	[-46, -163, -77, -98, -96]	[126, -88, -97, 33, 28]	[-102, -33, 1, -28, 114]	[-58, 56, 2, 100, 146]	[-108, -129, -128, -113, -157]	[-155, -125, -114, -115, -91]	[-33, -26, -9, -8, -69]	[84, 118, 89, 175, 98]	[10004, 10004, 9997, 9993, 9996]	[226, 194, 188, 240, 196]
979	38.5	[112, -19, -23, 76, 73]	[-140, -145, -82, 15, -29]	[-170, -43, 23, -15, -177]	[-46, -161, -75, -98, -99]	[123, -88, -97, 32, 27]	[-101, -28, 8, -29, 107]	[-56, 55, -4, 99, 150]	[-106, -124, -129, -104, -160]	[-159, -124, -113, -110, -92]	[-32, -21, -8, -4, -79]	[94, 126, 67, 179, 96]	[10004, 10004, 9992, 10000, 9996]	[226, 194, 187, 240, 196]
980	37.5	[112, -19, -23, 76, 73]	[-142, -143, -70, 22, -49]	[-163, -36, 16, -15, -177]	[-46, -161, -76, -98, -98]	[122, -88, -97, 32, 27]	[-105, -29, 6, -29, 108]	[-55, 56, 2, 99, 147]	[-109, -124, -125, -112, -153]	[-158, -124, -113, -114, -93]	[-34, -25, -8, -4, -76]	[87, 111, 64, 179, 101]	[10004, 10004, 9990, 10000, 9996]	[226, 194, 187, 240, 196]
981	36.0	[112, -19, -23, 76, 73]	[-140, -145, -82, 15, -29]	[-170, -43, 23, -15, -177]	[-46, -161, -75, -98, -99]	[123, -88, -97, 32, 27]	[-101, -28, 8, -29, 107]	[-56, 56, 1, 99, 150]	[-106, -124, -129, -104, -160]	[-159, -124, -113, -110, -92]	[-32, -21, -8, -4, -79]	[94, 126, 67, 179, 96]	[10004, 10004, 9992, 10000, 9996]	[226, 194, 187, 240, 196]
982	39.0	[112, -19, -23, 76, 73]	[-140, -145, -82, 15, -29]	[-170, -43, 23, -15, -177]	[-46, -161, -75, -98, -99]	[123, -88, -97, 32, 27]	[-101, -28, 8, -29, 107]	[-56, 55, -4, 99, 150]	[-106, -124, -129, -104, -160]	[-159, -124, -113, -110, -92]	[-32, -21, -8, -4, -79]	[94, 126, 67, 179, 96]	[10004, 10004, 9992, 10000, 9996]	[226, 194, 187, 240, 196]
983	36.0	[112, -19, -23, 76, 73]	[-140, -145, -82, 15, -29]	[-170, -43, 23, -15, -177]	[-46, -161, -75, -98, -99]	[123, -88, -97, 32, 27]	[-107, -27, 8, -29, 107]	[-57, 56, 1, 99, 150]	[-106, -124, -129, -105, -160]	[-159, -124, -114, -111, -93]	[-32, -21, -8, -4, -79]	[94, 122, 71, 179, 96]	[10004, 10004, 9992, 9990, 9996]	[226, 194, 188, 240, 196]
984	38.0	[112, -19, -23, 76, 73]	[-140, -145, -82, 15, -29]	[-170, -43, 23, -15, -177]	[-46, -161, -75, -98, -99]	[123, -88, -97, 32, 27]	[-101, -30, 4, -29, 107]	[-58, 56, 2, 99, 150]	[-106, -124, -129, -104, -160]	[-159, -124, -113, -110, -92]	[-32, -21, -8, -4, -79]	[94, 126, 67, 179, 96]	[10004, 10004, 9992, 10000, 9996]	[226, 194, 187, 240, 196]
985	43.0	[112, -19, -23, 76, 73]	[-140, -145, -82, 15, -29]	[-170, -43, 23, -15, -177]	[-46, -161, -75, -98, -99]	[123, -88, -97, 32, 27]	[-101, -30, 4, -29, 107]	[-58, 56, 2, 99, 150]	[-106, -124, -129, -104, -160]	[-159, -124, -113, -110, -92]	[-32, -21, -8, -4, -79]	[94, 126, 67, 179, 96]	[10004, 10004, 9992, 10000, 9996]	[226, 194, 187, 240, 196]
986	41.5	[112, -19, -23, 76, 73]	[-140, -145, -74, 15, -27]	[-170, -43, 23, -15, -177]	[-46, -161, -75, -98, -99]	[123, -88, -97, 32, 27]	[-107, -27, 8, -29, 107]	[-57, 56, 1, 99, 150]	[-106, -124, -129, -105, -160]	[-159, -124, -114, -111, -93]	[-32, -21, -8, -4, -79]	[94, 122, 71, 179, 96]	[10004, 10004, 9992, 9990, 9996]	[226, 194, 188, 240, 196]
987	38.5	[112, -19, -23, 76, 79]	[-104, -148, -71, 15, -30]	[-167, -36, 24, -15, -170]	[-46, -162, -79, -96, -98]	[122, -88, -97, 31, 27]	[-102, -31, 8, -27, 107]	[-58, 56, 2, 97, 152]	[-109, -123, -127, -114, -157]	[-158, -124, -114, -114, -92]	[-32, -26, -8, -4, -79]	[84, 115, 91, 179, 102]	[9998, 10004, 9992, 9983, 9996]	[226, 194, 188, 240, 196]
988	43.5	[112, -19, -23, 76, 77]	[-99, -148, -68, 17, -27]	[-170, -39, 16, -15, -163]	[-46, -161, -77, -98, -96]	[126, -88, -97, 33, 27]	[-102, -33, 1, -28, 114]	[-58, 56, 2, 100, 146]	[-109, -129, -125, -113, -157]	[-155, -125, -113, -115, -91]	[-33, -26, -8, -6, -69]	[84, 115, 67, 179, 98]	[10004, 10004, 9997, 9995, 9996]	[226, 194, 188, 240, 202]
989	38.5	[112, -19, -23, 76, 73]	[-140, -145, -82, 15, -29]	[-170, -43, 23, -15, -177]	[-46, -161, -75, -98, -99]	[123, -88, -97, 32, 27]	[-101, -30, 4, -29, 107]	[-58, 56, 2, 99, 150]	[-106, -124, -129, -104, -160]	[-159, -124, -113, -110, -92]	[-32, -21, -8, -4, -79]	[94, 126, 67, 179, 96]	[10004, 10004, 9992, 10000, 9996]	[226, 194, 187, 240, 196]
990	37.0	[112, -19, -23, 76, 79]	[-104, -148, -71, 15, -30]	[-167, -36, 24, -15, -167]	[-46, -160, -76, -98, -98]	[122, -88, -97, 32, 27]	[-100, -28, 6, -29, 107]	[-56, 55, 0, 99, 150]	[-109, -124, -129, -111, -160]	[-159, -124, -113, -114, -92]	[-32, -23, -8, -4, -79]	[88, 123, 64, 179, 97]	[9998, 10004, 9992, 9983, 9996]	[226, 194, 188, 240, 196]
991	35.5	[112, -19, -23, 76, 79]	[-104, -148, -71, 15, -30]	[-167, -36, 24, -15, -167]	[-46, -160, -76, -98, -98]	[122, -88, -97, 32, 27]	[-100, -28, 6, -29, 107]	[-56, 55, 0, 99, 150]	[-109, -124, -129, -111, -160]	[-159, -124, -113, -114, -92]	[-32, -23, -8, -4, -79]	[88, 123, 64, 179, 97]	[9998, 10004, 9992, 9983, 9996]	[226, 194, 188, 240, 196]
992	41.5	[112, -19, -23, 76, 73]	[-154, -134, -85, 22, -49]	[-163, -34, 16, -15, -183]	[-46, -160, -76, -98, -98]	[122, -87, -97, 29, 27]	[-105, -23, 7, -29, 108]	[-55, 56, 2, 98, 147]	[-109, -124, -125, -112, -151]	[-158, -124, -114, -112, -93]	[-34, -25, -8, -4, -76]	[85, 110, 70, 179, 101]	[10004, 10004, 9988, 10000, 9996]	[226, 194, 187, 240, 196]
993	42.0	[112, -18, -23, 76, 79]	[-104, -148, -70, 15, -21]	[-168, -36, 15, -15, -170]	[-46, -160, -79, -96, -104]	[122, -88, -93, 31, 27]	[-101, -27, 6, -27, 107]	[-56, 60, 2, 100, 153]	[-109, -124, -129, -111, -157]	[-158, -124, -113, -113, -92]	[-33, -23, -8, -4, -79]	[84, 115, 91, 179, 102]	[9998, 10004, 9992, 9983, 9996]	[226, 194, 188, 240, 196]
994	36.0	[112, -19, -23, 76, 73]	[-148, -134, -85, 22, -49]	[-157, -34, 16, -15, -177]	[-52, -160, -76, -98, -98]	[122, -87, -97, 29, 27]	[-105, -29, 7, -29, 108]	[-55, 56, 2, 98, 147]	[-109, -124, -125, -112, -151]	[-158, -124, -113, -114, -93]	[-32, -24, -8, -4, -82]	[85, 111, 70, 179, 101]	[10004, 10004, 9986, 9999, 9996]	[226, 194, 187, 240, 196]
995	37.5	[112, -18, -23, 76, 79]	[-104, -148, -70, 15, -21]	[-168, -36, 15, -15, -170]	[-46, -160, -79, -96, -104]	[122, -88, -93, 31, 27]	[-101, -27, 6, -27, 107]	[-56, 60, 2, 100, 153]	[-109, -124, -129, -105, -157]	[-158, -124, -113, -113, -92]	[-33, -23, -8, -4, -79]	[84, 115, 91, 179, 102]	[9998, 10004, 9992, 9983, 9996]	[226, 194, 188, 240, 196]
996	42.0	[112, -19, -23, 76, 79]	[-113, -146, -71, 15, -28]	[-173, -36, 24, -15, -170]	[-46, -161, -78, -96, -99]	[122, -88, -97, 31, 27]	[-102, -32, 8, -29, 107]	[-58, 56, 2, 97, 152]	[-108, -124, -127, -111, -157]	[-158, -124, -120, -112, -92]	[-32, -26, -8, -4, -79]	[84, 115, 91, 179, 102]	[9998, 10004, 9992, 9983, 9996]	[226, 194, 182, 240, 196]
997	37.5	[112, -18, -23, 76, 79]	[-104, -148, -70, 15, -21]	[-168, -36, 21, -15, -170]	[-46, -160, -79, -96, -99]	[122, -88, -97, 31, 27]	[-102, -28, 6, -27, 107]	[-56, 60, 2, 100, 153]	[-107, -124, -129, -111, -157]	[-158, -124, -113, -113, -92]	[-33, -23, -8, -4, -79]	[84, 115, 91, 179, 102]	[9998, 10004, 9992, 9983, 9996]	[226, 194, 188, 240, 196]
998	44.0	[112, -19, -23, 76, 73]	[-140, -145, -74, 15, -27]	[-170, -43, 24, -15, -177]	[-46, -161, -79, -98, -99]	[123, -88, -96, 32, 27]	[-107, -27, 8, -23, 107]	[-57, 56, 1, 97, 152]	[-106, -123, -129, -105, -160]	[-159, -124, -114, -113, -93]	[-32, -23, -8, -4, -79]	[94, 122, 76, 179, 96]	[10004, 10004, 9992, 9993, 9996]	[226, 194, 188, 240, 196]
999	37.5	[112, -19, -23, 76, 73]	[-140, -145, -72, 15, -23]	[-170, -41, 23, -15, -177]	[-46, -158, -76, -96, -99]	[123, -88, -97, 32, 27]	[-95, -30, 4, -29, 107]	[-58, 56, 2, 99, 150]	[-106, -124, -129, -104, -160]	[-159, -124, -113, -110, -92]	[-32, -23, -8, -4, -79]	[94, 126, 67, 179, 96]	[10004, 10004, 9992, 10000, 9996]	[226, 194, 187, 240, 196]
