generation	fitness	corner	c	a1	a2	b1	b2	b3	x	o1	o2	wp	ww	we
200	12.0	[203, 40, -260, 22, -106]	[-171, -132, 84, 9, 187]	[-174, -172, 96, -16, -169]	[40, 74, -173, -42, -106]	[141, 90, -121, -46, 223]	[-190, -7, 90, 70, 281]	[-148, 13, 38, 22, 265]	[-189, 47, -97, -161, -16]	[-177, -122, -112, 18, -16]	[-142, -23, 26, 59, -151]	[4, 173, 123, 184, -44]	[10005, 10006, 10000, 10001, 10000]	[150, -252, 134, 162, 277]
201	16.0	[203, 40, -260, 22, -106]	[-171, -132, 84, 9, 187]	[-174, -172, 96, -16, -169]	[40, 74, -173, -42, -106]	[141, 90, -121, -46, 223]	[-190, -7, 90, 70, 281]	[-148, 13, 38, 22, 265]	[-189, 47, -97, -161, -16]	[-177, -122, -112, 18, -16]	[-142, -23, 26, 59, -151]	[4, 173, 123, 184, -44]	[10005, 10006, 10000, 10001, 10000]	[150, -252, 134, 162, 277]
202	20.5	[122, -33, -50, -37, -262]	[136, -219, -51, -36, -2]	[12, -124, -47, -45, -200]	[-185, 146, -280, -192, -167]	[111, -124, -65, 66, -203]	[-21, -86, -19, -101, 143]	[18, 126, 12, 171, -60]	[-3, -231, -143, -102, -184]	[55, 45, -126, -92, -155]	[213, -57, 7, -236, -78]	[-211, 85, 91, 180, 20]	[10006, 10003, 10004, 10000, 10000]	[283, 221, 196, 289, 245]
203	17.0	[122, -27, -50, -38, -262]	[136, -216, -42, -28, -3]	[18, -124, -37, -46, -200]	[-165, 143, -280, -204, -173]	[112, -124, -67, 39, -203]	[-32, -74, -18, -106, 143]	[26, 110, -12, 168, -51]	[-10, -231, -141, -104, -178]	[82, 45, -126, -94, -161]	[213, -54, 15, -236, -78]	[-211, 80, 96, 180, 14]	[10006, 10003, 10000, 9972, 10000]	[283, 221, 196, 289, 245]
204	14.0	[203, 40, -260, 22, -86]	[-171, -132, -126, 9, 187]	[-170, -27, 96, -16, -169]	[40, 74, -173, -42, -106]	[141, 90, -121, -46, 223]	[-190, -7, 90, 70, 281]	[-148, 13, 38, 22, 265]	[-189, 47, -97, -167, -16]	[-177, -122, -112, 18, -16]	[-142, -23, 26, 59, -151]	[4, 173, 123, 184, -44]	[10005, 10006, 10000, 10001, 10000]	[150, -252, 134, 162, 277]
205	16.0	[70, 160, 38, -41, -81]	[-119, -153, -52, 183, 83]	[-151, -72, 73, -29, -139]	[53, -112, -125, -2, -104]	[143, 48, -165, 175, -37]	[-141, 3, 28, -97, -134]	[-220, 170, 26, 21, 167]	[17, -69, -43, 11, -32]	[-162, -12, -36, -155, -9]	[-120, -22, 92, 70, -147]	[247, 132, 179, 110, 210]	[10000, 10000, 9999, 10000, 10005]	[-203, 198, 233, 162, -84]
206	15.5	[122, -27, -50, -38, -262]	[136, -216, -42, -28, -3]	[18, -124, -37, -46, -200]	[-165, 143, -280, -204, -173]	[112, -124, -67, 39, -203]	[-32, -74, -18, -106, 143]	[26, 110, -12, 168, -51]	[-10, -231, -141, -98, -178]	[82, 45, -126, -94, -161]	[213, -54, 15, -236, -78]	[-211, 80, 96, 180, 14]	[10006, 10003, 10000, 9972, 10000]	[283, 221, 196, 289, 245]
207	21.0	[122, -27, -50, -38, -262]	[136, -216, -42, -28, -3]	[18, -124, -37, -46, -200]	[-165, 143, -280, -204, -173]	[112, -124, -67, 39, -203]	[-32, -74, -18, -106, 143]	[26, 110, -12, 168, -51]	[-10, -231, -141, -98, -178]	[82, 45, -126, -94, -161]	[213, -54, 15, -236, -78]	[-211, 80, 96, 180, 14]	[10006, 10003, 10000, 9972, 10000]	[283, 221, 196, 289, 245]
208	14.5	[122, -27, -50, -38, -262]	[136, -216, -42, -28, -3]	[18, -124, -37, -46, -200]	[-151, -210, -63, -204, -173]	[180, -33, -67, 38, -203]	[-32, -13, -12, -109, 3]	[26, 110, -12, 168, -51]	[-10, -231, -141, -98, -178]	[82, 45, -126, -94, -161]	[213, -54, 15, -236, -78]	[-211, 80, 96, 180, 14]	[10006, 10003, 10000, 9972, 10000]	[283, 221, 196, 289, 245]
209	17.0	[122, -27, -50, -38, -262]	[136, -216, -42, -28, -3]	[18, -124, -37, -46, -200]	[-165, 143, -280, -204, -173]	[112, -124, -67, 39, -203]	[-32, -74, -18, -106, 143]	[26, 110, -12, 168, -51]	[-10, -231, -141, -98, -178]	[82, 45, -126, -94, -161]	[213, -54, 15, -236, -78]	[-211, 80, 96, 180, 14]	[10006, 10003, 10000, 9972, 10000]	[283, 221, 196, 289, 245]
210	16.5	[122, -27, -50, -38, -262]	[136, -216, -42, -28, -3]	[18, -124, -37, -46, -200]	[-165, 143, -280, -204, -173]	[112, -124, -67, 39, -203]	[-32, -74, -18, -106, 143]	[26, 110, -12, 168, -51]	[-10, -231, -141, -98, -178]	[82, 45, -126, -94, -161]	[213, -54, 15, -236, -78]	[-211, 80, 96, 180, 14]	[10006, 10003, 10000, 9972, 10000]	[283, 221, 196, 289, 245]
211	22.5	[122, -27, -50, -38, -262]	[136, -218, -48, -29, -3]	[17, -124, -40, -67, -200]	[-151, -210, -195, -204, -173]	[174, -33, -67, 118, -164]	[-28, -62, -12, -109, 3]	[26, 129, -2, 170, -58]	[-10, -231, -95, -94, -181]	[74, 45, -126, -94, -161]	[213, -54, 7, -236, -78]	[-211, 80, 96, 180, 14]	[10006, 10003, 10000, 9972, 10000]	[283, 221, 196, 289, 245]
212	14.5	[88, -10, -55, -8, 230]	[-181, -132, -126, 15, 187]	[-170, -27, 111, 14, -169]	[40, -180, 48, -101, -106]	[141, 90, -65, -46, 223]	[-190, -7, 27, 70, 281]	[-148, -21, 38, 22, 265]	[-189, 47, -97, -167, -16]	[-177, -122, -112, 18, -16]	[-142, -23, 26, 59, -151]	[4, 173, 123, 184, -44]	[10005, 10006, 10000, 10001, 10000]	[150, -252, 134, 162, 277]
213	23.0	[122, -27, -50, -38, -262]	[136, -216, -42, -28, -3]	[18, -124, -44, -50, -200]	[-185, -10, -179, -204, -173]	[169, -106, -77, 57, -203]	[-21, -83, 9, -109, 3]	[26, 110, 11, 168, -51]	[-10, -228, -49, -88, -178]	[81, 45, -126, -94, -161]	[213, -54, 15, -236, -78]	[-211, 80, 96, 180, 14]	[10006, 10003, 10000, 9972, 10000]	[283, 221, 196, 289, 245]
214	20.0	[122, -27, -35, -41, -262]	[136, -216, -105, -25, -3]	[18, 136, -86, -51, -200]	[-185, -10, -179, -204, -109]	[169, -106, -122, 95, -195]	[-60, -78, 20, -99, -2]	[26, 139, 2, 112, -66]	[-10, -228, -34, -80, -178]	[-127, -24, -79, -138, -7]	[213, 23, 0, -225, -56]	[82, 89, 147, 180, 14]	[10004, 10003, 9999, 9989, 10003]	[283, 221, 196, 289, 245]
215	17.5	[122, -27, -35, -41, -262]	[136, -216, -105, -25, -3]	[18, 136, -86, -51, -200]	[-185, -10, -179, -204, -109]	[169, -106, -122, 95, -195]	[-60, -78, 20, -99, -2]	[26, 139, 2, 112, -66]	[-10, -228, -34, -80, -178]	[-127, -24, -79, -138, -7]	[213, 23, 0, -225, -56]	[82, 89, 147, 180, 14]	[10004, 10003, 9999, 9989, 10003]	[283, 221, 196, 289, 245]
216	17.5	[122, -27, -35, -41, -262]	[136, -216, -105, -25, -3]	[18, 136, -86, -51, -200]	[-185, -10, -179, -204, -109]	[169, -106, -122, 95, -195]	[-60, -78, 20, -99, -2]	[26, 139, 2, 112, -66]	[-10, -228, -34, -80, -178]	[-127, -24, -79, -138, -7]	[213, 23, 0, -225, -56]	[82, 89, 147, 180, 14]	[10006, 10003, 9999, 9989, 10003]	[283, 221, 196, 289, 245]
217	16.5	[122, -27, -50, -38, -262]	[136, -216, -48, -28, -3]	[18, -124, -43, -61, -200]	[-158, -67, -194, -204, -173]	[169, -64, -70, 57, -203]	[-21, -83, -11, -109, 3]	[26, 120, 8, 168, -51]	[-10, -228, -49, -88, -178]	[81, 45, -126, -94, -161]	[213, -54, 15, -236, -78]	[-211, 80, 96, 180, 14]	[10006, 10003, 10000, 9972, 10000]	[283, 221, 196, 289, 245]
218	18.0	[122, -27, -50, -38, -262]	[-74, -194, -45, -28, -9]	[1, -72, -16, -46, -200]	[-165, 42, -140, -54, -106]	[122, -15, -27, -2, -88]	[-69, -52, 6, -81, 143]	[-74, 180, 15, 168, -51]	[-7, -126, -141, -98, -178]	[82, 14, -110, -181, -161]	[213, -54, 15, -236, -78]	[-211, 80, 96, 180, 14]	[10006, 10003, 10000, 9972, 10000]	[283, 221, 196, 289, 245]
219	17.0	[122, -27, -50, -38, -262]	[-74, -194, -45, -28, -9]	[1, -72, -16, -46, -200]	[-165, 42, -140, -54, -106]	[122, -15, -27, -2, -88]	[-69, -52, 6, -81, 143]	[-74, 180, 15, 168, -51]	[-7, -126, -141, -98, -178]	[82, 14, -110, -181, -161]	[213, -54, 15, -236, -78]	[-211, 80, 96, 180, 14]	[10006, 10003, 10000, 9972, 10000]	[283, 221, 196, 289, 245]
220	23.0	[88, -10, -55, -8, 230]	[-181, -132, -124, 48, 187]	[-170, -37, 101, 9, -166]	[-133, -18, -55, -148, -106]	[117, -101, -126, 105, -64]	[-190, -11, 25, -91, 281]	[-148, 22, 6, 112, 265]	[-189, 47, -110, -138, -176]	[-177, -85, -81, 6, -16]	[196, 25, -24, -175, -151]	[90, 173, 123, 183, -44]	[10001, 10003, 9999, 9982, 10000]	[221, -53, 176, 251, 265]
221	20.0	[122, -27, -35, -41, -262]	[136, -216, -105, 15, 54]	[18, 136, -18, -43, -192]	[-185, -10, -179, -204, -109]	[169, -106, -116, 95, -195]	[-60, -78, 20, -99, -2]	[26, 139, 2, 112, -66]	[-10, -228, -34, -80, -178]	[-127, -24, -79, -138, -7]	[213, 23, 0, -225, -62]	[82, 89, 147, 180, 14]	[10006, 10003, 9999, 9989, 10003]	[283, 221, 196, 289, 245]
222	20.0	[122, -27, -35, -41, -262]	[136, -216, -74, -28, -3]	[18, 33, -86, -51, -200]	[-185, -10, -179, -204, -109]	[169, -106, -89, 94, -201]	[-60, -80, 11, -99, -2]	[26, 129, 2, 112, -66]	[-10, -228, -46, -80, -178]	[-127, -24, -79, -138, -7]	[213, 23, 0, -225, -56]	[82, 89, 147, 180, 14]	[10004, 10003, 9999, 9989, 10003]	[283, 221, 196, 289, 245]
223	20.0	[122, -27, -35, -41, -262]	[136, -216, -74, -28, -3]	[18, 33, -86, -51, -200]	[-185, -10, -179, -204, -109]	[169, -106, -89, 94, -201]	[-60, -80, 11, -99, -2]	[26, 129, 2, 112, -66]	[-10, -228, -46, -80, -178]	[-127, -24, -79, -138, -7]	[213, 23, 0, -225, -56]	[82, 89, 147, 180, 14]	[10004, 10003, 9999, 9989, 10003]	[283, 221, 196, 289, 245]
224	22.5	[88, -10, -55, -8, 230]	[-181, -132, -120, 15, 187]	[-170, -27, 111, 14, -169]	[40, -180, 48, -101, -106]	[141, 90, -65, -46, 223]	[-190, -29, 27, -61, 162]	[-162, -19, -1, 34, 222]	[-189, 47, -97, -167, -16]	[-177, -122, -112, 18, -16]	[-142, -23, 26, 59, -151]	[4, 179, 123, 184, -44]	[10005, 10006, 10000, 10001, 10000]	[150, -252, 134, 162, 277]
225	23.0	[-90, -53, -42, 57, -264]	[123, -68, -59, 9, 54]	[-10, -121, 34, 3, -2]	[-185, 7, -175, -204, -109]	[169, 127, -134, 95, -195]	[-60, -78, 20, -99, -2]	[26, 62, -49, 100, 28]	[-10, -167, -37, -80, -178]	[-145, -94, -75, -138, -7]	[213, 23, 0, -225, -56]	[82, 89, 147, 180, 14]	[10006, 10003, 9999, 9989, 10003]	[283, 221, 196, 289, 245]
226	21.0	[122, -58, -88, -47, -262]	[136, -216, -105, 13, 49]	[18, 136, -18, -43, -192]	[-185, -10, -179, -204, -109]	[169, -106, -116, 95, -195]	[-60, -78, 20, -99, -2]	[26, 62, -49, 100, 22]	[-10, -167, -37, -80, -178]	[-145, -94, -75, -138, -7]	[213, 23, 0, -225, -56]	[82, 89, 147, 180, 14]	[10006, 10003, 9999, 9989, 10003]	[283, 221, 196, 289, 245]
227	21.5	[88, -10, -55, -8, 230]	[-181, -132, -120, 15, 187]	[-170, -27, 111, 14, -169]	[40, -180, 48, -101, -106]	[141, 90, -65, -46, 223]	[-190, -29, 27, -61, 162]	[-162, -19, -1, 34, 222]	[-189, -97, -88, -102, -88]	[-177, -110, -89, -102, -7]	[-142, -23, 26, -92, -64]	[4, 179, 123, 180, -22]	[10006, 10003, 10000, 10001, 10000]	[150, -252, 134, 162, 277]
228	21.5	[88, -10, -55, -8, 230]	[-181, -132, -120, 15, 187]	[-170, -27, 111, 14, -169]	[40, -180, 48, -101, -106]	[141, 90, -65, -46, 223]	[-190, -29, 27, -61, 162]	[-162, -19, -1, 34, 222]	[-189, -97, -88, -102, -88]	[-177, -110, -89, -102, -7]	[-142, -23, 26, -92, -64]	[4, 179, 123, 180, -22]	[10006, 10003, 10000, 10001, 10000]	[150, -252, 134, 162, 277]
229	20.0	[122, -27, -35, -41, -262]	[136, -216, -105, 15, 54]	[18, 136, -18, -43, -192]	[-185, -10, -179, -204, -109]	[169, -106, -116, 95, -195]	[-60, -78, 20, -99, -2]	[26, 139, 2, 112, -66]	[-10, -228, -34, -80, -178]	[-127, -24, -79, -138, -7]	[213, 23, 0, -225, -62]	[82, 89, 147, 180, 14]	[10006, 10003, 9999, 9989, 10003]	[283, 221, 196, 289, 245]
230	22.0	[122, -27, -50, -38, -262]	[-74, -194, -45, -28, -9]	[1, -72, -13, -46, -200]	[-165, 53, -174, -42, -106]	[125, -38, -35, 16, -87]	[-69, -52, 6, -81, 143]	[-74, 180, 15, 168, -51]	[-7, -126, -141, -98, -178]	[82, 14, -110, -181, -161]	[213, -54, 15, -236, -78]	[-211, 80, 96, 180, 14]	[10006, 10003, 10000, 9972, 10000]	[283, 221, 196, 289, 245]
231	18.5	[122, -27, -50, -38, -262]	[132, -216, -63, -28, -9]	[11, -47, -35, -46, -200]	[-165, -64, -151, -123, -106]	[122, -15, -43, -2, -88]	[-60, -65, 5, -81, 143]	[-74, 180, 15, 168, -51]	[-7, -126, -141, -98, -178]	[82, 14, -110, -181, -161]	[213, -54, 15, -236, -78]	[-211, 80, 96, 180, 14]	[10006, 10003, 10000, 9972, 10000]	[283, 221, 196, 289, 245]
232	23.0	[88, -10, -55, -8, 230]	[-181, -132, -124, 48, 187]	[-170, -37, 101, 9, -166]	[-133, -18, -55, -148, -106]	[117, -101, -126, 105, -64]	[-190, -11, 25, -91, 281]	[-148, 22, 7, 16, 226]	[-189, 47, -110, -136, -105]	[-177, -85, -81, -169, -106]	[196, 113, 30, -175, -151]	[90, 173, 123, 183, -44]	[10001, 10003, 9999, 9982, 10000]	[221, -53, 170, 251, 265]
233	20.0	[-90, -53, -42, 57, -264]	[123, -68, -59, 9, 54]	[-10, -121, 34, 3, -2]	[-185, 7, -175, -204, -109]	[169, 127, -134, 95, -195]	[-60, -78, 20, -99, -2]	[26, 62, -49, 100, 28]	[-10, -167, -37, -80, -178]	[-145, -94, -75, -138, -13]	[213, 23, 0, -225, -56]	[82, 89, 147, 180, 14]	[10006, 10003, 9999, 9989, 10003]	[283, 221, 196, 289, 245]
234	20.5	[122, -27, -50, -38, -262]	[132, -216, -63, -28, -9]	[11, -47, -35, -46, -200]	[-165, -64, -151, -123, -106]	[122, -15, -43, -2, -88]	[-60, -65, 5, -81, 143]	[-74, 180, 15, 168, -51]	[-7, -126, -141, -98, -178]	[82, 14, -110, -181, -161]	[213, -54, 15, -236, -78]	[-211, 80, 96, 180, 14]	[10006, 10003, 10000, 9972, 10000]	[283, 221, 196, 289, 245]
235	21.5	[122, -27, -50, -38, -262]	[-74, -194, -45, -28, -9]	[1, -72, -13, -46, -200]	[-165, 60, -174, -42, -106]	[125, -38, -40, 109, -54]	[-69, -52, 12, -81, 143]	[-74, 180, 15, 168, -51]	[-7, -126, -141, -98, -178]	[82, 14, -110, -181, -161]	[213, -54, 15, -236, -78]	[-211, 80, 96, 180, 14]	[10006, 10003, 10000, 9972, 10000]	[283, 221, 196, 289, 245]
236	20.5	[122, -27, -50, -38, -262]	[132, -216, -63, -28, -9]	[11, -47, -35, -46, -200]	[-165, -64, -151, -123, -106]	[122, -15, -43, -2, -88]	[-60, -65, 5, -81, 143]	[-74, 180, 15, 168, -51]	[-7, -126, -141, -98, -178]	[82, 14, -110, -181, -161]	[213, -54, 15, -236, -78]	[-211, 80, 96, 186, 14]	[10006, 10003, 10000, 9972, 10000]	[283, 221, 196, 289, 245]
237	23.5	[88, -10, -55, -8, 230]	[-175, -132, -120, 15, 187]	[-170, -27, 111, 14, -169]	[40, -180, 48, -101, -106]	[141, 90, -65, -46, 223]	[-190, -29, 27, -61, 162]	[-162, -19, -1, 34, 222]	[-189, -97, -88, -102, -88]	[-177, -110, -89, -102, -7]	[-142, -23, 26, -92, -64]	[4, 178, 123, 180, -23]	[10006, 10003, 9999, 9988, 10000]	[150, -181, 152, 180, 277]
238	16.0	[88, -10, -55, -8, 230]	[-181, -132, -124, 48, 187]	[-170, -37, 101, 9, -166]	[-138, -226, -32, -148, -106]	[117, -101, -126, 105, -64]	[-190, -11, 25, -91, 281]	[-148, 22, 6, 112, 265]	[-189, 47, -110, -138, -176]	[-177, -85, -81, 6, -16]	[196, 25, -24, -175, -151]	[90, 173, 99, 182, 1]	[10006, 10003, 10000, 9979, 10000]	[221, -53, 182, 286, 257]
239	19.0	[122, -27, -50, -38, -262]	[136, -216, -48, -28, -9]	[18, -124, -43, -61, -200]	[-158, -67, -194, -204, -173]	[169, -71, -64, 57, -203]	[-21, -83, -11, -109, 3]	[26, 113, 9, 168, -51]	[-10, -228, -49, -88, -178]	[87, 45, -126, -94, -161]	[213, -54, 15, -236, -78]	[-211, 80, 96, 180, 14]	[10012, 10003, 10000, 9972, 10000]	[283, 221, 196, 289, 245]
240	21.5	[88, -10, -55, -8, 230]	[-175, -132, -120, 15, 187]	[-170, -27, 111, 14, -163]	[40, -180, 48, -101, -106]	[141, 90, -65, -46, 223]	[-190, -29, 27, -61, 162]	[-162, 54, -1, 34, 222]	[-189, -97, -88, -84, -91]	[-177, -52, -89, -102, -7]	[-142, -23, 18, -92, -64]	[4, 161, 139, 180, -14]	[10006, 10003, 10000, 9996, 10003]	[150, -252, 134, 162, 277]
241	19.5	[88, -10, -55, -8, 230]	[-175, -132, -120, 15, 187]	[-170, -27, 111, 14, -169]	[40, -180, 48, -101, -106]	[141, 90, -65, -46, 223]	[-181, -29, 25, -88, 162]	[-162, -19, 5, 76, 237]	[-189, -65, -120, -123, -172]	[-177, -110, -89, -102, -7]	[-142, -23, 26, -92, -64]	[4, 179, 123, 180, -22]	[10006, 10003, 10000, 10001, 10000]	[150, -252, 134, 162, 277]
242	18.5	[122, -27, -50, -38, -262]	[-74, -194, -45, -28, -9]	[1, -72, -13, -46, -200]	[-165, 53, -174, -42, -106]	[125, -38, -35, 16, -87]	[-69, -52, 6, -81, 143]	[-74, 180, 15, 168, -51]	[-7, -126, -141, -98, -178]	[82, 14, -110, -181, -161]	[213, -54, 15, -236, -78]	[-211, 80, 96, 180, 14]	[10006, 10003, 10000, 9972, 10000]	[283, 221, 196, 289, 245]
243	24.5	[88, -10, -55, -8, 230]	[-181, -132, -124, 48, 193]	[-170, -37, 101, 9, -166]	[-133, -18, -55, -148, -106]	[117, -101, -126, 105, -64]	[-190, -11, 25, -91, 281]	[-148, 22, 6, 112, 265]	[-189, 53, -110, -138, -176]	[-177, -85, -81, -87, -114]	[156, 19, -22, -169, -151]	[90, 157, 104, 206, -37]	[10001, 10003, 9999, 9982, 10000]	[221, -53, 170, 251, 265]
244	23.5	[88, -10, -55, -8, 230]	[-181, -132, -124, 42, 187]	[-176, -37, 101, 9, -166]	[-138, -226, -32, -148, -106]	[117, -101, -126, 105, -64]	[-183, -28, 25, -91, 281]	[-148, 70, 6, 97, 118]	[-189, 47, -110, -138, -176]	[-177, -85, -81, 6, -16]	[196, 25, -24, -175, -151]	[90, 173, 99, 182, 1]	[10006, 10003, 10000, 9979, 10000]	[221, -53, 182, 286, 257]
245	24.0	[88, -10, -55, -8, 230]	[-181, -132, -124, 42, 187]	[-176, -37, 101, 9, -166]	[-138, -226, -32, -148, -106]	[117, -101, -126, 105, -64]	[-183, -28, 25, -91, 281]	[-148, 70, 6, 97, 118]	[-189, 47, -110, -138, -176]	[-177, -85, -81, 6, -16]	[196, 25, -24, -175, -151]	[90, 173, 99, 182, 1]	[10006, 10003, 10000, 9979, 10000]	[221, -53, 182, 286, 257]
246	21.0	[122, -27, -50, -38, -262]	[-74, -194, -45, -28, -9]	[1, -72, -13, -46, -200]	[-165, 53, -160, -89, -106]	[125, -38, -57, 16, -46]	[-69, -50, 6, -75, 143]	[-74, 180, 11, 147, -17]	[-7, -126, -105, -104, -178]	[55, 14, -110, -148, -161]	[130, -39, 18, -236, -76]	[-211, 80, 96, 184, 14]	[10006, 10003, 10000, 9972, 10000]	[283, 221, 196, 289, 245]
247	20.0	[88, -10, -55, -8, 230]	[-181, -132, -124, 48, 193]	[-170, -43, 101, 9, -166]	[-133, -18, -55, -148, -106]	[117, -101, -126, 105, -64]	[-190, -11, 25, -91, 281]	[-148, 22, 6, 112, 265]	[-189, 53, -110, -138, -176]	[-177, -91, -81, -87, -114]	[156, 19, -22, -163, -151]	[90, 157, 104, 206, -37]	[10001, 10003, 9999, 9982, 10000]	[221, -53, 170, 251, 265]
248	25.5	[88, -10, -55, -8, 230]	[-181, -132, -124, 42, 187]	[-170, -37, 101, 9, -166]	[-48, -190, -43, -148, -106]	[117, -101, -126, 86, -11]	[-190, -11, 25, -91, 193]	[-148, 45, 6, 112, 265]	[-189, -7, -114, -138, -176]	[-177, -85, -81, -84, -9]	[-66, -17, 1, -139, -151]	[90, 173, 109, 183, 1]	[10006, 10003, 10000, 9979, 10000]	[221, -53, 182, 286, 257]
249	23.0	[88, -10, -55, -8, 230]	[-181, -132, -124, 42, 187]	[-170, -37, 101, 9, -166]	[-48, -190, -43, -148, -106]	[117, -101, -126, 86, -11]	[-190, -11, 25, -91, 193]	[-148, 45, 6, 112, 265]	[-189, -7, -114, -138, -176]	[-177, -85, -81, -84, -9]	[-66, -17, 1, -139, -151]	[90, 173, 109, 183, 1]	[10006, 10003, 10000, 9979, 10000]	[221, -53, 182, 286, 257]
250	24.0	[88, -10, -55, -8, 230]	[-181, -132, -124, 42, 187]	[-170, -37, 101, 9, -166]	[-48, -190, -43, -148, -106]	[117, -101, -126, 86, -11]	[-190, -11, 25, -91, 193]	[-148, 45, 6, 112, 265]	[-189, -7, -114, -138, -176]	[-177, -85, -81, -84, -9]	[-66, -17, 1, -139, -151]	[90, 173, 109, 183, 1]	[10006, 10003, 10000, 9979, 10000]	[221, -53, 182, 286, 257]
251	22.5	[88, -10, -55, -8, 230]	[-175, -132, -120, 7, 127]	[-170, -48, 111, 14, -169]	[40, -180, 48, -92, -106]	[141, -4, -57, 16, 6]	[-181, -29, 15, -88, 162]	[-125, 68, 7, 78, 237]	[-189, -65, -128, -109, -177]	[-177, -32, -92, -131, -142]	[-128, -41, 26, -92, -64]	[4, 161, 123, 180, -22]	[10006, 10003, 10000, 9984, 10000]	[245, -7, 188, 169, 257]
252	20.0	[88, -22, -51, -23, 230]	[-151, -178, -89, 15, 187]	[-170, -27, 111, 14, -169]	[40, -180, -122, -123, -106]	[126, -14, -54, 44, 223]	[-190, -29, 27, -63, 153]	[-150, 135, 10, 34, 222]	[-128, -125, -88, -102, -101]	[24, -101, -89, -102, -7]	[-142, -23, 21, -164, -64]	[4, 178, 123, 180, -23]	[10006, 10003, 9999, 9988, 10000]	[150, -181, 152, 180, 277]
253	22.5	[88, -10, -55, -8, 95]	[-102, -160, -52, 17, 14]	[-170, -39, -1, 9, -166]	[-48, -190, -48, -103, -106]	[117, -101, -126, 105, -22]	[-190, -11, 22, -82, 193]	[-128, 56, 4, 114, 265]	[-150, -31, -114, -108, -174]	[-177, -85, -88, -91, -13]	[-66, -17, 1, -139, -151]	[90, 173, 109, 183, 1]	[10006, 10003, 10000, 9979, 10000]	[221, -53, 182, 286, 257]
254	26.5	[88, -10, -55, -8, 230]	[-175, -132, -121, 18, 127]	[-170, -48, 107, 9, -169]	[-19, -170, -121, -123, -106]	[141, -88, -77, 86, -2]	[-186, -29, 15, -88, 162]	[-146, 58, 7, 102, 245]	[-189, -65, -128, -109, -177]	[-177, -32, -92, -131, -142]	[-128, -41, 26, -92, -64]	[4, 161, 123, 180, -22]	[10006, 10003, 10000, 9984, 10000]	[245, -7, 188, 169, 257]
255	22.5	[88, -10, -55, -8, 230]	[-175, -132, -121, 18, 127]	[-170, -48, 107, 9, -169]	[-19, -170, -121, -123, -106]	[141, -88, -77, 86, -2]	[-186, -29, 15, -88, 162]	[-146, 58, 7, 102, 245]	[-189, -65, -128, -109, -177]	[-177, -32, -92, -131, -142]	[-128, -41, 26, -92, -64]	[4, 161, 123, 180, -22]	[10006, 10003, 10000, 9984, 10000]	[245, -7, 188, 169, 257]
256	22.5	[88, -10, -55, -8, 230]	[-176, -132, -124, 42, 187]	[-170, -37, 101, 9, -166]	[-48, -190, -108, -148, -106]	[117, -72, -90, 72, -2]	[-190, -26, 15, -90, 173]	[-126, 50, 6, 112, 265]	[-189, -57, -119, -126, -177]	[-177, -69, -90, -124, -104]	[-66, -17, 19, -139, -151]	[90, 173, 109, 183, 1]	[10006, 10003, 10000, 9979, 10000]	[221, -53, 182, 286, 257]
257	26.5	[88, -10, -55, -8, 95]	[-102, -160, -52, 17, 75]	[-170, -39, -1, 9, -167]	[-48, -190, -48, -108, -106]	[117, -101, -115, 90, -3]	[-190, -11, 22, -87, 168]	[-136, 56, 6, 102, 265]	[-150, -61, -122, -108, -174]	[-177, -67, -91, -121, -141]	[-66, -30, 2, -139, -151]	[90, 173, 109, 183, 1]	[10006, 10003, 10000, 9979, 10000]	[221, -53, 182, 286, 257]
258	20.5	[88, -10, -55, -8, 95]	[-102, -160, -52, 17, 75]	[-170, -39, -1, 9, -167]	[-48, -190, -48, -108, -106]	[117, -101, -115, 90, -3]	[-190, -11, 22, -87, 168]	[-136, 56, 6, 102, 265]	[-150, -61, -122, -108, -174]	[-177, -67, -91, -121, -141]	[-66, -30, 2, -139, -151]	[90, 173, 109, 183, 1]	[10006, 10003, 10000, 9979, 10000]	[221, -53, 182, 286, 257]
259	22.5	[122, -27, -50, -38, -262]	[-74, -194, -45, -28, -9]	[1, -72, -13, -46, -200]	[-165, 53, -160, -89, -106]	[125, -44, -57, 16, -46]	[-150, -47, 6, -75, 143]	[-74, 123, 11, 147, 101]	[-7, -124, -101, -102, -178]	[55, 14, -105, -111, -161]	[102, -24, 19, -202, -76]	[-211, 80, 111, 184, 14]	[10006, 10003, 10000, 9972, 10000]	[283, 221, 196, 289, 245]
260	24.5	[122, -27, -50, -38, -262]	[-74, -194, -45, -28, -9]	[1, -72, -13, -46, -200]	[-165, 53, -160, -89, -106]	[125, -44, -57, 16, -46]	[-150, -47, 6, -75, 143]	[-74, 123, 11, 147, 101]	[-7, -124, -101, -102, -178]	[55, 14, -105, -111, -161]	[102, -24, 19, -202, -76]	[-211, 80, 111, 184, 14]	[10006, 10003, 10000, 9972, 10000]	[283, 221, 196, 289, 245]
261	24.5	[88, -10, -55, -8, 230]	[-176, -132, -124, 42, 187]	[-170, -37, 101, 9, -166]	[-48, -190, -108, -148, -106]	[117, -72, -90, 72, -2]	[-190, -26, 15, -96, 173]	[-126, 50, 6, 112, 265]	[-189, -57, -119, -126, -177]	[-177, -69, -90, -124, -104]	[-66, -17, 4, -139, -151]	[90, 173, 109, 183, 1]	[10006, 10003, 10000, 9979, 10000]	[221, -53, 182, 286, 257]
262	24.5	[88, -10, -55, -8, 95]	[-102, -160, -52, 17, 75]	[-170, -39, -1, 9, -167]	[-48, -190, -48, -108, -106]	[117, -101, -115, 90, -3]	[-190, -11, 22, -87, 168]	[-136, 56, 6, 102, 265]	[-150, -61, -122, -108, -174]	[-177, -67, -91, -121, -141]	[-66, -30, 2, -139, -151]	[90, 173, 109, 183, 1]	[10006, 10003, 10000, 9979, 10000]	[221, -53, 182, 286, 257]
263	25.0	[88, -10, -55, -8, 95]	[-102, -160, -52, 17, 75]	[-170, -39, -1, 9, -167]	[-48, -190, -48, -108, -106]	[117, -101, -115, 90, -3]	[-190, -11, 22, -87, 168]	[-136, 56, 6, 102, 265]	[-150, -61, -122, -108, -174]	[-177, -67, -91, -121, -141]	[-66, -30, 2, -139, -151]	[90, 173, 109, 183, 1]	[10006, 10003, 10000, 9979, 10000]	[221, -53, 182, 286, 257]
264	23.0	[88, -10, -55, -8, 230]	[-176, -132, -124, 42, 187]	[-170, -37, 101, 9, -166]	[-48, -190, -108, -148, -106]	[117, -72, -90, 72, -2]	[-190, -26, 15, -96, 173]	[-126, 50, 6, 112, 265]	[-189, -57, -119, -126, -177]	[-177, -69, -90, -124, -104]	[-66, -17, 4, -139, -151]	[90, 173, 109, 183, 1]	[10006, 10003, 10000, 9979, 10000]	[221, -53, 182, 286, 257]
265	25.0	[88, -10, -55, -8, 230]	[-176, -132, -124, 42, 187]	[-170, -37, 101, 9, -166]	[-48, -190, -108, -148, -106]	[117, -72, -90, 72, -2]	[-190, -26, 15, -96, 173]	[-126, 50, 6, 112, 265]	[-189, -57, -119, -126, -177]	[-177, -69, -90, -124, -104]	[-66, -17, 4, -139, -151]	[90, 173, 109, 183, 1]	[10006, 10003, 10000, 9979, 10000]	[221, -53, 182, 286, 257]
266	28.0	[88, -10, -55, -8, 230]	[-176, -132, -124, 42, 187]	[-170, -37, 101, 9, -166]	[-48, -190, -108, -148, -106]	[117, -72, -90, 72, -2]	[-190, -26, 15, -90, 173]	[-126, 50, 6, 112, 265]	[-189, -57, -119, -126, -177]	[-177, -69, -90, -124, -104]	[-66, -11, 8, -139, -151]	[90, 173, 109, 183, 1]	[10006, 10003, 10000, 9979, 10000]	[221, -53, 182, 286, 257]
267	27.0	[88, -10, -55, -8, 95]	[-102, -160, -52, 17, 75]	[-170, -39, -1, 9, -167]	[-48, -190, -42, -108, -106]	[117, -101, -115, 90, -3]	[-190, -11, 22, -87, 168]	[-136, 56, 6, 102, 265]	[-150, -61, -122, -108, -174]	[-177, -67, -91, -127, -141]	[-66, -30, 2, -139, -151]	[90, 173, 109, 183, 1]	[10006, 10003, 10000, 9979, 10000]	[221, -53, 182, 286, 257]
268	25.5	[122, -27, -50, -38, -262]	[-74, -194, -45, -28, -9]	[1, -72, -13, -46, -206]	[-165, 53, -160, -89, -106]	[125, -38, -57, 16, -46]	[-150, -47, 6, -75, 143]	[-74, 180, 11, 77, 192]	[-7, -126, -96, -102, -178]	[55, 10, -109, -115, -161]	[102, -23, 21, -183, -76]	[-181, 80, 96, 184, 20]	[10006, 10003, 10000, 9972, 10000]	[283, 221, 196, 289, 245]
269	24.5	[88, -10, -55, -8, 230]	[-176, -132, -124, 42, 187]	[-170, -37, 101, 9, -166]	[-48, -190, -108, -148, -106]	[119, -76, -103, 80, -2]	[-190, -26, 15, -90, 173]	[-126, 50, 6, 112, 265]	[-189, -57, -119, -126, -177]	[-177, -69, -90, -124, -104]	[-66, -11, 8, -139, -151]	[90, 173, 109, 183, 1]	[10006, 10003, 10000, 9979, 10000]	[221, -53, 182, 286, 257]
270	24.0	[88, -10, -55, -8, 95]	[-102, -160, -52, 17, 75]	[-170, -39, -1, 9, -167]	[-48, -190, -42, -108, -106]	[117, -101, -115, 90, -3]	[-190, -11, 22, -87, 168]	[-136, 56, 6, 102, 265]	[-150, -61, -122, -108, -174]	[-177, -67, -91, -127, -141]	[-66, -30, 2, -139, -151]	[90, 173, 109, 183, 1]	[10006, 10003, 10000, 9979, 10000]	[221, -53, 182, 286, 257]
271	23.5	[88, -10, -55, -8, 230]	[-176, -132, -124, 42, 187]	[-170, -37, 101, 9, -166]	[-48, -190, -108, -148, -106]	[119, -76, -103, 80, -2]	[-190, -26, 15, -90, 173]	[-126, 50, 6, 112, 265]	[-189, -57, -119, -126, -177]	[-177, -69, -90, -124, -104]	[-66, -11, 8, -139, -151]	[90, 173, 109, 183, 1]	[10006, 10003, 10000, 9979, 10000]	[221, -53, 182, 286, 257]
272	21.0	[122, -27, -51, -38, -262]	[-74, -193, -54, 10, -9]	[1, -72, -13, -46, -206]	[-165, 53, -160, -89, -106]	[125, -38, -57, 16, -46]	[-150, -47, 6, -75, 143]	[-74, 180, 11, 147, 159]	[-7, -83, -105, -102, -178]	[-164, -43, -110, -109, -161]	[102, -24, 18, -192, -76]	[-211, 80, 102, 183, 13]	[10006, 10003, 10000, 9972, 10000]	[283, 221, 196, 289, 245]
273	23.5	[88, -10, -55, -8, 95]	[-102, -166, -52, 17, 75]	[-170, -39, -1, 9, -167]	[-48, -190, -42, -108, -106]	[117, -101, -115, 90, -3]	[-190, -11, 22, -87, 168]	[-136, 56, 6, 102, 265]	[-150, -61, -122, -108, -174]	[-177, -67, -91, -127, -141]	[-66, -30, 2, -139, -151]	[90, 173, 109, 183, 1]	[10006, 10003, 10000, 9979, 10000]	[221, -53, 182, 286, 257]
274	23.0	[88, -10, -55, -8, 95]	[-102, -166, -52, 17, 75]	[-170, -39, -1, 9, -167]	[-48, -190, -42, -108, -106]	[117, -101, -115, 90, -3]	[-190, -11, 22, -87, 168]	[-136, 56, 6, 102, 265]	[-150, -61, -122, -108, -174]	[-177, -67, -91, -127, -141]	[-66, -30, 2, -139, -151]	[90, 173, 109, 183, 1]	[10006, 10003, 10000, 9979, 10000]	[221, -53, 182, 286, 257]
275	24.5	[88, -10, -55, -8, 95]	[-102, -166, -52, 17, 75]	[-170, -39, -1, 9, -167]	[-48, -190, -42, -108, -106]	[117, -101, -115, 90, -3]	[-190, -11, 22, -87, 168]	[-136, 56, 6, 102, 265]	[-150, -61, -122, -108, -174]	[-177, -67, -91, -127, -141]	[-66, -30, 2, -139, -151]	[90, 173, 109, 183, 1]	[10006, 10003, 10000, 9979, 10000]	[221, -53, 182, 286, 257]
276	22.5	[88, -10, -55, -8, 230]	[-176, -132, -124, 42, 187]	[-170, -37, 101, 9, -166]	[-48, -190, -108, -148, -106]	[119, -76, -103, 80, -2]	[-190, -26, 15, -90, 173]	[-126, 50, 6, 112, 265]	[-189, -57, -119, -126, -177]	[-177, -69, -90, -124, -104]	[-66, -11, 8, -139, -151]	[90, 173, 109, 183, 1]	[10006, 10003, 10000, 9979, 10000]	[221, -53, 182, 286, 257]
277	21.5	[88, -10, -55, -8, 236]	[-181, -132, -124, 42, 187]	[-176, -37, 104, 12, -166]	[26, -204, -32, -122, -106]	[122, -101, -126, 105, -64]	[-183, -29, 25, -91, 281]	[-124, 57, 9, 96, 135]	[-189, -95, -124, -115, -173]	[-177, -41, -93, -96, -67]	[154, -33, -14, -95, -72]	[90, 174, 113, 182, -5]	[10006, 10003, 10000, 9979, 10000]	[209, -189, 156, 238, 257]
278	20.5	[88, -10, -55, -8, 236]	[-181, -132, -124, 42, 187]	[-176, -37, 104, 12, -166]	[26, -204, -32, -122, -106]	[122, -101, -126, 105, -64]	[-183, -29, 25, -91, 281]	[-124, 57, 9, 96, 135]	[-189, -95, -110, -115, -173]	[-177, -41, -93, -106, -67]	[52, -33, 5, -95, -72]	[90, 173, 112, 183, -5]	[10006, 10003, 10000, 9979, 10000]	[209, -189, 156, 238, 257]
279	26.5	[88, -10, -55, -8, 236]	[-181, -132, -124, 42, 187]	[-176, -37, 104, 12, -166]	[26, -204, -32, -122, -106]	[122, -101, -126, 105, -64]	[-183, -29, 25, -91, 281]	[-124, 57, 9, 96, 135]	[-189, -95, -110, -115, -173]	[-177, -41, -93, -106, -67]	[52, -33, 5, -95, -72]	[90, 173, 112, 183, -5]	[10006, 10003, 10000, 9979, 10000]	[209, -189, 156, 238, 257]
280	28.0	[88, -10, -55, -8, 230]	[-176, -132, -124, 42, 187]	[-170, -37, 101, 8, -204]	[-48, -116, -113, -144, -106]	[119, -72, -67, 72, -2]	[-190, -26, 11, -96, 173]	[-85, 172, 6, 130, 265]	[-189, -60, -119, -126, -177]	[-177, -69, -90, -117, -104]	[-66, -17, 4, -139, -122]	[90, 173, 109, 183, 1]	[10006, 10003, 10000, 9978, 10000]	[221, -53, 182, 292, 257]
281	27.0	[88, -10, -55, -8, 95]	[-102, -166, -52, 17, 75]	[-170, -39, -1, 9, -167]	[-48, -190, -42, -108, -106]	[117, -101, -115, 90, -3]	[-167, -32, 9, -87, 168]	[-136, 56, 6, 102, 265]	[-150, -61, -116, -108, -174]	[-177, -67, -91, -127, -141]	[-66, -30, 2, -139, -151]	[90, 173, 109, 183, 1]	[10006, 10003, 10000, 9979, 10000]	[221, -53, 182, 286, 257]
282	24.5	[88, -12, -55, -2, 230]	[-175, -132, -120, 7, 152]	[-170, -62, 103, 14, -167]	[40, -180, 48, -98, -106]	[141, -4, -57, 16, 6]	[-181, -29, 15, -88, 162]	[-125, 68, 7, 78, 237]	[-189, -65, -128, -109, -183]	[-177, -32, -92, -131, -142]	[-128, -41, 26, -92, -64]	[77, 164, 113, 182, -9]	[10006, 10003, 10000, 9974, 10006]	[245, -7, 188, 169, 257]
283	21.5	[88, -10, -55, -8, 230]	[-176, -132, -124, 42, 187]	[-170, -37, 101, 8, -204]	[-48, -116, -113, -144, -106]	[119, -72, -67, 72, -2]	[-190, -26, 11, -96, 173]	[-85, 172, 6, 130, 265]	[-189, -60, -119, -126, -177]	[-177, -69, -90, -117, -104]	[-66, -17, 4, -139, -122]	[90, 173, 109, 183, 1]	[10006, 10003, 10000, 9978, 10000]	[221, -53, 182, 292, 257]
284	25.0	[88, -10, -55, -8, 231]	[-181, -132, -124, 42, 187]	[-176, -37, 104, 12, -166]	[26, -204, -32, -122, -106]	[117, -72, -121, 105, -64]	[-187, -26, 25, -91, 281]	[-124, 104, 8, 110, 135]	[-189, -95, -124, -115, -173]	[-177, -41, -93, -100, -103]	[154, -33, -14, -95, -88]	[90, 174, 112, 183, -5]	[10006, 10003, 10000, 9979, 10000]	[209, -189, 156, 238, 257]
285	26.0	[88, -10, -55, -8, 230]	[-176, -132, -124, 42, 187]	[-170, -39, 24, 9, -166]	[-48, -190, -96, -148, -106]	[118, -72, -90, 72, -2]	[-190, -26, 11, -75, 163]	[-136, 108, 11, 144, 265]	[-154, -63, -113, -116, -177]	[-112, -66, -93, -125, -112]	[-36, -30, 13, -161, -79]	[90, 173, 106, 184, 3]	[10006, 10003, 10000, 9979, 10000]	[221, -53, 182, 290, 257]
286	23.5	[88, -10, -55, -8, 230]	[-176, -132, -115, 20, 97]	[-170, -37, 73, 9, -166]	[-48, -190, -108, -148, -106]	[119, -76, -105, 81, -2]	[-190, -26, 15, -90, 170]	[-135, 51, 6, 112, 265]	[-189, -58, -113, -118, -174]	[-177, -69, -90, -124, -104]	[-66, -11, 8, -139, -151]	[90, 173, 109, 183, 1]	[10006, 10003, 10000, 9979, 10000]	[221, -53, 182, 286, 257]
287	23.0	[88, -10, -55, -8, 95]	[-102, -166, -52, 17, 75]	[-170, -39, -1, 9, -167]	[-48, -190, -42, -108, -106]	[117, -101, -115, 90, -3]	[-167, -32, 9, -87, 168]	[-136, 56, 6, 102, 265]	[-150, -61, -116, -108, -174]	[-177, -67, -91, -124, -108]	[-66, -21, 5, -139, -151]	[90, 173, 109, 183, -5]	[10006, 10003, 10000, 9979, 10000]	[221, -53, 182, 286, 257]
288	28.5	[88, -10, -55, -8, 230]	[-176, -132, -67, 18, 97]	[-170, -38, 15, 9, -167]	[-42, -190, -108, -148, -106]	[119, -76, -105, 81, -2]	[-190, -26, 15, -90, 170]	[-126, 50, 6, 112, 265]	[-189, -57, -113, -122, -171]	[-177, -69, -104, -124, -104]	[-66, -11, 8, -139, -151]	[90, 173, 109, 183, 1]	[10006, 10003, 10000, 9979, 10000]	[221, -53, 182, 286, 257]
289	25.5	[88, -10, -55, -8, 230]	[-176, -132, -124, 42, 187]	[-170, -37, 107, 8, -204]	[-47, -165, -86, -125, -106]	[120, -38, -67, 72, -2]	[-185, -28, 15, -89, 173]	[-92, 105, 6, 80, 240]	[-189, -60, -121, -126, -177]	[-177, -69, -90, -124, -104]	[-109, -28, 4, -139, -122]	[90, 173, 109, 183, 1]	[10006, 10003, 10000, 9978, 10000]	[221, -53, 182, 292, 257]
290	22.0	[88, -10, -55, -8, 98]	[-102, -147, -66, 17, 75]	[-170, -39, 10, 9, -167]	[-45, -204, -53, -122, -106]	[119, -89, -116, 90, -3]	[-186, -26, 9, -77, 197]	[-125, 56, 8, 108, 211]	[-150, -63, -115, -115, -174]	[-183, -67, -104, -122, -104]	[-54, -19, 8, -157, -119]	[90, 173, 106, 184, 1]	[10006, 10003, 10000, 9979, 10000]	[221, -53, 182, 286, 257]
291	26.0	[88, -10, -55, -8, 230]	[-176, -132, -124, 42, 187]	[-170, -39, 24, 9, -166]	[-48, -190, -96, -148, -106]	[118, -72, -90, 72, -2]	[-190, -26, 11, -75, 163]	[-136, 108, 11, 144, 265]	[-154, -63, -113, -116, -177]	[-112, -66, -93, -125, -112]	[-36, -30, 13, -161, -79]	[90, 173, 106, 184, 3]	[10006, 10003, 10000, 9979, 10000]	[221, -53, 182, 290, 257]
292	24.0	[88, -10, -55, -8, 231]	[-181, -132, -124, 42, 187]	[-173, -37, 104, 12, -166]	[26, -204, -32, -128, -106]	[122, -73, -120, 105, -64]	[-183, -29, 15, -91, 281]	[-124, 57, 9, 108, 253]	[-189, -95, -124, -115, -173]	[-177, -41, -93, -96, -67]	[154, -33, -14, -95, -72]	[90, 174, 113, 182, -5]	[10006, 10003, 10000, 9979, 10000]	[209, -189, 156, 238, 257]
293	22.5	[88, -10, -55, -8, 98]	[-102, -147, -66, 17, 75]	[-170, -39, 10, 9, -167]	[-45, -204, -53, -122, -106]	[119, -89, -116, 90, -3]	[-186, -26, 9, -77, 197]	[-125, 56, 8, 108, 211]	[-150, -63, -115, -115, -174]	[-183, -67, -104, -122, -104]	[-54, -19, 8, -157, -119]	[90, 173, 106, 184, 1]	[10006, 10003, 10000, 9979, 10000]	[221, -53, 182, 286, 257]
294	23.0	[88, -10, -55, -8, 230]	[-176, -132, -124, 42, 187]	[-170, -37, 107, 8, -204]	[-47, -165, -86, -125, -106]	[120, -38, -67, 72, -2]	[-185, -28, 15, -89, 173]	[-92, 105, 6, 80, 240]	[-189, -60, -121, -126, -177]	[-177, -69, -90, -124, -104]	[-109, -28, 4, -139, -122]	[90, 173, 109, 183, 1]	[10006, 10003, 10000, 9978, 10000]	[221, -53, 182, 292, 257]
295	29.5	[88, -10, -55, -8, 230]	[-176, -132, -115, 20, 97]	[-170, -37, 73, 9, -166]	[-48, -190, -108, -148, -106]	[119, -76, -105, 81, -2]	[-190, -20, 15, -90, 170]	[-135, 51, 6, 112, 265]	[-189, -58, -113, -118, -174]	[-177, -69, -90, -118, -104]	[-66, -11, 8, -139, -151]	[90, 173, 109, 183, 1]	[10006, 10003, 10000, 9979, 10000]	[221, -53, 182, 286, 257]
296	25.5	[88, -10, -55, -8, 95]	[-102, -166, -52, 17, 75]	[-170, -39, -1, 9, -167]	[-48, -190, -42, -108, -106]	[117, -101, -115, 90, -3]	[-167, -32, 13, -87, 168]	[-130, 56, 6, 87, 259]	[-150, -61, -116, -108, -174]	[-177, -67, -91, -124, -108]	[-66, -21, 5, -139, -151]	[90, 173, 109, 183, -5]	[10006, 10003, 10000, 9979, 10000]	[221, -53, 182, 286, 257]
297	24.5	[88, -10, -55, -8, 98]	[-102, -147, -66, 17, 75]	[-170, -39, 10, 9, -167]	[-45, -204, -53, -122, -106]	[119, -89, -116, 90, -3]	[-186, -26, 9, -77, 197]	[-125, 56, 8, 108, 211]	[-150, -63, -115, -115, -174]	[-183, -67, -104, -122, -104]	[-54, -19, 8, -157, -119]	[90, 173, 106, 184, 1]	[10006, 10003, 10000, 9979, 10000]	[221, -53, 182, 286, 257]
298	25.5	[88, -10, -55, -8, 95]	[-102, -166, -52, 17, 75]	[-170, -39, -1, 9, -167]	[-48, -190, -42, -108, -106]	[117, -101, -115, 90, -3]	[-167, -32, 13, -87, 168]	[-130, 56, 6, 87, 259]	[-150, -61, -116, -108, -174]	[-177, -67, -91, -124, -108]	[-66, -21, 5, -139, -151]	[90, 173, 109, 183, -5]	[10006, 10003, 10000, 9979, 10000]	[221, -53, 182, 286, 257]
299	25.5	[88, -10, -55, -8, 98]	[-102, -147, -66, 17, 75]	[-170, -39, 10, 9, -167]	[-45, -204, -53, -122, -106]	[119, -89, -116, 90, -3]	[-186, -26, 9, -77, 197]	[-125, 56, 8, 108, 211]	[-150, -63, -115, -115, -174]	[-183, -67, -104, -122, -104]	[-54, -19, 8, -157, -119]	[90, 173, 106, 184, 1]	[10006, 10003, 10000, 9979, 10000]	[221, -53, 182, 286, 257]
300	23.5	[88, -10, -55, -8, 98]	[-102, -147, -66, 17, 75]	[-170, -39, 10, 9, -167]	[-45, -204, -53, -122, -106]	[144, -89, -116, 90, -3]	[-186, -26, 9, -77, 197]	[-125, 56, 8, 108, 211]	[-150, -63, -115, -115, -174]	[-183, -67, -104, -122, -104]	[-54, -19, 8, -157, -119]	[90, 173, 106, 184, 1]	[10006, 10003, 10000, 9979, 10000]	[221, -53, 182, 286, 257]
301	26.5	[88, -10, -55, -8, 236]	[-176, -132, -149, 42, 187]	[-170, -39, 24, 9, -166]	[-48, -190, -96, -148, -106]	[118, -72, -90, 72, -2]	[-190, -26, 11, -75, 163]	[-136, 108, 11, 144, 265]	[-154, -63, -113, -116, -177]	[-112, -66, -93, -125, -112]	[-36, -30, 13, -161, -79]	[90, 173, 106, 184, 3]	[10006, 10003, 10000, 9979, 10000]	[221, -53, 182, 290, 257]
302	26.5	[94, -10, -55, -8, 230]	[-176, -132, -115, 20, 97]	[-170, -37, 73, 9, -166]	[-48, -190, -108, -148, -106]	[119, -76, -105, 81, -2]	[-190, -20, 15, -115, 170]	[-135, 51, 6, 112, 265]	[-189, -58, -113, -118, -174]	[-177, -69, -90, -118, -104]	[-66, -11, 8, -139, -151]	[90, 173, 109, 183, 1]	[10006, 10003, 10000, 9979, 10000]	[221, -53, 182, 286, 257]
303	27.5	[88, -10, -55, -8, 230]	[-176, -156, -67, 18, 97]	[-170, -38, 15, 9, -167]	[-42, -190, -108, -148, -106]	[119, -76, -105, 81, -2]	[-190, -26, 15, -90, 170]	[-126, 63, 6, 78, 245]	[-162, -61, -116, -117, -174]	[-177, -68, -91, -116, -105]	[-66, -21, 8, -139, -151]	[66, 173, 109, 183, 0]	[10006, 10003, 10000, 10004, 10000]	[239, -26, 186, 232, 257]
304	24.0	[88, -10, -55, -8, 236]	[-176, -132, -149, 42, 187]	[-170, -39, 24, 9, -166]	[-48, -196, -96, -148, -106]	[118, -72, -90, 72, -2]	[-190, -26, 11, -75, 163]	[-136, 108, 11, 144, 265]	[-154, -63, -113, -116, -177]	[-112, -66, -93, -125, -112]	[-36, -30, 13, -161, -79]	[90, 173, 106, 184, 3]	[10006, 10003, 10000, 9979, 10000]	[221, -53, 182, 290, 257]
305	25.5	[88, -10, -55, -8, 230]	[-176, -156, -67, 18, 97]	[-170, -38, 15, 9, -167]	[-42, -190, -108, -148, -106]	[119, -76, -105, 81, -2]	[-190, -26, 15, -90, 170]	[-126, 63, 6, 78, 245]	[-162, -61, -116, -117, -174]	[-177, -68, -91, -116, -105]	[-66, -21, 8, -139, -151]	[66, 173, 109, 183, 0]	[10006, 10003, 10000, 10004, 10000]	[239, -26, 186, 232, 257]
306	26.5	[88, -10, -55, -8, 236]	[-176, -132, -124, 42, 187]	[-170, -38, 52, 9, -166]	[-54, -190, -96, -130, -106]	[118, -62, -79, 72, -2]	[-186, -28, 11, -75, 163]	[-136, 108, 11, 138, 265]	[-178, -63, -117, -117, -177]	[-137, -61, -96, -124, -109]	[-69, -29, 12, -161, -79]	[90, 173, 111, 184, -3]	[10006, 10003, 10000, 9979, 10000]	[221, -53, 182, 290, 257]
307	28.0	[94, -10, -55, -8, 95]	[-102, -163, -56, 18, 86]	[-170, -39, 5, 3, -167]	[-42, -190, -97, -108, -106]	[117, -101, -106, 90, -3]	[-167, -32, 13, -87, 168]	[-130, 56, 6, 87, 259]	[-150, -61, -116, -108, -174]	[-177, -67, -91, -124, -108]	[-66, -21, 5, -139, -126]	[90, 173, 109, 183, -5]	[10006, 10003, 10000, 9979, 10000]	[221, -53, 182, 286, 257]
308	25.5	[88, -10, -55, -8, 230]	[-176, -156, -67, 18, 97]	[-170, -38, 15, 9, -167]	[-42, -190, -108, -148, -106]	[119, -76, -105, 81, -2]	[-190, -26, 15, -84, 170]	[-126, 63, 6, 78, 245]	[-162, -61, -116, -117, -174]	[-177, -68, -91, -116, -105]	[-66, -21, 8, -139, -151]	[66, 173, 109, 183, 0]	[10006, 10003, 10000, 10004, 10000]	[239, -26, 186, 232, 257]
309	25.0	[94, -10, -55, -8, 230]	[-170, -132, -115, 20, 97]	[-164, -37, 73, 9, -166]	[-48, -190, -108, -148, -106]	[119, -76, -105, 81, -2]	[-190, -20, 15, -115, 164]	[-135, 51, 6, 112, 265]	[-189, -58, -113, -118, -174]	[-177, -69, -90, -118, -104]	[-66, -11, 8, -139, -151]	[90, 173, 109, 183, 1]	[10006, 10003, 10000, 9979, 10000]	[221, -53, 182, 286, 257]
310	27.5	[94, -10, -55, -8, 95]	[-102, -163, -56, 18, 86]	[-170, -39, 5, 3, -167]	[-42, -190, -97, -108, -106]	[117, -101, -106, 90, -3]	[-167, -32, 13, -87, 168]	[-130, 56, 6, 87, 259]	[-150, -61, -116, -108, -174]	[-177, -67, -91, -124, -108]	[-66, -21, 5, -139, -126]	[90, 173, 109, 183, -5]	[10006, 10003, 10000, 9979, 10000]	[221, -53, 182, 286, 257]
311	26.0	[94, -10, -55, -8, 230]	[-170, -132, -115, 20, 97]	[-164, -37, 73, 9, -166]	[-48, -190, -108, -148, -106]	[119, -76, -105, 81, -2]	[-190, -20, 15, -115, 164]	[-135, 51, 6, 112, 265]	[-189, -58, -113, -118, -174]	[-177, -69, -90, -118, -104]	[-66, -11, 8, -139, -151]	[90, 173, 109, 183, 1]	[10006, 10003, 10000, 9979, 10000]	[221, -53, 182, 286, 257]
312	26.0	[94, -10, -55, -8, 95]	[-127, -138, -56, 18, 86]	[-170, -39, 15, 3, -167]	[-42, -190, -97, -125, -106]	[118, -101, -106, 90, -3]	[-167, -32, 12, -77, 164]	[-130, 56, 6, 87, 259]	[-150, -61, -116, -108, -174]	[-177, -67, -91, -124, -108]	[-66, -21, 5, -139, -126]	[90, 173, 109, 183, -5]	[10006, 10003, 10000, 9979, 10000]	[221, -53, 182, 286, 257]
313	23.0	[88, -10, -55, -9, 234]	[-176, -150, -67, 26, 188]	[-170, -48, 15, 9, -167]	[-42, -190, -108, -148, -106]	[119, -76, -105, 81, -2]	[-196, -26, 15, -90, 170]	[-126, 63, 6, 78, 245]	[-162, -61, -116, -117, -174]	[-177, -68, -91, -116, -105]	[-66, -24, 8, -139, -157]	[66, 173, 110, 183, 0]	[10006, 10003, 10000, 10004, 10000]	[239, -43, 184, 255, 257]
314	25.0	[88, -10, -55, -8, 98]	[-102, -147, -66, 17, 75]	[-170, -39, 10, 9, -167]	[-45, -190, -64, -136, -106]	[144, -89, -110, 90, -3]	[-186, -26, 9, -77, 197]	[-125, 62, 6, 104, 211]	[-150, -63, -115, -115, -174]	[-183, -67, -96, -123, -105]	[-54, -19, 7, -157, -119]	[90, 173, 109, 184, 1]	[10006, 10003, 10000, 9979, 10000]	[221, -53, 182, 286, 257]
315	23.5	[88, -10, -55, -8, 230]	[-176, -156, -67, 18, 97]	[-170, -38, 71, 9, -167]	[-42, -190, -40, -147, -106]	[119, -76, -105, 81, -2]	[-190, -26, 15, -90, 170]	[-126, 63, 6, 78, 245]	[-162, -61, -116, -117, -174]	[-177, -68, -91, -116, -105]	[-66, -21, 8, -139, -151]	[66, 173, 109, 183, 0]	[10006, 10003, 10000, 10004, 10000]	[239, -26, 186, 232, 257]
316	31.0	[88, -10, -55, -8, 230]	[-176, -138, -88, 31, 187]	[-170, -37, 107, 8, -204]	[-47, -168, -103, -125, -106]	[120, -61, -89, 81, -2]	[-185, -28, 15, -89, 173]	[-103, 76, 6, 80, 244]	[-187, -61, -120, -124, -177]	[-177, -44, -94, -124, -104]	[-109, -3, 4, -114, -122]	[90, 173, 109, 183, 1]	[10006, 10003, 10000, 9978, 10000]	[221, -53, 182, 292, 257]
317	26.0	[88, -10, -55, -8, 230]	[-176, -156, -67, 18, 97]	[-170, -38, 15, 9, -167]	[-42, -190, -108, -148, -106]	[119, -76, -99, 81, -2]	[-190, -26, 15, -84, 170]	[-126, 63, 6, 78, 245]	[-162, -61, -116, -117, -174]	[-177, -68, -91, -116, -105]	[-66, -21, 8, -139, -151]	[66, 173, 109, 183, 0]	[10006, 10003, 10000, 10004, 10000]	[239, -26, 186, 232, 257]
318	25.0	[88, -10, -55, -8, 98]	[-102, -147, -66, 17, 81]	[-170, -39, 10, 9, -167]	[-45, -190, -64, -136, -106]	[144, -89, -110, 90, -3]	[-183, -31, 10, -77, 197]	[-125, 58, 6, 91, 235]	[-150, -61, -115, -112, -174]	[-183, -67, -91, -123, -108]	[-54, -19, 7, -157, -119]	[90, 173, 109, 184, 1]	[10006, 10003, 10000, 9979, 10000]	[221, -53, 182, 286, 257]
319	25.5	[88, -12, -55, -2, 230]	[-176, -132, -123, 25, 162]	[-170, -39, 39, 13, -167]	[-20, -171, -113, -115, -106]	[122, -73, -95, 16, 6]	[-181, -28, 13, -89, 162]	[-125, 71, 1, 80, 245]	[-189, -63, -120, -119, -175]	[-177, -67, -92, -126, -131]	[-109, -4, 19, -114, -124]	[83, 169, 109, 183, -8]	[10006, 10003, 10000, 9993, 10006]	[245, -7, 184, 292, 257]
320	28.0	[88, -10, -55, -8, 98]	[-102, -147, -66, 17, 81]	[-170, -39, 10, 9, -167]	[-45, -190, -64, -136, -106]	[144, -89, -110, 90, -3]	[-183, -31, 10, -77, 197]	[-125, 58, 6, 91, 235]	[-150, -61, -115, -112, -174]	[-183, -67, -91, -123, -108]	[-54, -19, 7, -157, -119]	[90, 173, 109, 184, 1]	[10006, 10003, 10000, 9979, 10000]	[221, -53, 182, 286, 257]
321	25.0	[88, -10, -55, -14, 236]	[-181, -126, -95, 38, 193]	[-174, -37, 62, 10, -166]	[26, -203, -32, -122, -106]	[122, -101, -99, 85, -44]	[-183, -29, 15, -95, 214]	[-124, 57, 6, 96, 237]	[-189, -62, -113, -115, -173]	[-180, -52, -97, -119, -82]	[47, -22, 7, -70, -72]	[90, 173, 112, 189, -3]	[10006, 10003, 10000, 9979, 10000]	[209, -189, 156, 238, 257]
322	27.0	[88, -12, -55, -2, 230]	[-176, -132, -123, 25, 162]	[-170, -39, 39, 13, -167]	[-20, -171, -113, -115, -106]	[122, -73, -95, 16, 6]	[-181, -21, 18, -101, 163]	[-125, 58, 1, 80, 245]	[-189, -62, -120, -119, -175]	[-177, -67, -91, -123, -107]	[-109, -6, 14, -114, -124]	[83, 169, 109, 183, -8]	[10006, 10003, 10000, 9993, 10006]	[245, -1, 184, 292, 257]
323	28.5	[88, -10, -55, -3, 230]	[-176, -138, -118, 28, 186]	[-170, -38, 39, 13, -196]	[-47, -168, -103, -125, -106]	[121, -73, -91, 81, -2]	[-181, -28, 13, -89, 173]	[-103, 75, 1, 85, 246]	[-187, -61, -119, -124, -177]	[-177, -45, -94, -124, -104]	[-117, -19, 19, -112, -124]	[84, 170, 109, 183, 1]	[10006, 10003, 10000, 9978, 10000]	[221, -53, 182, 292, 257]
324	25.5	[88, -10, -55, -15, 234]	[-176, -150, -67, 26, 188]	[-170, -48, 15, 9, -167]	[-42, -190, -108, -148, -106]	[119, -76, -105, 81, -2]	[-190, -26, 15, -90, 170]	[-126, 63, 6, 78, 245]	[-162, -68, -117, -117, -168]	[-177, -68, -91, -116, -105]	[-66, -21, 8, -139, -157]	[66, 173, 109, 183, 0]	[10006, 10003, 10000, 10004, 10000]	[239, -26, 186, 232, 257]
325	27.5	[88, -10, -55, -8, 98]	[-102, -147, -66, 17, 75]	[-170, -39, 10, 9, -167]	[-45, -190, -64, -136, -106]	[144, -89, -110, 90, -3]	[-186, -26, 9, -77, 197]	[-119, 62, 6, 104, 211]	[-150, -63, -115, -115, -174]	[-183, -67, -96, -117, -105]	[-54, -19, 7, -157, -119]	[90, 173, 109, 184, 1]	[10006, 10003, 10000, 9979, 10000]	[221, -53, 182, 286, 257]
326	25.5	[88, -12, -55, -2, 230]	[-176, -132, -123, 25, 162]	[-170, -39, 39, 13, -167]	[-20, -171, -107, -115, -106]	[122, -73, -95, 16, 6]	[-181, -28, 13, -89, 162]	[-125, 71, 1, 80, 245]	[-189, -63, -120, -119, -175]	[-177, -67, -92, -126, -131]	[-109, -4, 19, -114, -124]	[83, 169, 109, 183, -8]	[10006, 10003, 10000, 9993, 10006]	[245, -7, 184, 292, 257]
327	29.5	[88, -10, -55, -8, 98]	[-102, -147, -66, 17, 81]	[-170, -39, 10, 9, -167]	[-45, -190, -64, -136, -106]	[144, -89, -110, 90, -3]	[-183, -31, 10, -77, 197]	[-125, 58, 6, 91, 235]	[-150, -61, -115, -112, -174]	[-183, -67, -91, -123, -108]	[-54, -19, 7, -157, -119]	[90, 173, 109, 184, 1]	[10006, 10003, 10000, 9979, 10000]	[221, -53, 182, 286, 257]
328	27.0	[88, -10, -55, -15, 234]	[-176, -150, -67, 26, 188]	[-170, -42, 15, 9, -167]	[-42, -190, -108, -148, -106]	[119, -76, -105, 81, -2]	[-190, -26, 15, -90, 170]	[-126, 63, 6, 78, 245]	[-162, -68, -117, -117, -168]	[-177, -68, -91, -116, -105]	[-66, -21, 8, -139, -157]	[66, 173, 109, 183, 0]	[10006, 10003, 10000, 10004, 10000]	[239, -26, 186, 232, 263]
329	25.5	[88, -10, -55, -9, 98]	[-102, -146, -90, 20, 186]	[-170, -38, 33, 9, -167]	[-45, -200, -102, -126, -106]	[143, -77, -109, 86, -3]	[-186, -26, 13, -77, 197]	[-125, 59, 8, 101, 211]	[-187, -63, -115, -115, -174]	[-181, -60, -96, -123, -105]	[-92, -19, 13, -155, -116]	[89, 170, 102, 184, 2]	[10006, 10003, 10000, 9979, 10000]	[221, -53, 182, 288, 257]
330	30.5	[88, -10, -55, -15, 234]	[-176, -150, -67, 26, 188]	[-170, -42, 15, 9, -167]	[-42, -190, -108, -148, -106]	[119, -76, -105, 81, -2]	[-190, -26, 15, -90, 170]	[-126, 63, 6, 78, 245]	[-162, -68, -117, -117, -168]	[-177, -68, -91, -116, -105]	[-66, -21, 8, -139, -157]	[66, 173, 109, 183, 0]	[10006, 10003, 10000, 10004, 10000]	[239, -26, 186, 232, 263]
331	24.0	[88, -10, -55, -15, 234]	[-176, -150, -67, 26, 188]	[-170, -42, 15, 9, -167]	[-42, -190, -108, -148, -106]	[119, -76, -105, 81, -2]	[-190, -26, 15, -90, 170]	[-126, 63, 6, 78, 245]	[-162, -68, -117, -117, -168]	[-177, -68, -91, -116, -105]	[-66, -21, 8, -139, -157]	[66, 173, 109, 183, 0]	[10006, 10003, 10000, 10004, 10000]	[239, -26, 186, 232, 263]
332	24.5	[88, -10, -55, -9, 98]	[-102, -146, -90, 20, 186]	[-170, -38, 33, 9, -167]	[-45, -200, -102, -126, -106]	[144, -79, -112, 89, -3]	[-186, -26, 12, -77, 197]	[-125, 59, 8, 101, 211]	[-187, -63, -115, -115, -174]	[-181, -60, -96, -123, -105]	[-92, -19, 13, -155, -116]	[89, 170, 102, 184, 2]	[10006, 10003, 10000, 9979, 10000]	[221, -53, 182, 288, 257]
333	25.5	[88, -10, -55, -15, 234]	[-176, -150, -67, 26, 188]	[-170, -42, 15, 9, -167]	[-42, -190, -108, -148, -106]	[119, -76, -105, 81, -2]	[-190, -26, 15, -90, 170]	[-126, 63, 6, 78, 245]	[-162, -68, -117, -117, -168]	[-177, -68, -91, -116, -105]	[-66, -21, 8, -139, -157]	[66, 173, 109, 183, 0]	[10006, 10003, 10000, 10004, 10000]	[239, -26, 186, 232, 263]
334	27.0	[88, -16, -55, -9, 98]	[-102, -147, -82, 18, 142]	[-164, -39, 53, 9, -167]	[-48, -191, -106, -136, -106]	[142, -77, -113, 36, -3]	[-186, -24, 13, -105, 190]	[-127, 54, 8, 108, 245]	[-180, -61, -113, -119, -174]	[-177, -67, -91, -123, -108]	[-90, -10, 9, -129, -121]	[90, 173, 109, 184, 1]	[10006, 10003, 10000, 9979, 10000]	[222, -25, 183, 291, 257]
335	26.0	[88, -10, -55, -15, 234]	[-176, -150, -67, 26, 188]	[-170, -42, 15, 9, -167]	[-42, -190, -108, -148, -106]	[119, -76, -105, 81, -2]	[-190, -26, 15, -90, 170]	[-126, 63, 6, 78, 245]	[-162, -68, -117, -117, -168]	[-177, -68, -91, -116, -105]	[-66, -21, 8, -139, -157]	[66, 173, 109, 183, 0]	[10006, 10003, 10000, 10004, 10000]	[239, -26, 186, 232, 263]
336	26.5	[88, -10, -55, -14, 236]	[-181, -126, -95, 38, 193]	[-174, -37, 31, 10, -167]	[26, -203, -32, -122, -106]	[122, -101, -99, 85, -44]	[-183, -29, 15, -95, 214]	[-118, 57, 6, 96, 237]	[-189, -62, -113, -115, -179]	[-180, -52, -97, -119, -82]	[47, -22, 7, -70, -72]	[90, 173, 112, 189, -3]	[10006, 10003, 10000, 9979, 10000]	[209, -189, 156, 238, 257]
337	28.5	[88, -12, -55, -2, 236]	[-176, -132, -123, 25, 162]	[-170, -39, 33, 13, -167]	[-20, -171, -107, -115, -106]	[122, -73, -95, 16, 6]	[-181, -28, 13, -89, 162]	[-125, 71, 1, 80, 245]	[-189, -63, -120, -119, -175]	[-177, -67, -92, -126, -131]	[-109, -4, 19, -114, -124]	[83, 169, 109, 183, -8]	[10006, 10003, 10000, 9993, 10006]	[245, -7, 184, 292, 257]
338	25.0	[88, -10, -55, -8, 230]	[-104, -158, -66, 18, 97]	[-174, -38, 43, 9, -166]	[19, -194, -75, -136, -106]	[140, -90, -108, 85, -2]	[-185, -28, 12, -79, 194]	[-128, 65, 7, 91, 236]	[-154, -62, -115, -115, -175]	[-177, -68, -91, -123, -86]	[-66, -21, 9, -113, -151]	[91, 173, 109, 184, 0]	[10012, 10003, 10000, 10004, 10000]	[239, -26, 186, 232, 257]
339	26.5	[88, -12, -55, -2, 236]	[-176, -132, -123, 25, 162]	[-170, -39, 33, 13, -167]	[-20, -171, -107, -115, -106]	[122, -73, -95, 16, 6]	[-181, -28, 13, -89, 162]	[-125, 71, 1, 80, 245]	[-189, -63, -120, -119, -175]	[-177, -67, -92, -126, -131]	[-109, -4, 19, -114, -124]	[83, 169, 109, 183, -8]	[10006, 10003, 10000, 9993, 10006]	[245, -7, 184, 292, 257]
340	24.5	[88, -12, -55, -2, 236]	[-176, -132, -123, 25, 162]	[-170, -39, 33, 13, -167]	[-20, -171, -107, -115, -106]	[122, -73, -95, 16, 6]	[-181, -28, 13, -89, 162]	[-125, 71, 7, 80, 245]	[-189, -63, -120, -119, -175]	[-177, -67, -92, -126, -131]	[-109, -4, 19, -114, -124]	[83, 169, 109, 183, -8]	[10006, 10003, 10000, 9993, 10006]	[245, -7, 184, 292, 257]
341	26.5	[88, -10, -55, -8, 230]	[-104, -158, -66, 18, 97]	[-174, -38, 43, 9, -166]	[19, -194, -75, -136, -106]	[140, -90, -108, 85, -2]	[-185, -28, 12, -79, 194]	[-128, 65, 7, 91, 236]	[-154, -62, -115, -115, -175]	[-177, -68, -91, -123, -86]	[-66, -21, 9, -113, -151]	[91, 173, 109, 184, 0]	[10012, 10003, 10000, 10004, 10000]	[239, -26, 186, 232, 257]
342	27.5	[88, -10, -55, -10, 234]	[-163, -150, -67, 26, 188]	[-170, -39, 23, 9, -167]	[-48, -190, -108, -138, -106]	[119, -76, -110, 46, -3]	[-186, -26, 15, -90, 170]	[-126, 62, 6, 78, 245]	[-162, -68, -115, -117, -172]	[-177, -67, -91, -120, -106]	[-80, -10, 9, -129, -147]	[66, 173, 109, 183, 1]	[10006, 10003, 10000, 10004, 10000]	[239, -25, 184, 232, 263]
343	30.0	[88, -10, -55, -10, 234]	[-163, -150, -67, 26, 188]	[-170, -39, 23, 9, -167]	[-48, -190, -108, -138, -106]	[119, -76, -110, 46, -3]	[-186, -26, 15, -90, 170]	[-126, 62, 6, 78, 245]	[-162, -68, -115, -117, -172]	[-177, -67, -91, -120, -106]	[-80, -10, 9, -129, -147]	[66, 173, 109, 183, 1]	[10006, 10003, 10000, 10004, 10000]	[239, -25, 184, 232, 263]
344	29.5	[88, -10, -55, -9, 98]	[-102, -146, -90, 20, 186]	[-170, -38, 15, 9, -167]	[-45, -194, -107, -141, -106]	[144, -77, -108, 84, -3]	[-187, -26, 13, -83, 182]	[-125, 62, 8, 89, 211]	[-187, -63, -115, -115, -174]	[-181, -61, -96, -123, -99]	[-92, -20, 9, -145, -116]	[89, 173, 106, 183, 2]	[10006, 10003, 10000, 9997, 10000]	[221, -49, 182, 246, 257]
345	26.5	[88, -10, -55, -10, 234]	[-163, -150, -67, 26, 188]	[-170, -39, 23, 9, -167]	[-48, -190, -108, -138, -106]	[119, -76, -110, 46, -3]	[-186, -26, 15, -90, 170]	[-126, 62, 6, 78, 245]	[-162, -68, -115, -117, -172]	[-177, -67, -91, -120, -106]	[-80, -10, 9, -129, -147]	[66, 173, 109, 183, 1]	[10006, 10003, 10000, 10004, 10000]	[239, -25, 184, 232, 263]
346	28.0	[88, -12, -55, -2, 236]	[-176, -132, -123, 25, 162]	[-170, -39, 33, 13, -167]	[-20, -171, -107, -115, -106]	[122, -73, -95, 16, 6]	[-181, -24, 13, -89, 162]	[-125, 71, 7, 80, 245]	[-189, -63, -120, -119, -175]	[-177, -67, -92, -126, -131]	[-109, -4, 19, -114, -124]	[83, 169, 109, 183, -8]	[10006, 10003, 10000, 9993, 10006]	[245, -7, 184, 292, 257]
347	27.5	[88, -10, -55, -9, 98]	[-102, -146, -90, 20, 186]	[-170, -38, 15, 9, -167]	[-45, -194, -107, -141, -106]	[144, -77, -108, 84, -3]	[-187, -26, 13, -83, 182]	[-125, 62, 8, 89, 211]	[-187, -63, -115, -115, -174]	[-181, -61, -96, -123, -99]	[-92, -20, 9, -145, -116]	[89, 173, 106, 183, 2]	[10006, 10003, 10000, 9997, 10000]	[221, -49, 182, 246, 257]
348	25.5	[88, -10, -55, -9, 98]	[-102, -146, -90, 20, 186]	[-170, -38, 15, 9, -167]	[-45, -194, -107, -141, -106]	[144, -77, -109, 84, -3]	[-186, -27, 13, -83, 182]	[-125, 62, 8, 92, 228]	[-187, -63, -115, -115, -174]	[-177, -63, -96, -123, -99]	[-90, -19, 11, -111, -116]	[89, 173, 107, 183, 2]	[10006, 10003, 10000, 9979, 10000]	[221, -53, 182, 288, 263]
349	26.5	[88, -10, -55, -8, 230]	[-104, -158, -66, 18, 97]	[-174, -38, 43, 9, -166]	[19, -194, -75, -136, -106]	[140, -90, -108, 85, -2]	[-185, -28, 12, -79, 194]	[-128, 65, 7, 91, 236]	[-154, -62, -115, -115, -175]	[-177, -68, -91, -123, -86]	[-66, -21, 9, -113, -151]	[91, 173, 109, 184, 0]	[10012, 10003, 10000, 10004, 10000]	[239, -26, 186, 232, 257]
350	28.0	[88, -12, -55, -2, 236]	[-176, -132, -123, 25, 162]	[-170, -38, 24, 12, -167]	[-20, -171, -108, -124, -106]	[122, -73, -95, 16, 6]	[-181, -24, 13, -89, 162]	[-125, 71, 7, 80, 245]	[-189, -63, -120, -119, -175]	[-177, -67, -92, -126, -131]	[-80, -16, 16, -114, -124]	[83, 169, 109, 183, -8]	[10006, 10003, 10000, 9993, 10006]	[245, -7, 184, 292, 257]
351	25.0	[88, -10, -55, -10, 234]	[-163, -150, -67, 26, 188]	[-170, -39, 23, 9, -167]	[-48, -190, -108, -138, -106]	[119, -76, -110, 46, -3]	[-186, -26, 15, -90, 170]	[-126, 62, 6, 78, 245]	[-162, -68, -115, -117, -172]	[-177, -67, -91, -120, -106]	[-80, -10, 9, -129, -147]	[66, 173, 109, 183, 1]	[10006, 10003, 10000, 10004, 10000]	[239, -25, 184, 232, 263]
352	25.0	[88, -10, -55, -9, 98]	[-102, -146, -90, 20, 186]	[-170, -38, 15, 9, -167]	[-45, -194, -107, -141, -106]	[144, -77, -108, 84, -3]	[-187, -26, 13, -83, 182]	[-119, 56, 8, 89, 211]	[-187, -63, -115, -115, -174]	[-181, -61, -96, -123, -99]	[-92, -20, 9, -145, -116]	[89, 173, 106, 183, 2]	[10006, 10003, 10000, 9997, 10000]	[221, -49, 182, 246, 257]
353	24.5	[88, -12, -55, -2, 236]	[-176, -132, -85, 23, 162]	[-170, -39, 24, 12, -161]	[-41, -175, -85, -124, -106]	[122, -73, -101, 44, 6]	[-181, -24, 13, -88, 162]	[-125, 66, 7, 80, 241]	[-189, -63, -115, -119, -175]	[-177, -67, -93, -126, -131]	[-107, -18, 18, -128, -124]	[85, 172, 108, 183, -7]	[10006, 10003, 10000, 9993, 10006]	[245, -7, 184, 292, 257]
354	32.5	[88, -10, -55, -9, 98]	[-102, -146, -90, 20, 186]	[-170, -38, 15, 9, -167]	[-45, -194, -107, -141, -106]	[124, -73, -98, 20, -3]	[-181, -27, 13, -83, 182]	[-125, 62, 8, 88, 228]	[-187, -63, -115, -115, -174]	[-177, -63, -96, -123, -99]	[-90, -19, 11, -111, -116]	[89, 173, 107, 183, 2]	[10006, 10003, 10000, 9979, 10000]	[221, -53, 182, 288, 263]
355	27.5	[88, -10, -55, -9, 98]	[-102, -146, -90, 20, 186]	[-170, -38, 15, 9, -167]	[-45, -194, -107, -141, -106]	[144, -79, -109, 84, -3]	[-187, -26, 13, -83, 182]	[-122, 57, 7, 91, 225]	[-187, -62, -115, -112, -174]	[-187, -61, -96, -123, -99]	[-92, -20, 9, -141, -119]	[89, 173, 106, 183, 2]	[10006, 10003, 10000, 9997, 10000]	[221, -49, 182, 246, 257]
356	29.5	[88, -10, -55, -9, 98]	[-102, -146, -90, 20, 186]	[-170, -38, 15, 9, -167]	[-45, -194, -107, -141, -106]	[124, -73, -98, 20, -3]	[-181, -27, 13, -83, 182]	[-125, 62, 8, 88, 228]	[-187, -63, -115, -115, -174]	[-177, -69, -96, -123, -99]	[-90, -19, 11, -111, -116]	[89, 173, 107, 183, 2]	[10006, 10003, 10000, 9979, 10000]	[221, -53, 182, 288, 263]
357	27.0	[88, -10, -55, -8, 230]	[-104, -158, -66, 18, 97]	[-174, -38, 43, 9, -166]	[19, -194, -75, -136, -106]	[140, -90, -108, 85, -2]	[-185, -28, 12, -79, 194]	[-128, 65, 13, 91, 236]	[-154, -62, -115, -115, -175]	[-177, -68, -91, -123, -86]	[-66, -21, 9, -113, -151]	[91, 173, 109, 184, 0]	[10012, 10003, 10000, 10004, 10000]	[239, -26, 186, 232, 257]
358	26.5	[88, -10, -55, -8, 98]	[-169, -147, -66, 17, 81]	[-170, -39, 10, 9, -167]	[-45, -190, -64, -136, -106]	[144, -88, -110, 90, -3]	[-186, -29, 12, -82, 197]	[-125, 59, 6, 92, 228]	[-150, -63, -115, -113, -174]	[-171, -67, -91, -123, -108]	[-54, -19, 11, -105, -117]	[90, 173, 108, 184, 1]	[10006, 10003, 10000, 9979, 10000]	[221, -53, 182, 286, 257]
359	27.0	[88, -12, -55, -2, 236]	[-176, -132, -85, 23, 162]	[-170, -39, 17, 9, -161]	[-41, -188, -77, -129, -106]	[122, -73, -101, 44, 6]	[-181, -24, 13, -88, 162]	[-125, 66, 7, 80, 241]	[-189, -63, -115, -119, -175]	[-177, -67, -93, -126, -131]	[-107, -18, 18, -128, -124]	[85, 172, 108, 183, -7]	[10006, 10003, 10000, 9993, 10006]	[245, -7, 184, 292, 257]
360	30.5	[88, -10, -55, -9, 98]	[-102, -146, -90, 20, 186]	[-170, -38, 15, 9, -167]	[-45, -194, -107, -141, -106]	[124, -73, -104, 20, -3]	[-181, -27, 13, -83, 182]	[-125, 62, 8, 88, 228]	[-187, -63, -115, -115, -174]	[-177, -69, -96, -123, -99]	[-90, -19, 11, -111, -116]	[86, 173, 105, 185, 2]	[10006, 10003, 10000, 9982, 10000]	[221, -53, 183, 287, 263]
361	29.0	[88, -10, -55, -9, 98]	[-102, -146, -90, 20, 186]	[-170, -38, 15, 9, -167]	[-45, -194, -107, -132, -106]	[143, -78, -109, 86, -3]	[-187, -26, 13, -83, 185]	[-122, 57, 7, 95, 225]	[-187, -63, -115, -112, -174]	[-187, -61, -96, -123, -99]	[-79, -19, 9, -141, -119]	[89, 171, 106, 184, 2]	[10006, 10003, 10000, 9997, 10000]	[221, -51, 182, 246, 257]
362	30.5	[88, -10, -55, -9, 98]	[-102, -146, -90, 20, 186]	[-170, -38, 15, 9, -167]	[-45, -194, -107, -141, -106]	[134, -67, -108, 20, -3]	[-184, -26, 13, -83, 182]	[-125, 62, 8, 88, 228]	[-187, -63, -115, -115, -174]	[-177, -69, -96, -123, -99]	[-90, -19, 11, -111, -116]	[86, 173, 105, 185, 2]	[10006, 10003, 10000, 9982, 10000]	[221, -53, 183, 287, 263]
363	23.5	[88, -16, -55, -9, 98]	[-102, -146, -90, 20, 132]	[-170, -39, 34, 9, -167]	[-45, -200, -102, -126, -106]	[143, -77, -109, 87, -3]	[-186, -27, 12, -77, 197]	[-125, 61, 8, 88, 227]	[-187, -63, -115, -115, -174]	[-180, -67, -96, -123, -108]	[-77, -19, 12, -127, -116]	[89, 173, 106, 183, 2]	[10006, 10003, 10000, 9986, 10000]	[221, -53, 182, 288, 257]
364	24.5	[88, -12, -55, -2, 236]	[-176, -132, -85, 22, 162]	[-170, -39, 17, 9, -161]	[-41, -188, -77, -129, -106]	[122, -73, -101, 44, 6]	[-181, -24, 13, -88, 162]	[-125, 66, 7, 80, 241]	[-189, -63, -115, -119, -175]	[-177, -67, -93, -126, -131]	[-107, -18, 18, -128, -124]	[85, 172, 108, 183, -7]	[10006, 10003, 10000, 9993, 10006]	[245, -7, 184, 292, 257]
365	33.0	[88, -12, -55, -2, 236]	[-176, -132, -85, 22, 162]	[-170, -39, 17, 9, -161]	[-41, -188, -77, -129, -106]	[122, -73, -101, 44, 6]	[-181, -24, 13, -88, 162]	[-125, 66, 7, 80, 241]	[-189, -63, -115, -119, -175]	[-177, -67, -93, -126, -131]	[-107, -18, 18, -128, -124]	[85, 172, 108, 183, -7]	[10006, 10003, 10000, 9993, 10006]	[245, -7, 184, 292, 257]
366	24.5	[88, -12, -55, -2, 236]	[-176, -132, -85, 22, 162]	[-170, -39, 17, 9, -161]	[-41, -188, -77, -129, -106]	[122, -73, -101, 44, 6]	[-181, -24, 13, -88, 162]	[-125, 66, 7, 80, 241]	[-189, -63, -115, -119, -175]	[-177, -67, -93, -126, -131]	[-107, -18, 18, -128, -124]	[85, 172, 108, 183, -7]	[10006, 10003, 10000, 9993, 10006]	[245, -7, 184, 292, 257]
367	26.5	[88, -12, -55, -2, 236]	[-121, -144, -102, 22, 167]	[-170, -39, 29, 12, -167]	[-32, -171, -107, -115, -106]	[122, -73, -107, 39, 2]	[-181, -27, 10, -84, 163]	[-125, 71, 7, 80, 239]	[-189, -63, -120, -119, -175]	[-177, -67, -92, -126, -131]	[-109, -4, 19, -114, -124]	[83, 169, 109, 183, -8]	[10006, 10003, 10000, 9993, 10006]	[245, -7, 184, 292, 257]
368	31.5	[88, -10, -55, -8, 98]	[-104, -147, -83, 22, 81]	[-170, -39, 52, 9, -167]	[-42, -186, -75, -136, -106]	[146, -76, -102, 52, 2]	[-185, -28, 13, -87, 190]	[-125, 67, 7, 86, 234]	[-156, -63, -115, -115, -175]	[-177, -68, -93, -125, -108]	[-77, -19, 16, -141, -122]	[86, 172, 106, 185, 0]	[10006, 10003, 10000, 9987, 10000]	[221, -12, 183, 286, 257]
369	28.0	[88, -10, -55, -8, 125]	[-102, -141, -116, 17, 81]	[-170, -39, 26, 9, -166]	[-45, -190, -64, -148, -106]	[144, -89, -110, 90, -3]	[-183, -31, 10, -77, 197]	[-125, 58, 6, 91, 213]	[-150, -61, -115, -115, -174]	[-187, -61, -94, -123, -108]	[-56, -20, 8, -131, -116]	[90, 173, 108, 184, 1]	[10006, 9997, 10000, 9979, 10000]	[221, -53, 182, 286, 257]
370	26.0	[88, -12, -55, -2, 236]	[-176, -145, -85, 22, 162]	[-170, -39, 49, 9, -161]	[-42, -188, -82, -129, -106]	[130, -76, -101, 44, 6]	[-181, -26, 13, -88, 162]	[-125, 66, 7, 83, 241]	[-174, -63, -115, -119, -175]	[-177, -67, -93, -126, -122]	[-107, -19, 16, -128, -124]	[86, 172, 108, 183, -6]	[10006, 10003, 10000, 9991, 10004]	[245, -7, 184, 292, 257]
371	32.5	[88, -10, -55, -9, 98]	[-102, -146, -90, 20, 186]	[-170, -38, 15, 9, -167]	[-45, -194, -107, -141, -106]	[134, -67, -108, 20, -3]	[-184, -26, 13, -83, 182]	[-125, 62, 8, 88, 228]	[-187, -63, -115, -115, -174]	[-177, -69, -96, -117, -99]	[-90, -19, 11, -111, -116]	[86, 173, 105, 185, 2]	[10006, 10003, 10000, 9982, 10000]	[221, -53, 183, 287, 269]
372	25.0	[88, -12, -55, -2, 236]	[-176, -145, -85, 22, 162]	[-170, -39, 49, 9, -161]	[-42, -188, -82, -129, -106]	[130, -76, -101, 44, 6]	[-181, -26, 13, -88, 162]	[-125, 66, 7, 83, 241]	[-174, -63, -115, -119, -175]	[-177, -67, -93, -126, -122]	[-107, -19, 16, -128, -124]	[86, 172, 108, 183, -6]	[10006, 10003, 10000, 9991, 10004]	[245, -7, 184, 292, 257]
373	27.5	[88, -16, -55, -9, 98]	[-102, -146, -90, 20, 132]	[-170, -39, 34, 9, -167]	[-45, -198, -89, -127, -106]	[143, -81, -110, 87, -3]	[-186, -27, 10, -77, 197]	[-125, 58, 6, 88, 227]	[-187, -62, -115, -115, -174]	[-179, -66, -96, -123, -108]	[-59, -18, 10, -127, -120]	[89, 173, 107, 183, 0]	[10006, 10003, 10000, 9986, 10000]	[221, -53, 182, 288, 257]
374	24.5	[88, -10, -55, -8, 98]	[-104, -147, -90, 21, 87]	[-170, -39, 51, 9, -167]	[-42, -192, -99, -136, -106]	[146, -76, -106, 62, 2]	[-185, -28, 13, -79, 190]	[-125, 67, 7, 86, 234]	[-156, -63, -115, -115, -175]	[-177, -68, -93, -125, -108]	[-77, -19, 16, -141, -122]	[86, 172, 106, 185, 0]	[10006, 10003, 10000, 9987, 10000]	[221, -12, 183, 286, 257]
375	25.0	[88, -10, -55, -8, 125]	[-102, -141, -122, 17, 81]	[-170, -39, 29, 9, -167]	[-45, -190, -92, -138, -106]	[144, -79, -108, 90, -3]	[-181, -30, 10, -77, 197]	[-125, 59, 6, 91, 213]	[-150, -61, -115, -115, -174]	[-187, -61, -94, -123, -108]	[-56, -20, 8, -131, -116]	[90, 173, 108, 184, 1]	[10006, 9997, 10000, 9979, 10000]	[221, -53, 176, 286, 257]
376	26.5	[88, -12, -55, -2, 236]	[-176, -139, -98, 16, 162]	[-170, -39, 41, 12, -167]	[-32, -171, -107, -117, -106]	[124, -73, -107, 23, 6]	[-181, -27, 10, -85, 162]	[-125, 71, 7, 80, 241]	[-195, -63, -116, -119, -175]	[-177, -67, -92, -126, -131]	[-108, -23, 11, -114, -134]	[85, 170, 107, 183, -7]	[10006, 10003, 10000, 9992, 10006]	[245, -7, 179, 291, 261]
377	23.5	[88, -10, -55, -9, 98]	[-102, -146, -90, 20, 186]	[-170, -38, 15, 9, -167]	[-45, -194, -107, -141, -106]	[134, -67, -108, 20, -3]	[-184, -26, 13, -83, 182]	[-125, 62, 8, 88, 228]	[-187, -63, -115, -115, -174]	[-177, -69, -96, -117, -99]	[-90, -19, 11, -111, -116]	[86, 173, 105, 185, 2]	[10006, 10003, 10000, 9982, 10000]	[221, -53, 183, 287, 269]
378	28.0	[88, -10, -55, -8, 98]	[-104, -147, -90, 21, 87]	[-170, -39, 51, 9, -167]	[-42, -192, -99, -136, -106]	[146, -76, -106, 62, 2]	[-185, -28, 13, -79, 190]	[-125, 67, 7, 86, 234]	[-156, -69, -115, -115, -175]	[-177, -68, -93, -125, -108]	[-77, -19, 16, -141, -122]	[86, 172, 106, 185, 0]	[10006, 10003, 10000, 9987, 10000]	[221, -12, 183, 286, 257]
379	24.5	[88, -10, -55, -9, 98]	[-102, -146, -90, 20, 186]	[-170, -38, 15, 9, -167]	[-45, -194, -107, -141, -106]	[134, -67, -108, 20, -3]	[-184, -26, 13, -83, 182]	[-125, 62, 8, 88, 228]	[-187, -63, -115, -115, -180]	[-177, -69, -96, -117, -99]	[-90, -19, 11, -111, -116]	[86, 173, 105, 185, 2]	[10006, 10003, 10000, 9982, 10000]	[221, -53, 183, 287, 269]
380	29.5	[88, -11, -55, -5, 98]	[-139, -147, -72, 18, 151]	[-170, -39, 34, 9, -167]	[-43, -188, -74, -138, -106]	[142, -73, -108, 54, 2]	[-183, -24, 13, -86, 176]	[-125, 64, 7, 92, 234]	[-156, -62, -115, -115, -175]	[-177, -67, -95, -125, -108]	[-69, -19, 16, -147, -122]	[86, 171, 105, 185, 0]	[10006, 10003, 10000, 9981, 10000]	[221, -12, 183, 286, 257]
381	24.0	[88, -11, -55, -2, 98]	[-169, -147, -66, 17, 97]	[-170, -39, 17, 9, -167]	[-45, -195, -89, -130, -106]	[144, -72, -110, 90, -3]	[-186, -27, 13, -82, 190]	[-125, 59, 7, 91, 228]	[-150, -63, -115, -114, -175]	[-172, -67, -91, -123, -108]	[-54, -19, 9, -108, -117]	[90, 173, 108, 184, 1]	[10006, 10003, 10000, 9987, 10000]	[233, -53, 182, 286, 257]
382	23.5	[88, -12, -55, -2, 236]	[-176, -139, -98, 16, 162]	[-170, -39, 41, 12, -167]	[-32, -171, -107, -117, -106]	[124, -73, -107, 23, 6]	[-181, -27, 10, -85, 162]	[-125, 71, 7, 80, 241]	[-195, -63, -116, -119, -175]	[-177, -67, -92, -126, -131]	[-108, -23, 11, -114, -134]	[85, 170, 107, 183, -7]	[10006, 10003, 10000, 9992, 10006]	[245, -7, 179, 291, 255]
383	29.5	[88, -10, -55, -9, 98]	[-102, -146, -90, 20, 186]	[-170, -38, 15, 9, -167]	[-45, -194, -107, -141, -106]	[134, -67, -108, 20, -3]	[-184, -26, 13, -83, 182]	[-125, 62, 8, 88, 228]	[-187, -63, -115, -115, -180]	[-177, -69, -96, -117, -99]	[-90, -19, 11, -111, -116]	[86, 173, 105, 185, 2]	[10006, 10003, 10000, 9982, 10000]	[221, -53, 183, 287, 269]
384	26.0	[88, -11, -55, -2, 98]	[-162, -147, -85, 17, 95]	[-170, -39, 25, 9, -167]	[-45, -195, -98, -136, -106]	[144, -72, -110, 69, -3]	[-186, -27, 13, -82, 190]	[-125, 59, 7, 86, 228]	[-151, -64, -115, -114, -175]	[-172, -67, -91, -123, -108]	[-54, -19, 9, -108, -117]	[90, 173, 108, 184, 1]	[10006, 10003, 10000, 9987, 10000]	[233, -53, 182, 286, 257]
385	28.5	[88, -11, -55, -9, 98]	[-111, -146, -90, 20, 186]	[-170, -38, 38, 9, -167]	[-51, -194, -100, -129, -106]	[133, -76, -101, 20, -3]	[-184, -26, 13, -79, 182]	[-125, 62, 7, 84, 228]	[-187, -63, -115, -115, -174]	[-177, -66, -96, -126, -110]	[-90, -20, 10, -118, -116]	[86, 172, 105, 184, -3]	[10006, 10003, 10000, 9982, 10000]	[221, -53, 183, 287, 269]
386	27.0	[88, -16, -55, -9, 98]	[-102, -146, -90, 26, 132]	[-170, -39, 34, 9, -167]	[-45, -198, -89, -127, -106]	[143, -81, -110, 87, -3]	[-186, -27, 10, -77, 197]	[-125, 58, 6, 88, 227]	[-187, -62, -115, -115, -168]	[-179, -66, -96, -123, -108]	[-59, -18, 10, -127, -120]	[89, 173, 107, 183, 0]	[10006, 10003, 10000, 9986, 10000]	[221, -53, 182, 288, 257]
387	28.5	[88, -10, -55, -9, 98]	[-102, -146, -90, 20, 186]	[-170, -38, 15, 9, -167]	[-45, -194, -107, -141, -106]	[134, -67, -108, 20, -3]	[-184, -26, 13, -83, 182]	[-125, 62, 8, 88, 228]	[-187, -63, -115, -115, -180]	[-177, -69, -96, -117, -99]	[-90, -19, 11, -111, -116]	[86, 173, 105, 185, 2]	[10006, 10003, 10000, 9982, 10000]	[221, -53, 183, 287, 269]
388	27.0	[88, -12, -55, -2, 236]	[-176, -145, -85, 22, 162]	[-170, -38, 21, 9, -164]	[-42, -188, -100, -129, -106]	[131, -69, -101, 24, 2]	[-181, -26, 13, -88, 162]	[-125, 66, 7, 83, 241]	[-174, -63, -115, -118, -175]	[-175, -67, -93, -126, -122]	[-89, -19, 16, -120, -124]	[86, 172, 108, 183, -5]	[10006, 10003, 10000, 9991, 10004]	[245, -8, 184, 292, 257]
389	26.0	[88, -10, -55, -9, 98]	[-102, -146, -90, 20, 186]	[-170, -38, 15, 9, -167]	[-45, -201, -99, -131, -106]	[136, -80, -110, 76, -3]	[-184, -26, 13, -83, 182]	[-125, 63, 7, 88, 228]	[-187, -63, -115, -115, -180]	[-177, -69, -96, -117, -99]	[-90, -19, 11, -111, -116]	[86, 173, 105, 185, 2]	[10006, 10003, 10000, 9982, 10000]	[221, -53, 183, 287, 269]
390	26.0	[88, -10, -55, -9, 98]	[-102, -146, -90, 20, 186]	[-170, -38, 15, 9, -167]	[-34, -178, -107, -126, -106]	[134, -67, -111, 21, -3]	[-181, -27, 12, -84, 182]	[-125, 62, 8, 88, 228]	[-187, -63, -115, -115, -180]	[-177, -69, -96, -117, -99]	[-90, -19, 11, -111, -116]	[86, 173, 105, 185, 2]	[10006, 10003, 10000, 9982, 10000]	[221, -53, 183, 287, 269]
391	25.0	[88, -10, -55, -9, 98]	[-102, -146, -90, 20, 186]	[-170, -38, 15, 9, -167]	[-45, -194, -107, -141, -106]	[134, -67, -108, 20, -3]	[-184, -26, 13, -83, 182]	[-125, 62, 8, 88, 228]	[-187, -63, -115, -116, -177]	[-177, -68, -96, -117, -99]	[-90, -19, 11, -111, -116]	[86, 173, 105, 185, 2]	[10006, 10003, 10000, 9981, 10000]	[221, -51, 183, 287, 269]
392	23.5	[88, -11, -55, -5, 98]	[-139, -147, -72, 18, 151]	[-170, -39, 34, 9, -167]	[-43, -182, -74, -138, -106]	[142, -73, -108, 54, 2]	[-183, -24, 13, -86, 170]	[-125, 64, 7, 92, 234]	[-156, -62, -115, -115, -175]	[-177, -67, -95, -125, -108]	[-69, -19, 16, -147, -122]	[86, 171, 105, 185, 0]	[10006, 10003, 10000, 9981, 10000]	[215, -12, 183, 286, 257]
393	29.5	[88, -10, -55, -9, 98]	[-102, -146, -90, 20, 186]	[-170, -38, 15, 9, -167]	[-34, -178, -107, -126, -106]	[134, -67, -111, 21, -3]	[-181, -27, 12, -84, 182]	[-125, 62, 8, 88, 228]	[-187, -63, -115, -115, -180]	[-177, -69, -96, -117, -99]	[-90, -19, 11, -111, -116]	[86, 173, 105, 185, 2]	[10006, 10003, 10000, 9982, 10000]	[221, -53, 183, 287, 269]
394	27.0	[88, -12, -55, -9, 98]	[-111, -146, -89, 20, 181]	[-170, -38, 38, 9, -167]	[-51, -194, -100, -129, -106]	[133, -71, -101, 20, -3]	[-184, -32, 13, -79, 182]	[-125, 62, 7, 84, 228]	[-187, -63, -115, -115, -174]	[-177, -66, -96, -126, -110]	[-90, -20, 16, -118, -116]	[86, 172, 105, 184, -3]	[10006, 10003, 10000, 9982, 10000]	[221, -53, 183, 287, 269]
395	29.0	[88, -16, -55, -9, 98]	[-102, -146, -90, 26, 132]	[-170, -39, 34, 9, -167]	[-45, -198, -89, -127, -106]	[143, -81, -110, 87, -3]	[-186, -27, 13, -79, 191]	[-125, 58, 6, 88, 227]	[-187, -63, -115, -115, -168]	[-179, -66, -96, -119, -100]	[-74, -19, 10, -127, -120]	[87, 173, 107, 183, 0]	[10006, 10003, 10000, 9986, 10000]	[221, -59, 182, 288, 257]
396	25.5	[88, -11, -55, -2, 98]	[-162, -147, -85, 17, 95]	[-170, -39, 25, 9, -173]	[-45, -195, -98, -136, -106]	[144, -72, -110, 69, -3]	[-186, -27, 13, -82, 190]	[-125, 59, 7, 86, 228]	[-167, -58, -115, -114, -175]	[-174, -66, -91, -123, -108]	[-54, -19, 9, -108, -117]	[90, 173, 108, 184, 1]	[10006, 10003, 10000, 9987, 10000]	[233, -53, 182, 286, 251]
397	25.0	[88, -11, -55, -2, 98]	[-169, -147, -66, 17, 158]	[-170, -39, 22, 9, -167]	[-45, -189, -78, -136, -106]	[144, -72, -108, 80, -3]	[-186, -26, 13, -86, 194]	[-126, 59, 13, 91, 228]	[-154, -63, -115, -117, -175]	[-173, -67, -95, -123, -99]	[-103, -19, 10, -141, -118]	[87, 172, 107, 185, 0]	[10006, 10003, 10000, 9987, 10000]	[233, -53, 182, 286, 257]
398	30.0	[88, -10, -55, -9, 98]	[-102, -146, -90, 20, 186]	[-170, -38, 15, 9, -167]	[-45, -201, -99, -128, -106]	[138, -78, -110, 76, -3]	[-184, -26, 10, -80, 193]	[-125, 63, 7, 88, 228]	[-187, -63, -115, -115, -180]	[-177, -69, -96, -117, -99]	[-90, -19, 11, -111, -116]	[86, 173, 105, 185, 2]	[10006, 10003, 10000, 9982, 10000]	[221, -53, 183, 287, 269]
399	30.0	[88, -10, -55, -9, 98]	[-102, -146, -90, 20, 186]	[-170, -38, 15, 9, -167]	[-45, -194, -107, -141, -106]	[141, -75, -105, 44, -3]	[-185, -27, 13, -83, 182]	[-125, 64, 7, 88, 227]	[-186, -63, -115, -115, -180]	[-177, -69, -96, -117, -99]	[-63, -18, 11, -113, -116]	[86, 173, 105, 185, 2]	[10006, 10003, 10000, 9982, 10000]	[221, -53, 183, 287, 269]
