generation	fitness	corner	c	a1	a2	b1	b2	b3	x	o1	o2	wp	ww	we
0	4.0	[-195, -12, -117, 269, -40]	[-9, -209, 249, -247, -291]	[25, -252, 285, -268, 268]	[229, -2, 251, 210, 288]	[-185, 85, 247, -98, -69]	[49, 173, -115, -78, -215]	[294, 109, 206, 225, 159]	[-55, -255, -210, -104, 167]	[292, -68, -291, -86, -141]	[264, -5, -296, -47, -98]	[-154, 32, 0, 165, 65]	[10000, 10000, 10000, 10000, 10000]	[-211, 153, -137, -167, -223]
1	2.5	[-195, -12, -117, 269, -40]	[-9, -209, 249, -247, -291]	[25, -252, 285, -268, 268]	[229, -2, 251, 210, 288]	[-185, 85, 247, -98, -69]	[49, 173, -115, -78, -215]	[294, 109, 206, 225, 159]	[-55, -255, -210, -104, 167]	[292, -68, -291, -86, -141]	[264, -5, -296, -47, -98]	[-154, 32, 0, 165, 65]	[10000, 10000, 10000, 10000, 10000]	[-211, 153, -137, -167, -223]
2	4.0	[-195, -12, -117, 269, -40]	[-9, -209, 249, -247, -291]	[25, -252, 285, -268, 268]	[229, -2, 251, 210, 288]	[-185, 85, 247, -98, -69]	[49, 173, -115, -78, -215]	[294, 109, 206, 225, 159]	[-55, -255, -210, -104, 167]	[292, -68, -291, -86, -141]	[264, -5, -296, -47, -98]	[-154, 32, 0, 165, 65]	[10000, 10000, 10000, 10000, 10000]	[-211, 153, -131, -167, -223]
3	5.0	[-105, 117, 172, 107, 181]	[-36, 243, -5, 37, -51]	[75, -27, -34, 231, 11]	[-157, 39, -21, 116, -46]	[-94, -47, 241, 192, 285]	[38, 264, 159, -177, 73]	[-214, 99, 100, -127, -45]	[-214, 47, -102, 99, 14]	[133, -41, 75, 129, -59]	[92, 131, -68, 256, -72]	[131, 58, 86, 276, 77]	[10000, 10000, 10000, 10000, 10000]	[108, -242, 218, -223, -116]
4	2.0	[276, -215, 183, 120, 139]	[8, -102, -10, -175, -187]	[-92, -26, -212, -170, 72]	[-76, 118, -23, 155, -25]	[-94, -125, -87, -41, 236]	[84, 52, 158, -69, 113]	[9, 63, -89, -91, -89]	[80, 33, -102, 286, 88]	[-117, 79, 59, 104, 127]	[-86, 91, -20, 209, 22]	[-225, 52, 50, 266, -194]	[10000, 10000, 10000, 10000, 10000]	[-152, -138, 241, 177, -153]
5	4.0	[276, -215, 131, 177, 139]	[21, -102, -10, -175, -187]	[163, -26, -212, -170, 72]	[-76, 118, -66, 157, -103]	[-94, -125, -87, -41, 236]	[84, 52, 158, -69, 113]	[9, 63, -89, -91, -89]	[80, 33, -102, 286, 88]	[-117, 79, 59, 104, 127]	[-86, 91, -20, 209, 22]	[-225, 52, 50, 266, -194]	[10000, 10000, 10000, 10000, 10000]	[-152, -138, 241, 177, -153]
6	5.5	[202, 271, -114, -254, 136]	[165, 147, -23, 73, 294]	[182, 5, 179, -57, -115]	[-48, -245, 61, -249, -31]	[-155, 12, 196, 133, 285]	[-105, 278, -228, -14, -277]	[127, 116, 43, -172, 221]	[-210, -35, -90, 42, -280]	[-232, -72, -255, 172, -59]	[72, 61, -12, 192, -149]	[-254, 75, 82, 294, -148]	[10000, 10000, 10000, 10000, 10000]	[120, -109, 151, -237, 217]
7	5.0	[-50, -20, 148, -40, 263]	[-245, -137, -61, -194, -179]	[228, -236, 127, 58, -51]	[-190, -219, 141, -96, -175]	[215, 263, -87, -40, -11]	[271, 121, -69, -158, -191]	[169, 187, 74, 214, 183]	[231, 229, -214, -180, 6]	[294, -243, -232, -92, -201]	[144, -2, -117, -9, 216]	[-111, 173, 17, 19, 69]	[10000, 10000, 10000, 10000, 10000]	[197, 237, -60, 34, -148]
8	3.0	[276, -215, 131, 177, 139]	[21, -102, -10, -175, -187]	[163, -26, -212, -170, 72]	[-76, 118, -66, 157, -103]	[-94, -125, -87, -41, 236]	[84, 52, 158, -69, 113]	[9, 63, -89, -91, -89]	[80, 33, -102, 286, 88]	[-117, 79, 59, 104, 127]	[-86, 91, -20, 209, 22]	[-225, 46, 50, 266, -194]	[10000, 10000, 10000, 9994, 10000]	[-152, -138, 241, 177, -153]
9	5.0	[-50, -20, 148, -40, 263]	[-245, -137, -61, -194, -179]	[228, -236, 127, 58, -51]	[-190, -219, 141, -96, -175]	[215, 263, -87, -40, -11]	[271, 121, -31, -101, -191]	[184, -159, 101, 214, 183]	[231, 229, -214, -180, 6]	[294, -243, -232, -92, -201]	[144, -2, -117, -9, 216]	[-111, 173, 17, 19, 69]	[10000, 10000, 10000, 10000, 10000]	[197, 237, -60, 34, -148]
10	5.5	[-50, -20, 148, -40, 263]	[-245, -137, -61, -194, -179]	[228, -236, 127, 58, -51]	[-190, -219, 141, -96, -175]	[215, 263, -87, -40, -11]	[271, 121, -31, -101, -191]	[184, -159, 101, 214, 183]	[231, 229, -214, -180, 6]	[294, -243, -232, -92, -201]	[144, -2, -117, -9, 216]	[-111, 173, 17, 19, 69]	[10000, 10000, 10000, 10000, 10000]	[197, 237, -60, 34, -148]
11	6.0	[-50, -20, 148, -40, 263]	[-245, -137, -61, -194, -179]	[228, -236, 127, 58, -51]	[-190, -219, 141, -96, -175]	[215, 263, -87, -40, -11]	[271, 121, -31, -101, -191]	[184, -159, 101, 214, 183]	[231, 229, -214, -180, 6]	[294, -243, -232, -92, -201]	[144, -2, -117, -9, 216]	[-111, 173, 17, 19, 69]	[10000, 10000, 10000, 10000, 10000]	[197, 237, -60, 34, -148]
12	5.0	[-50, -20, 148, -40, 263]	[-245, -137, -61, -194, -179]	[228, -236, 127, 58, -51]	[-190, -219, 141, -96, -175]	[215, 263, -87, -40, -11]	[271, 121, -69, -158, -191]	[169, 187, 74, 214, 183]	[231, 229, -214, -180, 6]	[294, -243, -232, -92, -201]	[144, -2, -117, -9, 216]	[-111, 173, 17, 19, 69]	[10000, 10000, 10000, 10000, 10000]	[197, 237, -60, 34, -148]
13	6.0	[-50, -20, 148, -40, 263]	[-245, -137, -61, -194, -179]	[228, -236, 127, 58, -51]	[-190, -219, 141, -96, -175]	[215, 263, -87, -40, -11]	[271, 121, -31, -101, -191]	[184, -159, 101, 214, 183]	[231, 229, -214, -180, 6]	[294, -243, -232, -92, -201]	[144, -2, -117, -9, 216]	[-111, 173, 17, 19, 69]	[10000, 10000, 10000, 10000, 10000]	[197, 237, -60, 34, -148]
14	4.5	[-50, -20, 148, -40, 263]	[-245, -137, -61, -194, -179]	[228, -236, 127, 58, -51]	[-190, -219, 141, -96, -175]	[215, 263, -87, -40, -5]	[271, 121, -69, -158, -191]	[169, 187, 74, 214, 183]	[231, 229, -214, -180, 6]	[294, -243, -232, -92, -201]	[144, -2, -117, -9, 216]	[-111, 173, 17, 19, 69]	[10000, 10000, 10000, 10000, 10000]	[197, 237, -60, 34, -148]
15	6.0	[-50, -20, 148, -40, 263]	[-245, -137, -61, -194, -179]	[228, -236, 127, 58, -51]	[-190, -219, 141, -96, -175]	[215, 263, -87, -40, -5]	[271, 121, -69, -158, -191]	[169, 187, 74, 214, 183]	[231, 229, -214, -180, 6]	[294, -243, -232, -92, -201]	[144, -2, -117, -9, 216]	[-111, 173, 17, 19, 69]	[10000, 10000, 10000, 10000, 10000]	[197, 237, -60, 34, -148]
16	3.5	[276, -215, 131, 177, 139]	[21, -102, -10, -175, -187]	[163, -26, -212, -170, 72]	[-76, 118, -66, 157, -103]	[-94, -125, -87, -47, 236]	[78, 52, 158, -69, 113]	[9, 63, -89, -91, -89]	[80, 33, -102, 286, 88]	[-117, 79, 59, 104, 127]	[-86, 91, -20, 209, 22]	[-225, 46, 50, 266, -194]	[10000, 10000, 10000, 9994, 10000]	[-152, -138, 241, 177, -153]
17	5.0	[-50, -20, 148, -40, 263]	[-245, -137, -61, -194, -179]	[228, -236, 127, 58, -51]	[-190, -219, 141, -96, -175]	[215, 263, -87, -40, -11]	[271, 121, -31, -101, -191]	[184, -159, 101, 214, 183]	[231, 229, -214, -180, 6]	[294, -243, -232, -92, -201]	[144, -2, -117, -9, 216]	[-111, 173, 17, 19, 69]	[10000, 10000, 10000, 10000, 10000]	[197, 237, -60, 34, -148]
18	6.0	[-50, -20, 148, -40, 263]	[-245, -137, -61, -194, -179]	[228, -236, 127, 58, -51]	[-190, -219, 141, -96, -175]	[215, 263, -87, -40, -11]	[271, 121, -31, -101, -191]	[184, -159, 101, 214, 183]	[231, 229, -214, -180, 6]	[294, -243, -232, -92, -201]	[144, -2, -117, -9, 216]	[-111, 173, 17, 19, 69]	[10000, 10000, 10000, 10000, 10000]	[197, 237, -60, 34, -148]
19	4.0	[-50, -20, 148, -40, 263]	[-245, -137, -61, -194, -179]	[228, -236, 127, 58, -51]	[-190, -219, 141, -96, -175]	[215, 263, -87, -40, -11]	[271, 121, -31, -101, -191]	[184, -159, 101, 214, 183]	[231, 229, -214, -174, 6]	[294, -243, -232, -92, -201]	[144, -2, -117, -9, 216]	[-111, 173, 17, 19, 69]	[10000, 10000, 10000, 10000, 10000]	[197, 237, -60, 34, -148]
20	5.0	[-50, -20, 148, -40, 263]	[-245, -137, -61, -194, -179]	[228, -236, 127, 58, -51]	[-190, -219, 141, -96, -175]	[215, 263, -87, -40, -5]	[271, 121, -69, -158, -191]	[169, 187, 74, 214, 183]	[231, 229, -214, -180, 6]	[294, -243, -232, -92, -201]	[144, -2, -117, -9, 216]	[-111, 173, 17, 19, 69]	[10000, 10000, 10000, 10000, 10000]	[197, 237, -60, 34, -148]
21	6.0	[-50, -20, 148, -40, 263]	[-245, -137, -61, -194, -179]	[228, -236, 127, 58, -51]	[-190, -219, 141, -96, -175]	[215, 263, -87, -40, -11]	[271, 121, -31, -101, -191]	[184, -159, 101, 214, 183]	[231, 229, -214, -174, 6]	[294, -243, -232, -92, -201]	[144, -2, -117, -9, 216]	[-111, 173, 17, 19, 69]	[10000, 10000, 10000, 9994, 10000]	[197, 237, -60, 34, -148]
22	6.0	[-50, -20, 120, -109, 263]	[-245, -86, -48, -66, 58]	[228, -18, 166, -30, -51]	[-72, -240, 104, -187, -126]	[215, 62, 137, 109, 153]	[71, 178, -31, -101, -191]	[184, -97, 101, -19, 183]	[231, 229, -144, -138, 6]	[159, -243, -232, -92, -201]	[144, -2, -105, 32, 8]	[-32, 62, 19, 186, 69]	[10000, 10000, 10000, 10000, 10000]	[197, 237, -60, 34, -148]
23	8.0	[202, 271, -114, -254, 136]	[165, -12, -20, -134, 136]	[182, 20, -10, -132, -115]	[-159, -230, 92, -183, -73]	[-27, 171, 121, 133, 255]	[-105, 278, -46, -191, -277]	[127, 74, -68, 116, 221]	[-210, -35, -90, 42, -241]	[-234, -11, -202, 169, -59]	[72, 61, -12, 85, -215]	[-254, 69, 82, 259, -145]	[10000, 10000, 10000, 10000, 10000]	[120, -109, 151, -237, 217]
24	6.0	[-150, -6, 82, 171, 181]	[-36, 243, 23, -93, -51]	[75, -27, -34, 231, 244]	[-157, 39, 83, 116, -52]	[-94, -47, -19, 97, 139]	[201, 173, 60, -167, 73]	[130, -140, 100, -8, -45]	[-214, 53, -148, -33, 14]	[133, -41, 75, 80, -59]	[121, 64, -86, 256, -72]	[131, 58, 86, 282, 77]	[10000, 10000, 10000, 10000, 10000]	[102, -248, 218, -223, -116]
25	5.0	[202, 271, -114, -254, 136]	[165, -12, -20, -134, 136]	[182, 20, -10, -132, -115]	[-159, -230, 92, -183, -73]	[-27, 171, 121, 133, 255]	[-105, 278, -46, -191, -277]	[127, 74, -68, 116, 221]	[-210, -35, -90, 42, -241]	[-234, -11, -202, 169, -59]	[72, 61, -12, 85, -215]	[-254, 69, 82, 259, -145]	[10000, 10000, 10000, 10000, 10000]	[120, -109, 151, -237, 217]
26	8.5	[202, 271, -114, -254, 136]	[165, 141, -23, 73, 294]	[217, -98, 127, -48, -115]	[-48, -245, 61, -249, -89]	[-155, -4, 162, 133, 285]	[-105, 278, -45, -191, -277]	[127, 56, -66, 116, 221]	[216, 229, -142, -70, -241]	[-56, -180, -228, -67, -151]	[126, 28, -109, 48, 3]	[-254, 75, 43, 252, -145]	[10000, 10000, 10000, 10000, 10000]	[120, -109, 151, -237, 217]
27	7.0	[-50, -20, 148, -40, 263]	[-245, -137, -61, -194, -179]	[228, -236, 127, 58, -51]	[-190, -231, 50, -152, -112]	[185, 96, 114, 94, 161]	[271, 173, -3, -158, -191]	[169, 185, 11, 214, 183]	[231, 229, -214, -180, 6]	[294, -243, -232, -92, -201]	[144, -2, -117, -9, 216]	[-111, 173, 17, 19, 69]	[10000, 10000, 10000, 10000, 10000]	[197, 237, -60, 34, -148]
28	5.5	[-50, -20, 148, -40, 263]	[-245, -137, -61, -194, -179]	[228, -236, 127, 58, -51]	[-190, -219, 141, -96, -175]	[215, 263, -87, -40, -11]	[271, 121, -31, -101, -191]	[184, -159, 101, 214, 183]	[231, 229, -214, -174, 6]	[294, -243, -232, -92, -201]	[144, -2, -117, -9, 216]	[-111, 173, 17, 19, 69]	[10000, 10000, 10000, 9994, 10000]	[197, 237, -60, 34, -148]
29	5.0	[-50, 265, 100, -81, 119]	[-245, -137, -61, -117, -179]	[196, -124, 139, -40, -51]	[-190, -238, 133, -96, -175]	[-142, 88, -87, -40, -11]	[271, 121, -39, -135, -191]	[184, -159, 101, 214, 220]	[228, 229, -214, -180, 6]	[294, -184, -230, -92, -201]	[144, -2, -117, 14, 216]	[-129, 145, 33, 43, -57]	[10000, 10000, 10000, 10000, 10000]	[197, 237, -60, 34, -148]
30	5.0	[-50, -20, 120, -109, 263]	[-245, -86, -38, 44, 69]	[228, -18, 139, -35, -78]	[-72, -240, 93, -216, -121]	[192, 21, 140, 109, 153]	[17, 194, -44, -102, -191]	[184, -97, 101, 113, 204]	[217, 229, -142, -82, -204]	[129, -181, -231, -76, -172]	[130, 3, -108, 37, 4]	[-32, 62, 35, 210, 46]	[10000, 10000, 10000, 10000, 10000]	[121, 220, 138, -156, 146]
31	8.0	[-50, -96, 73, 34, 263]	[-206, 56, -62, -243, -179]	[228, -236, 34, 58, 31]	[-149, -129, 36, -74, -175]	[38, 237, -102, 63, -5]	[272, 142, -61, -102, -46]	[169, 187, -62, 83, 150]	[217, 217, -133, 114, 6]	[179, -129, -231, -76, 36]	[144, -2, -102, 127, 22]	[-111, 152, 17, 205, 57]	[10000, 10000, 10000, 10000, 10000]	[197, 237, 187, 34, -148]
32	5.5	[-50, -20, 148, -40, 263]	[-245, -137, -61, -194, -179]	[228, -236, 127, 58, -51]	[-190, -219, 141, -96, -175]	[215, 263, -87, -40, -11]	[271, 121, -31, -101, -191]	[184, -159, 101, 214, 183]	[231, 229, -214, -174, 6]	[294, -243, -232, -62, -201]	[144, -2, -117, 80, 12]	[-141, 106, 28, 144, 69]	[10000, 10000, 10000, 9995, 10000]	[197, 237, -60, 34, -148]
33	7.0	[-50, -20, 148, -40, 263]	[-245, -137, -61, -194, -179]	[228, -236, 127, 58, -51]	[-190, -231, 50, -152, -112]	[185, 96, 114, 94, 161]	[271, 173, -3, -158, -191]	[169, 185, 11, 214, 183]	[231, 229, -214, -180, 6]	[294, -243, -232, -92, -201]	[144, -2, -117, -9, 216]	[-111, 173, 17, 19, 69]	[10000, 10000, 10000, 10000, 10000]	[197, 237, -60, 34, -148]
34	8.0	[-50, -20, 148, -40, 263]	[-245, -137, -61, -194, -179]	[228, -236, 127, 58, -51]	[-190, -219, 141, -96, -175]	[215, 263, -87, -40, -11]	[271, 121, -31, -135, -191]	[184, -159, 101, 191, 190]	[155, 124, -117, -115, 6]	[294, -243, -229, -92, -201]	[144, -2, -13, 59, 14]	[-121, 153, 71, 237, 0]	[10000, 10000, 10000, 9994, 10000]	[197, 237, -60, 34, -148]
35	9.0	[-50, -20, 148, -40, 263]	[-245, -137, -61, -194, -179]	[228, -236, 127, 58, -51]	[-190, -231, 50, -152, -112]	[185, 96, 114, 94, 161]	[271, 173, -3, -158, -191]	[169, 185, 11, 214, 183]	[231, 229, -214, -180, 6]	[294, -243, -232, -92, -201]	[144, -2, -117, -9, 216]	[-111, 173, 22, 154, 69]	[10000, 10000, 10000, 10000, 10000]	[197, 237, -60, 34, -148]
36	6.0	[-50, -20, 148, -40, 263]	[-245, -137, -61, -194, -179]	[228, -236, 127, 58, -51]	[-190, -219, 141, -96, -175]	[215, 263, -87, -40, -11]	[271, 121, -31, -101, -191]	[184, -159, 101, 214, 183]	[231, 229, -214, -174, 6]	[294, -243, -232, -62, -201]	[144, -2, -117, 80, 12]	[-141, 106, 28, 144, 69]	[10000, 10000, 10000, 9995, 10000]	[197, 237, -60, 34, -148]
37	8.5	[-50, -20, -71, -170, 232]	[158, -86, -48, -66, 58]	[228, -18, 166, -30, -62]	[-66, -240, 89, -207, -126]	[130, 21, 137, 109, 153]	[71, 252, -35, -101, -191]	[184, -25, 77, 24, 201]	[219, 229, -144, -138, 6]	[159, -243, -232, -77, -196]	[144, 11, -108, 42, 8]	[-56, 74, 40, 223, 69]	[10000, 10000, 10000, 10000, 10000]	[197, 237, -60, 34, -148]
38	6.0	[-50, -96, 73, 34, 263]	[-206, 56, -62, -243, -179]	[228, -236, 34, 58, 31]	[-149, -129, 36, -74, -175]	[38, 237, -102, 63, -5]	[-22, 254, -10, -77, -46]	[169, 187, -62, 83, 147]	[217, 217, -133, 114, 6]	[-102, -129, -231, -76, 36]	[144, 75, -30, 131, 7]	[-111, 152, 17, 205, 57]	[10000, 10000, 10000, 10000, 10000]	[197, 237, 187, 34, -148]
39	7.0	[-50, -20, 148, -40, 263]	[-245, -137, -61, -194, -179]	[228, -236, 127, 58, -51]	[-190, -219, 141, -96, -175]	[215, 263, -87, -40, -11]	[271, 121, -31, -135, -191]	[184, -159, 101, 191, 190]	[155, 124, -117, -115, 6]	[294, -243, -229, -92, -201]	[144, -2, -13, 59, 14]	[-121, 153, 71, 237, -6]	[10000, 10000, 10000, 9994, 10000]	[197, 237, -60, 34, -148]
40	8.0	[-50, -20, -71, -170, 232]	[158, -86, -48, -66, 58]	[228, -18, 166, -30, -62]	[-66, -240, 89, -207, -126]	[130, 21, 137, 109, 153]	[71, 252, -35, -101, -191]	[184, -25, 77, 24, 201]	[219, 229, -144, -138, 6]	[159, -243, -232, -77, -196]	[144, 11, -108, 42, 8]	[-56, 74, 40, 223, 69]	[10000, 10000, 10000, 10000, 10000]	[197, 237, -60, 34, -148]
41	6.5	[-50, -20, 148, -40, 263]	[-245, -137, -61, -194, -179]	[228, -230, 127, 58, -51]	[-187, -229, 39, -152, -112]	[185, 96, 114, 80, 74]	[272, 165, -47, -158, -191]	[169, 185, -18, 200, 148]	[231, 229, -208, -180, 6]	[294, -243, -232, -92, -201]	[144, 44, -62, -15, 216]	[-111, 173, 81, 259, 36]	[10000, 10000, 9994, 9997, 10000]	[197, 237, -60, 34, -148]
42	10.0	[-50, -20, -60, -104, 249]	[-245, -137, -61, -194, -179]	[228, -236, 127, 58, -51]	[-190, -219, 141, -96, -175]	[215, 263, -87, -40, -11]	[271, 121, -31, -135, -191]	[184, -159, 101, 191, 190]	[155, 124, -117, -115, 6]	[294, -243, -229, -92, -201]	[144, -2, -13, 59, 14]	[-121, 153, 71, 237, -6]	[10000, 10000, 10000, 9994, 10000]	[197, 237, -60, 34, -148]
43	9.5	[-50, -20, 148, -40, 263]	[-245, -137, -61, -194, -179]	[228, -230, 127, 58, -51]	[-187, -229, 39, -152, -112]	[185, 96, 114, 80, 74]	[272, 165, -47, -158, -191]	[169, 185, -18, 200, 148]	[231, 229, -208, -180, 6]	[294, -243, -232, -92, -201]	[144, 44, -62, -15, 216]	[-111, 173, 81, 259, 36]	[10000, 10000, 9994, 9997, 10000]	[197, 237, -60, 34, -148]
44	8.5	[-50, -96, 73, 34, 263]	[-206, 56, -62, -243, -179]	[228, -236, 34, 58, 31]	[-149, -129, 36, -74, -175]	[38, 237, -102, 63, -5]	[-22, 254, -4, -77, -46]	[169, 187, -62, 83, 147]	[217, 217, -133, 114, 6]	[-102, -129, -231, -76, 36]	[144, 75, -30, 131, 7]	[-111, 152, 17, 205, 57]	[10000, 10000, 10000, 10000, 10000]	[197, 237, 187, 34, -148]
45	10.0	[-50, -20, 148, -40, 263]	[-245, -137, -61, -194, -179]	[228, -236, 127, 58, -51]	[-190, -220, 56, -116, -175]	[203, 116, -87, -40, -11]	[271, 121, -31, -135, -191]	[184, -156, 32, 191, 190]	[180, 128, -117, -115, 0]	[294, -243, -229, -92, -201]	[144, 13, -13, 59, 14]	[-121, 153, 71, 230, -6]	[10000, 10000, 10000, 9994, 10000]	[197, 237, 113, 13, 125]
46	10.0	[-50, -20, 148, -40, 263]	[-245, -137, -61, -194, -179]	[228, -236, 127, 58, -51]	[-190, -220, 56, -116, -175]	[203, 116, -87, -40, -11]	[271, 121, -31, -135, -191]	[184, -156, 32, 191, 190]	[180, 128, -117, -115, 0]	[294, -243, -229, -92, -201]	[144, 13, -13, 59, 14]	[-121, 153, 71, 230, -6]	[10000, 10000, 10000, 9994, 10000]	[197, 237, 113, 13, 125]
47	8.5	[-50, -20, 148, -40, 263]	[-245, -137, -61, -194, -179]	[228, -236, 127, 46, -66]	[-87, -230, 66, -116, -175]	[203, 71, -87, -40, -11]	[174, 180, -34, -116, -191]	[184, -154, 36, 157, 195]	[208, 183, -137, -99, 0]	[292, -239, -230, -92, -201]	[144, 7, -40, 59, 14]	[-121, 153, 71, 237, -6]	[10000, 10000, 10000, 9994, 10000]	[197, 237, -60, 34, -148]
48	8.5	[-50, -20, 148, -40, 263]	[-245, -137, -61, -194, -179]	[228, -236, 127, 58, -51]	[-190, -234, 63, -135, -172]	[86, 88, 44, 85, 123]	[271, 152, -6, -152, -191]	[169, -97, 37, 214, 183]	[231, 229, -214, -180, 6]	[294, -243, -232, -92, -201]	[144, -2, -117, -9, 216]	[-111, 173, 28, 154, 69]	[10000, 10000, 10000, 10000, 10000]	[197, 237, -60, 34, -148]
49	10.5	[-50, -96, 73, 34, 263]	[-206, 56, -62, -243, -179]	[228, -236, 63, 58, 31]	[-169, -176, 38, -108, -175]	[110, 122, -100, 63, -5]	[-22, 254, -4, -100, -46]	[169, 187, -62, 83, 147]	[217, 217, -133, 114, 6]	[-102, -129, -231, -76, 36]	[144, 75, -30, 131, 7]	[-111, 152, 17, 205, 57]	[10000, 10000, 9994, 10000, 10000]	[197, 237, 187, 34, -148]
50	12.0	[-50, -20, 148, -40, 263]	[-245, -137, -61, -194, -179]	[228, -236, 127, 46, -66]	[-87, -230, 66, -116, -175]	[203, 71, -87, -40, -11]	[174, 180, -34, -116, -191]	[184, -154, 36, 157, 195]	[208, 183, -137, -99, 0]	[292, -239, -230, -92, -201]	[144, 7, -40, 59, 14]	[-121, 153, 71, 237, -6]	[10000, 10000, 10000, 9994, 10000]	[197, 237, -60, 34, -148]
51	8.0	[-50, -20, 148, -40, 263]	[-245, -137, -61, -194, -179]	[228, -230, 127, 58, -45]	[-152, -195, 39, -152, -112]	[185, 123, 21, 72, -3]	[272, 178, -29, -158, -191]	[169, 185, -18, 200, 148]	[231, 229, -182, 38, 6]	[294, -236, -232, -77, -98]	[144, 44, -62, 110, 216]	[-111, 173, 81, 259, 36]	[10000, 10000, 9994, 9997, 10000]	[197, 237, -60, 34, -148]
52	10.0	[-50, 265, 100, -81, 119]	[-245, -137, -61, -117, -179]	[196, -124, 139, -40, -51]	[-190, -186, 112, -99, -175]	[-142, 125, 80, 3, -9]	[271, 170, -42, -156, -189]	[184, 149, 4, 194, 214]	[228, 228, -214, -180, 6]	[283, -240, -230, -82, -201]	[144, -2, -101, 78, 216]	[-123, 154, 65, 198, 25]	[10000, 10000, 9999, 9999, 10000]	[197, 237, -60, 34, -148]
53	14.5	[-50, -20, 148, -40, 263]	[-245, -137, -61, -194, -179]	[228, -248, 133, 58, -51]	[-190, -220, 56, -116, -175]	[203, 116, -87, -40, -11]	[271, 203, -5, -122, -61]	[184, 132, 32, 191, 190]	[180, 182, -130, -115, 0]	[294, -243, -229, -84, -138]	[144, 13, -13, 59, 14]	[-121, 153, 71, 230, -6]	[10000, 10000, 10000, 9994, 10000]	[197, 237, 113, 13, 125]
54	9.5	[-50, -20, 148, -40, 263]	[-245, -137, -61, -194, -179]	[228, -236, 127, 46, -60]	[-87, -230, 97, -113, -175]	[212, 91, -87, -40, -11]	[174, 180, -32, -102, -191]	[184, -154, 36, 157, 195]	[208, 183, -137, -99, 0]	[292, -239, -230, -92, -201]	[144, 7, -40, 59, 14]	[-121, 153, 71, 237, -6]	[10000, 10000, 10000, 9994, 10000]	[197, 237, -60, 34, -148]
55	11.0	[-50, -20, 148, -40, 263]	[-245, -137, -61, -194, -179]	[228, -248, 133, 58, -51]	[-190, -226, 57, -131, -175]	[203, 94, -52, 1, 76]	[271, 184, -5, -122, -61]	[170, 8, 33, 205, 186]	[215, 221, -211, -115, 0]	[294, -243, -231, -86, -138]	[144, 13, -13, 59, 14]	[-115, 153, 71, 230, -6]	[10000, 10000, 10000, 9994, 10000]	[197, 237, 113, 13, 125]
56	12.0	[-50, -20, 148, -57, 257]	[-245, -118, -52, -98, -179]	[228, -190, 153, 58, -51]	[-196, -225, 98, -116, -175]	[215, 269, -87, -40, -11]	[271, 127, -31, -102, -191]	[184, -164, 101, 214, 183]	[231, 228, -158, -174, 6]	[294, -243, -232, -62, -201]	[144, -2, -117, 80, 12]	[-141, 106, 28, 144, 69]	[10000, 10000, 10000, 9995, 10000]	[197, 237, 57, 34, -148]
57	9.5	[-50, -20, 148, -40, 263]	[-245, -143, -61, -194, -179]	[228, -236, 127, 46, -66]	[-87, -230, 66, -116, -175]	[203, 71, -87, -40, -11]	[174, 180, -34, -108, -191]	[184, -154, 36, 157, 195]	[208, 214, -137, -99, 0]	[292, -239, -230, -92, -201]	[144, 6, -47, 59, 14]	[-121, 153, 71, 173, -6]	[10000, 10000, 10000, 9994, 10000]	[197, 237, -60, 34, -148]
58	13.0	[-50, -20, 148, -40, 263]	[-245, -137, -61, -194, -179]	[228, -248, 133, 58, -51]	[-190, -220, 56, -116, -175]	[209, 116, -87, -40, -11]	[271, 201, -29, -137, -61]	[184, 132, 12, 193, 202]	[180, 182, -130, -149, 0]	[294, -243, -230, -84, -138]	[144, 13, -13, 63, 14]	[-115, 153, 71, 230, -6]	[10000, 10000, 10000, 9996, 10000]	[197, 237, 113, 13, 125]
59	9.5	[-50, -20, 148, -40, 263]	[-245, -137, -61, -194, -185]	[228, -248, 133, 58, -51]	[-190, -226, 57, -131, -132]	[203, 121, -52, 1, 76]	[271, 184, -32, -130, -61]	[170, 135, 27, 139, 186]	[215, 221, -211, -115, 5]	[294, -243, -231, -86, -138]	[144, 13, -13, 59, 14]	[-115, 153, 71, 230, -6]	[10000, 10000, 10000, 9994, 10000]	[197, 237, 113, 13, 125]
60	11.0	[-50, -20, 148, -40, 263]	[-245, -137, -61, -194, -181]	[228, -248, 129, 58, -51]	[-190, -226, 35, -131, -175]	[165, 101, -52, 1, 76]	[264, 166, -5, -122, -61]	[170, 8, -16, 205, 186]	[215, 222, -211, -115, 0]	[294, -243, -231, -86, -187]	[144, 13, -13, 59, 14]	[-115, 153, 71, 230, -6]	[10000, 10000, 10000, 9994, 10000]	[197, 237, 113, 13, 125]
61	11.5	[-50, -20, 148, -40, 263]	[-245, -137, -61, -194, -185]	[228, -248, 133, 58, -51]	[-190, -226, 57, -131, -132]	[203, 121, -52, 1, 76]	[271, 184, -32, -130, -61]	[170, 135, 27, 139, 186]	[215, 221, -211, -115, 5]	[294, -243, -231, -86, -138]	[144, 13, -13, 59, 14]	[-115, 153, 71, 230, -6]	[10000, 10000, 10000, 9994, 10000]	[197, 237, 113, 13, 125]
62	12.5	[-50, -20, 148, -40, 263]	[-245, -137, -61, -194, -179]	[228, -236, 127, 46, -60]	[-87, -230, 97, -113, -175]	[212, 91, -87, -40, -11]	[174, 180, -32, -102, -191]	[184, -154, 36, 157, 195]	[208, 183, -137, -99, 0]	[292, -239, -230, -92, -201]	[144, 7, -40, 59, 14]	[-121, 153, 71, 237, -6]	[10000, 10000, 10000, 9994, 10000]	[197, 237, -60, 34, -148]
63	11.5	[-50, -20, 148, -40, 263]	[-245, -137, -61, -194, -185]	[228, -241, 130, 58, -51]	[-190, -226, 55, -111, -132]	[203, 123, -52, 1, 76]	[271, 185, -25, -130, -61]	[175, 133, 27, 139, 186]	[187, 193, -137, -143, 5]	[294, -243, -231, -85, -138]	[144, 13, -13, 59, 14]	[-115, 153, 71, 230, -6]	[10000, 10000, 10000, 9994, 10000]	[197, 237, 113, 13, 125]
64	12.5	[-50, -20, 148, -40, 263]	[-245, -137, -61, -194, -185]	[228, -246, 133, 58, -51]	[-190, -226, 57, -131, -132]	[203, 122, -52, 1, 76]	[271, 184, -30, -130, -61]	[170, 135, 27, 139, 186]	[215, 221, -211, -115, 5]	[294, -243, -231, -86, -138]	[144, 13, -13, 59, 14]	[-115, 153, 71, 230, -6]	[10000, 10000, 10000, 9994, 10000]	[197, 237, 113, 13, 125]
65	9.0	[-50, -20, 148, -40, 263]	[-245, -137, -61, -194, -179]	[228, -236, 127, 46, -60]	[-87, -230, 97, -113, -175]	[212, 91, -87, -40, -11]	[174, 180, -32, -102, -191]	[184, -154, 36, 157, 195]	[208, 183, -137, -99, 0]	[292, -239, -230, -92, -201]	[144, 7, -40, 59, 14]	[-121, 153, 71, 237, -6]	[10000, 10000, 10000, 9994, 10000]	[197, 237, -60, 34, -148]
66	13.5	[-50, -20, 36, -81, 256]	[-245, -137, -61, -194, -185]	[228, -240, 133, 58, -51]	[-190, -226, 57, -131, -132]	[203, 122, -29, 1, 63]	[271, 185, -20, -121, -145]	[175, 133, -56, 149, 190]	[187, 171, -164, -143, 5]	[294, -243, -231, -85, -138]	[144, 13, -13, 101, 7]	[-115, 153, 68, 231, -6]	[10000, 10000, 10000, 9994, 10000]	[197, 237, 113, 13, 125]
67	11.5	[-50, -20, 148, -40, 263]	[-245, -137, -61, -194, -181]	[228, -248, 129, 58, -51]	[-190, -226, 35, -131, -175]	[165, 101, -52, 1, 76]	[264, 166, -5, -122, -61]	[170, 8, -16, 205, 186]	[215, 222, -211, -115, 0]	[294, -243, -231, -86, -187]	[144, 13, -13, 59, 14]	[-115, 153, 71, 230, -6]	[10000, 10000, 10000, 9994, 10000]	[197, 237, 113, 13, 125]
68	14.0	[-50, -20, 148, -57, 256]	[-245, -137, -61, -194, -185]	[228, -235, 128, 58, -51]	[-190, -226, 57, -131, -132]	[203, 122, -52, 1, 76]	[271, 184, -30, -130, -61]	[170, 135, 27, 139, 186]	[215, 221, -211, -115, 5]	[294, -243, -231, -80, -138]	[144, 13, -13, 59, 14]	[-115, 153, 71, 230, -6]	[10000, 10000, 10000, 9994, 10000]	[197, 237, 113, 13, 125]
69	8.5	[-50, -20, 36, -81, 256]	[-245, -137, -61, -194, -185]	[228, -240, 133, 58, -51]	[-190, -226, 57, -131, -132]	[203, 122, -29, 1, 63]	[271, 185, -20, -121, -145]	[175, 133, -56, 149, 190]	[187, 171, -164, -143, 5]	[294, -243, -231, -85, -138]	[144, 13, -13, 101, 7]	[-115, 153, 68, 231, -6]	[10000, 10000, 10000, 9994, 10000]	[197, 237, 113, 13, 125]
70	9.0	[-50, -20, 148, -40, 263]	[-245, -137, -61, -194, -185]	[228, -241, 130, 58, -51]	[-190, -226, 55, -111, -132]	[203, 123, -52, 1, 76]	[271, 185, -25, -130, -61]	[175, 133, 27, 139, 186]	[187, 193, -137, -143, 5]	[294, -243, -231, -85, -138]	[144, 13, -13, 59, 14]	[-115, 153, 71, 230, -6]	[10000, 10000, 10000, 9994, 10000]	[197, 237, 107, 13, 125]
71	11.5	[-50, -20, -60, -104, 249]	[-245, -137, -61, -194, -179]	[228, -233, 128, 58, -51]	[-190, -208, 137, -118, -142]	[207, 124, -99, 22, -11]	[205, 163, -21, -118, -81]	[169, 132, 29, 176, 189]	[186, 180, -196, -155, 6]	[229, -176, -231, -86, -201]	[144, 41, -13, 59, 14]	[-121, 150, 56, 147, -6]	[10000, 10000, 10000, 9994, 10000]	[197, 237, 33, 34, -148]
72	10.5	[-50, -20, 148, -40, 263]	[-245, -137, -61, -194, -185]	[228, -241, 130, 58, -51]	[-190, -226, 55, -111, -132]	[203, 123, -52, 1, 76]	[271, 185, -25, -130, -61]	[175, 133, 27, 139, 186]	[187, 193, -137, -143, 5]	[294, -243, -231, -85, -138]	[144, 13, -13, 59, 14]	[-115, 153, 71, 230, -6]	[10000, 10000, 10000, 9994, 10000]	[197, 237, 107, 13, 125]
73	11.0	[-50, -20, 148, -40, 263]	[-245, -137, -61, -194, -181]	[228, -248, 129, 58, -51]	[-190, -226, 35, -131, -175]	[165, 101, -52, 1, 76]	[264, 166, -5, -122, -61]	[170, 8, -16, 205, 186]	[215, 222, -211, -115, 0]	[294, -243, -231, -86, -187]	[144, 13, -13, 59, 14]	[-115, 153, 71, 230, -6]	[10000, 10000, 10000, 9994, 10000]	[197, 237, 113, 13, 125]
74	13.5	[-50, -20, 148, -40, 263]	[-245, -137, -61, -194, -185]	[228, -241, 130, 58, -51]	[-190, -226, 55, -111, -132]	[203, 123, -52, 1, 76]	[271, 185, -25, -130, -61]	[175, 133, 27, 139, 186]	[187, 193, -137, -143, 5]	[294, -243, -231, -85, -138]	[144, 13, -13, 59, 14]	[-115, 162, 72, 248, 6]	[10000, 10000, 9995, 9998, 10000]	[197, 237, 107, 13, 125]
75	11.0	[-50, -20, 148, -40, 263]	[-245, -137, -61, -194, -181]	[228, -248, 129, 58, -51]	[-190, -226, 35, -131, -175]	[165, 101, -52, 1, 76]	[264, 166, -5, -122, -61]	[170, 8, -16, 205, 186]	[215, 222, -211, -115, 0]	[294, -243, -231, -86, -187]	[144, 13, -13, 59, 14]	[-115, 153, 71, 230, -6]	[10000, 10000, 10000, 9994, 10000]	[197, 237, 113, 13, 125]
76	11.0	[-50, -20, 148, -40, 263]	[-245, -137, -55, -194, -185]	[228, -241, 130, 58, -51]	[-190, -226, 55, -111, -132]	[203, 123, -52, 1, 76]	[271, 185, -25, -130, -61]	[169, 126, 9, 170, 185]	[187, 193, -137, -143, 5]	[294, -243, -232, -83, -124]	[144, 13, -13, 59, 14]	[-115, 153, 71, 230, -6]	[10000, 10000, 10000, 9994, 10000]	[197, 237, 107, 13, 125]
77	13.0	[-50, -20, 148, -57, 256]	[-245, -137, -61, -194, -185]	[228, -235, 128, 58, -51]	[-190, -226, 57, -131, -132]	[203, 122, -52, 1, 76]	[271, 184, -30, -130, -61]	[170, 135, 27, 139, 186]	[215, 221, -211, -115, 5]	[294, -243, -231, -80, -138]	[144, 13, -13, 59, 14]	[-109, 153, 71, 230, -6]	[10000, 10000, 10000, 9994, 10000]	[197, 237, 113, 13, 125]
78	10.0	[-50, -20, 148, -40, 263]	[-245, -137, -61, -194, -181]	[228, -248, 129, 58, -51]	[-190, -226, 35, -131, -175]	[165, 101, -52, 1, 76]	[264, 166, -5, -122, -61]	[170, 8, -16, 205, 186]	[215, 222, -211, -115, 0]	[294, -243, -231, -86, -187]	[144, 13, -13, 59, 14]	[-115, 153, 71, 230, -6]	[10000, 10000, 10000, 9994, 10000]	[197, 237, 113, 13, 125]
79	12.5	[-50, -20, 148, -40, 263]	[-245, -137, -61, -194, -181]	[228, -248, 129, 58, -51]	[-190, -226, 35, -131, -175]	[165, 101, -52, 1, 76]	[264, 166, -5, -122, -61]	[170, 8, -16, 205, 186]	[215, 222, -211, -115, 0]	[294, -243, -231, -86, -187]	[150, 13, -13, 59, 14]	[-115, 153, 71, 230, -6]	[10000, 10000, 10000, 9994, 10000]	[197, 237, 113, 13, 125]
80	8.5	[-50, -20, 148, -40, 263]	[-245, -137, -61, -194, -185]	[228, -241, 130, 58, -57]	[-190, -226, 55, -111, -132]	[203, 123, -52, 1, 76]	[271, 185, -25, -130, -61]	[175, 133, 27, 139, 186]	[187, 193, -137, -143, 5]	[294, -243, -231, -85, -138]	[144, 13, -13, 59, 14]	[-115, 162, 72, 248, 6]	[10000, 10000, 9995, 9998, 9994]	[197, 237, 107, 13, 125]
81	14.5	[-50, -20, 148, -40, 263]	[-245, -137, -61, -194, -185]	[228, -241, 130, 58, -57]	[-190, -226, 55, -111, -132]	[203, 123, -52, 1, 76]	[271, 185, -25, -130, -61]	[175, 133, 27, 139, 186]	[187, 193, -137, -143, 5]	[294, -243, -231, -85, -138]	[144, 13, -13, 59, 14]	[-115, 162, 72, 254, 6]	[10000, 10000, 9995, 9998, 9994]	[197, 237, 107, 13, 125]
82	15.5	[-50, -20, 148, -40, 263]	[-245, -137, -61, -194, -185]	[228, -241, 130, 58, -51]	[-190, -226, 55, -123, -132]	[203, 123, -52, 1, 68]	[271, 185, -25, -130, -61]	[175, 133, -21, 141, 186]	[187, 186, -160, -143, 5]	[294, -243, -231, -85, -138]	[144, 13, -13, 61, 8]	[-115, 153, 68, 231, -6]	[10000, 10000, 10006, 9994, 10000]	[197, 237, 107, 13, 125]
83	16.0	[-50, -20, 148, -40, 263]	[-251, -143, -61, -194, -179]	[222, -236, 127, 56, -66]	[-107, -227, 56, -120, -150]	[203, 101, -89, -35, -5]	[261, 178, -19, -110, -191]	[184, -154, 31, 148, 195]	[206, 190, -142, -116, 3]	[294, -243, -231, -92, -201]	[144, 12, -47, 59, 14]	[-121, 153, 71, 173, -6]	[10000, 10000, 10000, 9994, 9994]	[197, 237, -60, 34, -148]
84	12.5	[-50, -20, 148, -40, 263]	[-245, -137, -61, -194, -179]	[228, -236, 127, 46, -59]	[-87, -230, 68, -113, -175]	[212, 102, -87, -34, -11]	[243, 184, -25, -125, -69]	[184, -154, 36, 157, 195]	[208, 183, -137, -99, 0]	[292, -239, -230, -92, -201]	[144, 7, -40, 59, 14]	[-121, 153, 65, 207, -6]	[10000, 10000, 10000, 9998, 10000]	[197, 237, -60, 34, -148]
85	13.0	[-50, -20, 148, -40, 263]	[-245, -137, -61, -194, -181]	[228, -248, 129, 58, -51]	[-190, -226, 35, -131, -175]	[165, 101, -52, 1, 76]	[264, 166, -5, -122, -61]	[170, 8, -16, 205, 186]	[215, 222, -211, -115, 0]	[294, -243, -231, -86, -187]	[150, 13, -13, 59, 14]	[-115, 153, 71, 230, -6]	[10000, 10000, 10000, 9994, 10000]	[191, 237, 113, 13, 125]
86	14.0	[-50, -20, 148, -40, 263]	[-245, -137, -61, -194, -180]	[228, -238, 130, 58, -51]	[-190, -227, 55, -111, -132]	[203, 75, -52, 1, 76]	[271, 181, -33, -130, -61]	[175, 34, 29, 156, 194]	[187, 194, -137, -143, 5]	[293, -242, -231, -85, -138]	[144, 13, -22, 59, 14]	[-121, 160, 71, 176, 5]	[10000, 10000, 9996, 9994, 9995]	[197, 237, 107, 13, 125]
87	8.0	[-50, -20, 148, -40, 263]	[-245, -137, -61, -194, -181]	[228, -238, 127, 54, -51]	[-94, -226, 49, -131, -175]	[165, 101, -84, 1, 76]	[264, 166, -5, -122, -61]	[170, 8, -16, 205, 186]	[215, 222, -211, -115, 0]	[294, -243, -231, -86, -187]	[150, 13, -13, 59, 14]	[-115, 153, 71, 230, -6]	[10000, 10000, 10000, 9994, 10000]	[197, 237, 113, 13, 125]
88	12.5	[-50, -20, 148, -40, 263]	[-245, -137, -61, -194, -181]	[228, -238, 127, 54, -51]	[-94, -226, 49, -131, -175]	[165, 101, -84, 1, 76]	[264, 166, -5, -122, -61]	[170, 8, -16, 205, 186]	[215, 222, -211, -115, 0]	[294, -243, -231, -86, -187]	[150, 13, -13, 59, 14]	[-115, 153, 71, 230, -6]	[10000, 10000, 10000, 9994, 10000]	[197, 237, 113, 13, 125]
89	11.5	[-50, -20, 148, -40, 263]	[-245, -137, -61, -194, -181]	[228, -248, 129, 58, -51]	[-190, -226, 35, -131, -175]	[165, 101, -52, 1, 76]	[264, 166, -5, -122, -61]	[170, 8, -16, 205, 186]	[215, 222, -211, -115, 0]	[294, -237, -231, -86, -187]	[150, 13, -13, 59, 14]	[-115, 153, 71, 230, -6]	[10000, 10000, 10000, 9994, 10000]	[191, 237, 113, 13, 125]
90	10.5	[-50, -20, 148, -40, 263]	[-245, -137, -61, -194, -185]	[228, -241, 130, 58, -57]	[-190, -226, 55, -111, -132]	[203, 123, -52, 1, 76]	[271, 185, -25, -130, -61]	[175, 65, 24, 144, 186]	[187, 193, -137, -128, 3]	[294, -243, -231, -86, -138]	[144, 13, -13, 59, 14]	[-115, 162, 72, 254, 6]	[10000, 10000, 9995, 9998, 9988]	[197, 237, 107, 13, 125]
91	11.0	[-50, -20, 148, -40, 263]	[-245, -143, -61, -194, -181]	[228, -248, 129, 58, -51]	[-190, -226, 35, -131, -175]	[165, 101, -52, 1, 76]	[264, 166, -5, -122, -61]	[170, 8, -16, 205, 186]	[215, 222, -211, -115, 0]	[294, -237, -231, -86, -187]	[150, 13, -13, 59, 14]	[-115, 153, 71, 230, -6]	[10000, 10000, 10000, 9994, 10000]	[191, 237, 113, 13, 125]
92	12.0	[-50, -20, 148, -40, 263]	[-245, -137, -61, -194, -185]	[228, -241, 130, 58, -53]	[-190, -226, 56, -117, -132]	[203, 123, -52, 1, 76]	[271, 185, -29, -130, -61]	[175, 129, 24, 144, 186]	[187, 213, -176, -128, 3]	[294, -243, -231, -83, -138]	[144, 13, -13, 59, 14]	[-115, 162, 72, 254, 6]	[10000, 10000, 9995, 9998, 9988]	[197, 237, 107, 13, 125]
93	13.0	[-50, -20, 148, -40, 263]	[-245, -137, -60, -200, -185]	[228, -240, 99, 58, -51]	[-190, -226, 55, -111, -132]	[203, 123, -52, 1, 76]	[271, 185, -25, -130, -61]	[169, 126, 9, 170, 185]	[187, 193, -137, -143, 5]	[294, -243, -232, -83, -124]	[144, 13, -13, 59, 14]	[-115, 153, 71, 230, -6]	[10000, 10000, 10000, 9994, 10000]	[197, 237, 107, 13, 125]
94	11.5	[-50, -20, 148, -40, 263]	[-245, -137, -61, -194, -181]	[228, -238, 127, 54, -51]	[-94, -226, 49, -131, -175]	[165, 101, -84, 1, 76]	[264, 166, -5, -122, -61]	[170, 8, -16, 205, 186]	[215, 222, -211, -115, 0]	[294, -243, -231, -86, -187]	[150, 13, -13, 59, 14]	[-115, 153, 71, 230, -6]	[10000, 10000, 10000, 9994, 10000]	[197, 237, 113, 13, 125]
95	11.5	[-50, -20, 148, -40, 263]	[-245, -137, -60, -200, -185]	[228, -240, 99, 58, -51]	[-190, -226, 55, -111, -132]	[203, 123, -52, 1, 76]	[271, 185, -25, -130, -61]	[169, 126, 9, 170, 185]	[187, 193, -137, -143, 5]	[294, -243, -232, -83, -124]	[144, 13, -13, 59, 14]	[-115, 153, 71, 230, -6]	[10000, 10000, 10000, 9994, 10000]	[197, 237, 107, 13, 125]
96	11.0	[-50, -20, 82, -40, 269]	[-248, -140, -54, -194, -179]	[227, -230, 137, 55, -66]	[-121, -227, 56, -120, -150]	[203, 101, -89, -27, -8]	[261, 184, -34, -108, -191]	[180, -159, 63, 152, 195]	[210, 192, -142, -123, 2]	[294, -241, -230, -92, -207]	[144, 10, -90, 59, 14]	[-121, 150, 71, 173, -6]	[10000, 10000, 10000, 9994, 10006]	[197, 237, -60, 34, -148]
97	13.0	[-50, -20, 148, -40, 263]	[-245, -137, -61, -200, -179]	[228, -236, 100, 52, -51]	[-87, -230, 64, -104, -153]	[212, 102, -78, -22, -11]	[243, 176, -25, -125, -69]	[184, -68, 36, 157, 195]	[208, 183, -137, -142, 6]	[294, -243, -230, -92, -201]	[144, 44, -20, 59, 14]	[-116, 151, 70, 208, -6]	[10000, 10000, 10000, 9996, 10000]	[197, 237, -60, 34, -148]
98	13.5	[-50, -20, 148, -40, 263]	[-245, -137, -61, -194, -180]	[228, -236, 137, 58, -60]	[-165, -227, 55, -111, -132]	[203, 75, -52, -7, 76]	[271, 181, -34, -113, -61]	[175, -35, 33, 154, 194]	[187, 194, -137, -143, 5]	[293, -242, -231, -91, -138]	[150, 13, -20, 59, 14]	[-121, 160, 71, 176, 3]	[10000, 10000, 9996, 9994, 9995]	[197, 237, 113, 13, 125]
99	13.5	[-50, -20, 148, -40, 263]	[-245, -137, -60, -200, -185]	[228, -240, 99, 58, -51]	[-190, -226, 59, -111, -132]	[203, 123, -52, 1, 14]	[271, 178, -25, -130, -61]	[179, -22, 23, 169, 192]	[187, 193, -141, -130, 3]	[294, -243, -231, -92, -135]	[144, 13, -13, 65, 14]	[-115, 153, 71, 227, -6]	[10000, 10000, 10000, 9994, 10000]	[197, 237, 34, 13, 125]
100	10.5	[-50, -20, 148, -40, 263]	[-245, -137, -61, -194, -185]	[228, -241, 130, 58, -53]	[-190, -226, 56, -117, -132]	[203, 123, -52, 1, 76]	[271, 185, -29, -130, -61]	[175, 129, 24, 144, 186]	[187, 213, -176, -128, 3]	[294, -243, -231, -83, -138]	[144, 13, -13, 59, 14]	[-115, 162, 72, 254, 6]	[10000, 10000, 9995, 10004, 9988]	[222, 237, 107, 13, 125]
101	11.5	[-50, -20, 148, -40, 263]	[-245, -137, -61, -194, -184]	[228, -238, 130, 58, -57]	[-190, -227, 56, -113, -135]	[203, 75, -52, -3, 76]	[267, 184, -31, -126, -61]	[175, 9, 27, 156, 189]	[187, 199, -137, -143, 5]	[293, -243, -231, -91, -138]	[148, 13, -20, 59, 14]	[-116, 160, 71, 217, 3]	[10000, 10000, 9996, 9994, 9995]	[197, 237, 113, 13, 125]
102	11.0	[-50, -20, 148, -40, 263]	[-245, -137, -60, -200, -184]	[225, -231, 99, 58, -51]	[-144, -227, 55, -111, -132]	[203, 123, -52, -12, 16]	[271, 185, -25, -130, -101]	[169, 126, 9, 170, 191]	[187, 193, -142, -143, -1]	[294, -243, -232, -83, -124]	[144, 13, -13, 59, 14]	[-115, 128, 71, 230, -6]	[10000, 10000, 10000, 9994, 10000]	[197, 237, 107, 13, 125]
103	11.0	[-50, -20, 154, -40, 263]	[-251, -143, -61, -194, -179]	[222, -236, 127, 56, -66]	[-107, -227, 98, -120, -151]	[203, 103, -71, 0, -6]	[271, 182, -8, -104, -164]	[184, 13, 14, 145, 187]	[223, 213, -138, -134, 5]	[294, -242, -231, -87, -164]	[144, 13, -40, 83, 14]	[-121, 153, 70, 230, 13]	[10000, 10000, 10000, 9994, 9994]	[203, 237, -60, 34, -148]
104	11.0	[-50, -20, 148, -40, 263]	[-245, -137, -60, -200, -184]	[225, -231, 99, 58, -51]	[-144, -227, 55, -111, -132]	[203, 123, -52, -12, 16]	[271, 185, -25, -130, -101]	[169, 126, 9, 170, 191]	[187, 193, -142, -143, -1]	[294, -243, -232, -83, -124]	[144, 13, -13, 59, 14]	[-115, 128, 71, 230, -6]	[10000, 10000, 10000, 9994, 10000]	[197, 237, 107, 13, 125]
105	11.0	[-50, -20, 148, -40, 263]	[-245, -137, -61, -194, -185]	[228, -241, 130, 58, -53]	[-190, -226, 56, -117, -126]	[203, 123, -52, 1, 76]	[271, 185, -29, -130, -61]	[175, 129, 24, 144, 186]	[187, 213, -176, -128, 4]	[293, -243, -231, -83, -138]	[144, 13, -13, 59, 14]	[-116, 160, 72, 254, 6]	[10000, 10000, 9996, 9995, 9988]	[222, 231, 107, 13, 125]
106	12.0	[-50, -20, 148, -40, 263]	[-245, -143, -61, -194, -181]	[228, -248, 129, 58, -51]	[-159, -227, 45, -131, -175]	[165, 103, -63, -60, -5]	[264, 178, -6, -122, -61]	[170, 23, 6, 205, 186]	[215, 215, -170, -120, 0]	[294, -237, -231, -86, -187]	[150, 13, -13, 84, 14]	[-115, 153, 71, 230, -6]	[10000, 10000, 10000, 9994, 10000]	[191, 237, 113, 13, 125]
107	14.5	[-50, -20, 123, -40, 263]	[-249, -139, -61, -194, -180]	[228, -236, 137, 58, -60]	[-165, -228, 61, -112, -132]	[203, 93, -52, -13, 48]	[269, 178, -30, -114, -104]	[175, -19, 33, 154, 194]	[187, 194, -138, -139, 2]	[292, -241, -231, -91, -138]	[150, 13, -44, 59, 14]	[-121, 160, 68, 185, 8]	[10000, 10001, 10000, 9994, 9995]	[197, 237, 24, 13, 125]
108	14.0	[-50, -20, 148, -40, 263]	[-247, -141, -61, -200, -179]	[228, -236, 102, 53, -51]	[-87, -228, 70, -104, -153]	[212, 103, -80, -22, -11]	[243, 176, -25, -125, -69]	[184, -68, 36, 157, 195]	[208, 183, -137, -142, 6]	[294, -243, -230, -92, -201]	[144, 44, -20, 59, 14]	[-116, 151, 70, 208, -6]	[10000, 10000, 10000, 10021, 10000]	[197, 237, -60, 34, -148]
109	12.5	[-50, -20, 148, -15, 263]	[-239, -137, -61, -194, -185]	[228, -241, 130, 58, -57]	[-190, -226, 55, -111, -132]	[203, 123, -52, 1, 41]	[271, 157, -25, -114, -61]	[182, 61, 24, 144, 186]	[187, 192, -137, -128, 3]	[294, -243, -231, -86, -147]	[144, 13, -13, 59, 14]	[-115, 162, 72, 229, -4]	[10000, 10000, 9995, 9998, 9988]	[197, 237, 107, 13, 125]
110	14.5	[-50, -20, 148, -40, 263]	[-245, -137, -61, -194, -181]	[234, -238, 127, 54, -76]	[-94, -226, 49, -131, -175]	[165, 101, -83, 1, 76]	[264, 166, -6, -122, -61]	[170, 13, -7, 205, 186]	[215, 220, -177, -115, 0]	[294, -240, -231, -86, -187]	[150, 13, -9, 59, 14]	[-115, 153, 71, 230, -6]	[10000, 10000, 10000, 9994, 10000]	[197, 237, 113, 13, 125]
111	9.5	[-50, -20, 148, -40, 263]	[-245, -137, -61, -194, -181]	[234, -238, 127, 54, -76]	[-94, -226, 49, -131, -175]	[165, 101, -83, 1, 76]	[264, 166, -6, -122, -61]	[170, 13, -7, 205, 186]	[215, 220, -177, -115, 0]	[294, -240, -231, -86, -187]	[150, 13, -9, 59, 14]	[-115, 153, 71, 230, -6]	[10000, 10000, 10000, 9994, 10000]	[197, 237, 113, 13, 125]
112	13.5	[-50, -20, 148, -40, 263]	[-245, -137, -61, -194, -185]	[228, -241, 130, 58, -53]	[-190, -226, 56, -111, -132]	[203, 123, -52, 1, 76]	[270, 184, -30, -130, -61]	[175, 96, 24, 144, 186]	[187, 204, -163, -138, 3]	[293, -243, -231, -83, -138]	[144, 13, -20, 59, 14]	[-115, 162, 71, 254, 6]	[10000, 10000, 9995, 10004, 9988]	[222, 236, 109, 13, 125]
113	14.0	[-50, -20, 148, -40, 263]	[-245, -137, -61, -194, -181]	[234, -238, 128, 55, -64]	[-154, -227, 49, -131, -175]	[165, 101, -80, 1, 76]	[264, 167, -6, -122, -61]	[170, 20, -2, 205, 186]	[215, 222, -211, -115, 0]	[294, -243, -231, -86, -187]	[156, 13, -7, 59, 14]	[-115, 153, 71, 230, -6]	[10000, 10000, 10000, 9994, 10000]	[197, 237, 113, 13, 125]
114	13.0	[-50, -20, 148, -40, 263]	[-245, -137, -61, -194, -181]	[234, -238, 128, 55, -76]	[-94, -226, 49, -131, -175]	[165, 101, -83, 1, 76]	[264, 166, -6, -122, -61]	[170, 13, -7, 205, 186]	[215, 220, -177, -115, 0]	[294, -240, -231, -86, -187]	[150, 13, -9, 59, 14]	[-115, 153, 71, 230, -6]	[10000, 10000, 10000, 9994, 10000]	[197, 237, 113, 13, 125]
115	14.0	[-50, -20, 148, -15, 263]	[-239, -137, -61, -194, -185]	[228, -241, 130, 58, -57]	[-190, -226, 55, -111, -132]	[203, 123, -52, 1, 41]	[271, 157, -25, -114, -61]	[182, 61, 24, 144, 186]	[187, 192, -137, -128, 3]	[294, -243, -231, -86, -147]	[144, 13, -13, 59, 14]	[-115, 162, 72, 229, -4]	[10000, 10000, 9995, 9998, 9988]	[197, 237, 107, 13, 125]
116	11.5	[-50, -20, 148, -40, 263]	[-245, -137, -61, -194, -181]	[234, -238, 128, 55, -64]	[-154, -227, 49, -131, -175]	[165, 101, -80, 1, 76]	[264, 167, -6, -122, -61]	[170, 20, -2, 205, 186]	[215, 222, -211, -115, 0]	[294, -243, -231, -86, -187]	[156, 13, -7, 59, 14]	[-115, 153, 71, 230, -6]	[10000, 10000, 10000, 9994, 10000]	[197, 237, 113, 13, 125]
117	10.5	[-50, -20, 148, -40, 263]	[-245, -138, -60, -200, -184]	[225, -231, 104, 58, -51]	[-144, -227, 55, -111, -132]	[203, 91, -52, -12, 16]	[271, 181, -25, -130, -101]	[181, 48, 25, 170, 191]	[187, 193, -142, -143, -1]	[294, -243, -232, -83, -124]	[144, 13, -13, 59, 14]	[-115, 128, 71, 230, -6]	[10000, 10000, 10000, 9994, 10000]	[197, 237, 107, 13, 125]
118	8.5	[-50, -20, 148, -40, 263]	[-245, -137, -61, -194, -185]	[228, -241, 130, 58, -53]	[-190, -227, 55, -111, -132]	[203, 102, -52, 1, 76]	[270, 185, -27, -130, -61]	[175, 86, 24, 144, 186]	[187, 201, -163, -138, 3]	[293, -243, -231, -83, -138]	[144, 13, -20, 59, 14]	[-115, 162, 71, 254, 6]	[10000, 10000, 9995, 10004, 9988]	[222, 236, 109, 13, 125]
119	13.5	[-50, -26, 148, -40, 263]	[-245, -137, -61, -194, -181]	[230, -239, 128, 55, -64]	[-154, -227, 49, -131, -166]	[169, 102, -53, 1, 76]	[264, 167, -9, -122, -61]	[170, 20, -2, 205, 186]	[215, 222, -211, -115, 0]	[294, -243, -231, -86, -187]	[156, 13, -7, 59, 14]	[-115, 153, 71, 230, -6]	[10000, 10000, 10000, 9994, 10000]	[197, 237, 113, 13, 125]
120	16.0	[-50, -20, 126, -40, 263]	[-245, -139, -61, -194, -184]	[228, -238, 114, 58, -51]	[-215, -227, 60, -111, -132]	[203, 123, -50, -7, 14]	[271, 180, -25, -130, -72]	[179, 10, 26, 158, 194]	[187, 193, -149, -141, 3]	[294, -243, -231, -91, -130]	[144, 13, -13, 65, 14]	[-115, 153, 71, 227, -6]	[10000, 10000, 10000, 9994, 10000]	[197, 237, 45, 13, 125]
121	12.0	[-50, -20, 148, -40, 263]	[-245, -137, -60, -200, -184]	[225, -231, 99, 58, -51]	[-144, -227, 55, -111, -132]	[203, 91, -52, -10, 60]	[266, 185, -25, -130, -101]	[175, -24, 12, 167, 191]	[187, 199, -155, -143, -1]	[294, -243, -231, -84, -199]	[144, 13, -20, 59, 14]	[-115, 157, 71, 246, -3]	[10000, 10000, 10000, 10000, 9989]	[197, 237, 107, 13, 125]
122	12.5	[-50, -20, 148, -40, 263]	[-245, -137, -61, -194, -181]	[234, -238, 128, 55, -76]	[-94, -226, 49, -131, -175]	[165, 101, -83, 1, 76]	[264, 166, -6, -122, -61]	[170, 13, -7, 205, 186]	[215, 220, -177, -115, 0]	[294, -240, -231, -86, -187]	[150, 13, -9, 59, 14]	[-115, 153, 71, 230, -6]	[10000, 10000, 10000, 9994, 10000]	[197, 237, 113, 13, 125]
123	12.5	[-50, -20, 148, -40, 263]	[-245, -137, -61, -194, -181]	[234, -238, 128, 55, -64]	[-154, -227, 49, -131, -175]	[165, 101, -80, 1, 76]	[264, 167, -6, -122, -61]	[170, 86, 0, 205, 186]	[215, 214, -199, -130, 0]	[294, -243, -231, -86, -187]	[156, 13, -7, 59, 14]	[-115, 153, 71, 230, 5]	[10000, 10000, 10000, 9994, 10000]	[197, 237, 113, 13, 125]
124	10.5	[-50, -20, 148, -40, 263]	[-245, -138, -60, -200, -184]	[225, -231, 104, 58, -51]	[-144, -227, 55, -111, -132]	[203, 91, -52, -12, 16]	[271, 181, -25, -130, -101]	[181, 48, 25, 170, 191]	[187, 193, -142, -137, -1]	[294, -243, -232, -83, -124]	[144, 13, -13, 59, 14]	[-115, 128, 71, 230, -6]	[10000, 10000, 10000, 9994, 10000]	[197, 237, 107, 13, 125]
125	14.0	[-50, -20, 148, -40, 263]	[-245, -137, -60, -200, -184]	[225, -231, 99, 58, -51]	[-144, -227, 55, -111, -132]	[203, 91, -52, -10, 60]	[266, 185, -25, -130, -101]	[175, -24, 12, 167, 191]	[187, 199, -155, -143, -1]	[294, -243, -231, -84, -199]	[144, 13, -20, 59, 14]	[-115, 157, 71, 246, -3]	[10000, 10000, 10000, 10000, 9989]	[197, 237, 107, 13, 125]
126	13.0	[-50, -20, 148, -40, 263]	[-245, -137, -60, -200, -184]	[225, -231, 99, 58, -51]	[-144, -227, 55, -111, -132]	[203, 91, -52, -10, 60]	[266, 185, -25, -130, -101]	[175, -24, 12, 167, 191]	[187, 199, -155, -143, -1]	[294, -243, -231, -84, -199]	[144, 13, -20, 59, 14]	[-115, 157, 71, 246, -3]	[10000, 10000, 10000, 10000, 9989]	[197, 237, 107, 13, 125]
127	12.0	[-50, -20, 148, -40, 263]	[-245, -137, -61, -194, -181]	[234, -238, 128, 55, -76]	[-94, -226, 49, -131, -175]	[165, 101, -83, 1, 76]	[264, 166, -6, -122, -61]	[170, 13, -7, 205, 186]	[215, 220, -177, -115, 0]	[294, -240, -231, -86, -187]	[150, 13, -9, 59, 14]	[-115, 153, 71, 230, -6]	[10000, 10000, 10000, 9994, 10000]	[197, 237, 113, 13, 125]
128	13.5	[-50, -26, 148, -40, 263]	[-245, -137, -61, -194, -181]	[230, -239, 128, 55, -64]	[-154, -227, 49, -131, -166]	[169, 102, -53, 1, 76]	[264, 167, -9, -122, -61]	[170, 20, -2, 205, 186]	[215, 222, -206, -121, 0]	[294, -243, -231, -86, -152]	[149, 13, -13, 59, 14]	[-115, 153, 71, 230, -6]	[10000, 10000, 10000, 9994, 10000]	[197, 237, 113, 13, 125]
129	10.0	[-50, -20, 148, -15, 263]	[-239, -137, -61, -194, -185]	[228, -241, 130, 58, -57]	[-190, -226, 55, -111, -132]	[203, 114, -55, 1, 33]	[271, 157, -18, -114, -61]	[176, 50, 24, 146, 186]	[187, 193, -136, -131, 3]	[294, -249, -231, -86, -147]	[144, 13, -13, 59, 14]	[-115, 162, 72, 229, -4]	[10000, 10000, 9995, 9998, 9988]	[197, 237, 107, 13, 125]
130	12.0	[-50, -20, 148, -40, 263]	[-239, -137, -61, -194, -181]	[234, -238, 128, 55, -76]	[-94, -226, 49, -131, -175]	[165, 101, -83, 1, 76]	[264, 166, -6, -122, -61]	[170, 13, -7, 205, 186]	[215, 220, -177, -115, 0]	[294, -240, -231, -86, -187]	[150, 13, -9, 59, 14]	[-115, 153, 71, 230, -6]	[10000, 10000, 10000, 9994, 10000]	[197, 237, 113, 13, 125]
131	12.5	[-50, -20, 126, -40, 263]	[-245, -139, -61, -194, -184]	[228, -238, 114, 58, -51]	[-215, -227, 60, -111, -132]	[203, 119, -60, -7, 14]	[271, 180, -17, -124, -72]	[179, 10, 26, 158, 194]	[187, 199, -149, -141, 3]	[294, -243, -231, -91, -130]	[144, 13, -7, 65, 14]	[-115, 153, 71, 227, -6]	[9994, 10000, 10000, 9994, 10000]	[197, 237, 45, 13, 125]
132	12.0	[-50, -20, 154, -40, 263]	[-245, -138, -60, -200, -184]	[225, -231, 104, 58, -51]	[-144, -227, 55, -111, -132]	[203, 91, -52, -12, 16]	[271, 181, -25, -130, -101]	[181, 48, 25, 170, 191]	[187, 193, -142, -137, -1]	[294, -243, -232, -83, -124]	[144, 13, -13, 59, 14]	[-115, 128, 71, 230, -6]	[10000, 10000, 10000, 9994, 10000]	[197, 237, 107, 13, 125]
133	15.5	[-50, -20, 126, -40, 263]	[-245, -139, -61, -194, -184]	[228, -234, 114, 52, -51]	[-167, -227, 59, -111, -132]	[203, 123, -50, -7, 14]	[271, 180, -25, -130, -72]	[178, 10, 26, 158, 194]	[187, 215, -202, -128, 1]	[294, -243, -231, -91, -130]	[144, 13, -13, 65, 14]	[-115, 153, 71, 227, -6]	[10000, 10000, 10000, 9994, 10000]	[197, 237, 45, 13, 125]
134	16.5	[-50, -14, 123, -40, 263]	[-249, -139, -61, -194, -180]	[234, -236, 137, 58, -60]	[-165, -228, 61, -112, -132]	[203, 83, -77, -23, 48]	[269, 178, -30, -114, -104]	[169, -19, 33, 154, 194]	[187, 194, -138, -139, 2]	[292, -241, -231, -91, -138]	[150, 13, -44, 53, 14]	[-121, 160, 68, 185, 8]	[10000, 10001, 10000, 9994, 9995]	[197, 237, 24, 13, 125]
135	11.0	[-50, -20, 147, -40, 263]	[-245, -137, -61, -199, -183]	[225, -236, 100, 58, -52]	[-144, -227, 58, -118, -138]	[203, 100, -63, -8, 12]	[267, 184, -12, -112, -82]	[169, -49, 26, 167, 191]	[187, 193, -144, -137, 3]	[294, -247, -231, -87, -167]	[144, 13, -13, 59, 14]	[-116, 133, 70, 218, -6]	[10000, 10000, 10000, 9994, 10000]	[197, 237, 107, 13, 125]
136	15.5	[-50, -26, 148, -40, 263]	[-245, -137, -61, -194, -181]	[230, -239, 128, 61, -64]	[-154, -227, 49, -131, -132]	[179, 111, -55, 1, 76]	[264, 167, -22, -124, -62]	[179, 18, -2, 205, 186]	[191, 222, -159, -123, 2]	[294, -243, -231, -86, -152]	[149, 13, -13, 59, 14]	[-115, 153, 71, 230, -6]	[10000, 10000, 10000, 9994, 10000]	[197, 237, 113, 13, 125]
137	12.0	[-50, -20, 147, -40, 263]	[-245, -137, -61, -199, -183]	[225, -236, 100, 58, -52]	[-144, -227, 58, -118, -138]	[203, 100, -63, -8, 12]	[267, 184, -12, -112, -82]	[169, -49, 26, 167, 191]	[187, 193, -144, -137, 3]	[294, -247, -231, -87, -167]	[144, 13, -13, 59, 14]	[-116, 133, 70, 218, -6]	[10000, 10000, 10000, 9994, 10000]	[197, 237, 107, 13, 125]
138	12.0	[-50, -20, 154, -40, 263]	[-245, -137, -60, -200, -184]	[219, -231, 99, 58, -51]	[-144, -227, 55, -111, -132]	[209, 91, -52, -10, 60]	[266, 185, -25, -130, -101]	[175, -24, 12, 154, 193]	[187, 196, -161, -139, -1]	[294, -243, -231, -84, -199]	[144, 13, -20, 59, 14]	[-115, 157, 71, 246, -3]	[10000, 10000, 10000, 10000, 9989]	[197, 237, 107, 13, 125]
139	14.0	[-50, -20, 148, -15, 263]	[-244, -137, -61, -200, -185]	[229, -240, 115, 57, -61]	[-177, -226, 55, -117, -174]	[203, 104, -58, 1, 65]	[265, 157, -18, -121, -61]	[172, 44, 19, 205, 186]	[187, 193, -136, -128, -3]	[294, -244, -231, -86, -147]	[144, 13, -13, 59, 14]	[-115, 143, 72, 230, -4]	[10000, 10000, 9997, 9998, 9988]	[197, 237, 107, 13, 125]
140	11.0	[-50, -20, 154, -40, 263]	[-245, -138, -60, -200, -184]	[225, -231, 112, 54, -51]	[-160, -227, 57, -111, -132]	[199, 99, -72, -7, 16]	[271, 181, -20, -124, -87]	[175, 14, 6, 187, 191]	[201, 207, -142, -137, -1]	[294, -243, -232, -83, -124]	[144, 13, -13, 59, 14]	[-115, 128, 71, 230, -6]	[10000, 10000, 10000, 9994, 10000]	[197, 237, 107, 13, 125]
141	10.0	[-50, -20, 154, -40, 257]	[-245, -138, -60, -200, -184]	[225, -231, 112, 54, -51]	[-160, -227, 57, -111, -132]	[203, 101, -51, -7, 16]	[271, 181, -25, -130, -101]	[181, 48, 25, 170, 188]	[187, 193, -142, -136, 0]	[294, -243, -232, -83, -124]	[144, 13, -13, 59, 14]	[-115, 128, 71, 230, -6]	[10000, 10000, 10000, 9994, 10000]	[197, 237, 107, 13, 125]
142	12.5	[-50, -20, 148, -40, 263]	[-245, -137, -60, -200, -184]	[225, -232, 104, 58, -51]	[-144, -227, 55, -111, -132]	[203, 91, -46, -16, 60]	[266, 185, -25, -130, -101]	[175, -24, 12, 167, 191]	[187, 199, -155, -143, -1]	[294, -243, -231, -84, -199]	[144, 13, -20, 59, 14]	[-115, 157, 71, 246, -3]	[10000, 10000, 10000, 10000, 9989]	[191, 237, 107, 13, 125]
143	12.0	[-50, -20, 148, -40, 263]	[-245, -137, -60, -200, -184]	[228, -232, 113, 58, -51]	[-144, -227, 55, -111, -132]	[203, 91, -46, -16, 60]	[266, 185, -25, -130, -101]	[175, -24, 12, 167, 191]	[187, 199, -155, -143, -1]	[294, -243, -231, -84, -199]	[144, 13, -20, 59, 14]	[-115, 157, 71, 246, -3]	[10000, 10000, 10000, 10000, 9989]	[191, 237, 107, 13, 125]
144	14.0	[-50, -20, 148, -40, 263]	[-245, -137, -61, -200, -184]	[228, -232, 113, 58, -54]	[-122, -227, 49, -115, -175]	[203, 91, -46, -3, 60]	[266, 185, -25, -130, -101]	[175, -24, 12, 167, 191]	[187, 199, -155, -143, -1]	[294, -243, -231, -84, -199]	[144, 13, -20, 59, 14]	[-115, 157, 71, 246, -3]	[10000, 10000, 10000, 10000, 9989]	[191, 237, 107, 13, 125]
145	12.5	[-50, -20, 148, -40, 263]	[-245, -137, -60, -200, -184]	[222, -232, 103, 58, -51]	[-144, -227, 55, -111, -132]	[209, 91, -49, -14, 60]	[266, 185, -25, -130, -101]	[175, -24, 12, 154, 193]	[187, 196, -155, -139, -1]	[294, -243, -231, -84, -199]	[144, 13, -20, 59, 14]	[-115, 157, 71, 246, -3]	[10000, 10000, 10000, 10000, 9989]	[197, 237, 107, 13, 125]
146	9.5	[-50, -20, 148, -40, 263]	[-245, -137, -61, -200, -184]	[228, -232, 113, 58, -54]	[-122, -227, 49, -115, -175]	[203, 91, -46, -3, 60]	[266, 185, -25, -130, -101]	[175, -24, 12, 167, 191]	[187, 199, -155, -143, -1]	[294, -243, -231, -84, -199]	[144, 13, -20, 59, 14]	[-115, 157, 71, 246, -3]	[10000, 10000, 10000, 10000, 9989]	[191, 237, 107, 13, 125]
147	15.5	[-50, -20, 154, -40, 257]	[-245, -138, -60, -200, -184]	[225, -231, 112, 54, -51]	[-160, -227, 57, -111, -132]	[203, 102, -51, -7, 16]	[267, 158, -19, -127, -85]	[181, 48, 19, 171, 187]	[187, 193, -138, -135, -1]	[294, -243, -232, -83, -124]	[150, 13, -13, 59, 14]	[-115, 128, 71, 230, -6]	[10000, 10000, 10000, 9994, 10000]	[197, 237, 107, 13, 125]
148	14.5	[-50, -20, 148, -15, 263]	[-245, -137, -60, -200, -185]	[229, -237, 113, 56, -61]	[-177, -227, 55, -116, -165]	[203, 103, -55, -6, 17]	[265, 157, -17, -127, -85]	[178, 47, 22, 189, 189]	[187, 194, -139, -134, -1]	[294, -244, -231, -87, -147]	[144, 13, -13, 63, 14]	[-115, 143, 67, 227, 2]	[10000, 10000, 9997, 9996, 9988]	[197, 237, 107, 13, 125]
149	12.0	[-50, -20, 154, -40, 263]	[-245, -138, -60, -200, -184]	[225, -231, 112, 54, -51]	[-160, -227, 56, -111, -132]	[208, 97, -49, -9, 39]	[271, 181, -20, -127, -101]	[175, -2, 7, 187, 191]	[201, 207, -142, -138, -1]	[294, -243, -232, -83, -124]	[144, 13, -13, 59, 14]	[-115, 128, 71, 230, -6]	[10000, 10000, 10000, 9994, 10000]	[197, 237, 107, 13, 125]
150	12.0	[-50, -20, 154, -40, 263]	[-245, -139, -61, -197, -183]	[228, -236, 110, 58, -51]	[-144, -227, 55, -111, -132]	[203, 106, -58, -12, 16]	[271, 181, -16, -112, -81]	[172, -12, 26, 170, 191]	[187, 197, -176, -137, -1]	[294, -243, -232, -83, -124]	[144, 13, -13, 59, 14]	[-115, 128, 71, 230, -6]	[10000, 10000, 10000, 9994, 10000]	[197, 237, 107, 13, 125]
151	12.5	[-50, -20, 149, -40, 263]	[-245, -137, -60, -200, -184]	[222, -232, 106, 57, -51]	[-144, -227, 55, -111, -132]	[209, 91, -49, -14, 60]	[266, 185, -25, -130, -101]	[175, -24, 12, 154, 193]	[187, 196, -155, -139, -1]	[294, -243, -231, -84, -199]	[144, 13, -20, 59, 14]	[-115, 157, 71, 246, -3]	[10000, 10000, 10000, 10000, 9989]	[197, 237, 107, 13, 125]
152	13.0	[-50, -20, 148, -40, 263]	[-245, -137, -60, -200, -184]	[228, -232, 113, 58, -51]	[-144, -227, 55, -111, -132]	[203, 91, -46, -16, 60]	[266, 185, -25, -130, -101]	[175, -24, 12, 167, 191]	[187, 199, -155, -143, -1]	[294, -243, -231, -84, -199]	[144, 13, -20, 59, 14]	[-115, 157, 71, 246, -3]	[10000, 10000, 10000, 10000, 9989]	[191, 237, 107, 13, 125]
153	10.0	[-50, -14, 123, -40, 257]	[-249, -139, -61, -194, -180]	[234, -236, 137, 58, -60]	[-165, -228, 61, -112, -132]	[203, 83, -77, -23, 48]	[269, 178, -30, -114, -104]	[169, -19, 33, 160, 194]	[187, 188, -138, -139, 2]	[286, -241, -231, -91, -138]	[150, 13, -44, 53, 14]	[-121, 160, 68, 185, 8]	[10000, 10007, 10000, 9994, 9995]	[197, 237, 24, 13, 125]
154	10.5	[-50, -20, 123, -40, 257]	[-249, -139, -61, -194, -180]	[234, -236, 137, 58, -60]	[-165, -228, 61, -112, -132]	[203, 83, -77, -23, 48]	[269, 178, -30, -114, -104]	[169, -19, 33, 160, 194]	[187, 188, -138, -139, 2]	[286, -241, -231, -91, -138]	[150, 13, -44, 53, 14]	[-121, 160, 68, 185, 8]	[10000, 10007, 10000, 9994, 9995]	[197, 237, 24, 13, 125]
155	11.5	[-50, -20, 147, -40, 263]	[-245, -139, -60, -198, -184]	[225, -236, 109, 55, -52]	[-144, -227, 58, -112, -135]	[203, 104, -53, -9, 12]	[271, 181, -12, -112, -82]	[169, -41, 26, 163, 191]	[187, 193, -144, -137, 9]	[294, -247, -231, -87, -167]	[144, 13, -7, 59, 14]	[-116, 133, 70, 218, -6]	[10000, 10000, 9999, 9994, 10000]	[197, 237, 107, 13, 125]
156	11.5	[-50, -20, 123, -40, 257]	[-249, -139, -61, -194, -180]	[234, -236, 137, 58, -60]	[-165, -228, 61, -112, -132]	[203, 83, -77, -23, 48]	[269, 178, -30, -114, -104]	[169, -19, 33, 160, 194]	[187, 188, -138, -139, 2]	[286, -241, -231, -91, -138]	[150, 13, -44, 53, 14]	[-121, 160, 68, 185, 8]	[10000, 10007, 10000, 9994, 9995]	[197, 237, 24, 13, 125]
157	14.5	[-50, -14, 149, -40, 263]	[-245, -137, -60, -200, -184]	[222, -232, 106, 57, -51]	[-144, -227, 55, -111, -132]	[209, 91, -49, -14, 60]	[266, 185, -25, -130, -101]	[175, -24, 12, 154, 193]	[187, 196, -155, -139, -1]	[294, -243, -231, -84, -199]	[144, 13, -20, 59, 14]	[-115, 157, 71, 246, -3]	[10000, 10000, 10000, 10000, 9989]	[197, 237, 107, 13, 125]
158	11.0	[-50, -20, 147, -40, 263]	[-245, -139, -61, -197, -183]	[225, -236, 109, 58, -52]	[-144, -227, 58, -112, -138]	[203, 104, -60, -8, 12]	[268, 181, -19, -112, -82]	[175, -41, 26, 169, 191]	[187, 193, -160, -137, 9]	[294, -243, -237, -84, -191]	[144, 13, -16, 59, 14]	[-116, 128, 71, 242, -6]	[10000, 10000, 10000, 9996, 10000]	[191, 237, 107, 13, 125]
159	15.0	[-50, -20, 147, -40, 263]	[-245, -139, -61, -197, -183]	[225, -232, 112, 56, -52]	[-144, -227, 58, -111, -138]	[203, 104, -60, -8, 12]	[268, 181, -12, -112, -82]	[169, -41, 26, 163, 191]	[187, 193, -144, -137, 9]	[294, -247, -231, -87, -167]	[144, 19, -7, 59, 14]	[-116, 133, 70, 218, -6]	[10000, 10000, 9999, 9994, 10000]	[197, 237, 107, 13, 125]
160	12.5	[-50, -20, 147, -40, 263]	[-245, -139, -61, -197, -183]	[225, -236, 109, 58, -52]	[-144, -233, 58, -112, -138]	[203, 104, -60, -8, 12]	[268, 181, -19, -112, -82]	[175, -41, 26, 169, 191]	[187, 193, -160, -137, 9]	[294, -243, -237, -84, -191]	[144, 13, -16, 59, 14]	[-116, 128, 71, 242, -6]	[10000, 10000, 10000, 9996, 10000]	[191, 237, 107, 13, 125]
161	12.5	[-50, -20, 123, -40, 257]	[-249, -139, -61, -194, -180]	[234, -236, 137, 58, -60]	[-165, -228, 61, -112, -132]	[203, 83, -77, -23, 48]	[269, 178, -30, -114, -104]	[169, -19, 33, 160, 194]	[187, 188, -138, -139, 2]	[286, -241, -231, -97, -138]	[150, 13, -44, 53, 14]	[-121, 160, 68, 185, 8]	[10000, 10007, 10000, 9994, 9995]	[197, 237, 24, 13, 125]
162	14.5	[-50, -20, 147, -40, 263]	[-245, -139, -61, -197, -183]	[225, -236, 109, 58, -52]	[-144, -233, 58, -112, -138]	[203, 104, -60, -8, 12]	[268, 181, -14, -112, -82]	[175, -41, 26, 169, 191]	[187, 193, -160, -137, 9]	[294, -247, -233, -85, -191]	[144, 13, -16, 59, 14]	[-116, 128, 71, 242, -6]	[10000, 10000, 10000, 9996, 10000]	[191, 237, 107, 13, 125]
163	14.5	[-50, -20, 148, -40, 263]	[-245, -137, -60, -200, -184]	[228, -232, 113, 58, -51]	[-144, -227, 55, -111, -132]	[203, 91, -46, -16, 60]	[266, 185, -25, -130, -101]	[175, -24, 12, 167, 191]	[187, 198, -152, -140, -1]	[294, -243, -231, -84, -199]	[150, 13, -20, 59, 14]	[-115, 157, 71, 246, -3]	[10000, 10000, 10000, 10000, 9989]	[191, 237, 107, 13, 125]
164	11.0	[-50, -20, 123, -40, 263]	[-249, -137, -61, -194, -180]	[233, -236, 114, 58, -60]	[-160, -228, 61, -112, -132]	[203, 83, -54, -16, 53]	[269, 178, -26, -114, -104]	[169, -17, 32, 157, 194]	[187, 190, -143, -139, 2]	[290, -241, -237, -91, -138]	[150, 13, -44, 53, 14]	[-121, 133, 67, 210, 8]	[10000, 10004, 10000, 9994, 9995]	[197, 237, 24, 13, 125]
165	14.0	[-50, -20, 147, -40, 263]	[-245, -139, -61, -197, -183]	[225, -236, 109, 58, -52]	[-144, -233, 58, -112, -138]	[203, 104, -60, -8, 12]	[268, 181, -14, -112, -82]	[175, -41, 26, 169, 191]	[187, 193, -160, -137, 9]	[288, -247, -233, -85, -191]	[144, 13, -16, 59, 14]	[-116, 128, 71, 242, -6]	[10000, 10000, 10000, 9996, 10000]	[191, 237, 107, 13, 125]
166	13.5	[-50, -20, 147, -40, 263]	[-245, -139, -60, -198, -184]	[225, -236, 109, 55, -52]	[-144, -227, 58, -112, -135]	[203, 104, -59, -9, 12]	[271, 181, -12, -112, -82]	[169, -41, 26, 163, 191]	[187, 193, -144, -137, 9]	[294, -247, -231, -87, -167]	[144, 13, -7, 59, 14]	[-116, 133, 70, 218, -6]	[10000, 10000, 9999, 9994, 10000]	[197, 237, 107, 13, 125]
167	17.5	[-50, -14, 149, -40, 263]	[-245, -137, -60, -200, -184]	[222, -232, 106, 57, -51]	[-144, -227, 55, -111, -132]	[209, 91, -49, -14, 60]	[266, 185, -25, -130, -101]	[175, -24, 12, 154, 193]	[187, 196, -155, -139, -1]	[294, -243, -231, -84, -199]	[144, 13, -20, 59, 14]	[-115, 157, 71, 246, -3]	[10000, 10000, 10000, 10000, 9989]	[197, 237, 107, 13, 125]
168	14.0	[-50, -15, 149, -34, 263]	[-245, -137, -60, -200, -190]	[226, -232, 106, 57, -51]	[-144, -227, 60, -115, -132]	[206, 86, -52, -14, 60]	[266, 185, -25, -130, -101]	[175, -24, 12, 154, 193]	[187, 197, -155, -139, -1]	[294, -243, -231, -84, -199]	[144, 13, -20, 59, 14]	[-115, 132, 71, 246, -3]	[10000, 10000, 10000, 10000, 9989]	[197, 237, 107, 13, 125]
169	12.5	[-50, -20, 148, -40, 263]	[-245, -137, -60, -200, -184]	[228, -232, 113, 58, -51]	[-144, -227, 61, -111, -132]	[203, 91, -46, -16, 60]	[266, 185, -25, -136, -101]	[175, -24, 12, 167, 191]	[187, 196, -149, -137, -1]	[294, -243, -233, -84, -178]	[150, 13, -20, 59, 14]	[-115, 157, 71, 246, -3]	[10000, 10000, 10000, 10000, 9989]	[191, 237, 107, 13, 125]
170	13.0	[-50, -20, 148, -40, 263]	[-245, -137, -60, -200, -184]	[228, -232, 113, 58, -51]	[-144, -227, 55, -111, -132]	[203, 91, -46, -16, 60]	[266, 185, -25, -130, -101]	[175, -24, 12, 167, 191]	[187, 198, -152, -137, -1]	[294, -243, -231, -84, -151]	[150, 13, -18, 59, 14]	[-115, 138, 71, 244, -4]	[10000, 10000, 10000, 9996, 9989]	[191, 237, 107, 13, 125]
171	14.5	[-50, -20, 147, -40, 263]	[-245, -139, -61, -197, -183]	[227, -236, 110, 58, -52]	[-144, -230, 60, -112, -138]	[203, 104, -60, -8, 12]	[268, 181, -19, -112, -82]	[175, -41, 26, 169, 191]	[187, 193, -160, -137, 9]	[294, -243, -237, -84, -191]	[144, 13, -16, 59, 14]	[-116, 134, 71, 234, -6]	[10000, 9998, 10000, 9996, 10000]	[191, 237, 107, 13, 125]
172	15.0	[-50, -20, 147, -40, 263]	[-245, -139, -61, -197, -183]	[227, -236, 110, 58, -52]	[-144, -230, 60, -112, -138]	[203, 104, -60, -8, 12]	[268, 181, -19, -112, -82]	[175, -41, 26, 169, 191]	[187, 193, -160, -137, 9]	[294, -243, -237, -84, -191]	[144, 13, -16, 59, 14]	[-116, 134, 71, 234, -6]	[10000, 9998, 10000, 9996, 10000]	[191, 237, 107, 13, 125]
173	11.5	[-50, -20, 148, -40, 263]	[-245, -137, -60, -200, -184]	[228, -232, 113, 58, -51]	[-144, -227, 55, -111, -132]	[203, 83, -49, -16, 60]	[269, 179, -18, -115, -101]	[169, -18, 15, 167, 191]	[187, 198, -152, -137, -1]	[294, -243, -231, -87, -147]	[150, 13, -18, 59, 14]	[-115, 138, 71, 244, -4]	[10000, 10000, 10000, 9996, 9989]	[191, 237, 107, 13, 125]
174	11.5	[-50, -20, 147, -40, 263]	[-245, -139, -60, -198, -190]	[225, -236, 109, 55, -52]	[-144, -227, 58, -112, -135]	[203, 103, -54, -7, 12]	[270, 172, -13, -113, -84]	[169, -9, 20, 170, 189]	[187, 193, -144, -137, 9]	[294, -247, -231, -87, -167]	[144, 13, -7, 59, 14]	[-116, 133, 70, 218, -6]	[10000, 10000, 9999, 9994, 10000]	[197, 237, 107, 13, 125]
175	12.5	[-50, -20, 148, -40, 263]	[-245, -137, -60, -200, -184]	[228, -232, 113, 58, -51]	[-144, -227, 55, -111, -132]	[203, 91, -46, -16, 60]	[266, 185, -25, -130, -101]	[175, -24, 12, 167, 191]	[187, 198, -152, -137, -1]	[294, -243, -231, -84, -151]	[150, 13, -18, 59, 14]	[-115, 138, 71, 244, -4]	[10000, 10000, 10000, 9996, 9989]	[191, 237, 107, 13, 125]
176	12.0	[-50, -14, 149, -40, 263]	[-245, -137, -60, -200, -184]	[222, -232, 106, 57, -51]	[-144, -227, 55, -111, -132]	[209, 91, -49, -14, 60]	[266, 185, -25, -130, -101]	[175, -24, 12, 154, 193]	[187, 196, -155, -139, -1]	[294, -243, -231, -84, -199]	[144, 13, -20, 59, 14]	[-115, 157, 71, 246, -3]	[10000, 10000, 10000, 10000, 9989]	[197, 237, 107, 13, 125]
177	11.0	[-50, -20, 123, -40, 257]	[-249, -139, -61, -194, -180]	[234, -236, 143, 58, -60]	[-165, -228, 61, -112, -132]	[203, 83, -77, -23, 48]	[269, 178, -30, -114, -104]	[169, -19, 33, 166, 194]	[187, 188, -138, -139, 2]	[286, -241, -231, -97, -138]	[150, 13, -44, 53, 14]	[-121, 160, 68, 185, 2]	[10000, 10007, 10006, 9994, 9995]	[197, 237, 24, 13, 125]
178	13.5	[-50, -20, 123, -40, 257]	[-249, -139, -61, -194, -180]	[228, -236, 138, 58, -60]	[-161, -232, 61, -111, -132]	[203, 88, -69, -16, 33]	[269, 180, -19, -112, -86]	[169, -39, 27, 169, 193]	[187, 190, -148, -138, 6]	[286, -243, -232, -93, -165]	[150, 13, -44, 53, 14]	[-121, 160, 68, 213, -3]	[10000, 10007, 10000, 9994, 9995]	[197, 237, 24, 13, 125]
179	13.5	[-50, -20, 147, -40, 263]	[-245, -139, -61, -197, -183]	[227, -236, 110, 58, -52]	[-144, -230, 60, -112, -138]	[203, 104, -60, -8, 12]	[268, 181, -19, -112, -82]	[175, -41, 26, 169, 191]	[187, 193, -160, -137, 9]	[294, -243, -237, -84, -191]	[144, 13, -16, 59, 14]	[-116, 134, 71, 234, -6]	[10000, 9998, 10000, 9996, 10000]	[191, 237, 107, 13, 125]
180	13.0	[-50, -20, 147, -40, 263]	[-245, -138, -60, -199, -184]	[228, -232, 111, 56, -52]	[-144, -227, 55, -111, -132]	[203, 96, -54, -16, 53]	[269, 179, -12, -115, -87]	[169, -18, 17, 164, 191]	[187, 198, -150, -137, -1]	[294, -245, -231, -87, -147]	[150, 13, -18, 59, 14]	[-115, 138, 71, 244, -4]	[10000, 10000, 10000, 9996, 9989]	[191, 237, 107, 13, 125]
181	12.0	[-50, -15, 149, -34, 263]	[-245, -137, -60, -200, -190]	[226, -232, 106, 57, -51]	[-144, -229, 60, -112, -136]	[206, 86, -52, -14, 60]	[266, 185, -25, -130, -101]	[175, -24, 12, 154, 193]	[187, 197, -155, -139, -1]	[294, -243, -231, -84, -199]	[144, 13, -20, 59, 14]	[-115, 132, 71, 246, -3]	[10000, 10000, 10000, 10000, 9989]	[197, 237, 107, 7, 125]
182	11.0	[-50, -15, 149, -34, 263]	[-245, -137, -60, -200, -190]	[226, -232, 106, 57, -51]	[-144, -229, 60, -112, -136]	[206, 86, -52, -14, 60]	[266, 185, -25, -130, -101]	[175, -24, 12, 154, 193]	[187, 197, -155, -139, -1]	[294, -243, -231, -84, -199]	[144, 13, -20, 59, 14]	[-115, 132, 71, 246, -3]	[10000, 10000, 10000, 10000, 9989]	[197, 237, 107, 7, 125]
183	13.5	[-50, -20, 148, -40, 263]	[-245, -137, -54, -200, -184]	[228, -232, 113, 58, -51]	[-144, -227, 61, -111, -132]	[203, 91, -46, -16, 60]	[266, 185, -25, -136, -101]	[175, -24, 12, 167, 191]	[187, 196, -149, -137, -1]	[294, -247, -232, -86, -177]	[150, 13, -20, 59, 14]	[-116, 137, 70, 241, -3]	[10000, 10000, 10000, 10000, 9989]	[191, 237, 107, 7, 125]
184	15.5	[-50, -20, 148, -40, 263]	[-245, -137, -60, -200, -184]	[228, -232, 113, 58, -56]	[-148, -228, 60, -111, -132]	[203, 91, -48, -21, 60]	[266, 185, -25, -117, -102]	[171, -24, 12, 167, 191]	[187, 198, -143, -139, -1]	[294, -243, -231, -90, -151]	[150, 13, -20, 54, 14]	[-119, 138, 71, 221, -4]	[10000, 10004, 10000, 9996, 9989]	[191, 237, 107, 13, 125]
185	14.5	[-50, -20, 148, -40, 263]	[-245, -137, -60, -200, -184]	[228, -232, 113, 58, -56]	[-148, -228, 60, -111, -132]	[203, 91, -48, -21, 60]	[266, 185, -25, -117, -102]	[171, -24, 12, 167, 191]	[187, 198, -143, -139, -1]	[294, -243, -231, -90, -151]	[150, 13, -20, 54, 14]	[-119, 138, 71, 221, -4]	[10000, 10004, 10000, 9996, 9989]	[191, 237, 107, 13, 125]
186	15.0	[-50, -20, 123, -34, 257]	[-249, -139, -61, -194, -180]	[228, -236, 138, 58, -60]	[-161, -232, 61, -111, -132]	[203, 88, -69, -16, 33]	[269, 180, -19, -112, -86]	[169, -39, 27, 169, 193]	[187, 190, -148, -138, 6]	[286, -243, -232, -93, -165]	[150, 13, -44, 53, 14]	[-121, 160, 68, 213, -3]	[10000, 10007, 10000, 9994, 9995]	[197, 237, 24, 13, 125]
187	18.5	[-50, -20, 147, -40, 263]	[-245, -138, -60, -199, -184]	[228, -232, 111, 56, -52]	[-144, -232, 55, -111, -132]	[203, 91, -60, -16, 53]	[269, 185, -24, -132, -87]	[169, -20, 15, 164, 191]	[187, 198, -150, -137, -1]	[294, -243, -233, -84, -147]	[150, 13, -20, 59, 14]	[-115, 136, 71, 244, -4]	[10000, 10000, 10000, 9996, 9989]	[191, 237, 107, 13, 125]
188	15.5	[-50, -20, 147, -40, 263]	[-245, -138, -60, -199, -184]	[228, -232, 111, 56, -52]	[-144, -232, 55, -111, -132]	[203, 91, -60, -16, 53]	[269, 185, -24, -132, -87]	[169, -20, 15, 164, 191]	[187, 198, -150, -137, -1]	[294, -243, -233, -84, -147]	[150, 13, -20, 59, 14]	[-115, 136, 71, 244, -4]	[10000, 10000, 10000, 9996, 9989]	[191, 237, 107, 13, 125]
189	12.5	[-50, -20, 148, -40, 263]	[-245, -137, -54, -200, -184]	[228, -232, 113, 58, -51]	[-144, -227, 61, -111, -132]	[203, 91, -46, -16, 60]	[266, 183, -19, -126, -101]	[175, -25, 19, 167, 191]	[187, 195, -149, -137, -1]	[294, -245, -236, -86, -177]	[150, 13, -16, 59, 14]	[-110, 137, 70, 241, -3]	[10000, 10000, 10000, 10000, 9989]	[191, 237, 107, 7, 125]
190	13.0	[-50, -20, 148, -40, 263]	[-245, -137, -54, -200, -190]	[228, -232, 113, 58, -51]	[-144, -227, 61, -111, -132]	[203, 91, -46, -16, 60]	[266, 185, -25, -136, -101]	[175, -24, 12, 167, 191]	[187, 196, -149, -137, -1]	[294, -247, -232, -86, -177]	[150, 13, -20, 59, 14]	[-116, 137, 70, 241, -3]	[10000, 10000, 10000, 10000, 9989]	[191, 237, 107, 7, 125]
191	17.5	[-50, -20, 148, -40, 263]	[-245, -137, -54, -200, -190]	[228, -232, 113, 58, -51]	[-144, -228, 61, -111, -132]	[203, 91, -46, -19, 60]	[266, 185, -25, -136, -101]	[175, -24, 12, 167, 191]	[187, 196, -149, -137, -1]	[294, -247, -232, -86, -177]	[150, 13, -20, 59, 14]	[-116, 137, 70, 241, -3]	[10000, 10000, 10000, 10000, 9989]	[191, 237, 107, 7, 125]
192	10.5	[-50, -20, 148, -40, 263]	[-245, -138, -54, -200, -184]	[228, -232, 112, 58, -51]	[-144, -231, 59, -111, -132]	[203, 96, -48, -16, 60]	[266, 185, -25, -136, -101]	[175, -24, 14, 166, 191]	[193, 196, -149, -137, -1]	[294, -243, -233, -84, -178]	[150, 13, -20, 59, 14]	[-115, 135, 71, 244, -6]	[10000, 10000, 10000, 9998, 9989]	[197, 237, 107, 13, 125]
193	18.0	[-50, -20, 148, -40, 263]	[-245, -137, -54, -200, -190]	[228, -232, 113, 58, -51]	[-144, -228, 61, -111, -132]	[203, 91, -46, -19, 60]	[266, 185, -25, -136, -101]	[175, -24, 12, 167, 191]	[187, 196, -149, -137, -1]	[294, -247, -232, -86, -177]	[150, 13, -20, 59, 14]	[-116, 137, 70, 241, -3]	[10000, 10000, 10000, 10000, 9989]	[191, 237, 107, 7, 125]
194	13.5	[-50, -15, 149, -34, 263]	[-245, -137, -56, -200, -190]	[226, -232, 113, 58, -51]	[-144, -228, 60, -112, -133]	[203, 86, -62, -16, 60]	[266, 181, -25, -134, -101]	[175, -24, 12, 160, 193]	[187, 197, -155, -139, -1]	[294, -243, -231, -84, -199]	[144, 13, -20, 59, 14]	[-115, 132, 71, 246, -3]	[10000, 10000, 10000, 10000, 9989]	[197, 237, 107, 7, 125]
195	12.0	[-50, -20, 130, -40, 257]	[-245, -137, -61, -198, -190]	[225, -235, 120, 58, -51]	[-138, -229, 59, -111, -138]	[203, 90, -64, -11, 27]	[269, 181, -21, -112, -82]	[175, -30, 25, 160, 192]	[187, 189, -152, -138, 8]	[288, -247, -233, -85, -184]	[146, 13, -21, 57, 14]	[-116, 128, 71, 242, -6]	[10000, 10000, 10000, 9996, 10000]	[191, 237, 113, 13, 125]
196	17.0	[-50, -20, 148, -40, 263]	[-245, -137, -54, -200, -190]	[228, -232, 113, 58, -51]	[-144, -228, 61, -111, -132]	[203, 91, -46, -13, 60]	[266, 185, -18, -136, -101]	[175, -24, 12, 167, 191]	[187, 196, -149, -137, -1]	[294, -247, -232, -86, -177]	[150, 13, -20, 59, 14]	[-116, 137, 70, 241, -3]	[10000, 10000, 10000, 10000, 9989]	[197, 237, 107, 7, 125]
197	14.0	[-50, -20, 124, -40, 251]	[-245, -138, -61, -196, -183]	[225, -236, 109, 58, -52]	[-144, -233, 58, -112, -138]	[203, 99, -73, -8, 12]	[269, 181, -14, -112, -82]	[175, -41, 26, 161, 192]	[187, 189, -152, -137, 8]	[288, -247, -233, -85, -191]	[144, 13, -16, 59, 14]	[-116, 131, 71, 235, -5]	[10000, 10000, 9994, 9996, 10000]	[191, 237, 107, 13, 125]
198	13.0	[-50, -20, 124, -40, 257]	[-245, -138, -61, -196, -183]	[225, -235, 106, 58, -52]	[-144, -231, 58, -111, -138]	[203, 90, -56, -9, 40]	[264, 182, -24, -130, -82]	[175, -29, 19, 160, 192]	[187, 197, -152, -137, 8]	[288, -246, -233, -87, -181]	[138, 13, -16, 57, 14]	[-116, 128, 69, 242, -6]	[10000, 10000, 10000, 9996, 10000]	[191, 237, 107, 13, 125]
199	12.0	[-50, -20, 124, -40, 257]	[-245, -138, -61, -196, -183]	[225, -235, 106, 58, -52]	[-144, -231, 58, -111, -138]	[203, 90, -56, -9, 40]	[264, 182, -24, -130, -82]	[175, -29, 19, 160, 192]	[187, 197, -152, -137, 8]	[288, -246, -233, -87, -181]	[138, 13, -16, 57, 14]	[-116, 128, 69, 242, -6]	[10000, 10000, 10000, 9996, 10000]	[191, 237, 107, 13, 125]
