generation	fitness	corner	c	a1	a2	b1	b2	b3	x	o1	o2	wp	ww	we
400	29.5	[-55, 88, -35, -41, -81]	[117, -233, -49, 57, -147]	[-79, -92, 15, -51, -34]	[-12, -12, -131, -78, -74]	[108, -144, -161, 109, -142]	[-26, -72, 1, -78, -37]	[19, 81, -4, 72, 154]	[63, -153, -121, -84, -174]	[-179, -75, -141, -92, -89]	[124, -2, -32, -79, -22]	[246, 113, 123, 188, 109]	[10000, 10002, 9999, 10005, 10003]	[225, 204, 225, 221, 108]
401	34.0	[-55, 88, -35, -41, -81]	[117, -233, -49, 57, -147]	[-79, -92, 15, -51, -34]	[-12, -12, -131, -78, -74]	[108, -144, -161, 109, -142]	[-26, -72, 1, -78, -37]	[19, 81, -4, 72, 154]	[63, -153, -121, -84, -174]	[-179, -75, -141, -92, -89]	[124, -2, -32, -79, -22]	[246, 113, 123, 188, 109]	[10000, 10002, 9999, 10005, 10003]	[225, 204, 225, 221, 108]
402	26.5	[-55, 88, -35, -41, -81]	[117, -233, -49, 57, -147]	[-79, -92, 14, -50, -34]	[-12, -12, -131, -76, -74]	[108, -144, -164, 108, -142]	[-26, -72, 1, -78, -2]	[35, 81, -4, 86, 154]	[63, -150, -124, -88, -174]	[-179, -84, -141, -92, -89]	[125, -3, -46, -109, -22]	[246, 113, 122, 188, 109]	[10000, 10002, 9998, 10005, 9998]	[225, 216, 225, 221, 108]
403	24.0	[-55, 88, -54, -25, -79]	[-146, -210, -36, 61, -187]	[-79, -92, 15, 3, -150]	[-12, -12, -128, -135, -77]	[108, -144, -163, 109, -73]	[-26, -42, 6, -78, -37]	[-25, 74, -4, 72, 154]	[63, -153, -121, -111, -174]	[-166, -69, -99, -93, -89]	[124, -7, -53, -103, -22]	[245, 113, 123, 188, 109]	[10000, 10002, 9999, 10005, 10003]	[225, 204, 225, 221, 108]
404	29.5	[-55, 88, -54, -25, -79]	[-146, -210, -36, 61, -187]	[-79, -92, 15, 3, -150]	[-12, -12, -128, -135, -77]	[108, -144, -163, 109, -73]	[-26, -42, 6, -78, -37]	[-25, 74, -4, 72, 154]	[63, -153, -121, -111, -174]	[-166, -69, -99, -93, -89]	[124, -7, -53, -103, -22]	[245, 113, 123, 188, 109]	[10000, 10002, 9999, 10005, 10003]	[225, 204, 225, 221, 108]
405	28.0	[-40, -21, -187, 242, -184]	[4, -141, 5, -30, -229]	[-218, -186, 98, -13, -76]	[-32, 29, -123, -96, 63]	[116, -65, -109, -49, -34]	[-123, -8, 49, -31, 119]	[102, 43, 7, 36, 251]	[-200, -9, -33, -139, 30]	[-146, -114, -97, -47, -220]	[-3, 30, 8, -18, -80]	[4, 121, 166, 166, 81]	[9999, 10025, 9991, 9989, 9997]	[-66, 192, 168, 148, 149]
406	27.0	[-55, 175, 20, 36, -96]	[123, -229, -98, 40, -179]	[-79, -43, 15, -51, -34]	[-12, -20, -9, -62, -113]	[137, -144, -163, 109, -142]	[-26, -72, 6, -32, 111]	[6, 67, -2, 68, 154]	[62, 13, -121, -91, -174]	[-172, -99, -141, -92, -89]	[17, -11, -53, -103, -22]	[245, 142, 123, 188, 109]	[10000, 10002, 9999, 10005, 10003]	[225, 204, 225, 221, 108]
407	29.5	[-40, -21, -187, 242, -184]	[5, -139, -9, -27, 78]	[-218, -192, 98, -1, -153]	[-32, 35, -118, -105, 65]	[128, -66, -109, -44, -34]	[-174, -32, 32, -36, 128]	[74, 45, 7, 42, 252]	[-200, -9, -102, -117, 26]	[-146, -67, -98, -49, -215]	[-14, 30, 8, 10, -85]	[60, 147, 139, 166, 95]	[9999, 10000, 9994, 9987, 9997]	[-66, 190, 166, 148, 149]
408	24.0	[-40, -21, -187, 242, -184]	[5, -139, -9, -27, 78]	[-218, -192, 98, -1, -153]	[-32, 35, -118, -105, 65]	[128, -66, -109, -44, -34]	[-174, -32, 32, -36, 128]	[74, 45, 7, 42, 252]	[-200, -9, -102, -117, 26]	[-146, -67, -98, -49, -215]	[-14, 30, 8, 10, -85]	[60, 147, 139, 166, 95]	[9999, 10000, 9994, 9987, 9997]	[-66, 190, 166, 148, 149]
409	27.5	[-40, -21, -187, 242, -184]	[4, -141, 5, -30, -229]	[-218, -186, 98, -13, -76]	[-32, 29, -123, -96, 63]	[116, -65, -109, -49, -34]	[-123, -8, 49, -31, 119]	[102, 43, 7, 36, 251]	[-200, -9, -33, -139, 30]	[-146, -114, -97, -47, -220]	[-3, 30, 8, -18, -80]	[4, 121, 166, 166, 81]	[9999, 10025, 9991, 9989, 9997]	[-66, 192, 168, 148, 149]
410	26.5	[-40, -21, -187, 242, -184]	[5, -139, -9, -27, 78]	[-218, -192, 98, -1, -153]	[-13, 21, -118, -105, 65]	[128, -67, -109, -44, -34]	[-101, -58, 17, -45, 28]	[74, 45, 7, 42, 169]	[-200, -9, -102, -117, 26]	[-146, -67, -98, -49, -215]	[-14, 30, 8, 10, -85]	[60, 147, 139, 166, 95]	[9999, 10000, 9994, 9987, 9997]	[-66, 190, 166, 148, 149]
411	26.5	[-55, 88, -35, -41, -81]	[117, -233, -49, 57, -147]	[-79, -92, 15, -51, -34]	[-12, -12, -131, -78, -74]	[108, -144, -161, 109, -142]	[-26, -72, 1, -78, -37]	[19, 81, -4, 72, 154]	[63, -153, -121, -84, -174]	[-179, -75, -141, -92, -89]	[124, -2, -32, -79, -22]	[246, 113, 123, 188, 109]	[10000, 10002, 9999, 10005, 10003]	[225, 204, 225, 221, 108]
412	29.0	[88, 146, -31, -2, 98]	[-55, -196, -94, 38, -31]	[-170, -100, 50, -45, -133]	[-45, -170, -98, -134, -36]	[144, -72, -110, -30, -28]	[-186, -44, 23, -37, 163]	[-125, 59, 3, 79, 215]	[-167, -58, -115, -112, -157]	[-174, -115, -116, -123, -108]	[-52, -11, 7, -108, -117]	[234, 135, 123, 184, 1]	[10006, 10003, 10000, 9987, 10000]	[233, -53, 182, 286, 251]
413	24.5	[-55, 88, -35, -41, -81]	[117, -233, -49, 57, -147]	[-79, -92, 15, -51, -34]	[-12, -12, -131, -78, -74]	[108, -144, -161, 109, -142]	[-26, -72, 1, -78, -37]	[19, 81, -4, 72, 148]	[63, -153, -121, -84, -174]	[-179, -75, -141, -92, -89]	[124, -2, -32, -79, -22]	[246, 113, 123, 188, 109]	[10000, 10002, 9999, 10005, 10003]	[225, 204, 225, 221, 108]
414	25.5	[-40, -21, -187, 242, -184]	[5, -139, -9, -27, 78]	[-218, -143, 61, -37, -168]	[-32, 41, -144, -124, -27]	[118, -66, -109, -44, -34]	[-176, -32, 32, -36, 128]	[74, 45, 7, 42, 79]	[-200, -9, -102, -113, 26]	[-146, -102, -97, -61, -142]	[-14, 30, 8, 10, -88]	[9, 137, 159, 177, 86]	[9999, 10005, 10000, 9987, 10000]	[-66, 190, 166, 148, 149]
415	28.5	[88, 146, -31, -2, 98]	[-55, -196, -94, 38, -31]	[-170, -100, 50, -45, -133]	[-45, -170, -98, -134, -36]	[144, -72, -110, -30, -28]	[-186, -44, 23, -37, 163]	[-125, 59, 3, 79, 215]	[-167, -58, -115, -112, -157]	[-174, -115, -116, -123, -108]	[-52, -11, 7, -108, -117]	[234, 135, 123, 184, 1]	[10006, 10003, 10000, 9987, 10000]	[233, -53, 182, 286, 251]
416	29.5	[88, 146, -31, -2, 98]	[-55, -196, -94, 38, -31]	[-130, -92, 47, -45, -133]	[-45, -126, -108, -92, -53]	[144, -72, -110, 48, -28]	[-186, -44, 7, -37, 163]	[15, 69, 3, 79, 215]	[-167, -58, -119, -94, -168]	[-174, -87, -129, -123, -108]	[17, -11, 7, -108, -117]	[234, 116, 122, 185, 92]	[10006, 10003, 10000, 9992, 10000]	[231, 46, 192, 274, 244]
417	31.5	[88, 146, -31, -2, 98]	[-55, -196, -94, 38, -31]	[-170, -100, 50, -45, -133]	[-45, -170, -98, -134, -36]	[144, -72, -110, -30, -28]	[-186, -44, 23, -37, 163]	[-125, 59, 3, 79, 215]	[-167, -54, -115, -112, -157]	[-173, -72, -112, -93, -108]	[-52, -11, 7, -6, -109]	[187, 146, 130, 167, 1]	[10004, 10002, 10000, 9987, 10000]	[233, -53, 182, 286, 251]
418	25.0	[-40, -21, -187, 242, -184]	[5, -139, -9, -27, 78]	[-218, -143, 61, -37, -168]	[-32, 41, -144, -124, -27]	[118, -66, -109, -44, -34]	[-176, -32, 32, -36, 128]	[74, 45, 7, 42, 79]	[-200, -9, -102, -113, 26]	[-146, -102, -97, -61, -142]	[-14, 30, 8, 10, -88]	[9, 137, 159, 177, 86]	[9999, 10005, 10000, 9987, 10000]	[-66, 190, 166, 148, 149]
419	27.5	[-55, 88, -54, -25, -79]	[-146, -210, -36, 61, -187]	[-79, -92, 15, 3, -150]	[-12, -12, -128, -129, -77]	[108, -144, -163, 109, -73]	[-27, -42, 6, -78, -37]	[-33, 74, -4, 72, 154]	[-1, -83, -121, -111, -174]	[-166, -97, -107, -93, -89]	[124, -7, -53, -103, -22]	[245, 113, 123, 188, 109]	[10000, 10002, 9999, 10005, 10003]	[225, 204, 225, 221, 108]
420	31.5	[-40, -21, -187, 242, -184]	[-17, -175, 5, -30, -229]	[-218, -145, 63, -32, -98]	[-34, -35, -123, -96, 63]	[122, -69, -109, -49, -34]	[-123, -8, 49, -31, 119]	[102, 43, 7, 36, 251]	[-200, -9, -33, -139, 30]	[-146, -114, -97, -47, -220]	[-3, 30, 8, -18, -80]	[4, 121, 166, 166, 81]	[9999, 10025, 9991, 9989, 9997]	[-66, 192, 168, 148, 149]
421	26.5	[-40, -21, -187, 242, -184]	[4, -141, 5, -30, -229]	[-218, -186, 98, -13, -76]	[-32, 35, -123, -96, 63]	[122, -65, -109, -49, -34]	[-123, -8, 49, -31, 119]	[87, 44, 7, 37, 251]	[-200, -9, -33, -139, 30]	[-146, -114, -97, -49, -220]	[-4, 30, 8, 10, -81]	[8, 126, 164, 168, 91]	[9999, 10008, 10000, 9989, 9997]	[-66, 192, 168, 148, 149]
422	28.0	[88, 146, -31, -2, 98]	[-55, -196, -94, 38, -31]	[-173, -54, 50, -45, -133]	[-45, -21, -67, -134, -36]	[144, -72, -110, -19, -16]	[-186, -44, 23, -7, 145]	[-131, 57, 1, 80, 215]	[-173, -54, -115, -112, -157]	[-173, -72, -112, -93, -108]	[-52, -11, 7, -6, -109]	[187, 146, 130, 167, 1]	[10004, 10002, 10000, 9987, 10000]	[233, -53, 182, 286, 251]
423	34.0	[181, 153, 41, -2, 98]	[-55, -196, -94, 14, -38]	[-170, -100, 2, -45, -133]	[-45, -15, -60, -105, -93]	[146, -63, -57, -24, -28]	[-166, -15, 10, -27, 163]	[-129, 37, 5, 79, 215]	[-167, -54, -115, -112, -59]	[-173, -86, -137, -93, -108]	[-52, -11, 7, -6, -109]	[187, 146, 130, 167, 1]	[10004, 10002, 10000, 9987, 10000]	[233, -53, 182, 286, 251]
424	27.0	[-55, 88, -54, -25, -79]	[-146, -210, -36, 61, -187]	[-79, -92, 15, 3, -150]	[-32, -12, -128, -129, -77]	[117, -144, -163, 109, -73]	[-27, -38, 23, -78, -37]	[-33, 46, -1, 72, 154]	[-1, -44, -102, -113, -174]	[-166, -97, -107, -93, -104]	[-6, 29, -28, -75, -22]	[245, 127, 141, 188, 109]	[10000, 10002, 9999, 10005, 10003]	[225, 204, 225, 221, 108]
425	32.0	[-40, -21, -187, 242, -184]	[-17, -175, 5, -30, -229]	[-218, -145, 63, -32, -98]	[-34, -35, -123, -96, 63]	[122, -69, -109, -49, -34]	[-123, -8, 49, -31, 119]	[102, 43, 7, 36, 251]	[-200, -9, -33, -139, 30]	[-146, -114, -97, -47, -220]	[-3, 30, 8, -18, -80]	[4, 121, 166, 166, 81]	[9999, 10025, 9991, 9989, 9997]	[-66, 192, 168, 148, 149]
426	31.5	[-55, 88, -54, -25, -79]	[-146, -210, -36, 61, -187]	[-79, -92, 15, 3, -150]	[-12, -12, -128, -129, -77]	[108, -144, -163, 109, -73]	[-27, -42, 6, -78, -37]	[-33, 74, -4, 72, 154]	[-1, -83, -121, -111, -174]	[-166, -97, -107, -93, -89]	[124, -7, -53, -103, -22]	[245, 113, 123, 188, 109]	[10000, 10002, 9999, 10005, 10003]	[225, 204, 225, 221, 108]
427	30.0	[181, 153, 41, -2, 98]	[-55, -196, -94, 14, -38]	[-170, -100, 2, -45, -133]	[-38, 28, -97, -112, -54]	[126, -66, -57, -24, -28]	[-166, -15, 10, -27, 163]	[-129, 37, 5, 79, 215]	[-167, -54, -115, -112, -59]	[-173, -86, -137, -93, -108]	[-52, -11, 7, -6, -109]	[187, 146, 130, 167, 1]	[10004, 10002, 10000, 9987, 10000]	[233, -53, 182, 286, 251]
428	26.5	[181, 153, 41, -2, 98]	[-55, -196, -94, 14, -38]	[-170, -100, 2, -45, -133]	[-45, -15, -60, -105, -93]	[146, -63, -57, -24, -28]	[-166, -15, 10, -27, 163]	[-129, 37, 5, 79, 215]	[-167, -54, -45, -127, -1]	[-173, -86, -122, -61, -108]	[-52, -11, 7, -6, -109]	[187, 146, 130, 167, 1]	[10004, 10002, 10000, 9987, 10000]	[233, -47, 182, 286, 251]
429	27.0	[88, 146, -31, -2, 98]	[-55, -196, -94, 38, -31]	[-130, -92, 47, -45, -133]	[-45, -126, -108, -92, -53]	[144, -72, -110, 48, -28]	[-186, -44, 7, -37, 163]	[15, 69, 3, 79, 215]	[-167, -58, -119, -94, -168]	[-174, -87, -129, -123, -108]	[17, -11, 7, -102, -117]	[234, 116, 122, 185, 92]	[10006, 10003, 10000, 9992, 10000]	[231, 46, 192, 274, 244]
430	27.0	[88, 146, -31, -2, 98]	[-55, -196, -94, 38, -31]	[-130, -92, 47, -45, -133]	[-45, -126, -108, -92, -53]	[144, -72, -110, 48, -28]	[-186, -44, 7, -37, 163]	[15, 69, 3, 79, 215]	[-167, -58, -119, -94, -168]	[-174, -87, -129, -123, -108]	[17, -11, 7, -102, -117]	[234, 116, 122, 185, 92]	[10006, 10003, 10000, 9992, 10000]	[231, 46, 192, 274, 244]
431	25.0	[-40, -21, -187, 242, -184]	[4, -140, -5, -24, -229]	[-218, -190, 98, -13, -71]	[-32, 5, -126, -96, 64]	[120, -65, -109, -49, -34]	[-123, -8, 49, -23, 124]	[79, 44, 7, 37, 251]	[-200, -9, -33, -139, 30]	[-146, -114, -97, -49, -220]	[10, 30, 6, 10, -81]	[8, 126, 165, 168, 91]	[9999, 10008, 10000, 9989, 9997]	[-66, 192, 168, 148, 149]
432	30.0	[-40, -21, -187, 242, -184]	[5, -151, -4, -30, -229]	[-218, -192, 98, -36, -76]	[-32, 18, -127, -96, 65]	[121, -67, -111, -41, -32]	[-123, -28, 49, -31, 94]	[16, 43, 7, 42, 251]	[-200, -9, -57, -134, -112]	[-146, -68, -98, -49, -189]	[-23, 15, 7, -9, -87]	[0, 123, 158, 171, 82]	[9999, 10000, 9994, 9987, 10003]	[-66, 190, 166, 148, 149]
433	28.5	[181, 153, 41, -2, 98]	[-55, -196, -94, 14, -38]	[-136, -100, 2, -45, -133]	[-26, -20, -60, -78, -93]	[138, -143, -103, 52, -63]	[-166, -15, 18, -28, 155]	[-129, 64, 6, 78, 215]	[-167, -54, -45, -127, -1]	[-173, -86, -122, -67, -108]	[-52, -11, 7, -6, -109]	[187, 146, 130, 167, 1]	[10004, 10002, 10000, 9987, 10000]	[233, -47, 182, 286, 251]
434	27.5	[88, 146, -31, -2, 98]	[-55, -196, -94, 38, -37]	[-167, -60, 17, -45, -133]	[-45, -20, -127, -96, -46]	[122, -76, -111, -14, -16]	[-186, -50, 12, -10, 145]	[-131, 57, 4, 77, 181]	[-173, -54, -112, -107, -157]	[-173, -78, -110, -61, -103]	[-11, 20, 7, -19, -92]	[187, 135, 134, 168, 89]	[10004, 10002, 9999, 9987, 10000]	[233, -53, 182, 286, 251]
435	28.0	[-55, 88, -54, -25, -79]	[-146, -210, -36, 61, -187]	[-79, -92, 15, 3, -150]	[-32, -12, -128, -129, -77]	[117, -144, -163, 109, -73]	[-27, -38, 47, -64, -37]	[-33, 46, -1, 44, 184]	[-1, -25, -92, -120, -168]	[-166, -73, -102, -92, -150]	[-9, 27, 7, -75, -22]	[245, 127, 141, 171, 104]	[10000, 10002, 9999, 9998, 10003]	[231, 198, 225, 221, 108]
436	25.0	[-40, -21, -187, 242, -184]	[4, -140, -5, -24, -229]	[-218, -190, 98, -13, -71]	[-32, 5, -126, -96, 64]	[120, -65, -109, -49, -34]	[-123, -8, 49, -23, 124]	[79, 44, 7, 37, 251]	[-200, -9, -33, -139, 30]	[-146, -114, -97, -49, -220]	[10, 30, 6, 10, -81]	[8, 126, 165, 168, 91]	[9999, 10008, 10000, 9989, 9997]	[-66, 192, 168, 148, 143]
437	31.0	[-40, 9, -162, 242, -184]	[4, -140, -5, -4, -70]	[-218, -190, 65, -13, -71]	[-32, 5, -106, -96, 64]	[122, -65, -87, -49, -34]	[-128, -13, 42, -30, 124]	[79, 44, 4, 37, 251]	[-200, -27, -113, -133, 30]	[-146, -114, -129, -76, -115]	[10, 3, 2, 10, -81]	[8, 131, 158, 167, 90]	[9999, 10008, 10000, 9989, 9997]	[-66, 192, 168, 148, 149]
438	29.5	[181, 153, 41, -2, 98]	[-55, -196, -58, 9, -127]	[-170, -116, 55, -45, -133]	[-38, 28, -97, -112, 3]	[120, -66, -102, -30, -28]	[-125, -12, 10, -27, 163]	[27, 50, 5, 79, 215]	[-167, -9, -49, -124, -71]	[-173, -86, -136, -50, -127]	[-20, 30, 7, -15, -88]	[142, 135, 133, 167, 1]	[10004, 10008, 10000, 9988, 10000]	[156, 171, 182, 286, 251]
439	33.5	[79, 90, -31, -2, 98]	[-55, -196, -39, 4, -48]	[-152, -95, 65, -28, -118]	[-45, -51, -106, -94, -53]	[144, -72, -102, 48, -28]	[-183, -44, 7, -37, 163]	[15, 69, 3, 79, 215]	[-167, -58, -115, -94, -168]	[-174, -87, -129, -123, -108]	[17, -11, 6, 1, -117]	[234, 116, 132, 185, 92]	[10006, 10003, 10000, 9989, 10002]	[231, 191, 192, 251, 148]
440	31.0	[88, 146, -31, -2, 98]	[-55, -196, -94, 38, -37]	[-167, -60, 17, -45, -133]	[-45, -20, -127, -96, -46]	[122, -76, -111, -14, -16]	[-186, -50, 12, -10, 145]	[-131, 57, 4, 77, 181]	[-173, -54, -112, -107, -157]	[-173, -78, -110, -61, -103]	[-11, 20, 7, -19, -92]	[187, 135, 134, 168, 89]	[10004, 10002, 9999, 9987, 10000]	[233, -53, 182, 286, 251]
441	30.5	[181, 153, 41, -2, 98]	[-55, -196, -58, 9, -127]	[-170, -116, 55, -45, -133]	[-38, 28, -97, -112, 3]	[120, -66, -102, -30, -28]	[-125, -12, 10, -27, 163]	[27, 50, 5, 79, 215]	[-167, -9, -49, -124, -71]	[-173, -86, -136, -50, -127]	[-20, 30, 7, -15, -88]	[142, 135, 133, 167, 1]	[10004, 10008, 10000, 9988, 10000]	[156, 171, 182, 286, 251]
442	31.0	[88, 146, -31, -2, 98]	[-55, -196, -94, 38, -31]	[-154, -98, 8, -45, -133]	[-45, -126, -108, -100, -53]	[144, -72, -110, 48, -28]	[-186, -44, 7, -37, 163]	[15, 69, 3, 79, 215]	[-8, -58, -119, -94, -168]	[-174, -77, -129, -123, -108]	[15, 12, 7, -79, -117]	[234, 116, 122, 185, 92]	[10006, 10003, 10000, 9992, 10000]	[225, 46, 192, 274, 244]
443	26.0	[88, 146, -31, -17, 45]	[-55, -226, -60, 42, -223]	[-173, -146, 50, -45, -133]	[-45, 4, -91, -107, -36]	[135, -72, -111, -21, -16]	[-166, -35, 33, -8, 124]	[-131, 56, 5, 80, 215]	[-174, -16, -85, -118, -157]	[-173, -85, -106, -59, -128]	[-9, -7, 7, -6, -109]	[149, 145, 145, 171, 1]	[10004, 10002, 10000, 9987, 10003]	[25, -53, 182, 286, 251]
444	29.0	[88, 146, -31, -17, 45]	[-55, -226, -60, 42, -223]	[-173, -146, 50, -45, -133]	[-45, 4, -91, -107, -36]	[135, -72, -111, -21, -16]	[-166, -35, 33, -8, 124]	[-131, 56, 5, 80, 215]	[-174, -16, -85, -118, -157]	[-173, -85, -106, -59, -128]	[-9, -7, 7, -6, -109]	[149, 145, 145, 171, 1]	[10004, 10002, 10000, 9987, 10003]	[25, -53, 182, 286, 251]
445	31.5	[181, 153, 41, -2, 98]	[-55, -196, -94, 14, -38]	[-170, -100, 2, -45, -133]	[-45, -15, -60, -111, -93]	[146, -63, -57, -24, -28]	[-172, -15, 10, -27, 163]	[-129, 37, 5, 79, 215]	[-167, -54, -45, -127, -1]	[-173, -86, -135, -55, -116]	[-52, -5, 7, -6, -109]	[187, 143, 130, 167, 1]	[10004, 10008, 10006, 9987, 10000]	[233, -47, 182, 286, 251]
446	27.0	[181, 153, 41, -2, 98]	[-55, -196, -94, 14, -38]	[-136, -100, 2, -45, -133]	[-26, -20, -60, -78, -93]	[138, -143, -103, 52, -63]	[-166, -15, 18, -28, 155]	[-129, 64, 6, 78, 215]	[-167, -54, -45, -127, -1]	[-173, -86, -122, -67, -108]	[-52, -11, 7, -6, -109]	[187, 146, 130, 167, 1]	[10004, 10002, 10000, 9987, 10000]	[233, -47, 182, 286, 251]
447	29.0	[88, 146, -31, -17, 45]	[-55, -226, -60, 42, -223]	[-173, -146, 50, -45, -133]	[-45, 4, -91, -107, -36]	[135, -72, -111, -21, -16]	[-166, -35, 33, -8, 124]	[-131, 56, 5, 80, 215]	[-174, -16, -85, -118, -157]	[-173, -85, -106, -59, -128]	[-9, -7, 7, -6, -109]	[149, 145, 145, 171, 1]	[10004, 10002, 10000, 9987, 10003]	[25, -53, 182, 286, 251]
448	29.5	[79, 90, -31, -2, 98]	[-55, -196, -39, 4, -48]	[-152, -95, 65, -28, -118]	[-45, -51, -106, -94, -53]	[144, -72, -102, 48, -28]	[-183, -44, 7, -37, 163]	[15, 69, 3, 79, 215]	[-167, -58, -115, -94, -168]	[-174, -85, -124, -123, -108]	[12, -11, 7, 1, -114]	[234, 116, 132, 185, 92]	[10006, 10003, 10000, 9989, 10002]	[231, 191, 192, 251, 148]
449	29.5	[181, 153, 41, -2, 98]	[-55, -196, -58, 9, -127]	[-170, -116, 55, -45, -133]	[-38, 28, -97, -112, 3]	[120, -66, -102, -30, -28]	[-125, -12, 10, -27, 163]	[27, 50, 5, 79, 215]	[-167, -9, -49, -124, -71]	[-173, -86, -136, -50, -127]	[-20, 30, 7, -15, -88]	[142, 135, 133, 167, 1]	[10004, 10008, 10000, 9988, 10000]	[156, 171, 182, 286, 251]
450	27.5	[88, 146, -31, -2, 98]	[-55, -196, -94, 38, -31]	[-154, -98, 8, -45, -133]	[-45, -72, -107, -100, -53]	[144, -72, -105, 48, -28]	[-184, -44, 7, -37, 163]	[15, 69, 3, 79, 215]	[-8, -58, -119, -94, -168]	[-174, -79, -127, -123, -108]	[15, 12, 7, -79, -117]	[234, 116, 122, 185, 92]	[10006, 10003, 10000, 9992, 10000]	[225, 52, 192, 274, 244]
451	30.0	[181, 153, 41, -2, 98]	[-55, -196, -94, 14, -38]	[-136, -100, 2, -45, -133]	[-26, -20, -60, -78, -93]	[138, -143, -103, 52, -63]	[-166, -15, 18, -28, 155]	[-129, 64, 6, 78, 215]	[-167, -54, -45, -127, -1]	[-173, -86, -122, -67, -108]	[-52, -11, 7, -6, -109]	[187, 146, 130, 167, 1]	[10004, 10002, 10000, 9987, 10000]	[233, -47, 182, 286, 251]
452	35.0	[88, 146, -31, -17, 45]	[-55, -226, -60, 42, -67]	[-173, -99, 80, -41, -133]	[-45, -21, -95, -131, 28]	[144, -75, -110, -19, -16]	[-164, -40, 23, -7, 145]	[-49, 60, 2, 79, 215]	[-183, -23, -112, -97, -157]	[-163, -74, -113, -89, -120]	[-5, -11, 7, -9, -109]	[149, 145, 157, 167, 1]	[10004, 10002, 9994, 9987, 10000]	[233, -53, 182, 286, 251]
453	30.0	[88, 146, -31, -17, 45]	[-55, -226, -60, 42, -67]	[-173, -99, 80, -41, -133]	[-45, -21, -95, -131, 28]	[144, -75, -110, -19, -16]	[-164, -40, 23, -7, 145]	[-49, 60, 2, 79, 215]	[-179, -54, -106, -97, -157]	[-173, -85, -122, -109, -108]	[-5, -7, 7, -6, -109]	[125, 135, 158, 171, 1]	[10004, 10002, 10000, 9987, 10000]	[233, -53, 182, 286, 251]
454	28.0	[181, 153, 41, -2, 98]	[-55, -196, -94, 14, -38]	[-136, -100, 2, -45, -133]	[-26, -20, -60, -78, -93]	[138, -143, -103, 52, -63]	[-166, -15, 18, -28, 155]	[-129, 64, 6, 78, 215]	[-167, -54, -45, -127, -1]	[-173, -86, -122, -67, -108]	[-52, -11, 7, -6, -109]	[187, 146, 130, 167, 1]	[10004, 10002, 10000, 9987, 10000]	[233, -47, 182, 286, 251]
455	29.5	[79, 90, -31, -2, 98]	[-55, -196, -39, 4, -48]	[-152, -95, 65, -28, -118]	[-45, -51, -106, -94, -53]	[144, -72, -102, 48, -28]	[-183, -44, 7, -37, 163]	[15, 69, 3, 79, 215]	[-173, -58, -115, -94, -168]	[-174, -85, -124, -123, -108]	[12, -11, 7, 1, -114]	[234, 116, 132, 185, 92]	[10006, 10003, 10000, 9989, 10002]	[231, 191, 192, 251, 148]
456	28.0	[181, 153, 41, -2, 98]	[-55, -196, -94, 14, -38]	[-136, -100, 2, -45, -133]	[-26, -20, -60, -78, -93]	[138, -143, -103, 52, -63]	[-166, -15, 18, -28, 155]	[-129, 64, 6, 78, 215]	[-167, -54, -45, -127, -1]	[-173, -86, -122, -67, -108]	[-52, -11, 7, -6, -109]	[187, 146, 130, 167, 1]	[10004, 10002, 10000, 9987, 10000]	[233, -47, 182, 286, 251]
457	31.0	[181, 147, 41, -2, 98]	[-49, -215, -74, 14, -38]	[-171, -122, 4, -29, -133]	[-45, -9, -79, -110, -93]	[146, -64, -57, -24, -28]	[-165, -30, 13, -18, 139]	[-129, 37, 5, 79, 215]	[-167, -55, -93, -121, -30]	[-173, -86, -130, -107, -116]	[-34, -11, 7, -4, -109]	[187, 143, 132, 167, 48]	[10004, 10008, 10006, 9987, 10007]	[233, -47, 182, 286, 251]
458	29.0	[-55, 88, -54, -25, -79]	[-146, -210, -36, 61, -187]	[-79, -92, 15, 3, -150]	[-12, -12, -128, -129, -77]	[108, -144, -163, 109, -73]	[-27, -48, 6, -78, -37]	[-33, 54, 2, 75, 189]	[-1, -83, -121, -118, -174]	[-166, -91, -117, -53, -89]	[124, -1, 3, -25, -71]	[245, 113, 123, 188, 67]	[10000, 9996, 9993, 10005, 10003]	[225, 204, 225, 221, 108]
459	33.5	[88, 146, -31, -2, 98]	[-55, -196, -94, 38, -31]	[-154, -98, 8, -45, -133]	[-45, -48, -107, -104, -53]	[144, -72, -103, 48, -28]	[-184, -35, 12, -24, 134]	[15, 67, 3, 72, 215]	[-8, -46, -94, -94, -168]	[-174, -79, -127, -123, -121]	[15, 12, 7, -71, -114]	[216, 135, 129, 178, 58]	[10006, 10003, 10000, 9992, 10000]	[225, 52, 192, 274, 244]
460	27.5	[-55, 88, -54, -25, -79]	[-146, -210, -36, 61, -187]	[-79, -92, 15, 3, -150]	[-12, -12, -128, -129, -77]	[108, -144, -163, 109, -73]	[-27, -48, 6, -78, -37]	[-33, 54, 2, 75, 189]	[-1, -83, -121, -118, -174]	[-166, -91, -117, -53, -89]	[124, -1, 3, -25, -71]	[245, 113, 123, 188, 67]	[10000, 9996, 9993, 10005, 10003]	[225, 204, 225, 221, 108]
461	32.5	[181, 147, 41, -2, 98]	[-49, -215, -74, 14, -38]	[-171, -122, 4, -29, -133]	[-45, -9, -118, -108, 11]	[146, -64, -57, -24, -28]	[-165, -30, 13, -18, 139]	[-129, 42, 3, 79, 215]	[-167, -24, -100, -115, -24]	[-169, -86, -130, -107, -116]	[-34, -11, 7, -4, -109]	[187, 143, 132, 167, 48]	[10004, 10008, 10006, 9987, 10007]	[233, -47, 182, 286, 251]
462	26.5	[88, 147, 36, -12, 82]	[-55, -222, -77, 42, -223]	[-148, -114, 56, -27, -133]	[-42, -10, -105, -107, -51]	[141, -72, -94, 11, -18]	[-166, -41, 24, -8, 124]	[-131, 56, 5, 79, 215]	[-174, -16, -85, -118, -157]	[-173, -85, -106, -59, -128]	[-9, -7, 7, -6, -109]	[149, 145, 145, 171, 1]	[10004, 10002, 10000, 9987, 10003]	[25, -53, 182, 286, 251]
463	33.5	[181, 153, 41, -2, 98]	[-55, -196, -94, 14, -38]	[-136, -100, 2, -45, -133]	[-26, -20, -60, -78, -93]	[138, -143, -103, 52, -63]	[-166, -15, 18, -28, 155]	[-129, 64, 6, 78, 215]	[-167, -54, -45, -127, -1]	[-173, -86, -122, -67, -108]	[-52, -11, 7, -6, -109]	[187, 146, 130, 167, 1]	[10004, 10002, 10000, 9987, 10000]	[233, -47, 182, 286, 251]
464	34.0	[79, 90, -31, -2, 98]	[-55, -196, -39, 4, -48]	[-152, -95, 65, -28, -118]	[-43, -38, -105, -103, -53]	[144, -72, -99, 35, -19]	[-183, -44, 7, -37, 136]	[15, 63, 3, 79, 215]	[-173, -58, -115, -94, -168]	[-174, -85, -124, -123, -108]	[12, -11, 7, 1, -114]	[234, 116, 132, 185, 92]	[10006, 10003, 10000, 9989, 10002]	[231, 191, 192, 251, 148]
465	33.0	[-15, 154, -31, -25, -79]	[-146, -202, -48, 61, -187]	[-123, -99, 55, -34, -143]	[-17, 10, -112, -116, -57]	[108, -144, -159, 32, -73]	[-27, -42, 6, -44, -37]	[-5, 74, -4, 72, 154]	[-134, -66, -57, -111, -174]	[-160, -97, -120, -52, -89]	[124, 26, -14, -103, -22]	[245, 113, 123, 186, 20]	[10000, 9996, 9993, 10005, 10001]	[225, 204, 225, 221, 108]
466	34.0	[79, 90, -31, -2, 98]	[-55, -196, -39, 4, -48]	[-152, -95, 65, -28, -118]	[-45, -51, -106, -94, -53]	[144, -72, -102, 48, -28]	[-183, -44, 13, -32, 163]	[-40, 61, 3, 79, 215]	[-173, -58, -115, -94, -168]	[-174, -85, -113, -123, -108]	[12, -11, 7, 1, -114]	[234, 116, 132, 185, 92]	[10006, 10003, 10000, 9988, 10002]	[231, 191, 192, 251, 148]
467	35.0	[181, 147, 41, -2, 98]	[-49, -215, -74, 14, -38]	[-171, -122, 4, -29, -133]	[-45, -9, -118, -108, 11]	[146, -64, -57, -24, -28]	[-165, -30, 13, -18, 139]	[-129, 42, 3, 79, 215]	[-167, -24, -100, -115, -24]	[-169, -86, -130, -107, -116]	[-23, -11, 7, -4, -109]	[187, 143, 132, 167, 48]	[10004, 10008, 10006, 9987, 10007]	[233, -47, 182, 286, 251]
468	31.0	[88, 146, -31, -17, 45]	[-55, -226, -60, 42, -229]	[-173, -146, 50, -26, -99]	[-45, 4, -105, -107, 60]	[122, -71, -89, -21, -16]	[-166, -35, 39, -16, 124]	[-87, 56, 5, 62, 232]	[-86, -29, -113, -118, -157]	[-173, -87, -110, -57, -128]	[-1, -3, 5, -10, -109]	[149, 145, 148, 177, 1]	[9999, 10006, 10000, 9987, 10003]	[25, -53, 182, 286, 251]
469	28.5	[181, 147, 41, -2, 98]	[-49, -220, -70, 39, -38]	[-172, -128, 4, -29, -133]	[-45, 2, -112, -107, 59]	[146, -64, -57, -21, -16]	[-165, -30, 13, -23, 138]	[-129, 42, 3, 69, 218]	[-146, -60, -94, -118, -144]	[-173, -86, -119, -72, -122]	[-20, -11, 7, -6, -109]	[151, 144, 132, 167, 48]	[10004, 10008, 10006, 9987, 10007]	[233, -47, 182, 286, 251]
470	30.0	[79, 90, -31, -2, 98]	[-55, -196, -39, 4, -48]	[-152, -124, 57, -28, -118]	[-43, -25, -105, -103, -53]	[127, -70, -63, 7, -19]	[-176, -38, 20, -35, 136]	[21, 56, 3, 77, 217]	[-163, -61, -113, -112, -168]	[-174, -85, -123, -123, -108]	[12, -11, 7, 1, -111]	[234, 116, 132, 172, 92]	[10006, 10003, 10000, 9987, 10002]	[231, 191, 183, 251, 148]
471	29.0	[79, 90, -31, -2, 98]	[-55, -196, -39, 4, -48]	[-152, -124, 57, -28, -118]	[-43, -25, -105, -103, -53]	[127, -70, -63, 7, -19]	[-176, -38, 20, -35, 136]	[21, 56, 3, 77, 217]	[-163, -61, -113, -112, -168]	[-174, -85, -123, -123, -108]	[12, -11, 7, 1, -111]	[234, 116, 132, 172, 92]	[10006, 10003, 10000, 9987, 10002]	[231, 191, 183, 251, 148]
472	31.0	[79, 90, -31, -2, 98]	[-55, -196, -39, 4, -48]	[-152, -124, 57, -28, -118]	[-43, -25, -105, -103, -53]	[127, -70, -63, 7, -19]	[-176, -38, 20, -35, 136]	[21, 56, 3, 77, 217]	[-163, -61, -113, -112, -168]	[-174, -85, -123, -123, -108]	[12, -11, 7, 1, -111]	[234, 116, 132, 172, 92]	[10006, 10003, 10000, 9987, 10002]	[231, 191, 183, 251, 148]
473	31.0	[79, 90, -31, -2, 98]	[-55, -196, -39, 4, -48]	[-152, -95, 65, -28, -118]	[-45, -51, -106, -94, -53]	[144, -72, -102, 48, -28]	[-183, -44, 13, -32, 163]	[-40, 61, 3, 79, 215]	[-173, -58, -115, -94, -168]	[-174, -85, -113, -123, -108]	[12, -11, 7, 1, -114]	[234, 116, 132, 185, 92]	[10006, 10003, 10000, 9988, 10002]	[231, 191, 192, 251, 148]
474	32.0	[79, 84, -31, -2, 98]	[-55, -196, -39, 31, -104]	[-152, -128, 59, -28, -118]	[-43, -28, -105, -105, 26]	[144, -72, -96, 3, -16]	[-171, -36, 7, -37, 136]	[11, 56, 3, 68, 215]	[-163, -58, -113, -101, -168]	[-174, -85, -115, -112, -120]	[12, -11, 7, -4, -114]	[234, 116, 132, 185, 92]	[10006, 10003, 10000, 9989, 10002]	[231, 191, 192, 251, 148]
475	35.0	[79, 84, -31, -2, 98]	[-55, -196, -39, 31, -104]	[-152, -128, 59, -28, -118]	[-43, -28, -105, -105, 26]	[144, -72, -96, 3, -16]	[-171, -36, 7, -37, 136]	[11, 56, 3, 68, 215]	[-163, -58, -113, -101, -168]	[-174, -85, -115, -112, -120]	[12, -11, 7, -4, -114]	[234, 116, 132, 185, 92]	[10006, 10003, 10000, 9989, 10002]	[231, 191, 192, 251, 148]
476	32.0	[79, 90, -31, -2, 98]	[-55, -196, -39, 4, -48]	[-152, -95, 65, -28, -118]	[-45, -51, -106, -94, -53]	[144, -72, -102, 48, -28]	[-183, -44, 13, -32, 163]	[-40, 61, 3, 79, 209]	[-173, -58, -115, -94, -168]	[-174, -85, -113, -123, -108]	[12, -11, 7, 1, -114]	[234, 116, 132, 185, 92]	[10006, 10003, 10000, 9988, 10002]	[231, 191, 192, 251, 148]
477	33.5	[82, 132, 29, -2, 98]	[-49, -215, -64, 11, -38]	[-171, -98, 53, -29, -128]	[-45, -45, -96, -110, -93]	[146, -63, -100, -18, -27]	[-167, -33, 19, -12, 144]	[-129, 43, 2, 72, 215]	[-172, -55, -97, -107, -80]	[-173, -86, -130, -107, -116]	[-34, -11, 7, -4, -109]	[187, 143, 132, 167, 48]	[10004, 10008, 10006, 9987, 10001]	[233, -47, 182, 286, 245]
478	29.0	[82, 132, 29, -2, 98]	[-49, -215, -64, 11, -38]	[-171, -98, 53, -29, -128]	[-45, -45, -96, -110, -93]	[146, -63, -100, -18, -27]	[-167, -33, 19, -12, 144]	[-129, 43, 2, 72, 215]	[-172, -55, -97, -107, -80]	[-173, -86, -130, -107, -116]	[-34, -11, 7, -4, -109]	[187, 143, 132, 167, 48]	[10004, 10008, 10006, 9987, 10001]	[233, -47, 182, 286, 245]
479	30.0	[82, 132, 29, -2, 98]	[-49, -215, -64, 11, -38]	[-171, -98, 53, -29, -128]	[-45, -45, -96, -110, -93]	[146, -63, -100, -18, -27]	[-167, -33, 19, -12, 144]	[-129, 43, 2, 72, 215]	[-172, -55, -97, -107, -80]	[-173, -86, -130, -107, -116]	[-34, -11, 7, -4, -109]	[187, 143, 132, 167, 48]	[10004, 10008, 10006, 9987, 10001]	[233, -47, 182, 286, 245]
480	26.5	[79, 84, -31, -2, 98]	[-55, -196, -39, 31, -104]	[-152, -128, 59, -28, -118]	[-43, -28, -105, -105, 26]	[144, -72, -96, 3, -16]	[-171, -38, 9, -37, 136]	[11, 56, 3, 70, 209]	[-163, -58, -114, -101, -168]	[-174, -85, -114, -118, -116]	[12, -11, 7, 1, -114]	[234, 116, 132, 185, 92]	[10006, 10003, 10000, 9989, 10002]	[231, 191, 192, 251, 148]
481	28.0	[181, 147, 41, 4, 98]	[-49, -215, -74, 14, -38]	[-171, -122, 4, -23, -133]	[-45, -9, -79, -110, -93]	[146, -64, -57, -24, -28]	[-165, -30, 13, -18, 139]	[-129, 37, -1, 79, 215]	[-167, -55, -93, -121, -30]	[-173, -86, -130, -107, -116]	[65, 25, -6, -31, -109]	[187, 143, 132, 167, 48]	[10004, 10008, 10006, 9987, 10007]	[233, -47, 182, 286, 251]
482	31.0	[79, 90, -31, -2, 98]	[-55, -196, -39, 4, -48]	[-152, -95, 65, -28, -118]	[-45, -51, -106, -94, -53]	[144, -72, -102, 48, -28]	[-183, -44, 13, -32, 163]	[-40, 61, 3, 79, 209]	[-173, -58, -115, -94, -168]	[-174, -85, -113, -123, -108]	[12, -11, 7, 1, -114]	[234, 116, 132, 185, 92]	[10006, 10003, 10000, 9988, 10002]	[231, 191, 192, 251, 148]
483	34.5	[145, 146, 15, -3, 45]	[-55, -217, -61, 17, -159]	[-152, -116, 23, -26, -120]	[-45, -5, -110, -107, 36]	[122, -68, -66, 17, -18]	[-166, -41, 31, -24, 131]	[-118, 56, 5, 69, 215]	[-160, -32, -91, -109, -164]	[-174, -85, -124, -105, -125]	[11, -11, 6, -4, -111]	[211, 117, 132, 182, 83]	[10005, 10003, 10000, 9987, 10003]	[25, -42, 182, 280, 251]
484	31.5	[181, 147, 41, 4, 98]	[-49, -215, -74, 14, -38]	[-171, -122, 4, -23, -133]	[-45, -9, -79, -110, -93]	[146, -64, -57, -24, -28]	[-165, -30, 13, -18, 139]	[-129, 37, -1, 79, 215]	[-167, -55, -93, -121, -30]	[-173, -86, -130, -107, -116]	[65, 25, -6, -31, -109]	[187, 143, 132, 167, 48]	[10004, 10008, 10006, 9987, 10007]	[233, -47, 182, 286, 251]
485	32.5	[79, 90, -31, -2, 98]	[-55, -196, -39, 4, -48]	[-152, -95, 65, -28, -118]	[-45, -51, -106, -94, -53]	[144, -72, -102, 48, -28]	[-183, -44, 13, -32, 163]	[-40, 61, 3, 79, 209]	[-173, -58, -115, -94, -168]	[-174, -85, -113, -123, -108]	[12, -11, 6, -2, -114]	[234, 116, 132, 182, 83]	[10006, 10003, 10000, 9987, 10002]	[231, 191, 192, 251, 148]
486	32.5	[88, 146, -31, -17, 45]	[-55, -225, -43, 31, -159]	[-152, -138, 19, -26, -99]	[-45, -1, -105, -104, 60]	[122, -64, -92, 9, -12]	[-166, -40, 31, -19, 131]	[-87, 55, 5, 65, 221]	[-80, -29, -76, -116, -164]	[-174, -85, -117, -57, -128]	[-1, -6, 4, -8, -109]	[211, 122, 133, 182, 80]	[10010, 10003, 10000, 9989, 10003]	[168, 111, 183, 266, 251]
487	33.5	[82, 132, 29, -2, 98]	[-49, -209, -64, 11, -38]	[-171, -98, 53, -29, -128]	[-45, -45, -96, -110, -93]	[146, -63, -100, -12, -27]	[-167, -33, 19, -12, 144]	[-129, 43, 2, 72, 215]	[-172, -55, -89, -120, -34]	[-173, -86, -129, -105, -116]	[-37, -11, 7, -4, -109]	[187, 146, 132, 178, 44]	[10004, 10008, 10006, 9987, 10001]	[233, -47, 182, 286, 245]
488	28.0	[88, 146, -31, -17, 45]	[-55, -225, -43, 31, -159]	[-152, -138, 19, -26, -99]	[-45, -1, -105, -104, 54]	[122, -64, -92, 9, -12]	[-166, -40, 31, -19, 131]	[-87, 55, 5, 65, 221]	[-80, -29, -76, -116, -164]	[-168, -85, -117, -57, -128]	[-1, -6, 4, -8, -109]	[211, 122, 133, 182, 80]	[10010, 10003, 10000, 9989, 10003]	[168, 111, 183, 266, 251]
489	36.0	[181, 147, 41, -2, 98]	[-49, -220, -70, 39, -38]	[-172, -128, 4, -29, -133]	[-45, 2, -112, -107, 59]	[146, -64, -57, -21, -16]	[-165, -30, 13, -23, 138]	[-129, 42, 3, 69, 218]	[-144, -59, -94, -118, -144]	[-173, -88, -119, -72, -122]	[-20, 8, 1, -35, -109]	[222, 119, 129, 167, 48]	[10004, 10000, 10003, 9987, 10007]	[233, 197, 179, 281, 251]
490	32.0	[181, 147, 41, 4, 98]	[-49, -215, -74, 14, -38]	[-171, -122, 4, -23, -133]	[-45, -9, -88, -109, -45]	[146, -70, -58, -2, -19]	[-165, -34, 12, -23, 131]	[-10, 47, 1, 69, 215]	[-167, -56, -94, -104, -30]	[-173, -85, -120, -110, -116]	[29, -10, -6, -31, -109]	[187, 128, 132, 180, 69]	[10004, 10008, 10006, 9988, 10007]	[233, -47, 182, 286, 251]
491	30.0	[181, 147, 41, 4, 98]	[-49, -215, -74, 14, -38]	[-171, -122, 4, -23, -133]	[-45, -9, -79, -110, -93]	[146, -64, -57, -24, -28]	[-165, -30, 13, -18, 139]	[-129, 37, -1, 79, 215]	[-167, -55, -93, -121, -30]	[-173, -86, -130, -107, -116]	[65, 25, -6, -31, -109]	[187, 143, 132, 167, 48]	[10004, 10008, 10006, 9987, 10007]	[233, -47, 182, 286, 251]
492	32.0	[88, 146, -31, -17, 45]	[-55, -226, -43, 31, -159]	[-152, -132, 52, -26, -99]	[-45, -1, -105, -104, 60]	[126, -67, -88, 9, -12]	[-166, -40, 31, -19, 131]	[-87, 55, 1, 65, 221]	[-92, -38, -108, -101, -164]	[-169, -85, -117, -118, -128]	[-1, -7, 7, -1, -112]	[224, 118, 132, 182, 80]	[10010, 10003, 10000, 9989, 10003]	[168, 111, 183, 266, 251]
493	30.5	[79, 90, -31, -2, 98]	[-55, -196, -39, 4, -48]	[-152, -124, 57, -28, -118]	[-43, -25, -106, -103, -53]	[127, -70, -95, 7, -13]	[-176, -43, 17, -34, 142]	[-21, 62, 3, 77, 217]	[-163, -60, -113, -112, -168]	[-174, -85, -114, -123, -108]	[12, -11, 7, 1, -111]	[234, 116, 132, 185, 92]	[10006, 10003, 10000, 9987, 10002]	[231, 191, 184, 251, 148]
494	28.5	[88, 146, -31, -17, 45]	[-55, -225, -43, 31, -159]	[-152, -138, 19, -26, -99]	[-45, -1, -105, -104, 54]	[122, -64, -92, 9, -12]	[-166, -40, 31, -19, 131]	[-87, 55, 5, 65, 221]	[-80, -29, -76, -116, -164]	[-168, -85, -117, -57, -128]	[-1, -6, 4, -8, -109]	[211, 122, 133, 182, 80]	[10010, 10003, 10000, 9989, 10003]	[168, 111, 183, 266, 251]
495	29.0	[135, 146, 28, -17, 45]	[-55, -225, -57, 31, -159]	[-152, -129, 32, -25, -117]	[-45, -1, -105, -110, 24]	[126, -66, -88, 9, -12]	[-166, -40, 25, -18, 139]	[-109, 55, 1, 65, 221]	[-92, -38, -108, -101, -164]	[-169, -85, -117, -118, -128]	[-1, -7, 7, -1, -112]	[224, 118, 132, 182, 80]	[10010, 10003, 10000, 9989, 10003]	[168, 111, 183, 266, 251]
496	34.5	[88, 146, -31, -17, 45]	[-52, -223, -43, 25, -159]	[-165, -122, 49, -25, -123]	[-45, -9, -94, -104, 60]	[122, -67, -70, 7, -17]	[-166, -36, 14, -19, 131]	[-98, 47, 3, 65, 221]	[-92, -38, -112, -112, -140]	[-169, -85, -117, -118, -128]	[-1, -7, 7, -1, -112]	[224, 118, 132, 182, 80]	[10010, 10003, 10000, 9989, 10003]	[168, 111, 183, 266, 251]
497	25.0	[79, 90, -31, -2, 98]	[-55, -196, -39, 4, -48]	[-152, -124, 57, -28, -118]	[-43, -25, -106, -103, -53]	[127, -70, -95, 7, -7]	[-176, -43, 17, -34, 142]	[-21, 62, 9, 77, 217]	[-163, -60, -113, -112, -168]	[-174, -85, -114, -123, -108]	[12, -11, 7, 1, -111]	[234, 116, 132, 185, 92]	[10006, 10003, 10000, 9987, 10002]	[231, 191, 184, 251, 148]
498	29.0	[135, 146, 28, -17, 45]	[-55, -225, -57, 31, -159]	[-152, -129, 32, -25, -117]	[-45, -1, -105, -110, 24]	[126, -66, -88, 9, -12]	[-166, -40, 25, -18, 139]	[-109, 55, 1, 65, 221]	[-92, -38, -108, -101, -164]	[-169, -85, -117, -118, -128]	[-1, -7, 7, -1, -112]	[224, 118, 132, 182, 80]	[10010, 10003, 10000, 9989, 10003]	[168, 111, 183, 266, 251]
499	32.5	[88, 146, -31, -17, 45]	[-55, -226, -43, 31, -159]	[-152, -132, 52, -26, -99]	[-45, -1, -105, -104, 60]	[126, -67, -88, 9, -12]	[-166, -40, 31, -19, 131]	[-87, 55, 1, 65, 221]	[-92, -38, -108, -101, -164]	[-169, -85, -117, -118, -128]	[-1, -7, 7, -1, -112]	[224, 118, 132, 182, 80]	[10010, 10003, 10000, 9989, 10003]	[168, 111, 183, 266, 251]
500	32.0	[135, 146, 28, -17, 45]	[-55, -225, -57, 31, -159]	[-152, -129, 32, -25, -117]	[-45, -1, -105, -110, 24]	[126, -66, -88, 9, -12]	[-166, -40, 25, -18, 139]	[-134, 55, 1, 65, 221]	[-92, -56, -107, -110, -164]	[-169, -88, -117, -103, -116]	[-1, 9, 6, -1, -112]	[224, 118, 132, 182, 80]	[10010, 10003, 10000, 9989, 10003]	[168, 111, 183, 266, 251]
501	35.5	[88, 146, -31, -17, 45]	[-46, -223, -43, 25, -159]	[-165, -122, 49, -25, -123]	[-45, -9, -94, -104, 60]	[122, -67, -70, 7, -17]	[-166, -36, 14, -19, 131]	[-98, 47, 3, 65, 221]	[-92, -38, -112, -112, -140]	[-169, -85, -117, -118, -128]	[-1, -7, 7, -26, -112]	[224, 118, 132, 182, 80]	[10010, 10003, 10000, 9989, 10003]	[168, 111, 183, 266, 251]
502	27.5	[181, 147, 41, 4, 98]	[-49, -215, -74, 14, -38]	[-171, -122, 4, -23, -133]	[-45, -9, -88, -109, -45]	[146, -70, -58, -2, -19]	[-165, -37, 24, -22, 131]	[-10, 47, -1, 65, 215]	[-126, -56, -97, -104, -30]	[-172, -88, -120, -109, -116]	[27, -8, 0, -56, -109]	[187, 128, 132, 180, 69]	[10004, 10006, 10002, 9988, 10007]	[199, 92, 182, 286, 251]
503	28.5	[79, 90, -31, -2, 98]	[-55, -199, -46, 8, -39]	[-152, -132, 54, -28, -118]	[-43, -25, -99, -104, 2]	[127, -70, -90, 7, -9]	[-176, -43, 20, -23, 138]	[-50, 55, 2, 75, 220]	[-163, -60, -104, -102, -168]	[-171, -85, -114, -113, -108]	[9, -10, 13, 0, -111]	[234, 118, 132, 182, 92]	[10006, 10003, 10000, 9987, 10002]	[231, 191, 184, 251, 148]
504	31.5	[79, 90, -31, -2, 98]	[-55, -199, -46, 8, -39]	[-152, -124, 57, -28, -118]	[-43, -25, -97, -105, -53]	[126, -68, -90, 3, -9]	[-176, -43, 18, -33, 142]	[-50, 55, 1, 77, 217]	[-135, -48, -101, -102, -167]	[-174, -85, -116, -118, -112]	[12, -10, 10, 0, -111]	[232, 117, 132, 185, 92]	[10006, 10003, 10000, 9987, 10002]	[231, 191, 183, 264, 185]
505	33.0	[135, 146, 28, -17, 45]	[-55, -225, -57, 31, -159]	[-152, -129, 32, -25, -117]	[-45, -1, -105, -110, 24]	[126, -66, -88, 9, -12]	[-172, -40, 25, -22, 139]	[-85, 53, 1, 65, 221]	[-92, -56, -107, -110, -164]	[-169, -88, -117, -103, -116]	[-1, 9, 6, -1, -112]	[224, 118, 132, 182, 80]	[10010, 10003, 10000, 9989, 10003]	[168, 111, 183, 266, 251]
506	32.5	[-15, 154, -31, -25, -79]	[-140, -202, -73, 46, -187]	[-123, -99, 55, -29, -130]	[-17, -2, -99, -112, -60]	[108, -65, -140, -11, -37]	[-129, -32, 12, -42, -9]	[-5, 74, -4, 72, 178]	[-143, -59, -80, -119, -174]	[-160, -94, -118, -113, -89]	[11, 10, -6, -55, -22]	[245, 115, 123, 186, 30]	[10000, 9998, 9993, 10005, 10001]	[225, 198, 225, 221, 108]
507	32.0	[-15, 154, -31, -25, -79]	[-140, -202, -48, 46, -187]	[-123, -99, 55, -29, -130]	[-17, -6, -92, -111, -57]	[108, -66, -68, -3, -30]	[-129, -32, 13, -42, 94]	[20, 55, -4, 65, 197]	[-129, -55, -94, -117, -171]	[-160, -88, -122, -107, -94]	[11, -7, 1, -41, -69]	[242, 119, 124, 186, 30]	[10000, 9998, 9993, 10005, 10001]	[225, 204, 225, 221, 108]
508	32.5	[-15, 154, -31, -25, -79]	[-140, -202, -48, 46, -187]	[-123, -99, 55, -29, -130]	[-17, -6, -92, -111, -57]	[108, -66, -68, -3, -30]	[-129, -32, 13, -42, 94]	[20, 55, -4, 65, 197]	[-129, -55, -94, -117, -171]	[-160, -88, -122, -107, -94]	[11, -7, 1, -41, -69]	[242, 119, 124, 186, 30]	[10000, 9998, 9993, 10005, 10001]	[225, 204, 225, 221, 108]
509	34.0	[-15, 154, -31, -25, -79]	[-140, -202, -48, 46, -187]	[-123, -99, 55, -29, -130]	[-17, -6, -92, -111, -57]	[108, -66, -68, -3, -30]	[-129, -32, 13, -42, 94]	[20, 55, -4, 65, 197]	[-129, -55, -94, -117, -171]	[-160, -88, -122, -107, -94]	[11, -7, 1, -41, -69]	[242, 119, 124, 186, 30]	[10000, 9998, 9993, 10005, 10001]	[225, 204, 225, 221, 108]
510	32.0	[79, 90, -31, -2, 98]	[-55, -199, -46, 8, -39]	[-152, -132, 54, -28, -118]	[-43, -25, -99, -104, 2]	[127, -70, -90, 7, -9]	[-176, -43, 20, -23, 138]	[-50, 55, 2, 75, 220]	[-163, -60, -104, -102, -168]	[-171, -85, -114, -113, -108]	[9, -10, 13, 0, -111]	[234, 118, 132, 182, 92]	[10006, 10003, 10000, 9987, 10002]	[231, 191, 184, 251, 148]
511	35.5	[181, 147, 41, 4, 98]	[-49, -215, -74, 14, -38]	[-171, -122, 4, -23, -133]	[-51, -9, -88, -109, -45]	[146, -70, -58, -2, -19]	[-165, -37, 24, -22, 131]	[-10, 47, 3, 65, 215]	[-110, -49, -108, -111, -30]	[-172, -87, -118, -117, -116]	[27, -8, 4, -54, -109]	[187, 126, 127, 180, 69]	[10004, 10000, 10000, 9988, 10004]	[199, 92, 182, 283, 172]
512	34.5	[79, 90, -31, -2, 98]	[-55, -199, -46, 8, -39]	[-152, -132, 54, -28, -118]	[-43, -25, -99, -104, 2]	[127, -70, -90, 7, -9]	[-176, -43, 20, -23, 138]	[-50, 55, 2, 75, 220]	[-163, -60, -104, -102, -168]	[-171, -85, -114, -113, -108]	[9, -10, 13, 0, -111]	[234, 118, 132, 182, 92]	[10006, 10003, 10000, 9987, 10002]	[231, 191, 184, 251, 148]
513	28.0	[135, 146, 28, -17, 45]	[-55, -225, -57, 31, -159]	[-146, -129, 33, -25, -112]	[-45, -5, -105, -109, 2]	[126, -69, -88, 9, -12]	[-172, -40, 18, -22, 139]	[-38, 55, -4, 65, 221]	[-92, -55, -96, -110, -164]	[-169, -88, -119, -103, -116]	[8, 9, 6, -1, -112]	[224, 118, 131, 185, 43]	[10009, 9998, 9993, 9989, 10003]	[210, 158, 204, 237, 203]
514	30.5	[181, 147, 41, 4, 98]	[-49, -215, -74, 14, -38]	[-171, -122, 4, -23, -133]	[-51, -9, -88, -109, -45]	[146, -70, -58, -2, -19]	[-165, -37, 24, -22, 131]	[-10, 47, 3, 65, 215]	[-110, -49, -108, -111, -30]	[-172, -87, -118, -117, -116]	[27, -8, 4, -54, -109]	[187, 126, 127, 180, 69]	[10004, 10000, 10000, 9988, 10004]	[199, 92, 182, 277, 172]
515	29.0	[135, 146, 28, -17, 45]	[-55, -225, -57, 31, -159]	[-146, -129, 33, -25, -112]	[-45, -5, -105, -109, 2]	[126, -69, -88, 9, -12]	[-172, -40, 18, -22, 139]	[-38, 55, -4, 65, 221]	[-92, -55, -96, -110, -164]	[-169, -88, -119, -103, -116]	[8, 9, 6, -1, -112]	[224, 118, 131, 185, 43]	[10009, 9998, 9993, 9989, 10003]	[210, 158, 204, 237, 203]
516	36.5	[79, 90, -31, -2, 98]	[-55, -199, -46, 8, -39]	[-152, -132, 54, -28, -118]	[-43, -25, -99, -104, 2]	[127, -70, -90, 7, -9]	[-176, -43, 20, -23, 138]	[-50, 55, 2, 75, 220]	[-163, -60, -104, -102, -168]	[-171, -85, -114, -113, -108]	[9, -10, 13, 0, -111]	[234, 118, 132, 182, 92]	[10006, 10003, 10000, 9987, 10002]	[231, 191, 184, 251, 148]
517	30.5	[-15, 154, -31, -25, -79]	[-140, -202, -73, 46, -187]	[-123, -99, 55, -29, -130]	[-17, -2, -99, -112, -60]	[108, -65, -140, -11, -37]	[-129, -32, 12, -42, -9]	[-5, 74, -4, 72, 178]	[-143, -59, -80, -119, -174]	[-160, -94, -118, -113, -89]	[11, 10, -6, -55, -22]	[245, 115, 123, 186, 30]	[10000, 9998, 9993, 10005, 10001]	[225, 198, 225, 221, 108]
518	29.0	[79, 90, 1, -15, 98]	[-55, -217, -40, 4, -48]	[-152, -127, 57, -28, -118]	[-44, -8, -105, -108, 2]	[127, -70, -95, 9, -9]	[-173, -36, 19, -34, 142]	[-15, 49, 6, 73, 216]	[-163, -60, -112, -117, -168]	[-174, -85, -114, -123, -133]	[12, -11, 7, 1, -111]	[240, 116, 138, 185, 92]	[10006, 10003, 10000, 9987, 10002]	[231, 191, 184, 251, 148]
519	29.5	[79, 90, 1, -15, 98]	[-55, -217, -47, 4, -48]	[-149, -128, 41, -27, -112]	[-45, -7, -105, -108, 2]	[127, -65, -94, 9, -12]	[-167, -36, 29, -28, 139]	[-21, 49, 6, 73, 219]	[-163, -38, -108, -117, -168]	[-174, -85, -117, -123, -133]	[12, -8, 4, -8, -110]	[240, 119, 136, 185, 92]	[10006, 10003, 9994, 9987, 10002]	[231, 191, 184, 251, 148]
520	29.5	[135, 146, 28, -17, 45]	[-55, -225, -57, 31, -159]	[-146, -129, 33, -25, -112]	[-45, -6, -105, -108, 2]	[126, -69, -88, 9, -10]	[-172, -40, 18, -26, 142]	[-38, 55, 5, 65, 221]	[-92, -57, -107, -117, -165]	[-169, -85, -117, -111, -119]	[8, 9, 6, -1, -112]	[224, 118, 131, 185, 43]	[10009, 9998, 9993, 9989, 10003]	[210, 158, 204, 237, 203]
521	29.5	[-15, 154, -31, -25, -79]	[-140, -202, -50, 39, -187]	[-131, -122, 8, -26, -132]	[-17, -9, -92, -109, -46]	[128, -68, -68, -3, -30]	[-132, -37, 13, -42, 94]	[-1, 51, -4, 65, 203]	[-130, -51, -96, -117, -171]	[-160, -88, -122, -107, -104]	[11, -7, 1, -28, -69]	[224, 119, 124, 186, 30]	[10000, 9999, 9998, 9999, 10007]	[225, 204, 225, 221, 108]
522	36.5	[-15, 154, -31, -25, -79]	[-140, -208, -50, 39, -187]	[-131, -122, 8, -26, -132]	[-17, -9, -92, -109, -46]	[128, -68, -68, -3, -30]	[-132, -37, 13, -42, 94]	[-1, 51, -4, 65, 203]	[-130, -51, -96, -117, -171]	[-160, -88, -122, -107, -104]	[11, -7, 1, -28, -69]	[224, 119, 124, 186, 30]	[10000, 9999, 9998, 9999, 10007]	[225, 204, 225, 221, 108]
523	32.0	[79, 90, 1, -15, 98]	[-55, -217, -47, 4, -48]	[-149, -128, 41, -26, -112]	[-45, -7, -105, -108, 2]	[127, -65, -92, 9, -12]	[-173, -36, 26, -27, 141]	[-31, 53, 5, 73, 219]	[-163, -45, -108, -117, -168]	[-174, -85, -117, -118, -128]	[12, -3, 4, -8, -110]	[225, 119, 131, 185, 86]	[10007, 9998, 9993, 9988, 10002]	[231, 191, 204, 250, 191]
524	34.0	[135, 146, 28, -17, 45]	[-55, -225, -57, 31, -159]	[-146, -129, 33, -25, -112]	[-45, -6, -105, -108, 2]	[126, -69, -88, 9, -10]	[-172, -40, 18, -26, 142]	[-38, 55, 5, 65, 221]	[-92, -57, -107, -117, -165]	[-169, -85, -117, -111, -119]	[8, 9, 6, -1, -112]	[224, 118, 131, 185, 43]	[10009, 9998, 9993, 9989, 10003]	[210, 158, 204, 237, 203]
525	32.5	[79, 90, 1, -15, 98]	[-55, -217, -47, 4, -48]	[-149, -128, 41, -26, -112]	[-45, -7, -105, -108, 2]	[127, -65, -92, 9, -12]	[-173, -36, 26, -27, 141]	[-31, 53, 5, 73, 219]	[-163, -45, -108, -117, -168]	[-174, -85, -117, -118, -128]	[12, -3, 4, -8, -110]	[225, 119, 131, 185, 86]	[10007, 9998, 9993, 9988, 10002]	[231, 191, 204, 250, 191]
526	33.5	[135, 146, 28, -17, 45]	[-55, -225, -57, 31, -159]	[-146, -129, 33, -25, -112]	[-45, -6, -105, -108, 2]	[126, -69, -88, 9, -10]	[-172, -40, 18, -26, 142]	[-38, 55, 5, 65, 221]	[-92, -57, -107, -117, -165]	[-169, -85, -117, -111, -119]	[8, 9, 6, -1, -112]	[224, 118, 131, 185, 43]	[10009, 9998, 9993, 9989, 10003]	[210, 158, 204, 237, 203]
527	30.5	[-15, 154, -31, -25, -79]	[-101, -216, -73, 46, -187]	[-123, -134, 40, -28, -107]	[-44, -2, -99, -112, -60]	[122, -65, -140, -11, -37]	[-129, -32, 13, -42, -9]	[-5, 74, -4, 72, 205]	[-143, -59, -90, -119, -172]	[-160, -94, -117, -92, -118]	[11, 10, -6, -25, -62]	[223, 115, 123, 186, 30]	[10001, 9999, 9996, 10002, 10001]	[225, 204, 225, 221, 108]
528	33.5	[135, 146, 28, -17, 39]	[-55, -225, -57, 31, -159]	[-146, -123, 17, -25, -112]	[-45, -5, -97, -109, 2]	[126, -69, -88, 9, -12]	[-172, -40, 18, -16, 139]	[-38, 55, -4, 65, 221]	[-92, -55, -96, -110, -164]	[-161, -86, -117, -115, -116]	[11, 3, 6, -1, -112]	[224, 118, 126, 185, 43]	[10009, 9998, 9993, 10001, 10003]	[210, 158, 204, 237, 203]
529	31.0	[135, 146, 28, -17, 45]	[-55, -225, -57, 31, -159]	[-146, -129, 33, -25, -112]	[-45, -5, -105, -109, 2]	[126, -69, -94, 9, -12]	[-172, -40, 18, -22, 139]	[-38, 55, -4, 65, 221]	[-92, -55, -96, -110, -173]	[-168, -91, -117, -113, -116]	[11, 10, -2, -32, -112]	[224, 118, 125, 185, 43]	[10015, 9998, 9993, 10001, 10001]	[210, 158, 204, 237, 203]
530	32.0	[135, 146, 28, -17, 39]	[-55, -225, -57, 31, -159]	[-146, -129, 11, -26, -112]	[-45, -5, -105, -109, -11]	[126, -69, -79, 9, -12]	[-172, -39, 18, -16, 139]	[-38, 55, -4, 65, 221]	[-112, -48, -96, -110, -164]	[-161, -86, -117, -112, -104]	[2, 1, 4, -10, -51]	[227, 118, 126, 185, 43]	[10009, 9998, 9993, 10002, 10002]	[217, 158, 204, 237, 203]
531	30.0	[135, 146, 28, -17, 39]	[-55, -225, -57, 31, -159]	[-146, -129, 11, -26, -112]	[-45, -5, -105, -109, -11]	[126, -69, -79, 9, -12]	[-172, -39, 18, -16, 139]	[-38, 55, -4, 65, 221]	[-112, -48, -96, -110, -164]	[-161, -86, -117, -112, -104]	[2, 1, 4, -10, -51]	[227, 118, 126, 185, 43]	[10009, 9998, 9993, 10002, 10002]	[217, 158, 204, 237, 203]
532	33.5	[79, 90, 17, 2, 98]	[-55, -213, -48, 8, -39]	[-143, -132, 8, -19, -118]	[-44, -14, -100, -108, -1]	[111, -67, -90, 7, -9]	[-174, -40, 18, -23, 138]	[-11, 55, -2, 65, 220]	[-99, -56, -104, -102, -168]	[-171, -85, -114, -113, -109]	[9, -10, 13, -26, -111]	[234, 124, 126, 182, 92]	[10006, 10003, 10000, 9987, 10002]	[231, 197, 184, 251, 148]
533	33.0	[135, 146, 28, -17, 39]	[-55, -225, -57, 31, -159]	[-146, -129, 33, -25, -112]	[-45, -5, -105, -109, 2]	[126, -69, -88, 9, -12]	[-172, -40, 18, -16, 139]	[-36, 51, 0, 65, 221]	[-98, -53, -101, -111, -58]	[-169, -87, -117, -117, -116]	[11, 3, 6, -1, -112]	[224, 118, 126, 185, 43]	[10009, 9998, 9993, 10001, 10003]	[210, 158, 204, 237, 203]
534	33.0	[135, 146, 28, -17, 39]	[-55, -225, -57, 31, -159]	[-146, -123, 17, -25, -112]	[-45, -5, -97, -109, 2]	[126, -69, -88, 9, -12]	[-172, -40, 18, -16, 139]	[-38, 55, -4, 65, 221]	[-92, -55, -96, -110, -164]	[-161, -86, -117, -115, -116]	[11, 3, 6, -1, -112]	[224, 118, 126, 185, 43]	[10009, 9998, 9993, 10001, 10003]	[210, 158, 204, 237, 203]
535	35.0	[6, 149, -29, -15, 45]	[-55, -225, -73, 4, -128]	[-152, -136, 54, -27, -130]	[-45, -1, -105, -115, -14]	[122, -64, -104, 3, -12]	[-154, -37, 27, -24, 141]	[-87, 55, 2, 72, 217]	[-80, -57, -87, -116, -164]	[-168, -85, -117, -90, -131]	[-1, -6, 4, 0, -111]	[211, 122, 133, 182, 80]	[10004, 10003, 10002, 9989, 10003]	[168, 111, 183, 266, 251]
536	35.0	[135, 146, 28, -17, 39]	[-55, -225, -57, 31, -159]	[-146, -129, 33, -25, -112]	[-45, -10, -101, -109, 2]	[126, -67, -93, 9, -12]	[-172, -40, 18, -16, 123]	[-38, 49, -4, 65, 218]	[-112, -50, -96, -112, -165]	[-161, -86, -117, -112, -104]	[2, 1, 4, -10, -51]	[227, 118, 126, 185, 43]	[10009, 9998, 9993, 10002, 10002]	[217, 158, 204, 237, 203]
537	35.5	[6, 149, -29, -15, 45]	[-55, -222, -73, 4, -128]	[-149, -130, 46, -27, -130]	[-45, -1, -105, -113, -14]	[122, -64, -101, 9, -12]	[-158, -37, 26, -24, 141]	[-53, 55, 2, 72, 217]	[-116, -49, -104, -116, -164]	[-168, -85, -117, -90, -131]	[-1, -6, 4, 0, -111]	[211, 122, 133, 182, 80]	[10004, 10003, 10002, 9989, 10003]	[168, 111, 183, 266, 251]
538	34.5	[135, 146, 28, -17, 39]	[-55, -225, -57, 31, -159]	[-146, -129, 11, -26, -112]	[-45, -5, -105, -109, -11]	[126, -69, -79, 9, -12]	[-172, -39, 18, -16, 139]	[-38, 55, -4, 65, 221]	[-112, -48, -96, -110, -164]	[-161, -86, -117, -112, -104]	[2, 1, 4, -10, -51]	[227, 118, 126, 185, 43]	[10009, 9998, 9993, 10002, 10002]	[217, 158, 204, 237, 203]
539	34.0	[6, 149, -29, -15, 45]	[-55, -225, -73, 4, -128]	[-152, -136, 54, -27, -130]	[-51, -1, -105, -115, -14]	[122, -64, -104, 3, -12]	[-154, -37, 27, -24, 141]	[-87, 55, 2, 72, 217]	[-80, -57, -87, -116, -164]	[-168, -85, -117, -90, -131]	[-1, -6, 4, 0, -111]	[211, 122, 133, 188, 80]	[10004, 10003, 10002, 9989, 10003]	[168, 111, 183, 266, 251]
540	29.5	[135, 146, 28, -17, 45]	[-55, -225, -57, 31, -159]	[-146, -129, 33, -25, -112]	[-45, -5, -105, -109, 2]	[126, -69, -94, 9, -12]	[-172, -40, 18, -22, 139]	[-38, 55, -4, 65, 221]	[-92, -55, -96, -110, -173]	[-168, -91, -117, -113, -116]	[5, 10, -2, -32, -112]	[224, 118, 125, 185, 43]	[10015, 9998, 9993, 10001, 10001]	[210, 152, 204, 237, 203]
541	28.5	[79, 90, 1, -15, 98]	[-55, -217, -40, 4, -48]	[-150, -128, 47, -27, -118]	[-44, -8, -105, -108, 2]	[127, -67, -95, 9, -11]	[-173, -40, 20, -33, 142]	[-24, 53, 5, 73, 216]	[-163, -58, -109, -117, -168]	[-170, -85, -116, -123, -133]	[12, -11, 7, 1, -110]	[240, 116, 138, 185, 98]	[10007, 10002, 9995, 9987, 10002]	[231, 191, 196, 250, 165]
542	29.5	[79, 90, 1, -15, 98]	[-55, -217, -40, 4, -48]	[-150, -128, 47, -27, -118]	[-44, -8, -105, -108, 2]	[127, -67, -95, 9, -11]	[-173, -40, 20, -33, 142]	[-24, 53, 5, 73, 216]	[-163, -58, -109, -117, -168]	[-170, -85, -116, -123, -133]	[12, -11, 7, 1, -110]	[240, 116, 138, 185, 98]	[10007, 10002, 9995, 9987, 10002]	[231, 191, 196, 250, 165]
543	32.5	[-15, 154, -31, -19, -32]	[-140, -202, -48, 38, -169]	[-123, -127, 46, -27, -130]	[-34, -6, -92, -111, -57]	[108, -66, -68, -3, -17]	[-129, -32, 13, -42, 94]	[20, 55, -4, 65, 197]	[-129, -55, -94, -117, -171]	[-160, -88, -122, -107, -100]	[11, -7, 1, -41, -69]	[242, 119, 124, 186, 24]	[10000, 9998, 9993, 10005, 10001]	[225, 204, 225, 221, 108]
544	39.5	[135, 146, 28, -17, 39]	[-55, -225, -57, 31, -159]	[-146, -124, 28, -25, -112]	[-45, -5, -102, -109, 2]	[126, -69, -88, 9, -12]	[-172, -40, 18, -16, 139]	[-38, 55, -1, 65, 221]	[-92, -55, -99, -110, -164]	[-161, -86, -117, -115, -116]	[11, 3, 6, -1, -112]	[224, 118, 126, 185, 43]	[10009, 9998, 9993, 10001, 10003]	[210, 158, 204, 237, 203]
545	32.5	[135, 146, 28, -17, 45]	[-55, -225, -57, 31, -159]	[-146, -129, 33, -25, -112]	[-45, -5, -105, -109, 8]	[126, -69, -94, 9, -12]	[-172, -40, 18, -22, 139]	[-38, 55, -4, 65, 221]	[-92, -55, -96, -110, -173]	[-168, -91, -117, -113, -116]	[5, 10, -2, -32, -112]	[224, 118, 125, 185, 43]	[10015, 9998, 9993, 10001, 10001]	[210, 152, 204, 237, 203]
546	33.5	[6, 149, -29, -15, 45]	[-55, -222, -73, 4, -128]	[-149, -130, 46, -27, -130]	[-45, -1, -105, -113, -14]	[122, -64, -101, 9, -12]	[-158, -37, 21, -16, 141]	[-53, 49, 1, 67, 217]	[-116, -53, -101, -112, -94]	[-168, -85, -117, -114, -123]	[-1, -4, 4, -1, -111]	[211, 122, 133, 182, 80]	[10004, 10003, 10002, 9989, 10003]	[168, 111, 183, 266, 232]
547	32.0	[79, 90, 1, -15, 98]	[-55, -217, -40, 4, -48]	[-150, -128, 47, -27, -118]	[-44, -8, -105, -108, 2]	[127, -69, -95, 9, -11]	[-173, -40, 18, -28, 142]	[-24, 53, 2, 70, 217]	[-163, -58, -109, -117, -168]	[-170, -85, -116, -123, -133]	[12, -11, 7, 1, -110]	[240, 116, 138, 185, 98]	[10007, 10002, 9995, 9987, 10002]	[231, 191, 196, 250, 165]
548	33.5	[135, 146, 28, -17, 45]	[-55, -225, -57, 31, -159]	[-146, -129, 33, -25, -112]	[-45, -5, -105, -109, 8]	[126, -69, -94, 9, -12]	[-172, -40, 18, -22, 139]	[-38, 55, -4, 65, 221]	[-92, -55, -96, -110, -173]	[-168, -91, -117, -113, -116]	[5, 10, -2, -32, -112]	[224, 118, 125, 185, 43]	[10015, 9998, 9993, 10001, 10001]	[210, 152, 204, 237, 203]
549	30.5	[-15, 154, -31, -31, -79]	[-140, -202, -48, 46, -187]	[-128, -132, 24, -27, -130]	[-17, -9, -97, -110, -45]	[109, -67, -91, 1, -29]	[-129, -32, 13, -38, 77]	[20, 61, -4, 65, 203]	[-102, -56, -94, -117, -171]	[-160, -88, -118, -111, -101]	[11, -7, 3, -27, -69]	[242, 123, 124, 186, 24]	[10002, 9999, 9995, 10004, 10002]	[225, 204, 225, 221, 108]
550	35.0	[79, 90, 1, -15, 98]	[-55, -217, -40, 4, -48]	[-150, -128, 47, -27, -118]	[-44, -8, -105, -108, 2]	[127, -69, -95, 9, -11]	[-173, -40, 18, -28, 142]	[-24, 53, 2, 70, 217]	[-163, -58, -109, -117, -168]	[-170, -85, -116, -123, -133]	[12, -11, 7, 1, -110]	[240, 116, 138, 185, 98]	[10007, 10002, 9995, 9987, 10002]	[231, 191, 196, 250, 165]
551	32.5	[135, 146, 28, -17, 39]	[-55, -225, -57, 31, -159]	[-140, -129, 33, -25, -112]	[-44, -9, -103, -108, 0]	[127, -67, -95, 9, -12]	[-172, -40, 19, -25, 123]	[-38, 55, -2, 65, 218]	[-112, -50, -97, -108, -165]	[-171, -85, -115, -112, -104]	[2, 1, 4, -10, -51]	[227, 118, 126, 185, 43]	[10009, 9998, 9993, 10002, 10002]	[217, 158, 204, 237, 203]
552	33.5	[135, 146, 28, -17, 39]	[-55, -225, -57, 31, -159]	[-140, -129, 33, -25, -112]	[-44, -9, -103, -108, 0]	[127, -67, -95, 9, -12]	[-172, -40, 19, -25, 123]	[-38, 55, -2, 65, 218]	[-112, -50, -97, -108, -165]	[-171, -85, -115, -112, -104]	[2, 1, 4, -10, -51]	[227, 118, 126, 185, 43]	[10009, 9998, 9993, 10002, 10002]	[217, 158, 204, 237, 203]
553	36.0	[79, 90, 1, -15, 98]	[-55, -225, -52, 31, -153]	[-150, -128, 27, -27, -114]	[-44, -8, -105, -108, 2]	[127, -69, -95, 9, -11]	[-173, -40, 18, -20, 139]	[-24, 53, 2, 70, 218]	[-142, -49, -109, -117, -168]	[-170, -85, -116, -114, -133]	[12, -11, 7, 0, -91]	[240, 116, 126, 189, 70]	[10007, 10002, 9995, 9989, 10002]	[226, 159, 196, 250, 165]
554	32.0	[135, 146, 28, -17, 39]	[-55, -225, -57, 31, -159]	[-146, -129, 11, -26, -112]	[-45, -5, -105, -109, -11]	[126, -67, -79, 9, -12]	[-172, -39, 18, -22, 142]	[-28, 55, 2, 67, 218]	[-112, -50, -100, -110, -164]	[-168, -85, -117, -118, -104]	[2, 1, 5, -6, -51]	[227, 118, 132, 186, 43]	[10009, 9998, 9993, 9987, 10002]	[217, 158, 204, 237, 203]
555	33.5	[79, 90, 17, 2, 98]	[-55, -213, -48, 8, -33]	[-143, -132, 8, -19, -118]	[-44, -14, -100, -108, -1]	[111, -67, -96, 7, -9]	[-174, -40, 18, -23, 138]	[-11, 55, -2, 65, 220]	[-99, -56, -104, -102, -168]	[-171, -85, -114, -113, -109]	[9, -10, 13, -26, -111]	[234, 124, 126, 182, 92]	[10008, 10001, 9994, 9999, 10002]	[216, 197, 184, 251, 154]
556	31.0	[110, 133, -3, -15, 39]	[-55, -225, -57, 31, -159]	[-146, -129, 33, -25, -112]	[-45, -10, -101, -109, 2]	[126, -67, -93, 9, -12]	[-172, -40, 18, -16, 123]	[-38, 49, -4, 65, 218]	[-112, -50, -96, -112, -165]	[-161, -86, -117, -112, -104]	[2, 1, 4, -10, -51]	[227, 118, 126, 185, 43]	[10009, 9998, 9993, 10002, 10002]	[217, 158, 204, 231, 203]
557	29.0	[-15, 154, -31, -31, -79]	[-140, -202, -48, 46, -187]	[-128, -132, 24, -27, -130]	[-17, -9, -97, -110, -45]	[109, -67, -87, 1, -29]	[-153, -34, 16, -32, 77]	[20, 60, -4, 65, 203]	[-102, -56, -94, -117, -171]	[-160, -88, -118, -111, -101]	[11, -7, 1, -26, -69]	[242, 123, 124, 186, 31]	[10002, 9999, 9995, 10004, 10002]	[225, 204, 225, 221, 108]
558	29.0	[135, 146, 28, -17, 39]	[-55, -225, -57, 31, -159]	[-146, -124, 28, -25, -112]	[-45, -5, -102, -109, 2]	[126, -69, -88, 9, -12]	[-172, -40, 18, -16, 139]	[-38, 55, -1, 65, 221]	[-92, -55, -99, -110, -164]	[-161, -85, -116, -115, -116]	[11, 3, 6, -1, -112]	[234, 118, 126, 187, 68]	[10007, 10002, 9999, 9989, 10003]	[210, 159, 201, 238, 203]
559	31.0	[135, 146, 28, -17, 41]	[-55, -225, -57, 31, -159]	[-146, -129, 33, -25, -112]	[-45, -5, -102, -109, 8]	[126, -69, -94, 9, -12]	[-172, -40, 18, -22, 139]	[-38, 55, -4, 65, 221]	[-92, -55, -96, -110, -173]	[-168, -91, -123, -113, -116]	[5, 10, -2, -32, -112]	[224, 118, 125, 185, 43]	[10015, 9998, 9993, 10001, 10001]	[210, 152, 204, 237, 203]
560	35.5	[135, 146, 28, -17, 41]	[-55, -225, -57, 31, -159]	[-146, -129, 33, -25, -112]	[-45, -5, -102, -109, 8]	[126, -69, -94, 9, -12]	[-172, -40, 18, -22, 139]	[-38, 55, -4, 65, 221]	[-92, -55, -96, -110, -173]	[-168, -91, -123, -113, -116]	[5, 10, -2, -32, -112]	[224, 118, 125, 185, 43]	[10015, 9998, 9993, 10001, 10001]	[210, 152, 204, 237, 203]
561	36.0	[135, 146, 28, -17, 39]	[-55, -225, -57, 31, -159]	[-146, -124, 28, -25, -112]	[-45, -10, -100, -110, 2]	[126, -68, -88, 9, -12]	[-172, -40, 18, -16, 139]	[-38, 52, -1, 65, 221]	[-92, -55, -99, -112, -164]	[-161, -85, -117, -113, -116]	[6, 2, 4, -1, -112]	[234, 118, 126, 186, 68]	[10007, 9998, 9998, 10002, 10003]	[210, 159, 201, 238, 203]
562	29.0	[110, 133, -3, -15, 39]	[-55, -225, -57, 37, -159]	[-146, -129, 33, -25, -112]	[-45, -10, -101, -109, 2]	[126, -67, -93, 9, -12]	[-172, -40, 18, -16, 123]	[-38, 49, -4, 65, 218]	[-112, -50, -96, -112, -165]	[-161, -86, -117, -112, -104]	[2, 1, 4, -10, -51]	[227, 118, 126, 185, 43]	[10009, 9998, 9993, 10002, 10002]	[217, 158, 204, 231, 203]
563	33.5	[129, 146, 28, -17, 39]	[-55, -225, -57, 31, -159]	[-140, -129, 33, -25, -112]	[-44, -9, -103, -108, 0]	[127, -67, -95, 9, -12]	[-172, -40, 19, -25, 123]	[-38, 55, -2, 65, 212]	[-112, -44, -97, -108, -165]	[-171, -85, -115, -112, -104]	[2, 1, 4, -10, -51]	[227, 118, 126, 185, 43]	[10009, 9998, 9993, 10002, 10002]	[217, 158, 204, 237, 203]
564	35.5	[135, 105, 18, -9, 41]	[-55, -217, -54, 22, -159]	[-146, -132, 18, -25, -112]	[-45, -5, -102, -109, 8]	[126, -69, -94, 9, -12]	[-172, -40, 18, -22, 139]	[-38, 55, -4, 65, 221]	[-92, -55, -96, -110, -173]	[-168, -91, -123, -113, -116]	[5, 10, -2, -32, -112]	[224, 118, 125, 185, 43]	[10015, 9998, 9993, 10001, 10001]	[210, 152, 204, 237, 203]
565	31.5	[129, 146, 28, -17, 39]	[-55, -225, -57, 31, -159]	[-140, -123, 25, -25, -112]	[-45, -8, -105, -108, 0]	[127, -67, -88, 9, -12]	[-172, -40, 15, -24, 130]	[-38, 55, -2, 65, 212]	[-112, -48, -97, -108, -165]	[-171, -85, -115, -120, -104]	[2, 1, 5, -10, -51]	[227, 118, 132, 185, 43]	[10009, 9998, 9993, 10002, 10002]	[217, 158, 204, 237, 203]
566	33.0	[135, 100, 18, -17, 41]	[-55, -220, -57, 31, -159]	[-146, -131, 19, -25, -112]	[-45, -5, -102, -109, 8]	[126, -69, -94, 9, -10]	[-174, -40, 18, -22, 139]	[-38, 55, -4, 65, 220]	[-96, -56, -96, -110, -173]	[-171, -88, -114, -113, -114]	[5, 7, 7, -31, -112]	[224, 118, 125, 185, 43]	[10015, 9998, 9993, 10001, 10001]	[210, 152, 204, 237, 203]
567	32.0	[135, 146, 28, -17, 42]	[-55, -225, -55, 31, -156]	[-146, -124, 34, -26, -112]	[-44, -8, -104, -109, -6]	[126, -66, -96, 9, -6]	[-172, -37, 19, -16, 140]	[-38, 55, -1, 67, 217]	[-92, -55, -101, -110, -123]	[-161, -85, -116, -115, -119]	[11, 3, 6, -1, -112]	[234, 118, 126, 187, 68]	[10007, 10002, 9999, 9989, 10003]	[210, 159, 201, 238, 203]
568	30.0	[135, 146, 28, -17, 41]	[-55, -225, -57, 31, -159]	[-146, -129, 33, -25, -112]	[-45, -5, -102, -109, 8]	[126, -69, -94, 9, -12]	[-172, -40, 18, -18, 139]	[-38, 55, -2, 65, 221]	[-92, -55, -96, -110, -173]	[-162, -85, -122, -114, -116]	[5, 10, 0, -14, -112]	[224, 118, 125, 187, 47]	[10009, 10001, 9996, 10001, 10001]	[210, 152, 204, 237, 203]
569	31.0	[110, 133, -3, -15, 39]	[-55, -225, -57, 37, -159]	[-146, -129, 33, -25, -112]	[-45, -10, -101, -109, 2]	[126, -67, -93, 9, -12]	[-172, -40, 18, -16, 123]	[-38, 49, -4, 65, 218]	[-112, -50, -96, -112, -165]	[-161, -86, -117, -112, -104]	[2, 1, 4, -10, -51]	[227, 118, 126, 185, 43]	[10009, 9998, 9993, 10002, 10002]	[217, 158, 204, 231, 203]
570	32.5	[129, 146, 28, -17, 39]	[-55, -225, -57, 31, -159]	[-140, -129, 33, -25, -112]	[-44, -9, -103, -108, 0]	[127, -67, -95, 9, -12]	[-172, -39, 19, -25, 123]	[-38, 55, -2, 65, 212]	[-112, -45, -97, -109, -165]	[-171, -85, -115, -115, -104]	[2, 1, 4, -10, -51]	[227, 118, 126, 185, 43]	[10009, 9998, 9993, 10002, 10002]	[217, 158, 204, 237, 203]
571	30.0	[135, 146, 28, -17, 39]	[-55, -225, -57, 31, -159]	[-146, -124, 28, -25, -112]	[-45, -12, -100, -109, 2]	[126, -68, -89, 4, -33]	[-172, -40, 12, -26, 137]	[-19, 53, -1, 65, 221]	[-92, -55, -99, -111, -166]	[-162, -85, -117, -113, -116]	[6, 2, 11, -6, -112]	[234, 118, 126, 186, 68]	[10007, 9998, 9998, 10002, 10003]	[210, 159, 201, 238, 203]
572	37.0	[135, 100, 18, -17, 47]	[-55, -220, -57, 31, -159]	[-146, -131, 19, -25, -112]	[-45, -5, -102, -109, 8]	[126, -69, -94, 9, -10]	[-174, -40, 18, -22, 139]	[-38, 55, -4, 65, 220]	[-96, -56, -96, -110, -173]	[-171, -88, -114, -113, -114]	[5, 7, 7, -31, -112]	[224, 118, 125, 185, 43]	[10015, 9998, 9993, 10001, 10001]	[210, 152, 204, 237, 203]
573	32.0	[135, 146, 28, -17, 39]	[-55, -225, -57, 31, -159]	[-146, -124, 28, -25, -112]	[-45, -12, -100, -115, 2]	[126, -68, -89, 4, -33]	[-172, -40, 12, -26, 137]	[-19, 53, -1, 65, 221]	[-92, -55, -99, -111, -166]	[-162, -85, -117, -113, -116]	[6, 2, 11, -6, -112]	[234, 118, 126, 186, 68]	[10007, 9998, 9998, 10002, 10003]	[210, 159, 201, 238, 203]
574	36.0	[135, 146, 28, -17, 39]	[-55, -225, -57, 31, -159]	[-146, -124, 28, -25, -112]	[-45, -12, -100, -115, 2]	[126, -68, -89, 4, -33]	[-172, -46, 12, -26, 137]	[-19, 53, -1, 65, 221]	[-92, -55, -99, -111, -166]	[-162, -85, -117, -113, -116]	[6, 2, 11, -6, -112]	[234, 118, 126, 186, 68]	[10007, 9998, 9998, 10002, 10003]	[210, 159, 201, 238, 203]
575	33.0	[129, 146, 28, -17, 39]	[-55, -225, -57, 31, -159]	[-140, -129, 33, -25, -112]	[-44, -9, -103, -108, 0]	[127, -67, -95, 9, -12]	[-172, -39, 19, -25, 123]	[-38, 55, -2, 65, 212]	[-112, -45, -97, -109, -165]	[-171, -85, -115, -115, -104]	[2, 1, 4, -10, -51]	[227, 118, 126, 185, 43]	[10009, 9998, 9993, 10002, 10002]	[217, 158, 204, 237, 203]
576	29.5	[135, 105, 18, -9, 41]	[-55, -217, -54, 22, -159]	[-146, -132, 18, -25, -112]	[-45, -10, -101, -109, 8]	[126, -69, -94, 9, -12]	[-172, -40, 18, -20, 126]	[-38, 53, -4, 65, 219]	[-106, -50, -96, -112, -173]	[-167, -88, -120, -113, -116]	[5, 10, -2, -32, -112]	[224, 118, 125, 185, 43]	[10015, 9998, 9993, 10001, 10001]	[210, 152, 204, 237, 203]
577	32.5	[79, 90, 17, 2, 98]	[-55, -213, -48, 11, -64]	[-143, -132, 12, -21, -113]	[-44, -14, -100, -109, -1]	[111, -67, -95, 9, -10]	[-174, -40, 18, -20, 138]	[-19, 55, -2, 59, 220]	[-109, -51, -100, -109, -168]	[-171, -86, -114, -113, -109]	[9, -10, 13, -26, -108]	[238, 121, 126, 182, 92]	[10008, 10002, 9995, 9999, 10002]	[216, 191, 193, 251, 154]
578	29.0	[135, 146, 28, -17, 39]	[-55, -225, -57, 31, -159]	[-146, -124, 28, -25, -112]	[-45, -12, -100, -115, 2]	[126, -68, -89, 4, -33]	[-172, -46, 12, -26, 137]	[-19, 53, -1, 65, 221]	[-92, -55, -99, -111, -166]	[-162, -85, -117, -113, -116]	[6, 2, 11, -6, -112]	[234, 118, 126, 186, 68]	[10007, 9998, 9998, 10002, 10003]	[210, 159, 201, 238, 203]
579	33.0	[79, 90, 17, 2, 98]	[-55, -213, -50, 8, -41]	[-143, -127, 23, -21, -118]	[-44, -11, -104, -109, -1]	[111, -67, -88, 9, -11]	[-172, -40, 18, -20, 138]	[-19, 55, -2, 60, 220]	[-109, -48, -100, -109, -168]	[-171, -86, -114, -113, -109]	[9, -10, 13, -26, -108]	[238, 121, 126, 182, 92]	[10008, 10002, 9995, 9999, 10002]	[216, 191, 193, 251, 154]
580	37.5	[135, 100, 18, -17, 47]	[-55, -220, -57, 31, -159]	[-146, -129, 26, -26, -112]	[-45, -8, -102, -106, 1]	[126, -69, -91, 9, -12]	[-174, -45, 16, -21, 137]	[-38, 55, -4, 65, 220]	[-97, -56, -97, -110, -144]	[-165, -87, -119, -113, -114]	[6, 3, 8, -31, -112]	[226, 118, 125, 185, 43]	[10015, 10000, 9993, 9993, 10003]	[210, 156, 203, 237, 203]
581	32.5	[135, 100, 18, -17, 47]	[-55, -220, -57, 31, -159]	[-146, -129, 26, -26, -112]	[-45, -8, -102, -106, 1]	[126, -69, -91, 9, -12]	[-174, -45, 16, -21, 137]	[-38, 55, -4, 65, 220]	[-97, -56, -97, -110, -144]	[-165, -87, -119, -113, -114]	[6, 3, 8, -31, -112]	[226, 118, 125, 185, 43]	[10015, 10000, 9993, 9993, 10003]	[210, 156, 203, 237, 203]
582	34.0	[135, 146, 28, -17, 42]	[-55, -207, -55, 32, -160]	[-146, -124, 34, -26, -112]	[-45, -8, -103, -111, -3]	[126, -68, -90, 9, -12]	[-172, -43, 14, -22, 137]	[-38, 53, -1, 67, 217]	[-92, -54, -100, -110, -123]	[-162, -85, -118, -114, -117]	[11, 4, 0, -13, -112]	[234, 118, 125, 185, 68]	[10007, 10001, 9999, 9992, 10003]	[210, 156, 204, 238, 203]
583	31.0	[79, 90, 17, 2, 98]	[-55, -213, -50, 8, -41]	[-143, -127, 23, -21, -118]	[-44, -11, -104, -109, -1]	[111, -67, -88, 9, -11]	[-172, -40, 18, -20, 138]	[-19, 55, -2, 60, 220]	[-109, -48, -100, -109, -168]	[-171, -86, -114, -113, -109]	[9, -10, 13, -26, -108]	[238, 121, 126, 182, 92]	[10008, 10002, 9995, 9999, 10002]	[216, 191, 193, 251, 154]
584	34.0	[135, 146, 28, -17, 42]	[-55, -207, -55, 32, -160]	[-152, -124, 34, -26, -112]	[-45, -8, -103, -111, -3]	[126, -68, -90, 9, -12]	[-172, -43, 14, -22, 137]	[-38, 53, -1, 67, 217]	[-92, -54, -100, -110, -123]	[-162, -85, -118, -114, -111]	[11, 4, 2, -12, -56]	[234, 118, 126, 185, 62]	[10007, 10001, 9996, 9993, 10003]	[210, 156, 204, 238, 203]
585	33.5	[79, 114, 25, -15, 98]	[-55, -225, -54, 31, -153]	[-148, -124, 28, -26, -114]	[-44, -8, -103, -109, 2]	[127, -66, -95, 8, -18]	[-145, -33, 18, -20, 140]	[-12, 55, 5, 70, 218]	[-110, -56, -101, -112, -158]	[-160, -88, -118, -114, -133]	[11, -10, 5, -23, -105]	[241, 116, 126, 189, 70]	[10009, 10001, 9998, 9997, 10003]	[226, 159, 196, 238, 202]
586	28.0	[135, 100, 18, -17, 47]	[-55, -207, -57, 33, -159]	[-146, -131, 13, -27, -112]	[-45, -5, -101, -110, 4]	[126, -69, -90, 9, -10]	[-171, -40, 18, -22, 139]	[-38, 55, -4, 65, 220]	[-99, -56, -96, -110, -173]	[-165, -88, -119, -113, -114]	[5, 7, 7, -31, -112]	[224, 118, 125, 185, 43]	[10015, 9993, 9993, 10001, 10001]	[210, 152, 204, 237, 203]
587	33.5	[135, 146, 28, -17, 42]	[-55, -207, -55, 32, -160]	[-152, -124, 34, -26, -112]	[-45, -8, -103, -111, -3]	[126, -68, -90, 9, -12]	[-172, -43, 14, -22, 137]	[-38, 53, -1, 67, 217]	[-92, -54, -100, -110, -123]	[-162, -85, -118, -114, -111]	[11, 4, 2, -12, -56]	[234, 118, 126, 185, 62]	[10007, 10001, 9996, 9993, 10003]	[210, 156, 204, 238, 203]
588	37.5	[135, 146, 28, -17, 42]	[-55, -207, -55, 32, -160]	[-146, -124, 34, -26, -112]	[-45, -8, -104, -109, -3]	[126, -68, -93, 9, -12]	[-172, -39, 17, -21, 139]	[-38, 55, -3, 67, 217]	[-92, -54, -100, -110, -123]	[-162, -85, -120, -114, -119]	[11, 4, 0, -13, -112]	[234, 118, 131, 185, 68]	[10007, 10001, 9999, 9992, 10003]	[210, 156, 204, 238, 203]
589	33.0	[135, 100, 18, -17, 47]	[-55, -207, -57, 33, -159]	[-146, -131, 14, -27, -112]	[-45, -6, -102, -108, 2]	[126, -69, -90, 9, -10]	[-171, -40, 16, -21, 139]	[-38, 55, -4, 65, 220]	[-100, -48, -96, -110, -173]	[-165, -88, -115, -113, -115]	[5, 0, 11, -31, -112]	[231, 120, 125, 185, 43]	[10015, 10002, 9993, 10001, 10001]	[210, 156, 193, 243, 203]
590	31.0	[129, 146, 28, -17, 39]	[-55, -225, -57, 31, -159]	[-140, -129, 33, -25, -112]	[-44, -9, -109, -108, 0]	[127, -67, -95, 9, -12]	[-172, -37, 19, -20, 123]	[-38, 55, -1, 67, 217]	[-112, -45, -99, -110, -165]	[-171, -85, -115, -115, -104]	[2, 1, 4, -10, -51]	[227, 118, 132, 185, 43]	[10009, 9998, 9993, 10002, 10002]	[217, 164, 204, 237, 203]
591	33.5	[79, 114, 25, -15, 98]	[-55, -225, -54, 31, -153]	[-148, -124, 28, -26, -114]	[-44, -8, -103, -109, 2]	[127, -66, -95, 8, -18]	[-145, -33, 12, -20, 140]	[-12, 55, 5, 70, 218]	[-110, -56, -101, -112, -158]	[-160, -88, -118, -114, -133]	[11, -10, 5, -23, -105]	[241, 116, 126, 189, 70]	[10009, 10001, 9998, 9997, 10003]	[226, 159, 196, 238, 202]
592	29.5	[110, 133, -3, -15, 39]	[-55, -225, -57, 37, -159]	[-146, -129, 33, -19, -112]	[-45, -10, -101, -109, 3]	[126, -68, -93, 9, -12]	[-172, -40, 18, -22, 135]	[-32, 49, -4, 65, 218]	[-112, -54, -96, -112, -171]	[-161, -86, -119, -112, -112]	[2, 1, 4, -26, -72]	[221, 118, 126, 185, 43]	[10009, 9998, 9993, 10002, 10002]	[217, 158, 204, 231, 203]
593	31.0	[129, 146, 28, -17, 39]	[-55, -225, -57, 31, -159]	[-140, -129, 33, -25, -112]	[-44, -9, -109, -108, 0]	[133, -67, -95, 9, -12]	[-172, -37, 19, -20, 123]	[-38, 55, -1, 67, 217]	[-112, -45, -99, -110, -165]	[-171, -85, -115, -115, -104]	[2, 1, 4, -10, -51]	[227, 118, 132, 185, 43]	[10009, 9998, 9993, 10002, 10002]	[217, 164, 204, 237, 203]
594	36.0	[135, 100, 18, -17, 47]	[-55, -207, -57, 33, -159]	[-146, -131, 14, -27, -112]	[-45, -6, -102, -108, 2]	[126, -69, -90, 9, -10]	[-171, -40, 16, -21, 139]	[-38, 55, -4, 65, 220]	[-100, -48, -96, -110, -173]	[-165, -88, -115, -113, -115]	[5, 0, 11, -31, -112]	[231, 120, 125, 185, 43]	[10015, 10002, 9993, 10001, 10001]	[210, 156, 193, 243, 203]
595	30.0	[135, 146, 26, -17, 47]	[-55, -220, -55, 31, -160]	[-146, -131, 19, -25, -118]	[-45, -7, -100, -106, 6]	[126, -69, -93, 7, -11]	[-174, -45, 16, -26, 137]	[-38, 55, -4, 65, 220]	[-98, -56, -96, -110, -148]	[-170, -87, -117, -113, -114]	[6, 3, 8, -29, -96]	[224, 118, 126, 185, 60]	[10015, 10001, 9996, 9999, 10001]	[210, 152, 204, 237, 203]
596	30.0	[113, 97, 17, -17, 47]	[-55, -209, -57, 45, -168]	[-143, -129, 28, -27, -115]	[-17, -9, -99, -105, 2]	[126, -67, -91, 8, -10]	[-172, -40, 14, -21, 139]	[3, 61, 2, 65, 216]	[-98, -55, -96, -110, -146]	[-165, -88, -117, -113, -114]	[5, 7, 7, -31, -109]	[224, 118, 125, 184, 61]	[10015, 9992, 9993, 10001, 10001]	[210, 152, 204, 237, 203]
597	33.0	[135, 146, 28, -17, 42]	[-55, -207, -55, 32, -160]	[-152, -128, 33, -26, -112]	[-45, -3, -109, -111, -3]	[126, -68, -90, 9, -12]	[-172, -43, 14, -19, 124]	[-38, 53, -1, 67, 217]	[-92, -53, -96, -110, -127]	[-168, -85, -118, -113, -113]	[11, 4, 3, -11, -56]	[234, 118, 126, 185, 62]	[10007, 10001, 9996, 9993, 10003]	[210, 156, 204, 238, 203]
598	28.5	[79, 90, 17, 2, 98]	[-55, -213, -50, 8, -41]	[-143, -127, 23, -15, -118]	[-44, -11, -104, -109, -1]	[111, -67, -88, 9, -11]	[-172, -40, 18, -20, 138]	[-19, 55, -2, 60, 220]	[-109, -48, -100, -109, -168]	[-171, -80, -108, -113, -109]	[9, -10, 13, -26, -108]	[238, 121, 126, 182, 92]	[10008, 10002, 9995, 9999, 10002]	[216, 191, 193, 251, 154]
599	35.5	[135, 146, 26, -17, 47]	[-55, -220, -55, 31, -160]	[-146, -131, 19, -25, -118]	[-45, -7, -104, -106, 6]	[126, -69, -95, 9, -11]	[-172, -41, 14, -26, 137]	[-38, 55, -4, 65, 220]	[-98, -49, -97, -110, -148]	[-170, -87, -117, -113, -104]	[6, 3, 14, -29, -95]	[224, 118, 126, 185, 60]	[10015, 10001, 9996, 9999, 10001]	[210, 152, 204, 237, 203]
