generation	fitness	corner	c	a1	a2	b1	b2	b3	x	o1	o2	wp	ww	we
1000	39.3	[112, -19, -23, 76, 79]	[-104, -148, -71, 15, -30]	[-167, -36, 24, -15, -170]	[-46, -162, -79, -96, -98]	[122, -88, -93, 31, 27]	[-102, -28, 5, -27, 107]	[-58, 56, 2, 98, 151]	[-109, -123, -127, -114, -157]	[-158, -124, -113, -114, -92]	[-32, -26, 17, -4, -79]	[85, 115, 78, 179, 102]	[9998, 10004, 9992, 9983, 9996]	[226, 194, 188, 240, 196]
1001	33.0	[91, 87, 28, 70, 92]	[-150, -138, -84, 18, -33]	[-152, -36, 18, -14, -173]	[-46, -160, -77, -91, -86]	[121, -85, -97, 42, 7]	[-123, -19, 18, -37, 110]	[-93, 53, 3, 86, 146]	[-118, -127, -122, -111, -135]	[-163, -132, -123, -120, -123]	[-8, -19, -23, -21, -67]	[112, 127, 118, 174, 165]	[10003, 10001, 9984, 9994, 9995]	[190, 191, 185, 204, 168]
1002	42.0	[175, 79, 14, 50, 92]	[-162, -137, -80, 18, -112]	[-152, -44, 10, -10, -177]	[-49, -158, -83, -86, -100]	[123, -93, -94, 43, 14]	[-122, -28, 17, -38, 122]	[-94, 53, 5, 85, 153]	[-120, -129, -123, -128, -136]	[-163, -151, -111, -116, -126]	[-9, -22, -22, -17, -65]	[120, 126, 124, 164, 165]	[10003, 10000, 9998, 9993, 9998]	[184, 191, 206, 201, 162]
1003	37.7	[88, 9, -28, 36, 95]	[-115, -145, -80, 24, -45]	[-158, -41, 22, -12, -157]	[-44, -181, -87, -104, -82]	[119, -89, -83, 32, 7]	[-116, -28, 11, -41, 103]	[-76, 41, 7, 98, 168]	[-99, -141, -121, -107, -148]	[-162, -123, -111, -114, -114]	[-3, -14, -13, -17, -71]	[110, 111, 90, 176, 17]	[10005, 10000, 9993, 10015, 9996]	[212, 130, 187, 265, 255]
1004	37.7	[85, -23, -29, 42, 88]	[-98, -141, -83, -5, -132]	[-138, -49, 18, -15, -120]	[-55, -178, -86, -99, -92]	[120, -98, -92, 12, 11]	[-113, -25, 15, -13, 79]	[-78, 47, 4, 100, 160]	[-83, -128, -121, -114, -142]	[-198, -131, -103, -107, -130]	[-2, -10, -17, -25, -64]	[121, 116, 112, 177, 138]	[10009, 10001, 9996, 9999, 9992]	[170, 165, 178, 223, 181]
1005	37.0	[88, 9, -28, 36, 97]	[-121, -145, -79, 23, -45]	[-158, -41, 21, -5, -142]	[-66, -180, -88, -104, -82]	[119, -89, -94, 30, 7]	[-122, -28, 11, -41, 103]	[-74, 41, 7, 98, 169]	[-98, -141, -122, -107, -147]	[-162, -122, -111, -114, -114]	[-3, -14, -14, -17, -71]	[110, 110, 84, 176, 22]	[9995, 10001, 9999, 10007, 10002]	[212, 127, 187, 265, 261]
1006	36.3	[85, -24, -29, 42, 88]	[-96, -124, -78, 20, -132]	[-138, -49, 15, -15, -120]	[-55, -178, -86, -99, -86]	[120, -98, -92, 14, 17]	[-113, -25, 15, -13, 79]	[-78, 53, 6, 98, 160]	[-83, -128, -121, -114, -148]	[-201, -131, -103, -107, -130]	[-21, -9, -17, -25, -64]	[108, 116, 112, 177, 138]	[10009, 10001, 9996, 9999, 9992]	[170, 165, 178, 223, 181]
1007	36.7	[88, 9, -28, 36, 97]	[-121, -145, -79, 23, -45]	[-158, -41, 21, -5, -142]	[-66, -180, -88, -104, -82]	[119, -89, -94, 30, 7]	[-122, -28, 11, -41, 103]	[-74, 41, 7, 98, 169]	[-98, -141, -122, -107, -147]	[-162, -122, -111, -114, -114]	[-3, -14, -14, -17, -71]	[110, 110, 84, 176, 22]	[9995, 10001, 9999, 10007, 10002]	[212, 127, 187, 265, 261]
1008	33.7	[91, 87, 28, 70, 92]	[-150, -137, -81, 21, -79]	[-152, -36, 18, -14, -165]	[-48, -168, -83, -91, -90]	[122, -86, -94, 32, 11]	[-123, -19, 18, -35, 99]	[-46, 53, 3, 86, 146]	[-118, -127, -122, -112, -141]	[-166, -133, -123, -120, -123]	[-8, -19, -14, -21, -67]	[112, 127, 118, 174, 148]	[10003, 10002, 9988, 9994, 9995]	[190, 191, 185, 204, 168]
1009	35.0	[91, 87, 28, 70, 92]	[-150, -138, -84, 18, -33]	[-152, -36, 18, -14, -173]	[-46, -160, -77, -91, -86]	[121, -86, -96, 32, 11]	[-123, -19, 16, -30, 110]	[-78, 53, 3, 94, 146]	[-91, -127, -124, -112, -157]	[-192, -133, -122, -117, -123]	[-8, -19, -14, -21, -63]	[108, 119, 118, 175, 129]	[10004, 10004, 9999, 9994, 9995]	[190, 191, 185, 204, 168]
1010	35.7	[147, 82, 39, 49, 92]	[-111, -140, -79, 21, -66]	[-153, -34, 19, -15, -157]	[-52, -157, -76, -91, -89]	[118, -87, -94, 45, 8]	[-113, -27, 12, -38, 117]	[-94, 54, 2, 88, 142]	[-131, -131, -123, -113, -128]	[-163, -144, -123, -125, -128]	[3, -19, -21, -27, -65]	[117, 122, 121, 174, 172]	[10003, 9996, 9974, 9997, 9997]	[190, 185, 184, 210, 169]
1011	37.7	[85, -24, -29, 42, 88]	[-96, -149, -78, 20, -132]	[-138, -49, 15, -15, -120]	[-55, -178, -86, -99, -86]	[120, -98, -92, 14, 17]	[-107, -50, 15, -28, 79]	[-78, 53, 6, 100, 160]	[-83, -128, -121, -114, -148]	[-201, -131, -103, -107, -130]	[-21, -9, -17, -25, -64]	[108, 116, 112, 177, 138]	[10009, 10001, 9996, 9999, 9992]	[170, 165, 178, 223, 181]
1012	40.3	[85, -24, -29, 42, 88]	[-96, -124, -78, 20, -132]	[-138, -49, 15, -15, -120]	[-55, -178, -86, -99, -86]	[120, -98, -94, 23, 15]	[-113, -25, 15, -13, 79]	[-78, 54, 6, 91, 153]	[-83, -128, -121, -114, -134]	[-201, -131, -105, -121, -128]	[-21, -9, -21, -25, -64]	[108, 116, 112, 175, 138]	[10009, 10001, 9996, 9999, 9992]	[170, 165, 178, 223, 181]
1013	36.3	[85, -24, -29, 42, 88]	[-96, -149, -78, 20, -132]	[-138, -49, 15, -15, -120]	[-55, -178, -86, -99, -86]	[120, -98, -92, 14, 17]	[-107, -50, 15, -28, 79]	[-78, 53, 6, 100, 160]	[-83, -128, -121, -114, -148]	[-201, -131, -103, -107, -130]	[-21, -9, -17, -25, -64]	[108, 116, 112, 177, 138]	[10009, 10001, 9996, 9999, 9992]	[170, 165, 178, 223, 181]
1014	36.3	[85, -24, -29, 42, 88]	[-96, -124, -78, 20, -132]	[-138, -49, 15, -15, -120]	[-55, -178, -85, -96, -86]	[120, -98, -94, 27, 15]	[-113, -25, 15, -13, 91]	[-78, 54, 5, 90, 153]	[-83, -128, -121, -113, -135]	[-201, -131, -105, -120, -128]	[-21, -19, -16, -25, -64]	[108, 116, 112, 175, 138]	[10009, 10001, 9996, 9999, 9992]	[170, 165, 178, 223, 181]
1015	35.0	[175, 79, 14, 44, 92]	[-162, -137, -80, 18, -112]	[-152, -44, 10, -10, -177]	[-56, -158, -83, -86, -100]	[123, -92, -96, 43, 14]	[-122, -28, 12, -40, 87]	[-87, 49, 5, 85, 153]	[-120, -129, -123, -128, -136]	[-163, -135, -113, -120, -122]	[-9, -21, -20, -17, -65]	[120, 126, 130, 164, 165]	[10003, 10000, 9998, 9993, 9998]	[184, 191, 206, 201, 162]
1016	37.7	[85, -24, -29, 42, 88]	[-96, -149, -78, 20, -132]	[-138, -49, 15, -15, -120]	[-55, -178, -86, -99, -86]	[120, -98, -92, 14, 17]	[-107, -50, 15, -28, 79]	[-78, 53, 6, 100, 160]	[-83, -128, -121, -114, -148]	[-201, -131, -103, -107, -130]	[-21, -9, -17, -25, -64]	[108, 116, 112, 177, 138]	[10009, 10001, 9996, 9999, 9992]	[170, 165, 178, 223, 181]
1017	37.0	[175, 79, 14, 44, 92]	[-162, -137, -80, 18, -112]	[-152, -44, 10, -10, -177]	[-56, -158, -83, -86, -100]	[123, -92, -96, 43, 14]	[-122, -28, 12, -40, 87]	[-87, 49, 5, 85, 153]	[-120, -129, -123, -128, -136]	[-163, -135, -113, -120, -122]	[-9, -21, -20, -17, -65]	[120, 126, 130, 164, 165]	[10003, 10000, 9998, 9993, 9998]	[184, 191, 206, 201, 162]
1018	34.7	[88, 9, -28, 36, 97]	[-121, -145, -79, 23, -45]	[-158, -41, 21, -5, -142]	[-66, -180, -88, -104, -82]	[120, -88, -93, 30, 7]	[-122, -28, 6, -35, 103]	[-74, 55, 6, 98, 169]	[-98, -141, -122, -107, -147]	[-162, -122, -111, -113, -118]	[-3, -14, -14, -17, -65]	[110, 109, 89, 176, 17]	[9995, 10001, 9998, 10009, 9999]	[212, 127, 187, 265, 261]
1019	38.3	[88, 9, -28, 36, 97]	[-121, -145, -79, 23, -45]	[-158, -41, 21, -5, -142]	[-66, -180, -88, -104, -82]	[120, -88, -93, 30, 7]	[-122, -28, 7, -35, 103]	[-74, 45, 7, 98, 168]	[-99, -141, -122, -107, -148]	[-162, -123, -111, -114, -114]	[-3, -14, -14, -17, -71]	[110, 110, 84, 176, 22]	[9995, 10001, 9999, 10007, 10002]	[212, 127, 187, 265, 261]
1020	40.3	[175, 79, 14, 44, 92]	[-162, -137, -80, 18, -112]	[-152, -44, 10, -10, -177]	[-56, -158, -83, -86, -100]	[123, -92, -96, 43, 14]	[-122, -28, 12, -40, 87]	[-87, 49, 5, 85, 153]	[-120, -129, -123, -128, -136]	[-163, -135, -113, -120, -122]	[-9, -21, -20, -17, -65]	[120, 126, 130, 164, 165]	[10003, 10000, 9998, 9993, 9998]	[184, 191, 206, 201, 162]
1021	35.7	[175, 79, 14, 44, 92]	[-162, -137, -80, 18, -112]	[-152, -44, 10, -10, -177]	[-56, -158, -83, -86, -100]	[123, -94, -94, 35, 17]	[-122, -28, 13, -32, 83]	[-79, 49, 4, 99, 153]	[-102, -131, -120, -112, -136]	[-163, -133, -105, -108, -122]	[-9, -21, -20, -25, -65]	[120, 120, 118, 164, 165]	[10003, 10000, 9998, 9993, 9998]	[184, 191, 206, 201, 162]
1022	35.7	[88, 9, -28, 36, 97]	[-121, -145, -79, 23, -45]	[-158, -41, 21, -5, -142]	[-66, -180, -88, -104, -82]	[120, -88, -93, 30, 7]	[-122, -28, 7, -35, 103]	[-78, 53, 7, 98, 168]	[-99, -137, -122, -107, -148]	[-189, -124, -107, -114, -121]	[-9, -12, -17, -17, -71]	[110, 110, 84, 176, 22]	[9995, 10001, 9998, 9999, 9997]	[212, 127, 180, 265, 261]
1023	34.3	[88, 9, -28, 36, 97]	[-121, -145, -79, 23, -45]	[-158, -41, 21, -5, -142]	[-66, -180, -88, -104, -82]	[120, -88, -93, 30, 7]	[-122, -28, 7, -35, 103]	[-78, 53, 7, 98, 168]	[-99, -137, -122, -107, -148]	[-189, -124, -107, -114, -121]	[-9, -12, -17, -17, -71]	[110, 110, 84, 176, 22]	[9995, 10001, 9998, 9999, 9997]	[212, 127, 180, 265, 261]
1024	38.0	[91, 87, 28, 70, 92]	[-150, -138, -84, 18, -33]	[-152, -36, 18, -14, -179]	[-46, -160, -77, -91, -86]	[120, -97, -92, 21, 11]	[-123, -19, 15, -30, 110]	[-78, 53, 3, 94, 146]	[-91, -139, -122, -113, -157]	[-192, -130, -110, -114, -123]	[-8, -15, -16, -21, -69]	[108, 114, 98, 180, 119]	[10007, 10002, 9999, 9994, 9995]	[190, 191, 185, 204, 168]
1025	37.7	[88, 9, -28, 36, 97]	[-121, -145, -79, 23, -45]	[-158, -41, 21, -5, -142]	[-66, -180, -88, -104, -82]	[114, -88, -93, 30, 7]	[-122, -25, 7, -35, 103]	[-76, 46, 7, 98, 168]	[-99, -130, -122, -107, -148]	[-162, -123, -111, -119, -120]	[-3, -10, -20, -17, -71]	[109, 110, 84, 176, 22]	[10001, 10001, 9999, 10002, 10002]	[212, 127, 187, 265, 261]
1026	32.3	[175, 79, 14, 44, 92]	[-162, -137, -80, 18, -112]	[-152, -44, 10, -10, -177]	[-56, -158, -83, -86, -100]	[123, -92, -96, 43, 14]	[-122, -28, 12, -40, 87]	[-87, 49, 5, 85, 153]	[-120, -129, -123, -128, -136]	[-163, -135, -113, -120, -122]	[-9, -21, -20, -17, -65]	[120, 126, 130, 164, 165]	[10003, 10000, 9998, 9993, 9998]	[184, 191, 206, 201, 162]
1027	38.7	[88, 9, -28, 36, 97]	[-121, -145, -79, 23, -45]	[-158, -41, 21, -5, -142]	[-66, -180, -88, -104, -82]	[120, -88, -93, 30, 7]	[-122, -28, 6, -35, 103]	[-74, 55, 6, 98, 169]	[-98, -141, -122, -107, -147]	[-162, -122, -111, -113, -118]	[-3, -14, -14, -17, -71]	[110, 103, 89, 176, 17]	[9995, 10001, 9998, 10009, 9999]	[212, 127, 187, 265, 261]
1028	38.7	[88, 9, -28, 36, 97]	[-121, -145, -79, 23, -45]	[-158, -41, 21, -5, -142]	[-66, -180, -88, -104, -82]	[120, -88, -93, 30, 7]	[-122, -28, 7, -35, 103]	[-78, 53, 7, 98, 168]	[-99, -137, -122, -107, -148]	[-189, -124, -107, -114, -121]	[-9, -12, -17, -17, -65]	[110, 110, 84, 176, 22]	[9995, 10001, 9998, 9999, 9997]	[212, 127, 180, 265, 261]
1029	36.3	[85, -24, -29, 42, 88]	[-96, -147, -80, 20, -132]	[-138, -49, 16, -15, -120]	[-55, -178, -86, -99, -92]	[120, -98, -92, 8, 17]	[-107, -50, 15, -28, 79]	[-78, 53, 6, 100, 160]	[-83, -128, -121, -114, -148]	[-201, -131, -103, -107, -130]	[-21, -9, -17, -25, -64]	[108, 116, 112, 177, 138]	[10009, 10001, 9996, 9999, 9992]	[170, 165, 178, 223, 181]
1030	43.0	[85, -15, 27, 67, 88]	[-130, -138, -83, -5, -132]	[-138, -49, 18, -15, -132]	[-50, -177, -80, -99, -92]	[120, -88, -93, 30, 10]	[-120, -25, 9, -17, 79]	[-78, 48, 4, 95, 160]	[-89, -131, -121, -108, -151]	[-192, -130, -103, -107, -130]	[-2, -13, -17, -21, -67]	[114, 116, 101, 177, 138]	[10008, 10002, 9996, 9999, 9992]	[170, 165, 178, 223, 181]
1031	36.7	[175, 79, 14, 44, 92]	[-162, -137, -80, 18, -112]	[-152, -44, 10, -10, -177]	[-56, -176, -83, -86, -100]	[123, -92, -96, 43, 14]	[-117, -41, 13, -39, 85]	[-81, 49, 5, 100, 153]	[-83, -128, -122, -116, -136]	[-163, -135, -113, -120, -122]	[-9, -21, -20, -17, -65]	[120, 126, 130, 164, 165]	[10003, 10000, 9998, 9993, 9998]	[184, 191, 206, 201, 162]
1032	39.3	[175, 79, 14, 44, 92]	[-162, -137, -80, 18, -112]	[-152, -44, 10, -10, -177]	[-56, -176, -83, -86, -100]	[123, -92, -96, 43, 14]	[-117, -41, 13, -39, 85]	[-81, 49, 5, 100, 153]	[-83, -128, -122, -116, -136]	[-163, -135, -113, -120, -122]	[-9, -21, -20, -17, -65]	[120, 126, 130, 164, 165]	[10003, 10000, 9998, 9993, 9998]	[184, 191, 206, 201, 162]
1033	34.7	[175, 79, 14, 44, 92]	[-162, -137, -80, 18, -112]	[-152, -44, 10, -10, -177]	[-56, -158, -83, -86, -100]	[123, -94, -94, 35, 17]	[-122, -28, 13, -32, 80]	[-79, 49, 4, 99, 153]	[-102, -131, -120, -114, -143]	[-163, -131, -103, -107, -130]	[-9, -15, -20, -25, -64]	[120, 116, 114, 175, 165]	[10003, 10000, 9998, 9994, 9998]	[184, 175, 206, 201, 162]
1034	36.0	[88, 9, -28, 36, 97]	[-121, -145, -79, 23, -45]	[-158, -41, 21, -5, -142]	[-66, -180, -88, -104, -82]	[120, -88, -93, 30, 7]	[-122, -28, 6, -35, 103]	[-74, 55, 6, 98, 169]	[-98, -141, -122, -107, -147]	[-162, -122, -111, -113, -118]	[-3, -14, -14, -17, -71]	[110, 103, 89, 176, 17]	[9995, 10001, 9998, 10009, 9999]	[212, 127, 187, 265, 261]
1035	39.7	[88, 9, -28, 36, 97]	[-121, -145, -79, 23, -45]	[-158, -41, 21, -5, -142]	[-66, -180, -88, -104, -82]	[120, -88, -93, 30, 7]	[-122, -28, 6, -35, 103]	[-74, 55, 6, 98, 169]	[-98, -141, -122, -107, -147]	[-162, -122, -111, -113, -118]	[-3, -14, -14, -17, -71]	[110, 103, 89, 176, 17]	[9995, 10001, 9998, 10009, 9999]	[212, 127, 187, 265, 261]
1036	40.7	[175, -16, -4, 44, 92]	[-162, -138, -83, 8, -112]	[-142, -44, 15, -10, -177]	[-56, -163, -83, -94, -100]	[122, -89, -95, 43, 14]	[-122, -28, 9, -26, 87]	[-81, 49, 5, 88, 156]	[-120, -129, -123, -128, -136]	[-163, -135, -113, -120, -122]	[-9, -21, -20, -17, -65]	[120, 126, 119, 167, 164]	[10003, 10000, 9998, 9997, 9998]	[184, 191, 206, 201, 162]
1037	37.3	[149, 74, 26, 66, 92]	[-144, -140, -80, 18, -112]	[-152, -42, 15, -11, -148]	[-51, -165, -86, -96, -100]	[120, -97, -93, 22, 13]	[-122, -38, 12, -36, 112]	[-80, 50, 4, 94, 160]	[-98, -129, -123, -128, -136]	[-163, -133, -105, -111, -118]	[-13, -9, -20, -20, -65]	[120, 110, 98, 164, 45]	[10001, 10001, 9999, 9993, 9998]	[184, 191, 206, 201, 162]
1038	38.0	[149, 74, 26, 66, 92]	[-144, -140, -80, 18, -112]	[-152, -42, 15, -11, -148]	[-51, -165, -86, -96, -100]	[120, -97, -93, 22, 13]	[-122, -38, 12, -36, 112]	[-80, 50, 4, 94, 160]	[-98, -129, -123, -128, -136]	[-163, -133, -105, -111, -118]	[-13, -9, -20, -20, -65]	[120, 110, 98, 164, 45]	[10001, 10001, 9999, 9993, 9998]	[184, 191, 206, 201, 162]
1039	39.0	[175, 79, 14, 44, 92]	[-162, -137, -80, 18, -112]	[-152, -44, 10, -10, -177]	[-56, -158, -83, -86, -100]	[123, -92, -96, 43, 14]	[-122, -28, 12, -40, 87]	[-87, 49, 5, 85, 153]	[-120, -129, -123, -128, -136]	[-163, -135, -110, -107, -122]	[-9, -21, -20, -17, -65]	[120, 110, 104, 171, 63]	[10003, 10000, 9998, 9993, 9998]	[184, 191, 206, 201, 162]
1040	42.3	[85, -15, 27, 67, 88]	[-130, -138, -83, -5, -132]	[-144, -44, 18, -15, -132]	[-53, -178, -80, -99, -92]	[120, -88, -93, 35, 13]	[-118, -25, 9, -23, 79]	[-78, 48, 5, 99, 160]	[-119, -130, -123, -108, -151]	[-174, -135, -104, -113, -130]	[-2, -15, -19, -21, -67]	[114, 116, 101, 177, 138]	[10008, 10002, 9996, 9999, 9992]	[170, 165, 178, 223, 187]
1041	37.3	[175, -16, -4, 44, 92]	[-162, -137, -80, 18, -112]	[-152, -44, 10, -10, -177]	[-56, -158, -83, -86, -100]	[123, -92, -96, 43, 14]	[-122, -28, 12, -40, 87]	[-81, 49, 5, 85, 153]	[-120, -129, -123, -128, -136]	[-163, -135, -113, -120, -122]	[-9, -21, -20, -17, -65]	[120, 126, 119, 167, 164]	[10003, 10000, 9998, 9997, 9998]	[184, 191, 206, 201, 162]
1042	34.7	[175, -16, -4, 44, 92]	[-162, -138, -83, 8, -112]	[-142, -44, 15, -10, -177]	[-56, -163, -83, -94, -100]	[122, -89, -95, 43, 14]	[-122, -30, 12, -26, 87]	[-81, 49, 5, 88, 159]	[-120, -129, -123, -134, -136]	[-163, -135, -111, -111, -121]	[-9, -21, -20, -17, -65]	[120, 118, 108, 167, 164]	[10001, 10000, 9998, 9997, 9998]	[184, 191, 206, 201, 162]
1043	40.7	[91, 87, 28, 70, 92]	[-144, -138, -84, 18, -33]	[-152, -36, 18, -14, -179]	[-46, -160, -77, -91, -86]	[120, -97, -92, 21, 11]	[-123, -19, 15, -30, 110]	[-78, 53, 3, 94, 146]	[-91, -139, -122, -113, -157]	[-192, -130, -107, -112, -123]	[-8, -15, -16, -21, -65]	[108, 114, 98, 180, 119]	[10007, 10002, 9999, 9994, 9995]	[190, 191, 185, 204, 174]
1044	37.0	[112, -4, -28, 36, 97]	[-121, -140, -79, 8, -53]	[-158, -41, 20, -8, -162]	[-66, -177, -84, -100, -82]	[120, -88, -95, 32, 14]	[-122, -28, 6, -27, 100]	[-74, 55, 7, 100, 169]	[-98, -141, -122, -107, -147]	[-162, -122, -111, -113, -118]	[-3, -14, -14, -17, -71]	[110, 103, 89, 176, 17]	[9995, 10001, 9998, 10009, 9999]	[212, 127, 187, 265, 261]
1045	37.7	[175, -16, -4, 44, 92]	[-162, -138, -83, 8, -112]	[-142, -44, 15, -10, -177]	[-56, -163, -83, -94, -100]	[122, -89, -95, 43, 14]	[-122, -30, 12, -26, 87]	[-81, 49, 5, 88, 159]	[-120, -129, -123, -134, -136]	[-163, -135, -111, -111, -121]	[-9, -21, -20, -17, -65]	[120, 118, 108, 167, 164]	[10001, 10000, 9998, 9997, 9998]	[184, 191, 206, 201, 162]
1046	39.0	[85, -15, 27, 67, 88]	[-130, -138, -83, -5, -132]	[-144, -44, 18, -15, -132]	[-53, -178, -80, -99, -92]	[120, -88, -93, 35, 13]	[-118, -25, 8, -34, 79]	[-78, 48, 5, 98, 160]	[-112, -131, -123, -108, -151]	[-164, -135, -104, -113, -130]	[-2, -15, -19, -21, -61]	[116, 116, 101, 177, 138]	[10008, 10002, 9996, 9999, 9992]	[170, 165, 178, 223, 187]
1047	36.7	[85, -15, 27, 67, 88]	[-130, -138, -83, -5, -132]	[-144, -44, 18, -15, -132]	[-53, -178, -80, -99, -92]	[120, -88, -93, 35, 13]	[-118, -25, 9, -23, 79]	[-78, 48, 5, 99, 160]	[-119, -130, -123, -108, -151]	[-174, -135, -104, -119, -130]	[-2, -15, -19, -21, -67]	[114, 116, 101, 177, 138]	[10008, 10002, 9996, 9999, 9992]	[170, 165, 178, 223, 187]
1048	39.7	[149, 74, 26, 66, 92]	[-144, -140, -80, 18, -112]	[-152, -42, 15, -11, -148]	[-51, -165, -86, -98, -84]	[120, -88, -93, 26, 13]	[-122, -37, 8, -36, 112]	[-80, 50, 10, 95, 160]	[-98, -129, -122, -122, -136]	[-163, -133, -106, -111, -118]	[-13, -9, -20, -19, -65]	[118, 110, 85, 174, 34]	[10001, 10001, 9999, 9993, 9998]	[184, 191, 206, 201, 162]
1049	40.3	[88, 9, -28, 36, 97]	[-121, -151, -79, 23, -45]	[-158, -41, 21, -5, -142]	[-66, -180, -88, -104, -82]	[114, -88, -93, 24, 7]	[-120, -25, 10, -34, 103]	[-76, 40, 7, 100, 168]	[-86, -130, -122, -107, -148]	[-162, -123, -113, -117, -120]	[-7, -10, -20, -17, -65]	[109, 110, 84, 176, 22]	[10001, 10001, 9999, 10002, 10002]	[212, 127, 187, 265, 267]
1050	42.3	[85, -15, 27, 67, 88]	[-130, -138, -83, -5, -132]	[-144, -44, 18, -15, -132]	[-53, -178, -80, -99, -92]	[120, -88, -93, 35, 13]	[-118, -25, 8, -34, 79]	[-78, 48, 5, 98, 160]	[-112, -131, -123, -108, -151]	[-164, -135, -104, -113, -130]	[-2, -15, -19, -21, -61]	[116, 116, 101, 177, 138]	[10008, 10002, 9996, 9999, 9992]	[170, 165, 178, 223, 187]
1051	37.0	[112, -4, -28, 36, 97]	[-121, -140, -79, 8, -53]	[-150, -44, 20, -13, -162]	[-65, -172, -84, -100, -82]	[120, -89, -95, 32, 14]	[-122, -27, 6, -27, 100]	[-74, 55, 7, 100, 166]	[-106, -134, -123, -107, -147]	[-165, -124, -111, -113, -118]	[-3, -14, -17, -17, -68]	[110, 103, 89, 176, 17]	[9995, 10001, 9998, 10009, 9999]	[212, 127, 187, 265, 261]
1052	35.0	[149, 74, 26, 66, 92]	[-144, -140, -80, 18, -112]	[-152, -42, 9, -11, -148]	[-51, -165, -86, -98, -84]	[120, -88, -93, 26, 13]	[-122, -37, 8, -36, 112]	[-80, 50, 10, 95, 160]	[-98, -129, -122, -122, -136]	[-163, -133, -106, -111, -118]	[-13, -9, -20, -19, -65]	[118, 110, 90, 174, 34]	[10001, 10001, 9999, 9993, 9998]	[184, 185, 206, 201, 162]
1053	37.7	[88, 9, -28, 36, 97]	[-121, -151, -79, 23, -45]	[-158, -41, 21, -5, -142]	[-66, -180, -88, -104, -82]	[114, -88, -93, 32, 7]	[-120, -25, 10, -34, 103]	[-76, 42, 7, 100, 168]	[-86, -130, -122, -107, -148]	[-162, -123, -112, -117, -120]	[-7, -10, -20, -17, -65]	[109, 110, 84, 176, 22]	[10001, 10001, 9999, 10002, 10002]	[212, 127, 187, 265, 267]
1054	40.0	[175, 79, 14, 44, 92]	[-127, -140, -80, 23, -112]	[-152, -44, 13, -7, -177]	[-55, -178, -83, -86, -100]	[123, -97, -94, 43, 14]	[-120, -19, 12, -41, 102]	[-81, 49, 5, 100, 162]	[-83, -128, -122, -116, -136]	[-163, -128, -113, -115, -122]	[-9, -21, -20, -17, -65]	[120, 126, 130, 164, 165]	[10003, 10000, 9998, 9993, 9998]	[184, 191, 206, 201, 162]
1055	36.3	[175, -16, -4, 44, 92]	[-162, -137, -80, 18, -112]	[-152, -44, 10, -10, -183]	[-56, -158, -83, -86, -100]	[123, -92, -96, 43, 14]	[-122, -28, 12, -40, 87]	[-81, 49, 5, 85, 153]	[-120, -129, -123, -126, -136]	[-163, -135, -113, -119, -121]	[-9, -11, -20, -17, -65]	[120, 126, 101, 167, 164]	[10003, 10000, 9998, 9997, 9998]	[184, 191, 206, 201, 162]
1056	36.7	[175, -16, -4, 44, 92]	[-162, -137, -80, 18, -112]	[-152, -44, 10, -10, -183]	[-56, -158, -83, -86, -100]	[123, -92, -96, 43, 14]	[-122, -28, 12, -40, 87]	[-81, 49, 5, 85, 153]	[-120, -129, -123, -126, -136]	[-163, -135, -113, -119, -121]	[-9, -11, -20, -17, -65]	[120, 126, 101, 167, 164]	[10003, 10000, 9998, 9997, 9998]	[184, 191, 206, 201, 162]
1057	39.0	[175, -16, -4, 44, 92]	[-162, -137, -80, 18, -112]	[-152, -44, 10, -10, -183]	[-56, -158, -83, -86, -100]	[123, -92, -96, 43, 14]	[-122, -28, 12, -40, 87]	[-81, 49, 5, 85, 153]	[-120, -129, -123, -126, -136]	[-163, -135, -113, -119, -121]	[-9, -11, -20, -17, -65]	[120, 126, 101, 167, 164]	[10003, 10000, 9998, 9997, 9998]	[184, 191, 206, 201, 162]
1058	35.7	[85, -15, 27, 67, 88]	[-124, -138, -83, -5, -132]	[-144, -44, 18, -15, -132]	[-53, -178, -80, -99, -92]	[120, -88, -93, 35, 13]	[-118, -25, 8, -34, 79]	[-78, 48, 5, 98, 160]	[-112, -131, -123, -108, -151]	[-164, -135, -104, -113, -130]	[-2, -15, -19, -21, -61]	[116, 116, 101, 177, 138]	[10008, 10002, 9996, 9999, 9992]	[170, 165, 178, 223, 187]
1059	38.0	[175, 79, 14, 44, 92]	[-149, -138, -80, 23, -112]	[-152, -44, 10, -9, -177]	[-55, -178, -83, -86, -100]	[123, -91, -94, 42, 14]	[-120, -25, 12, -33, 85]	[-81, 49, 5, 100, 162]	[-83, -128, -121, -116, -136]	[-163, -122, -113, -115, -122]	[-9, -21, -20, -11, -65]	[126, 125, 121, 176, 150]	[10003, 10000, 9998, 9993, 9998]	[184, 191, 206, 201, 162]
1060	35.3	[88, 9, -28, 36, 97]	[-121, -151, -79, 23, -45]	[-158, -41, 21, -5, -142]	[-66, -180, -88, -104, -82]	[114, -88, -93, 24, 1]	[-120, -27, 6, -27, 100]	[-75, 40, 7, 100, 168]	[-86, -134, -123, -107, -148]	[-165, -123, -113, -117, -120]	[-7, -10, -20, -17, -65]	[109, 110, 85, 176, 28]	[10001, 10001, 9999, 10002, 10001]	[212, 127, 187, 265, 267]
1061	37.0	[149, 74, 26, 66, 92]	[-144, -137, -80, 18, -112]	[-152, -42, 9, -11, -167]	[-51, -165, -86, -93, -84]	[120, -88, -93, 26, 13]	[-122, -37, 8, -36, 112]	[-80, 50, 10, 95, 160]	[-98, -129, -122, -122, -136]	[-163, -133, -106, -111, -118]	[-13, -15, -20, -19, -65]	[118, 110, 90, 174, 34]	[10001, 10001, 9999, 9993, 9998]	[184, 185, 206, 201, 162]
1062	42.3	[149, 74, 26, 66, 92]	[-149, -137, -86, 18, -112]	[-152, -42, 5, -10, -165]	[-53, -158, -84, -98, -84]	[120, -88, -94, 41, 13]	[-122, -32, 6, -30, 112]	[-80, 50, 8, 91, 160]	[-98, -134, -122, -115, -136]	[-163, -134, -109, -111, -120]	[-13, -10, -20, -19, -65]	[118, 110, 86, 175, 34]	[10001, 10001, 9999, 10001, 10000]	[184, 191, 206, 201, 162]
1063	40.0	[175, 79, 14, 44, 92]	[-127, -140, -80, 23, -112]	[-152, -44, 13, -7, -177]	[-55, -178, -83, -86, -100]	[123, -97, -94, 43, 14]	[-120, -19, 12, -41, 88]	[-81, 49, 5, 92, 153]	[-83, -128, -122, -119, -136]	[-163, -128, -113, -114, -122]	[-7, -14, -20, -17, -65]	[120, 121, 93, 173, 165]	[10002, 10000, 9999, 9993, 9998]	[184, 191, 212, 201, 162]
1064	35.0	[112, -4, -28, 36, 97]	[-121, -140, -79, 8, -53]	[-158, -44, 20, -8, -162]	[-64, -174, -84, -91, -90]	[120, -88, -95, 32, 14]	[-122, -28, 6, -27, 80]	[-77, 54, 5, 100, 169]	[-118, -135, -122, -108, -151]	[-162, -122, -111, -113, -118]	[-3, -14, -14, -17, -71]	[110, 103, 89, 176, 17]	[9995, 10001, 9998, 10004, 9999]	[203, 127, 187, 265, 261]
1065	37.0	[149, 74, 26, 66, 92]	[-149, -137, -86, 18, -112]	[-152, -42, 5, -10, -165]	[-53, -158, -84, -98, -84]	[120, -88, -94, 41, 13]	[-122, -32, 6, -30, 112]	[-80, 50, 6, 91, 160]	[-98, -134, -122, -117, -136]	[-163, -134, -109, -111, -121]	[-8, -14, -20, -17, -65]	[118, 110, 86, 175, 165]	[10001, 10000, 9999, 10001, 10000]	[184, 191, 209, 201, 162]
1066	38.3	[88, 9, -28, 36, 97]	[-121, -151, -79, 23, -45]	[-158, -41, 21, -5, -142]	[-66, -180, -88, -104, -82]	[114, -88, -93, 24, 1]	[-120, -27, 6, -27, 100]	[-75, 40, 7, 100, 168]	[-86, -134, -123, -107, -148]	[-165, -123, -113, -117, -120]	[-7, -10, -20, -17, -65]	[109, 110, 85, 176, 28]	[10001, 10001, 9999, 10002, 10001]	[212, 127, 187, 265, 267]
1067	38.0	[175, -10, -4, 44, 92]	[-162, -137, -80, 18, -112]	[-152, -44, 10, -10, -183]	[-56, -158, -83, -86, -100]	[123, -92, -96, 43, 14]	[-122, -28, 12, -40, 87]	[-81, 49, 5, 85, 153]	[-126, -129, -123, -120, -136]	[-163, -135, -113, -119, -121]	[-9, -11, -20, -17, -65]	[120, 126, 101, 167, 164]	[10003, 10000, 9998, 9997, 9998]	[184, 191, 206, 201, 162]
1068	35.3	[85, -15, 27, 67, 88]	[-124, -138, -83, -5, -132]	[-144, -44, 18, -15, -132]	[-53, -178, -80, -99, -92]	[120, -88, -93, 35, 13]	[-118, -25, 8, -40, 79]	[-80, 48, 5, 95, 160]	[-112, -131, -123, -108, -142]	[-164, -135, -108, -111, -126]	[-2, -15, -19, -21, -65]	[116, 116, 101, 177, 138]	[10008, 10002, 9996, 9999, 9992]	[170, 165, 178, 223, 187]
1069	36.0	[88, 9, -28, 36, 97]	[-121, -151, -79, 23, -45]	[-164, -41, 21, -5, -142]	[-60, -180, -88, -104, -82]	[114, -88, -93, 32, 7]	[-126, -25, 10, -34, 103]	[-76, 42, 7, 100, 168]	[-86, -130, -122, -107, -148]	[-162, -123, -112, -117, -120]	[-7, -10, -20, -17, -65]	[109, 110, 84, 170, 22]	[10001, 10001, 9999, 10002, 10002]	[212, 127, 187, 265, 267]
1070	39.7	[175, 79, 14, 44, 92]	[-157, -137, -80, 19, -112]	[-152, -41, 17, -9, -139]	[-55, -178, -83, -86, -100]	[123, -91, -94, 42, 14]	[-120, -25, 12, -33, 85]	[-81, 49, 5, 100, 162]	[-83, -128, -121, -116, -136]	[-163, -122, -113, -115, -122]	[-9, -21, -20, -17, -65]	[120, 126, 121, 176, 150]	[10003, 10000, 9998, 9993, 9998]	[184, 191, 206, 201, 162]
1071	36.7	[85, -15, 27, 67, 88]	[-124, -138, -83, -5, -132]	[-144, -44, 18, -15, -132]	[-53, -178, -80, -99, -92]	[120, -88, -93, 35, 13]	[-118, -25, 8, -34, 79]	[-78, 48, 5, 98, 160]	[-112, -131, -123, -108, -151]	[-164, -135, -104, -113, -130]	[-2, -15, -19, -21, -61]	[116, 116, 101, 177, 138]	[10008, 10002, 9996, 9999, 9992]	[170, 165, 178, 223, 187]
1072	34.7	[88, 9, -28, 36, 97]	[-121, -151, -79, 23, -45]	[-164, -41, 21, -5, -142]	[-60, -180, -88, -104, -82]	[114, -88, -93, 32, 7]	[-126, -25, 10, -34, 103]	[-76, 42, 7, 100, 168]	[-86, -130, -122, -107, -148]	[-162, -123, -112, -117, -120]	[-7, -10, -20, -17, -65]	[109, 110, 84, 170, 22]	[10001, 10001, 9999, 10002, 10002]	[212, 127, 187, 265, 267]
1073	40.3	[149, 74, 26, 66, 92]	[-149, -137, -86, 18, -112]	[-152, -42, 5, -10, -165]	[-53, -158, -84, -98, -84]	[120, -88, -94, 41, 13]	[-122, -32, 6, -30, 112]	[-80, 50, 6, 91, 160]	[-98, -134, -122, -117, -136]	[-163, -134, -109, -111, -121]	[-8, -14, -20, -17, -65]	[118, 110, 86, 175, 165]	[10001, 10000, 9999, 10001, 10000]	[184, 191, 209, 201, 162]
1074	41.0	[169, 79, 18, 44, 92]	[-149, -138, -80, 18, -112]	[-152, -42, 9, -15, -173]	[-52, -174, -85, -94, -95]	[121, -89, -94, 37, 2]	[-121, -26, 6, -33, 85]	[-81, 49, 7, 100, 160]	[-86, -134, -123, -115, -136]	[-163, -123, -113, -115, -122]	[-9, -21, -20, -14, -65]	[116, 118, 93, 176, 150]	[10003, 10000, 9999, 9995, 10000]	[184, 191, 206, 201, 162]
1075	40.0	[175, -10, -4, 44, 92]	[-162, -137, -80, 18, -112]	[-152, -42, 14, -9, -183]	[-56, -158, -83, -86, -100]	[123, -91, -94, 43, 14]	[-122, -31, 12, -40, 87]	[-82, 49, 5, 85, 153]	[-126, -129, -123, -120, -136]	[-163, -135, -113, -119, -121]	[-9, -11, -20, -17, -65]	[120, 126, 101, 167, 164]	[10003, 10000, 9998, 9997, 9998]	[184, 191, 206, 201, 162]
1076	40.0	[112, -4, -11, 39, 97]	[-121, -140, -79, 9, -93]	[-158, -44, 20, -8, -162]	[-64, -174, -84, -91, -90]	[120, -88, -95, 32, 14]	[-122, -28, 6, -27, 80]	[-77, 53, 6, 100, 169]	[-118, -135, -122, -115, -151]	[-163, -123, -111, -113, -118]	[-3, -14, -14, -17, -71]	[110, 117, 90, 176, 17]	[9998, 10001, 9998, 10004, 9999]	[203, 131, 202, 244, 235]
1077	39.3	[175, -10, -4, 44, 92]	[-162, -137, -80, 18, -112]	[-152, -42, 14, -9, -183]	[-56, -158, -83, -86, -100]	[123, -91, -94, 43, 14]	[-122, -31, 12, -40, 87]	[-82, 49, 5, 85, 153]	[-126, -129, -123, -120, -136]	[-163, -135, -113, -119, -121]	[-9, -11, -20, -17, -65]	[120, 126, 101, 167, 164]	[10003, 10000, 9998, 9997, 9998]	[184, 191, 206, 201, 162]
1078	37.7	[85, -15, 27, 67, 88]	[-124, -138, -83, -5, -132]	[-144, -44, 18, -15, -132]	[-53, -178, -80, -99, -92]	[120, -88, -93, 35, 13]	[-118, -25, 8, -40, 79]	[-80, 48, 5, 95, 160]	[-112, -131, -123, -108, -142]	[-164, -135, -108, -111, -126]	[-2, -15, -19, -21, -65]	[116, 116, 101, 177, 138]	[10008, 10002, 9996, 9999, 9992]	[170, 165, 184, 223, 187]
1079	43.7	[169, 79, 18, 44, 92]	[-149, -138, -80, 18, -112]	[-152, -42, 9, -15, -173]	[-52, -174, -85, -94, -95]	[121, -89, -93, 37, 2]	[-122, -26, 6, -33, 85]	[-81, 49, 6, 100, 160]	[-86, -134, -123, -120, -136]	[-163, -128, -112, -115, -122]	[-9, -21, -20, -14, -65]	[116, 118, 93, 176, 150]	[10003, 10000, 9999, 9995, 10000]	[184, 191, 206, 201, 162]
1080	47.0	[85, -15, 27, 67, 88]	[-124, -138, -83, -5, -132]	[-144, -44, 18, -15, -132]	[-53, -178, -80, -99, -92]	[120, -88, -93, 35, 13]	[-118, -25, 8, -40, 79]	[-80, 48, 5, 95, 160]	[-112, -131, -123, -108, -142]	[-164, -135, -108, -111, -126]	[-2, -15, -19, -21, -65]	[116, 116, 101, 177, 138]	[10008, 10002, 9996, 9999, 9992]	[170, 165, 184, 223, 187]
1081	37.3	[88, 69, 8, 41, 97]	[-134, -148, -79, 23, -45]	[-158, -41, 19, -6, -158]	[-66, -180, -88, -104, -89]	[118, -88, -94, 25, 1]	[-120, -27, 8, -27, 88]	[-79, 46, 7, 100, 165]	[-86, -134, -123, -109, -142]	[-165, -124, -113, -116, -120]	[-7, -10, -20, -13, -65]	[125, 125, 85, 176, 28]	[10001, 10001, 9999, 9998, 10000]	[193, 135, 190, 257, 239]
1082	39.7	[175, 79, 14, 44, 92]	[-157, -137, -80, 19, -112]	[-152, -41, 17, -9, -139]	[-54, -178, -83, -86, -100]	[123, -89, -93, 35, 14]	[-120, -25, 7, -34, 74]	[-78, 48, 6, 100, 162]	[-93, -134, -123, -107, -145]	[-164, -134, -112, -117, -120]	[-8, -21, -20, -17, -65]	[117, 120, 101, 174, 150]	[10003, 10000, 9997, 10000, 9996]	[184, 191, 212, 201, 162]
1083	39.7	[149, 74, 6, 48, 92]	[-149, -137, -79, 19, -73]	[-152, -41, 9, -5, -144]	[-53, -171, -85, -98, -84]	[120, -88, -94, 39, 13]	[-122, -29, 6, -30, 112]	[-80, 50, 6, 99, 160]	[-98, -134, -122, -117, -136]	[-163, -134, -109, -111, -121]	[-8, -14, -20, -17, -65]	[118, 110, 86, 175, 171]	[10001, 10000, 9999, 10007, 10000]	[184, 191, 209, 201, 162]
1084	38.7	[149, 74, 6, 48, 92]	[-149, -137, -79, 19, -73]	[-152, -41, 9, -5, -144]	[-53, -171, -85, -98, -84]	[120, -88, -94, 39, 13]	[-122, -29, 6, -30, 112]	[-80, 50, 6, 99, 160]	[-98, -134, -122, -117, -136]	[-163, -134, -109, -111, -121]	[-8, -14, -20, -17, -65]	[118, 110, 86, 175, 171]	[10001, 10000, 9999, 10007, 10000]	[184, 191, 209, 201, 162]
1085	38.3	[175, 79, 14, 44, 92]	[-157, -137, -80, 19, -112]	[-152, -41, 17, -9, -139]	[-54, -178, -83, -86, -100]	[117, -89, -93, 35, 14]	[-120, -25, 7, -34, 74]	[-78, 48, 6, 100, 162]	[-93, -134, -123, -107, -145]	[-164, -134, -112, -117, -120]	[-8, -21, -20, -17, -65]	[117, 120, 101, 174, 150]	[10003, 10000, 9997, 10000, 9996]	[184, 191, 212, 201, 162]
1086	45.7	[169, 79, 18, 44, 98]	[-149, -132, -79, 18, -112]	[-152, -43, 10, -10, -165]	[-52, -174, -91, -94, -91]	[120, -88, -95, 37, 2]	[-121, -26, 6, -30, 79]	[-81, 53, 5, 100, 160]	[-86, -134, -123, -115, -147]	[-163, -123, -113, -115, -122]	[-9, -21, -20, -14, -65]	[110, 107, 93, 176, 150]	[10002, 10000, 9999, 9997, 10000]	[184, 191, 206, 201, 162]
1087	37.3	[169, 79, 18, 44, 92]	[-149, -138, -80, 18, -112]	[-152, -42, 8, -15, -173]	[-52, -174, -83, -89, -95]	[121, -89, -93, 39, 14]	[-121, -26, 6, -33, 85]	[-75, 49, 7, 100, 160]	[-86, -134, -123, -115, -136]	[-157, -123, -119, -115, -122]	[-9, -21, -20, -14, -65]	[116, 118, 93, 176, 150]	[10003, 10000, 9999, 9995, 10000]	[184, 191, 206, 201, 162]
1088	40.0	[175, 79, 14, 44, 92]	[-157, -137, -80, 19, -112]	[-152, -41, 17, -9, -139]	[-54, -178, -83, -86, -100]	[117, -89, -93, 35, 14]	[-120, -25, 7, -34, 74]	[-78, 48, 6, 100, 162]	[-93, -134, -123, -107, -145]	[-164, -134, -112, -117, -120]	[-8, -21, -20, -17, -65]	[117, 120, 101, 174, 150]	[10003, 10000, 9997, 10000, 9996]	[184, 191, 212, 201, 162]
1089	38.7	[112, -4, -11, 39, 97]	[-121, -140, -79, 9, -93]	[-158, -44, 20, -8, -162]	[-64, -174, -84, -91, -90]	[120, -88, -89, 32, 14]	[-122, -26, 6, -27, 80]	[-77, 52, 5, 98, 169]	[-106, -131, -123, -111, -151]	[-163, -123, -109, -113, -118]	[-3, -14, -14, -17, -71]	[110, 117, 90, 176, 17]	[9998, 10001, 9998, 10004, 9999]	[203, 131, 202, 244, 235]
1090	36.0	[149, 74, 6, 48, 92]	[-149, -137, -79, 19, -73]	[-152, -41, 9, -5, -144]	[-53, -171, -85, -98, -84]	[120, -88, -94, 39, 13]	[-122, -29, 6, -30, 112]	[-80, 50, 6, 99, 160]	[-98, -134, -123, -118, -136]	[-163, -134, -111, -111, -121]	[-8, -14, -20, -15, -65]	[118, 110, 86, 175, 171]	[10001, 10000, 9999, 10007, 10000]	[184, 191, 209, 201, 162]
1091	37.7	[175, -10, -4, 44, 92]	[-162, -137, -80, 18, -112]	[-152, -42, 14, -9, -183]	[-56, -152, -83, -86, -100]	[123, -91, -94, 43, 14]	[-122, -31, 12, -40, 87]	[-82, 49, 5, 85, 153]	[-126, -129, -123, -120, -136]	[-163, -135, -113, -119, -121]	[-9, -11, -20, -17, -65]	[120, 132, 101, 167, 164]	[10003, 10000, 9998, 9997, 9998]	[184, 185, 206, 201, 162]
1092	41.7	[149, 74, 6, 48, 92]	[-149, -137, -79, 19, -73]	[-152, -41, 9, -5, -144]	[-53, -171, -85, -92, -84]	[120, -88, -94, 39, 13]	[-122, -29, 6, -30, 112]	[-80, 50, 6, 99, 160]	[-98, -134, -122, -117, -136]	[-163, -128, -111, -111, -121]	[-8, -16, -20, -17, -65]	[118, 114, 87, 176, 171]	[10003, 10000, 9999, 10007, 10000]	[184, 191, 207, 201, 162]
1093	36.0	[149, 74, 6, 48, 92]	[-149, -137, -80, 19, -88]	[-152, -42, 8, -13, -144]	[-53, -173, -85, -98, -84]	[120, -88, -94, 39, 13]	[-122, -29, 6, -30, 112]	[-78, 50, 6, 99, 160]	[-98, -131, -123, -115, -136]	[-163, -130, -111, -112, -121]	[-5, -14, -20, -15, -65]	[118, 110, 86, 175, 171]	[10001, 10000, 9999, 10007, 10000]	[184, 191, 209, 201, 162]
1094	39.3	[161, 19, 18, 46, 89]	[-124, -138, -83, 14, -129]	[-144, -43, 16, -11, -132]	[-52, -178, -87, -91, -91]	[120, -88, -93, 35, 13]	[-118, -26, 7, -29, 79]	[-76, 52, 5, 96, 161]	[-112, -131, -123, -108, -142]	[-164, -135, -108, -111, -126]	[-8, -15, -19, -21, -65]	[116, 116, 101, 177, 138]	[10008, 10002, 9996, 9999, 9992]	[170, 165, 184, 223, 187]
1095	37.0	[175, -10, -4, 44, 92]	[-162, -137, -80, 18, -112]	[-152, -42, 14, -9, -183]	[-56, -152, -83, -86, -100]	[123, -91, -94, 43, 14]	[-122, -31, 12, -40, 87]	[-82, 49, 5, 85, 153]	[-126, -129, -123, -120, -136]	[-163, -135, -113, -119, -121]	[-9, -11, -20, -17, -65]	[120, 132, 101, 167, 164]	[10003, 10000, 9998, 9997, 9998]	[184, 185, 206, 201, 162]
1096	40.0	[175, 79, 14, 44, 92]	[-157, -137, -80, 19, -112]	[-152, -41, 17, -9, -139]	[-54, -175, -87, -87, -100]	[117, -88, -94, 37, 11]	[-120, -25, 7, -34, 74]	[-78, 53, 6, 100, 162]	[-87, -134, -123, -107, -145]	[-164, -134, -112, -116, -120]	[-8, -21, -20, -17, -65]	[117, 116, 97, 174, 150]	[10003, 10000, 9997, 9998, 10000]	[184, 191, 207, 201, 162]
1097	39.0	[149, 74, 6, 47, 92]	[-149, -137, -79, 19, -81]	[-152, -42, 8, -10, -144]	[-53, -171, -85, -98, -84]	[120, -88, -94, 39, 13]	[-122, -29, 6, -30, 112]	[-80, 50, 6, 99, 160]	[-98, -134, -123, -118, -136]	[-163, -134, -111, -111, -121]	[-8, -14, -20, -15, -65]	[118, 110, 86, 175, 171]	[10001, 10000, 9999, 10007, 10000]	[184, 191, 209, 201, 162]
1098	39.7	[85, -15, 27, 67, 88]	[-124, -138, -83, -5, -132]	[-144, -44, 18, -15, -126]	[-47, -178, -86, -99, -92]	[120, -88, -93, 35, 11]	[-118, -25, 8, -34, 73]	[-78, 47, 5, 98, 160]	[-106, -131, -123, -108, -151]	[-164, -135, -104, -113, -118]	[-2, -15, -19, -19, -66]	[116, 119, 92, 175, 144]	[10008, 10002, 9996, 10002, 9997]	[164, 165, 178, 223, 162]
1099	38.3	[175, 17, 8, 44, 92]	[-162, -139, -80, 18, -112]	[-150, -42, 8, -10, -177]	[-56, -160, -83, -90, -100]	[123, -90, -96, 43, 14]	[-122, -28, 12, -34, 87]	[-87, 49, 5, 85, 153]	[-119, -133, -122, -116, -136]	[-163, -141, -110, -110, -122]	[-8, -17, -20, -16, -65]	[114, 109, 94, 176, 33]	[10003, 10000, 9998, 9999, 9998]	[187, 191, 212, 201, 162]
1100	40.3	[169, 79, 18, 44, 98]	[-149, -132, -79, 18, -112]	[-152, -43, 10, -10, -165]	[-52, -174, -91, -94, -91]	[120, -88, -95, 37, 2]	[-121, -26, 6, -30, 79]	[-81, 53, 5, 100, 160]	[-61, -131, -123, -115, -147]	[-162, -123, -113, -115, -122]	[-9, -21, -20, -14, -65]	[110, 107, 93, 176, 150]	[10002, 10000, 9999, 9997, 10000]	[184, 191, 206, 201, 162]
1101	40.7	[169, 79, 18, 44, 98]	[-149, -132, -79, 18, -112]	[-152, -42, 9, -10, -165]	[-56, -170, -86, -91, -92]	[121, -90, -96, 37, 2]	[-121, -26, 6, -30, 86]	[-81, 51, 5, 100, 160]	[-87, -133, -122, -115, -147]	[-162, -129, -113, -115, -122]	[-9, -17, -20, -14, -65]	[110, 107, 94, 176, 132]	[10002, 10000, 9999, 9999, 10000]	[184, 191, 207, 201, 162]
1102	39.0	[161, 19, 18, 46, 89]	[-124, -138, -83, 14, -129]	[-144, -43, 16, -11, -132]	[-52, -168, -84, -89, -91]	[120, -88, -93, 40, 13]	[-120, -29, 7, -34, 79]	[-76, 52, 5, 91, 161]	[-112, -129, -123, -108, -142]	[-164, -135, -108, -111, -126]	[-8, -15, -19, -21, -40]	[116, 116, 101, 177, 138]	[10008, 10002, 9996, 9999, 9992]	[170, 165, 184, 223, 187]
1103	36.0	[161, 19, 18, 46, 89]	[-124, -138, -83, 14, -129]	[-144, -43, 16, -11, -132]	[-52, -168, -84, -89, -91]	[120, -88, -93, 40, 13]	[-120, -29, 7, -34, 79]	[-76, 52, 5, 91, 161]	[-112, -129, -123, -108, -142]	[-164, -135, -108, -111, -126]	[-8, -15, -19, -21, -40]	[116, 116, 101, 177, 138]	[10008, 10002, 9996, 9999, 9992]	[170, 165, 184, 223, 187]
1104	38.7	[175, 17, 8, 44, 92]	[-162, -133, -79, 18, -112]	[-151, -42, 8, -10, -177]	[-56, -166, -85, -90, -100]	[123, -90, -96, 68, 14]	[-122, -28, 12, -27, 87]	[-79, 48, 5, 85, 153]	[-115, -131, -123, -111, -151]	[-164, -134, -107, -111, -122]	[-8, -16, -18, -18, -66]	[114, 116, 94, 176, 33]	[10003, 10002, 9997, 9999, 9998]	[187, 165, 183, 212, 162]
1105	41.3	[169, 79, 18, 44, 98]	[-138, -138, -83, 14, -112]	[-151, -43, 14, -9, -144]	[-52, -174, -85, -94, -84]	[120, -89, -93, 37, 2]	[-123, -26, 8, -30, 79]	[-70, 48, 5, 100, 160]	[-86, -133, -123, -108, -147]	[-163, -123, -113, -115, -122]	[-9, -21, -20, -14, -65]	[110, 110, 91, 176, 150]	[10027, 10000, 10005, 9997, 10000]	[189, 160, 191, 216, 162]
1106	39.7	[169, 79, 18, 44, 98]	[-149, -132, -79, 18, -112]	[-151, -42, 11, -10, -165]	[-56, -165, -85, -88, -92]	[122, -90, -95, 15, 4]	[-121, -27, 6, -27, 87]	[-81, 48, 5, 91, 160]	[-114, -131, -123, -112, -148]	[-162, -123, -107, -113, -122]	[-9, -16, -19, -14, -65]	[110, 107, 93, 176, 71]	[10003, 10001, 9997, 9998, 9997]	[184, 191, 207, 201, 162]
1107	38.7	[109, 57, 20, 67, 88]	[-124, -137, -79, 13, -113]	[-144, -42, 12, -13, -152]	[-51, -166, -86, -99, -92]	[120, -89, -94, 35, 11]	[-121, -27, 8, -34, 73]	[-78, 47, 5, 95, 160]	[-96, -131, -123, -108, -151]	[-164, -126, -104, -113, -118]	[-2, -15, -19, -15, -66]	[116, 119, 92, 175, 144]	[10008, 10002, 9996, 10002, 9997]	[164, 165, 178, 223, 162]
1108	41.7	[169, 79, 18, 44, 98]	[-138, -138, -83, 14, -112]	[-151, -43, 14, -9, -144]	[-52, -174, -85, -94, -84]	[120, -89, -93, 37, 2]	[-123, -26, 8, -30, 79]	[-70, 48, 5, 100, 160]	[-86, -133, -123, -108, -147]	[-163, -123, -113, -115, -122]	[-9, -21, -20, -14, -65]	[110, 110, 91, 176, 150]	[10027, 10000, 10005, 9997, 10000]	[189, 160, 191, 216, 162]
1109	36.7	[169, 79, 18, 44, 98]	[-149, -132, -79, 18, -112]	[-151, -42, 11, -10, -165]	[-56, -165, -85, -88, -92]	[122, -90, -95, 15, 4]	[-121, -27, 6, -27, 87]	[-81, 48, 5, 91, 160]	[-114, -131, -123, -112, -148]	[-162, -123, -107, -113, -122]	[-9, -16, -19, -14, -65]	[110, 107, 93, 176, 71]	[10003, 10001, 9997, 9998, 9997]	[184, 191, 207, 201, 162]
1110	40.7	[149, 74, -19, 48, 92]	[-149, -137, -80, 19, -88]	[-152, -42, 8, -13, -144]	[-53, -173, -85, -98, -84]	[120, -82, -94, 39, 13]	[-122, -29, 6, -30, 112]	[-78, 50, 6, 99, 160]	[-98, -131, -123, -115, -136]	[-163, -130, -111, -112, -121]	[-5, -20, -20, -15, -65]	[118, 110, 86, 175, 171]	[10001, 10000, 9999, 10007, 10000]	[184, 191, 209, 201, 162]
1111	39.7	[169, 79, 18, 44, 98]	[-147, -133, -81, 14, -114]	[-148, -43, 10, -10, -144]	[-52, -174, -85, -94, -91]	[120, -88, -94, 27, 7]	[-122, -26, 6, -29, 81]	[-81, 51, 5, 93, 160]	[-86, -132, -123, -111, -148]	[-163, -123, -113, -115, -122]	[-9, -16, -19, -14, -65]	[110, 107, 93, 176, 150]	[10002, 10001, 9997, 9998, 10000]	[189, 160, 191, 216, 162]
1112	35.7	[161, 19, 18, 46, 89]	[-124, -138, -83, 14, -129]	[-144, -43, 16, -11, -134]	[-53, -168, -84, -89, -91]	[120, -88, -93, 40, 13]	[-122, -26, 6, -33, 79]	[-76, 50, 5, 93, 160]	[-112, -132, -123, -111, -142]	[-164, -129, -111, -111, -126]	[-8, -15, -20, -17, -52]	[116, 114, 100, 177, 143]	[10008, 10002, 9996, 9999, 9992]	[170, 165, 184, 223, 187]
1113	38.7	[169, 79, 18, 44, 98]	[-149, -132, -79, 18, -112]	[-151, -42, 11, -10, -165]	[-56, -165, -85, -88, -92]	[122, -90, -95, 15, 4]	[-121, -27, 6, -27, 87]	[-81, 48, 5, 91, 160]	[-114, -131, -123, -112, -148]	[-162, -124, -111, -113, -122]	[-9, -16, -19, -14, -65]	[110, 107, 93, 176, 125]	[10003, 10001, 9997, 9998, 9997]	[184, 191, 207, 201, 162]
1114	41.3	[161, 19, 18, 46, 89]	[-124, -138, -83, 14, -129]	[-144, -43, 16, -11, -134]	[-53, -168, -84, -89, -91]	[120, -88, -93, 40, 13]	[-122, -26, 6, -33, 79]	[-76, 50, 5, 93, 160]	[-112, -132, -123, -111, -142]	[-164, -129, -111, -111, -126]	[-8, -15, -20, -17, -52]	[116, 114, 100, 177, 143]	[10008, 10002, 9996, 9999, 9992]	[170, 165, 184, 223, 187]
1115	39.7	[175, 79, 14, 44, 92]	[-157, -137, -80, 19, -112]	[-152, -43, 16, -11, -139]	[-54, -170, -86, -87, -100]	[117, -88, -93, 37, 11]	[-120, -25, 7, -44, 79]	[-78, 53, 6, 100, 162]	[-81, -130, -123, -108, -142]	[-164, -134, -110, -111, -114]	[-8, -18, -19, -17, -65]	[117, 116, 97, 175, 149]	[10003, 10000, 9997, 9998, 10000]	[184, 176, 196, 222, 162]
1116	37.7	[169, 79, 18, 44, 98]	[-149, -132, -79, 18, -112]	[-152, -42, 9, -10, -165]	[-56, -170, -86, -91, -92]	[121, -90, -96, 37, 2]	[-121, -26, 6, -30, 86]	[-81, 51, 5, 100, 160]	[-87, -133, -122, -115, -147]	[-162, -129, -113, -115, -122]	[-9, -17, -20, -14, -65]	[110, 107, 94, 176, 132]	[10002, 10000, 9999, 9999, 10000]	[184, 191, 207, 201, 162]
1117	38.0	[85, -15, 27, 67, 88]	[-124, -138, -83, -5, -132]	[-144, -44, 18, -15, -126]	[-47, -178, -86, -99, -92]	[120, -88, -99, 35, 13]	[-118, -25, 7, -31, 76]	[-77, 47, 5, 98, 161]	[-132, -131, -123, -108, -151]	[-164, -133, -104, -113, -118]	[-2, -15, -18, -19, -66]	[116, 110, 92, 175, 144]	[10008, 9996, 9997, 10002, 9997]	[164, 188, 210, 223, 162]
1118	39.7	[169, 79, 18, 44, 98]	[-149, -132, -79, 18, -112]	[-151, -42, 11, -10, -165]	[-56, -165, -85, -89, -92]	[122, -90, -95, 16, 4]	[-122, -26, 6, -28, 84]	[-81, 49, 5, 92, 160]	[-114, -131, -123, -112, -148]	[-162, -124, -111, -113, -122]	[-9, -16, -19, -14, -65]	[110, 107, 93, 176, 125]	[10003, 10001, 9997, 9998, 9997]	[184, 191, 207, 201, 162]
1119	39.3	[169, 79, 18, 44, 98]	[-147, -133, -81, 14, -114]	[-148, -43, 13, -10, -144]	[-52, -174, -85, -94, -91]	[120, -89, -94, 35, 7]	[-122, -26, 6, -28, 79]	[-81, 51, 5, 94, 160]	[-86, -133, -123, -110, -148]	[-163, -123, -113, -115, -122]	[-9, -15, -19, -14, -65]	[110, 109, 93, 176, 150]	[10002, 10001, 9997, 9998, 10006]	[189, 160, 191, 216, 162]
1120	37.3	[161, 19, 18, 46, 89]	[-124, -138, -83, 14, -129]	[-144, -43, 16, -11, -132]	[-52, -168, -84, -89, -97]	[120, -88, -93, 40, 13]	[-120, -29, 7, -34, 79]	[-80, 50, 5, 99, 161]	[-103, -129, -123, -108, -142]	[-164, -135, -108, -111, -124]	[-8, -15, -19, -21, -40]	[116, 110, 97, 177, 138]	[10008, 10001, 9996, 9999, 9992]	[170, 165, 206, 217, 164]
1121	37.0	[175, 79, 14, 44, 92]	[-157, -137, -80, 19, -112]	[-152, -43, 16, -11, -139]	[-54, -170, -86, -87, -100]	[117, -88, -93, 37, 11]	[-120, -25, 7, -44, 79]	[-78, 53, 6, 100, 162]	[-81, -130, -123, -108, -142]	[-164, -134, -110, -111, -114]	[-8, -18, -19, -17, -65]	[117, 116, 97, 175, 149]	[10003, 10000, 9997, 9998, 10000]	[184, 176, 196, 228, 162]
1122	37.0	[85, 72, 19, 58, 88]	[-133, -135, -83, -4, -132]	[-144, -42, 16, -15, -126]	[-47, -178, -86, -97, -92]	[120, -88, -96, 35, 13]	[-118, -27, 7, -28, 76]	[-77, 47, 5, 98, 161]	[-132, -131, -123, -108, -151]	[-164, -133, -104, -113, -118]	[-2, -15, -18, -13, -66]	[122, 110, 92, 175, 144]	[10008, 9996, 9997, 10002, 9997]	[164, 188, 210, 223, 162]
1123	37.3	[85, 72, 19, 58, 88]	[-133, -135, -83, -4, -132]	[-144, -42, 16, -15, -126]	[-47, -178, -86, -97, -92]	[120, -88, -96, 35, 13]	[-118, -27, 7, -28, 76]	[-77, 47, 5, 98, 161]	[-132, -131, -123, -108, -151]	[-164, -133, -104, -113, -118]	[-2, -15, -18, -13, -66]	[122, 110, 92, 175, 144]	[10008, 9996, 9997, 10002, 9997]	[164, 188, 210, 223, 162]
1124	39.3	[169, 79, 18, 44, 98]	[-149, -132, -79, 18, -112]	[-151, -42, 11, -10, -165]	[-56, -165, -85, -89, -92]	[122, -90, -95, 16, 4]	[-122, -26, 6, -28, 84]	[-81, 49, 5, 92, 160]	[-114, -131, -123, -112, -148]	[-162, -124, -111, -113, -122]	[-9, -16, -19, -14, -65]	[110, 107, 93, 176, 125]	[10003, 10001, 9997, 9998, 9997]	[184, 191, 207, 201, 162]
1125	38.0	[85, 72, 19, 58, 88]	[-133, -135, -83, -4, -132]	[-144, -42, 16, -15, -126]	[-47, -178, -86, -97, -92]	[120, -88, -96, 35, 13]	[-118, -27, 7, -28, 76]	[-77, 47, 5, 98, 161]	[-132, -131, -123, -108, -151]	[-164, -133, -104, -113, -118]	[-2, -15, -18, -13, -66]	[122, 110, 92, 175, 144]	[10008, 9996, 9997, 10002, 9997]	[164, 188, 210, 223, 162]
1126	45.0	[155, 76, -11, 46, 92]	[-149, -133, -80, 19, -88]	[-152, -48, 10, -13, -144]	[-55, -173, -85, -98, -84]	[121, -90, -94, 37, 13]	[-122, -29, 7, -28, 87]	[-80, 50, 6, 99, 160]	[-102, -131, -123, -115, -137]	[-163, -128, -111, -112, -126]	[-8, -18, -16, -19, -61]	[117, 110, 87, 175, 171]	[10001, 10000, 9999, 10007, 9994]	[184, 191, 209, 201, 162]
1127	36.3	[175, 79, 14, 46, 92]	[-157, -132, -80, 19, -112]	[-152, -43, 16, -11, -139]	[-54, -169, -86, -88, -100]	[122, -90, -93, 24, 11]	[-120, -25, 7, -36, 84]	[-78, 50, 5, 100, 162]	[-81, -130, -123, -110, -142]	[-164, -134, -110, -111, -114]	[-8, -18, -19, -17, -65]	[117, 116, 97, 175, 149]	[10003, 10000, 9997, 9998, 10000]	[184, 176, 196, 228, 162]
1128	39.7	[161, 19, 18, 46, 89]	[-124, -138, -83, 14, -129]	[-144, -43, 16, -11, -138]	[-53, -168, -85, -89, -91]	[120, -88, -93, 40, 13]	[-122, -26, 6, -33, 79]	[-76, 50, 5, 93, 160]	[-112, -132, -123, -111, -142]	[-164, -129, -111, -111, -126]	[-8, -15, -20, -17, -52]	[116, 114, 100, 177, 143]	[10008, 10002, 9996, 9999, 9992]	[170, 165, 184, 223, 187]
1129	41.3	[169, 79, 18, 44, 98]	[-145, -132, -79, 18, -112]	[-151, -36, 11, -10, -145]	[-54, -165, -85, -93, -86]	[120, -90, -101, 15, 4]	[-121, -27, 7, -27, 87]	[-81, 48, 5, 91, 160]	[-114, -131, -123, -112, -148]	[-162, -124, -111, -114, -122]	[-9, -22, -19, -14, -65]	[110, 107, 93, 176, 125]	[10003, 10001, 9997, 9998, 9997]	[184, 191, 207, 201, 162]
1130	37.3	[169, 79, 18, 44, 98]	[-147, -133, -81, 14, -114]	[-148, -43, 13, -10, -144]	[-52, -174, -85, -94, -91]	[120, -89, -94, 35, 7]	[-122, -26, 6, -28, 79]	[-81, 51, 5, 94, 160]	[-86, -133, -123, -110, -148]	[-163, -123, -113, -115, -122]	[-9, -15, -19, -14, -65]	[110, 109, 93, 176, 150]	[10002, 10001, 9997, 9998, 10006]	[189, 160, 191, 216, 168]
1131	39.7	[161, 19, 18, 46, 89]	[-124, -138, -83, 14, -129]	[-144, -43, 16, -11, -138]	[-53, -168, -85, -89, -91]	[120, -88, -93, 40, 13]	[-122, -26, 6, -33, 79]	[-76, 50, 5, 93, 160]	[-112, -132, -123, -111, -142]	[-164, -129, -111, -111, -126]	[-8, -15, -20, -17, -52]	[116, 114, 100, 177, 143]	[10008, 10002, 9996, 9999, 9992]	[170, 165, 184, 223, 187]
1132	40.0	[155, 76, -11, 44, 93]	[-149, -132, -80, 19, -88]	[-151, -48, 10, -13, -144]	[-55, -173, -85, -98, -84]	[121, -90, -94, 37, 13]	[-122, -29, 7, -28, 87]	[-80, 50, 6, 99, 160]	[-109, -131, -123, -115, -140]	[-163, -133, -108, -111, -126]	[-8, -18, -16, -19, -61]	[117, 110, 87, 175, 171]	[10001, 10000, 9999, 10007, 9994]	[184, 191, 209, 201, 162]
1133	40.0	[155, 76, -11, 44, 93]	[-149, -132, -80, 19, -88]	[-151, -48, 10, -13, -144]	[-55, -173, -85, -98, -84]	[121, -90, -94, 37, 13]	[-122, -29, 7, -28, 87]	[-80, 50, 6, 99, 160]	[-109, -131, -123, -115, -140]	[-163, -133, -108, -111, -126]	[-8, -18, -16, -19, -61]	[117, 110, 87, 175, 171]	[10001, 10000, 9999, 10007, 9994]	[184, 191, 209, 201, 162]
1134	41.0	[155, 76, -11, 44, 93]	[-149, -132, -80, 19, -88]	[-151, -48, 10, -13, -144]	[-55, -173, -85, -98, -84]	[121, -90, -94, 37, 13]	[-122, -29, 7, -28, 87]	[-80, 50, 6, 99, 160]	[-109, -131, -123, -115, -140]	[-163, -133, -108, -111, -126]	[-8, -18, -16, -19, -61]	[117, 110, 87, 175, 171]	[10001, 10000, 9999, 10007, 9994]	[184, 191, 209, 201, 162]
1135	41.7	[161, 19, 18, 46, 89]	[-124, -138, -83, 14, -129]	[-144, -43, 16, -11, -138]	[-53, -168, -85, -89, -91]	[120, -88, -93, 40, 13]	[-122, -26, 6, -33, 79]	[-76, 50, 5, 93, 160]	[-112, -132, -123, -111, -142]	[-164, -129, -111, -111, -126]	[-8, -15, -20, -17, -52]	[116, 114, 100, 177, 143]	[10008, 10002, 9996, 9999, 9992]	[170, 165, 184, 223, 187]
1136	37.0	[169, 79, 18, 44, 104]	[-145, -132, -79, 18, -112]	[-151, -36, 11, -10, -145]	[-54, -165, -85, -93, -86]	[120, -90, -101, 15, 4]	[-121, -27, 7, -21, 87]	[-81, 48, 5, 91, 160]	[-114, -131, -123, -112, -148]	[-162, -124, -111, -114, -122]	[-9, -22, -19, -14, -65]	[110, 107, 93, 176, 125]	[10003, 10001, 9997, 9998, 9997]	[184, 191, 207, 201, 162]
1137	42.7	[169, 79, 18, 44, 98]	[-149, -132, -79, 18, -112]	[-152, -42, 9, -10, -165]	[-56, -170, -86, -91, -92]	[115, -90, -101, 20, 2]	[-121, -27, 6, -28, 86]	[-80, 50, 5, 91, 160]	[-87, -130, -122, -115, -147]	[-163, -135, -113, -115, -122]	[-9, -16, -20, -14, -65]	[114, 107, 100, 176, 132]	[10002, 10000, 9999, 10005, 10000]	[184, 191, 207, 201, 162]
1138	39.7	[169, 79, 18, 44, 98]	[-149, -132, -79, 18, -112]	[-152, -42, 9, -16, -165]	[-56, -170, -86, -91, -92]	[115, -90, -101, 20, 2]	[-121, -27, 6, -28, 86]	[-80, 50, 5, 91, 160]	[-87, -130, -122, -115, -147]	[-163, -135, -113, -115, -122]	[-9, -16, -20, -14, -65]	[114, 107, 100, 176, 132]	[10002, 10000, 9999, 10005, 10000]	[184, 191, 207, 201, 162]
1139	39.7	[161, 19, 18, 46, 89]	[-124, -138, -83, 14, -129]	[-144, -43, 16, -11, -138]	[-53, -168, -85, -89, -91]	[120, -88, -93, 40, 13]	[-122, -26, 6, -33, 79]	[-76, 50, 5, 93, 160]	[-112, -132, -123, -111, -142]	[-164, -129, -111, -111, -126]	[-8, -15, -20, -17, -52]	[116, 114, 100, 177, 143]	[10008, 10002, 9996, 9999, 9992]	[170, 165, 184, 223, 187]
1140	36.0	[161, 19, 18, 46, 89]	[-124, -138, -83, 14, -129]	[-144, -43, 16, -11, -138]	[-53, -168, -85, -89, -91]	[120, -88, -93, 40, 13]	[-122, -26, 6, -33, 79]	[-76, 50, 5, 93, 160]	[-112, -132, -123, -111, -142]	[-164, -129, -111, -111, -126]	[-8, -15, -20, -17, -52]	[116, 114, 100, 177, 143]	[10008, 10002, 9996, 9999, 9992]	[170, 165, 184, 223, 187]
1141	38.7	[165, 76, -11, 46, 92]	[-149, -132, -80, 19, -88]	[-152, -40, 11, -12, -162]	[-55, -167, -85, -94, -92]	[121, -90, -99, 34, 13]	[-122, -27, 7, -30, 94]	[-80, 49, 6, 97, 160]	[-103, -131, -123, -112, -142]	[-163, -127, -111, -114, -126]	[-8, -21, -18, -19, -61]	[117, 109, 91, 175, 171]	[10001, 10001, 9999, 9999, 9994]	[184, 191, 207, 201, 162]
1142	36.7	[165, 76, -11, 46, 92]	[-149, -132, -80, 19, -88]	[-152, -40, 11, -12, -162]	[-55, -167, -85, -94, -92]	[121, -90, -99, 34, 13]	[-122, -27, 7, -30, 94]	[-80, 49, 6, 97, 160]	[-103, -131, -123, -112, -142]	[-163, -127, -111, -114, -126]	[-8, -21, -18, -19, -61]	[117, 109, 91, 175, 171]	[10001, 10001, 9999, 9999, 9994]	[184, 191, 207, 201, 162]
1143	39.0	[169, 79, 18, 44, 104]	[-145, -132, -79, 18, -112]	[-145, -43, 11, -10, -145]	[-53, -166, -84, -93, -86]	[120, -89, -93, 15, 4]	[-121, -24, 7, -21, 87]	[-81, 48, 5, 91, 160]	[-114, -131, -123, -111, -143]	[-162, -124, -111, -114, -122]	[-9, -22, -19, -20, -54]	[110, 107, 97, 177, 125]	[10004, 10001, 9997, 9998, 9997]	[184, 191, 206, 215, 162]
1144	42.3	[161, 68, 16, 46, 91]	[-151, -134, -81, 14, -129]	[-144, -43, 16, -11, -137]	[-52, -168, -84, -89, -98]	[120, -88, -93, 40, 13]	[-120, -23, 7, -34, 79]	[-78, 49, 5, 97, 162]	[-103, -129, -123, -112, -145]	[-164, -128, -110, -113, -124]	[-9, -22, -19, -21, -40]	[116, 110, 97, 177, 138]	[10008, 10001, 9997, 9999, 9994]	[170, 165, 206, 217, 164]
1145	36.0	[165, 76, -11, 46, 92]	[-149, -132, -80, 19, -88]	[-152, -40, 11, -12, -162]	[-55, -167, -85, -94, -92]	[121, -90, -99, 34, 13]	[-122, -27, 7, -30, 94]	[-80, 49, 6, 97, 160]	[-103, -131, -123, -112, -142]	[-163, -127, -111, -114, -126]	[-8, -21, -18, -19, -61]	[117, 109, 91, 175, 171]	[10001, 10001, 9999, 9999, 9994]	[184, 191, 207, 201, 162]
1146	37.0	[165, 76, -11, 46, 92]	[-149, -132, -80, 19, -88]	[-152, -40, 11, -12, -162]	[-55, -167, -85, -94, -92]	[121, -90, -99, 34, 13]	[-122, -27, 7, -30, 94]	[-80, 49, 6, 97, 160]	[-103, -131, -123, -112, -142]	[-163, -127, -111, -114, -126]	[-8, -21, -18, -19, -61]	[117, 109, 91, 175, 171]	[10001, 10001, 9999, 9999, 9994]	[184, 191, 207, 201, 162]
1147	43.0	[85, 72, 19, 58, 82]	[-133, -135, -83, -4, -132]	[-138, -42, 16, -15, -126]	[-47, -178, -86, -97, -92]	[120, -88, -96, 35, 13]	[-118, -27, 7, -28, 76]	[-80, 50, 5, 98, 161]	[-125, -131, -123, -115, -151]	[-164, -127, -108, -113, -118]	[-2, -15, -18, -13, -66]	[122, 110, 92, 175, 144]	[10008, 9996, 9997, 10002, 9997]	[164, 188, 210, 223, 162]
1148	37.3	[161, 68, 16, 46, 91]	[-151, -134, -81, 14, -129]	[-144, -43, 16, -11, -137]	[-52, -168, -84, -89, -98]	[120, -88, -93, 40, 13]	[-120, -23, 7, -34, 79]	[-78, 49, 5, 97, 162]	[-103, -129, -123, -112, -145]	[-164, -128, -110, -113, -124]	[-9, -22, -19, -21, -40]	[116, 110, 97, 177, 138]	[10008, 10001, 9997, 9999, 9994]	[170, 165, 206, 217, 164]
1149	36.0	[169, 79, 18, 44, 98]	[-149, -132, -79, 18, -112]	[-151, -42, 11, -10, -165]	[-56, -165, -85, -93, -92]	[121, -90, -95, 37, 4]	[-122, -27, 7, -28, 85]	[-81, 49, 5, 93, 160]	[-110, -131, -123, -106, -148]	[-163, -127, -111, -113, -126]	[-8, -17, -19, -17, -65]	[110, 109, 91, 175, 154]	[10003, 10000, 9998, 9999, 9997]	[184, 191, 209, 201, 162]
1150	37.0	[165, 76, -11, 46, 92]	[-149, -132, -80, 19, -88]	[-152, -40, 11, -12, -162]	[-55, -167, -85, -94, -92]	[121, -90, -99, 34, 13]	[-122, -27, 7, -30, 94]	[-80, 49, 6, 97, 160]	[-103, -131, -123, -112, -142]	[-163, -127, -111, -114, -126]	[-8, -21, -18, -19, -61]	[117, 109, 91, 175, 171]	[10001, 10001, 9999, 9999, 9994]	[184, 191, 207, 201, 162]
1151	42.3	[161, 68, 16, 46, 91]	[-151, -134, -81, 14, -129]	[-144, -43, 16, -11, -137]	[-52, -168, -84, -89, -98]	[120, -88, -93, 40, 13]	[-120, -23, 7, -34, 79]	[-78, 49, 5, 97, 162]	[-103, -129, -123, -112, -145]	[-164, -128, -110, -113, -124]	[-9, -22, -19, -21, -40]	[116, 110, 97, 177, 138]	[10008, 10001, 9997, 9999, 9994]	[170, 165, 206, 217, 164]
1152	37.3	[161, 19, 18, 46, 89]	[-124, -133, -83, 18, -126]	[-144, -42, 12, -11, -144]	[-57, -175, -86, -89, -91]	[116, -89, -97, 22, 6]	[-122, -27, 6, -30, 79]	[-80, 50, 5, 93, 160]	[-112, -131, -123, -111, -142]	[-164, -129, -111, -111, -126]	[-8, -15, -20, -17, -52]	[116, 114, 100, 177, 143]	[10008, 10002, 9996, 9999, 9992]	[170, 165, 184, 223, 187]
1153	37.3	[169, 79, 18, 44, 98]	[-149, -132, -79, 18, -112]	[-151, -42, 11, -10, -165]	[-54, -165, -85, -93, -92]	[121, -90, -95, 37, 7]	[-122, -27, 7, -30, 85]	[-81, 48, 5, 93, 160]	[-111, -132, -123, -107, -148]	[-163, -127, -111, -111, -125]	[-8, -17, -20, -17, -65]	[110, 111, 99, 177, 153]	[10003, 10001, 9997, 9999, 9996]	[184, 191, 209, 201, 162]
1154	39.3	[161, 19, 18, 46, 89]	[-124, -138, -83, 14, -129]	[-144, -43, 16, -11, -138]	[-53, -168, -85, -89, -91]	[118, -89, -98, 30, 13]	[-122, -26, 6, -33, 81]	[-76, 50, 5, 92, 160]	[-112, -132, -123, -111, -142]	[-164, -129, -111, -111, -126]	[-8, -15, -20, -17, -52]	[116, 114, 100, 177, 143]	[10008, 10002, 9996, 9999, 9992]	[170, 165, 184, 223, 187]
1155	38.3	[161, 19, 18, 46, 89]	[-124, -133, -83, 18, -126]	[-146, -43, 12, -11, -144]	[-56, -175, -85, -91, -91]	[117, -89, -94, 23, 12]	[-122, -27, 7, -31, 79]	[-80, 50, 5, 93, 160]	[-112, -131, -123, -111, -142]	[-164, -129, -111, -111, -126]	[-8, -15, -20, -17, -52]	[116, 114, 100, 177, 143]	[10008, 10002, 9996, 9999, 9992]	[170, 165, 184, 223, 187]
1156	40.3	[161, 19, 18, 46, 89]	[-124, -138, -83, 14, -129]	[-144, -43, 16, -11, -132]	[-52, -168, -84, -89, -97]	[120, -88, -93, 40, 13]	[-120, -23, 7, -34, 79]	[-80, 48, 5, 91, 160]	[-103, -129, -123, -112, -145]	[-164, -128, -110, -113, -124]	[-9, -22, -19, -21, -40]	[116, 110, 97, 177, 138]	[10008, 10001, 9997, 9999, 9994]	[170, 165, 206, 217, 164]
1157	38.3	[85, 72, 19, 58, 89]	[-148, -133, -83, -4, -132]	[-144, -43, 16, -15, -127]	[-47, -176, -86, -97, -92]	[120, -88, -96, 41, 13]	[-124, -27, 7, -29, 76]	[-77, 47, 5, 98, 161]	[-132, -131, -123, -108, -151]	[-164, -135, -105, -112, -122]	[-2, -15, -18, -7, -66]	[128, 110, 92, 175, 150]	[10008, 9996, 9997, 10002, 9997]	[164, 188, 210, 223, 162]
1158	36.3	[161, 19, 12, 46, 89]	[-124, -138, -83, 8, -129]	[-144, -43, 14, -10, -132]	[-52, -168, -84, -90, -97]	[120, -88, -93, 38, 10]	[-120, -23, 7, -36, 79]	[-74, 48, 5, 96, 160]	[-103, -129, -123, -108, -142]	[-164, -135, -109, -111, -120]	[-9, -15, -19, -21, -40]	[116, 110, 97, 177, 138]	[10008, 10001, 9996, 9999, 9993]	[176, 165, 206, 217, 164]
1159	39.3	[85, 72, 19, 58, 89]	[-148, -133, -83, -4, -132]	[-144, -43, 16, -15, -127]	[-47, -176, -86, -97, -92]	[120, -88, -96, 41, 13]	[-124, -27, 7, -29, 82]	[-77, 47, 5, 98, 161]	[-132, -131, -123, -108, -151]	[-164, -135, -105, -112, -122]	[-2, -15, -18, -7, -66]	[128, 110, 92, 175, 150]	[10008, 9996, 9997, 10002, 9997]	[164, 188, 210, 223, 162]
1160	39.3	[169, 77, 18, 44, 98]	[-142, -133, -81, 16, -114]	[-148, -42, 13, -10, -144]	[-53, -172, -85, -94, -91]	[120, -89, -94, 35, 9]	[-122, -27, 6, -28, 79]	[-81, 51, 5, 94, 160]	[-92, -133, -123, -110, -148]	[-163, -117, -111, -112, -126]	[-9, -17, -20, -17, -64]	[110, 109, 93, 176, 153]	[10002, 10001, 9997, 9999, 10012]	[189, 160, 191, 216, 168]
1161	38.3	[85, 72, 19, 58, 89]	[-148, -133, -83, -4, -132]	[-144, -43, 16, -15, -127]	[-47, -176, -86, -97, -98]	[120, -88, -96, 41, 13]	[-124, -27, 7, -29, 82]	[-77, 47, 5, 98, 161]	[-132, -131, -123, -108, -151]	[-164, -135, -105, -112, -122]	[-2, -15, -18, -7, -66]	[128, 110, 92, 175, 150]	[10008, 9996, 9997, 10002, 9997]	[164, 188, 210, 223, 162]
1162	36.7	[85, 72, 19, 58, 89]	[-148, -133, -83, -4, -132]	[-144, -43, 16, -15, -127]	[-47, -176, -86, -97, -98]	[120, -88, -96, 41, 13]	[-124, -27, 7, -29, 82]	[-77, 47, 5, 98, 161]	[-132, -131, -123, -108, -151]	[-164, -135, -105, -112, -122]	[-2, -15, -18, -7, -66]	[128, 110, 92, 175, 150]	[10008, 9996, 9997, 10002, 9997]	[164, 188, 210, 223, 162]
1163	36.3	[169, 77, 18, 44, 98]	[-142, -133, -81, 16, -114]	[-148, -42, 13, -10, -144]	[-53, -172, -85, -94, -91]	[121, -90, -96, 35, 7]	[-122, -27, 7, -29, 79]	[-81, 51, 5, 94, 160]	[-98, -133, -123, -110, -148]	[-163, -119, -111, -112, -126]	[-9, -16, -20, -15, -60]	[110, 109, 93, 176, 150]	[10002, 10001, 9997, 9998, 10012]	[189, 160, 191, 216, 168]
1164	41.0	[161, 19, 18, 46, 89]	[-124, -133, -83, 18, -128]	[-146, -43, 12, -11, -144]	[-56, -174, -85, -91, -93]	[120, -89, -94, 30, 12]	[-120, -23, 7, -31, 79]	[-80, 50, 5, 96, 161]	[-97, -131, -123, -109, -148]	[-164, -129, -111, -111, -126]	[-8, -15, -19, -17, -43]	[114, 110, 91, 178, 143]	[10008, 10002, 9998, 9999, 9994]	[183, 182, 184, 221, 169]
1165	39.7	[161, 19, 12, 46, 89]	[-124, -138, -83, 8, -129]	[-144, -43, 14, -10, -132]	[-52, -168, -84, -90, -97]	[120, -88, -93, 38, 10]	[-120, -23, 7, -36, 79]	[-74, 48, 5, 96, 160]	[-103, -129, -123, -108, -142]	[-164, -133, -110, -111, -120]	[-9, -15, -19, -21, -57]	[113, 110, 97, 177, 138]	[10008, 10001, 9996, 9999, 9993]	[176, 165, 206, 217, 175]
1166	39.7	[165, 76, -11, 46, 92]	[-149, -132, -80, 19, -88]	[-152, -40, 11, -12, -162]	[-55, -167, -85, -100, -92]	[121, -90, -99, 34, 13]	[-122, -27, 7, -30, 94]	[-80, 49, 6, 97, 160]	[-103, -131, -123, -112, -148]	[-163, -127, -111, -114, -126]	[-8, -17, -18, -18, -61]	[117, 109, 99, 176, 159]	[10001, 10001, 9997, 9999, 9994]	[184, 191, 207, 201, 162]
1167	39.0	[169, 77, 18, 44, 98]	[-142, -133, -83, 1, -121]	[-148, -42, 15, -10, -133]	[-54, -174, -86, -95, -93]	[121, -90, -94, 36, 7]	[-122, -25, 7, -29, 80]	[-80, 47, 5, 97, 161]	[-110, -133, -123, -110, -148]	[-163, -126, -111, -112, -126]	[-9, -16, -20, -17, -47]	[110, 109, 93, 177, 150]	[10002, 10001, 9997, 10002, 10012]	[176, 160, 191, 216, 168]
1168	41.0	[169, 79, 18, 44, 98]	[-149, -132, -79, 18, -112]	[-151, -42, 13, -10, -165]	[-52, -169, -91, -87, -92]	[121, -90, -95, 36, 7]	[-122, -26, 7, -30, 85]	[-81, 48, 5, 93, 160]	[-111, -132, -123, -107, -148]	[-163, -127, -111, -111, -125]	[-8, -21, -19, -17, -65]	[110, 109, 91, 175, 154]	[10003, 10000, 9998, 9999, 9997]	[184, 191, 209, 201, 162]
1169	37.0	[167, 19, 18, 46, 89]	[-124, -133, -83, 18, -126]	[-146, -43, 12, -11, -144]	[-56, -175, -85, -91, -91]	[117, -89, -94, 23, 12]	[-122, -27, 7, -31, 79]	[-80, 50, 5, 93, 160]	[-112, -131, -123, -111, -142]	[-164, -129, -111, -111, -126]	[-8, -15, -20, -23, -52]	[116, 114, 100, 177, 143]	[10008, 10002, 9996, 9999, 9992]	[170, 165, 184, 223, 187]
1170	37.0	[167, 19, 18, 46, 89]	[-124, -133, -83, 18, -126]	[-146, -43, 12, -11, -144]	[-56, -175, -85, -91, -91]	[117, -89, -94, 23, 12]	[-122, -27, 7, -31, 79]	[-80, 50, 5, 93, 160]	[-112, -131, -123, -111, -142]	[-164, -129, -111, -111, -126]	[-8, -15, -20, -23, -52]	[116, 114, 100, 177, 143]	[10008, 10002, 9996, 9999, 9992]	[170, 165, 184, 223, 187]
1171	38.7	[169, 77, 18, 44, 98]	[-142, -133, -83, 1, -121]	[-148, -42, 15, -10, -133]	[-54, -174, -86, -95, -93]	[121, -90, -94, 36, 7]	[-122, -25, 7, -29, 80]	[-80, 47, 5, 97, 161]	[-110, -133, -123, -110, -148]	[-163, -126, -111, -112, -126]	[-9, -16, -20, -17, -47]	[110, 109, 93, 177, 150]	[10002, 10001, 9997, 10002, 10012]	[176, 160, 191, 216, 168]
1172	40.3	[169, 77, 18, 44, 98]	[-142, -133, -83, 1, -121]	[-148, -42, 15, -10, -133]	[-54, -174, -86, -95, -93]	[121, -90, -94, 36, 7]	[-122, -25, 7, -29, 80]	[-80, 47, 5, 97, 161]	[-110, -133, -123, -110, -148]	[-163, -126, -111, -112, -126]	[-9, -16, -20, -17, -47]	[110, 109, 93, 177, 150]	[10002, 10001, 9997, 10002, 10012]	[176, 160, 191, 216, 168]
1173	36.0	[161, 19, 15, 46, 89]	[-124, -138, -83, 9, -129]	[-144, -43, 14, -11, -138]	[-53, -168, -85, -90, -97]	[118, -89, -95, 32, 13]	[-122, -24, 7, -35, 81]	[-81, 49, 5, 92, 160]	[-106, -131, -123, -108, -143]	[-164, -131, -111, -112, -120]	[-8, -15, -19, -17, -52]	[116, 114, 100, 177, 149]	[10008, 10002, 9996, 9993, 9992]	[170, 165, 184, 223, 187]
1174	34.7	[161, 19, 18, 46, 89]	[-124, -133, -83, 9, -129]	[-144, -43, 14, -11, -138]	[-53, -164, -85, -90, -97]	[118, -89, -95, 30, 13]	[-122, -27, 4, -35, 81]	[-81, 49, 5, 92, 160]	[-106, -131, -123, -110, -144]	[-164, -130, -112, -112, -120]	[-8, -15, -19, -17, -52]	[116, 114, 100, 177, 149]	[10008, 10002, 9996, 9993, 9992]	[170, 165, 184, 223, 187]
1175	39.7	[161, 19, 12, 46, 89]	[-124, -138, -83, 8, -129]	[-144, -43, 14, -10, -132]	[-52, -168, -84, -90, -97]	[118, -88, -93, 38, 10]	[-120, -23, 7, -29, 79]	[-74, 49, 5, 91, 160]	[-103, -135, -123, -108, -142]	[-164, -132, -110, -112, -120]	[-9, -17, -19, -21, -57]	[113, 113, 100, 177, 145]	[10008, 10007, 9996, 9998, 9993]	[173, 165, 197, 222, 180]
1176	37.3	[161, 19, 12, 46, 89]	[-124, -138, -83, 8, -129]	[-144, -43, 14, -10, -132]	[-52, -168, -84, -90, -97]	[120, -88, -98, 35, 10]	[-122, -23, 7, -34, 81]	[-74, 50, 5, 95, 160]	[-99, -132, -123, -108, -142]	[-164, -128, -109, -111, -120]	[-8, -15, -19, -21, -57]	[116, 110, 97, 177, 138]	[10008, 10001, 9996, 9999, 9993]	[176, 165, 206, 217, 164]
1177	38.3	[169, 79, 18, 44, 98]	[-149, -132, -79, 18, -112]	[-151, -42, 13, -10, -165]	[-52, -169, -91, -87, -92]	[121, -90, -95, 36, 7]	[-122, -26, 7, -30, 85]	[-81, 48, 5, 93, 160]	[-111, -132, -123, -107, -148]	[-163, -127, -111, -111, -125]	[-8, -21, -19, -17, -65]	[110, 109, 91, 175, 154]	[10003, 10000, 9998, 9999, 9997]	[184, 191, 209, 201, 168]
1178	38.3	[161, 19, 12, 46, 89]	[-124, -138, -83, 8, -129]	[-144, -43, 14, -10, -132]	[-52, -168, -84, -90, -97]	[118, -88, -93, 38, 10]	[-120, -23, 7, -29, 79]	[-74, 49, 5, 91, 160]	[-103, -135, -123, -108, -142]	[-164, -132, -110, -112, -120]	[-9, -17, -19, -21, -57]	[113, 113, 100, 177, 145]	[10008, 10007, 9996, 9998, 9993]	[173, 165, 197, 222, 180]
1179	42.3	[169, 77, 18, 44, 98]	[-142, -133, -81, 16, -114]	[-148, -42, 13, -10, -144]	[-53, -178, -85, -94, -91]	[121, -90, -96, 35, 7]	[-122, -27, 7, -30, 79]	[-81, 51, 5, 94, 160]	[-98, -133, -123, -110, -148]	[-163, -119, -111, -112, -126]	[-9, -16, -20, -15, -60]	[110, 109, 93, 176, 150]	[10002, 10001, 9997, 9998, 10012]	[189, 160, 191, 216, 168]
1180	41.3	[169, 38, 18, 45, 90]	[-142, -133, -83, 1, -121]	[-148, -42, 9, -10, -141]	[-54, -175, -85, -93, -93]	[118, -89, -94, 34, 11]	[-122, -26, 7, -30, 80]	[-80, 47, 5, 96, 161]	[-111, -132, -123, -110, -148]	[-163, -127, -111, -111, -126]	[-8, -16, -20, -20, -47]	[115, 111, 100, 171, 150]	[10002, 10001, 9997, 10002, 9995]	[174, 165, 188, 221, 168]
1181	43.0	[161, 19, 12, 46, 89]	[-124, -138, -83, 8, -129]	[-144, -43, 10, -10, -132]	[-52, -168, -85, -90, -97]	[120, -88, -98, 35, 11]	[-122, -26, 7, -34, 81]	[-74, 49, 5, 95, 160]	[-99, -132, -123, -108, -142]	[-164, -128, -109, -111, -120]	[-8, -15, -19, -21, -57]	[116, 110, 97, 177, 138]	[10008, 10001, 9996, 9999, 9993]	[176, 165, 206, 217, 164]
1182	41.0	[169, 77, 18, 44, 98]	[-142, -133, -81, 16, -114]	[-148, -42, 13, -10, -144]	[-53, -178, -85, -94, -91]	[121, -90, -96, 35, 7]	[-122, -26, 6, -30, 79]	[-81, 51, 5, 94, 160]	[-98, -133, -123, -110, -147]	[-163, -119, -111, -112, -126]	[-9, -16, -20, -15, -60]	[110, 109, 93, 176, 150]	[10002, 10001, 9997, 9998, 10012]	[189, 160, 191, 216, 168]
1183	36.7	[169, 77, 18, 44, 98]	[-142, -133, -81, 16, -114]	[-148, -42, 13, -10, -144]	[-53, -178, -85, -94, -91]	[121, -90, -96, 35, 7]	[-122, -26, 6, -30, 79]	[-81, 51, 5, 94, 160]	[-98, -133, -123, -110, -147]	[-163, -119, -111, -112, -126]	[-9, -16, -20, -15, -60]	[110, 109, 93, 176, 150]	[10002, 10001, 9997, 9998, 10012]	[189, 160, 191, 216, 168]
1184	42.0	[162, 19, 18, 46, 89]	[-148, -134, -79, 18, -124]	[-144, -43, 14, -11, -138]	[-53, -161, -85, -91, -91]	[118, -89, -95, 30, 13]	[-122, -27, 1, -33, 81]	[-81, 49, 5, 92, 160]	[-99, -132, -123, -110, -145]	[-164, -126, -112, -113, -123]	[-9, -16, -19, -18, -60]	[116, 114, 98, 176, 149]	[10008, 10002, 9996, 9993, 9992]	[170, 165, 184, 223, 187]
1185	41.0	[169, 62, 18, 45, 98]	[-142, -133, -83, 1, -121]	[-148, -42, 10, -11, -133]	[-54, -174, -85, -93, -91]	[121, -90, -94, 36, 9]	[-122, -25, 7, -31, 79]	[-80, 48, 5, 94, 161]	[-111, -132, -123, -110, -148]	[-164, -126, -111, -112, -126]	[-8, -16, -20, -17, -47]	[110, 113, 93, 177, 150]	[10002, 10001, 9997, 10001, 10012]	[176, 160, 191, 216, 168]
1186	39.3	[169, 38, 18, 45, 90]	[-142, -133, -83, 1, -121]	[-148, -42, 9, -10, -141]	[-54, -175, -85, -93, -93]	[118, -89, -94, 34, 11]	[-122, -26, 7, -30, 80]	[-80, 47, 5, 96, 161]	[-111, -132, -123, -110, -148]	[-163, -127, -111, -111, -126]	[-8, -16, -20, -20, -47]	[115, 111, 100, 171, 150]	[10002, 10001, 9991, 10002, 9995]	[174, 165, 188, 221, 168]
1187	43.0	[162, 19, 18, 46, 89]	[-148, -134, -79, 18, -124]	[-144, -43, 14, -11, -138]	[-53, -161, -85, -91, -91]	[118, -89, -95, 30, 13]	[-122, -27, 1, -33, 81]	[-81, 49, 5, 92, 160]	[-99, -132, -123, -110, -145]	[-164, -126, -112, -113, -123]	[-9, -16, -19, -18, -60]	[116, 114, 98, 176, 149]	[10008, 10002, 9996, 9993, 9992]	[170, 165, 184, 223, 187]
1188	38.0	[162, 19, 18, 46, 89]	[-148, -134, -79, 18, -124]	[-144, -43, 14, -11, -138]	[-53, -161, -85, -91, -91]	[118, -89, -95, 30, 13]	[-122, -27, 1, -33, 81]	[-81, 49, 5, 92, 160]	[-99, -132, -123, -110, -145]	[-164, -126, -112, -113, -123]	[-9, -16, -19, -18, -60]	[116, 114, 98, 176, 149]	[10008, 10002, 9996, 9993, 9992]	[170, 165, 184, 223, 187]
1189	36.7	[169, 79, 18, 44, 98]	[-142, -133, -80, 17, -113]	[-154, -42, 13, -10, -159]	[-53, -178, -85, -94, -91]	[127, -90, -96, 35, 7]	[-122, -27, 7, -30, 79]	[-81, 51, 5, 94, 160]	[-98, -133, -123, -110, -148]	[-163, -119, -111, -112, -126]	[-9, -16, -20, -15, -60]	[110, 109, 93, 176, 150]	[10002, 10001, 9997, 9998, 10012]	[189, 160, 191, 216, 174]
1190	38.7	[169, 62, 18, 45, 98]	[-144, -133, -83, 1, -121]	[-148, -43, 12, -11, -133]	[-53, -172, -85, -93, -91]	[121, -90, -95, 32, 9]	[-122, -25, 7, -31, 79]	[-86, 48, 5, 94, 161]	[-111, -132, -123, -110, -148]	[-164, -126, -111, -106, -126]	[-8, -16, -20, -17, -47]	[110, 113, 93, 177, 150]	[10005, 10001, 9997, 9996, 10008]	[176, 160, 191, 216, 168]
1191	38.3	[169, 38, 18, 45, 90]	[-142, -133, -83, 1, -121]	[-148, -42, 9, -10, -141]	[-54, -175, -85, -93, -93]	[118, -89, -94, 34, 11]	[-122, -26, 7, -30, 80]	[-80, 47, 5, 96, 161]	[-111, -132, -123, -110, -148]	[-163, -127, -111, -111, -126]	[-8, -16, -20, -20, -47]	[115, 111, 100, 171, 150]	[10002, 10001, 9991, 10002, 9995]	[174, 165, 188, 221, 168]
1192	34.0	[161, 19, 15, 46, 89]	[-124, -138, -83, 9, -129]	[-144, -43, 13, -11, -138]	[-53, -168, -85, -90, -95]	[118, -89, -95, 33, 13]	[-122, -24, 7, -35, 81]	[-81, 49, 5, 92, 160]	[-106, -131, -123, -110, -147]	[-164, -131, -110, -113, -120]	[-9, -17, -17, -19, -52]	[115, 113, 100, 177, 149]	[10008, 10003, 9996, 9993, 9992]	[170, 165, 184, 223, 187]
1193	39.0	[169, 62, 18, 45, 98]	[-142, -133, -83, 1, -121]	[-148, -42, 10, -11, -133]	[-54, -174, -85, -93, -97]	[121, -90, -94, 36, 9]	[-122, -25, 7, -31, 79]	[-81, 49, 5, 94, 161]	[-111, -133, -123, -110, -148]	[-164, -125, -111, -112, -126]	[-8, -16, -20, -17, -47]	[110, 113, 93, 177, 150]	[10002, 9995, 9997, 10001, 10012]	[176, 160, 191, 216, 168]
1194	38.0	[169, 38, 18, 45, 90]	[-142, -133, -83, 1, -121]	[-148, -42, 9, -10, -141]	[-54, -175, -85, -93, -93]	[118, -89, -94, 34, 11]	[-122, -26, 7, -30, 80]	[-80, 47, 5, 96, 161]	[-111, -132, -123, -110, -148]	[-163, -127, -111, -111, -126]	[-8, -16, -20, -20, -47]	[115, 111, 100, 171, 150]	[10002, 10001, 9991, 10002, 9995]	[174, 165, 188, 221, 168]
1195	41.3	[169, 38, 18, 45, 90]	[-142, -133, -83, 1, -121]	[-148, -42, 9, -10, -141]	[-54, -175, -85, -93, -93]	[118, -89, -94, 34, 11]	[-122, -26, 7, -30, 80]	[-80, 47, 5, 96, 161]	[-111, -132, -123, -110, -148]	[-163, -127, -111, -111, -126]	[-8, -16, -20, -20, -47]	[115, 111, 100, 171, 150]	[10002, 10001, 9991, 10002, 9995]	[174, 165, 188, 221, 168]
1196	39.7	[169, 73, 18, 44, 98]	[-142, -133, -80, 17, -113]	[-154, -42, 13, -10, -159]	[-53, -178, -85, -94, -91]	[127, -90, -94, 36, 7]	[-122, -26, 7, -30, 79]	[-81, 51, 5, 94, 160]	[-98, -133, -123, -110, -148]	[-163, -119, -111, -112, -124]	[-3, -19, -20, -17, -51]	[110, 112, 93, 176, 150]	[10002, 10001, 9997, 9998, 10012]	[185, 160, 193, 223, 174]
1197	36.3	[169, 62, 18, 45, 98]	[-142, -133, -83, 1, -121]	[-148, -42, 10, -11, -133]	[-54, -172, -85, -93, -85]	[121, -90, -94, 36, 9]	[-122, -25, 7, -31, 79]	[-86, 48, 5, 94, 161]	[-111, -132, -123, -110, -148]	[-164, -132, -111, -112, -126]	[-8, -16, -20, -17, -47]	[110, 113, 93, 177, 150]	[10002, 10001, 9997, 10002, 10012]	[176, 160, 191, 216, 168]
1198	44.7	[161, 19, 15, 46, 89]	[-124, -138, -83, 9, -129]	[-144, -43, 14, -11, -138]	[-53, -168, -85, -90, -95]	[118, -89, -94, 33, 13]	[-122, -24, 7, -32, 81]	[-81, 49, 5, 91, 160]	[-106, -134, -123, -110, -147]	[-164, -131, -111, -113, -120]	[-8, -16, -19, -20, -53]	[116, 113, 100, 177, 149]	[10008, 10002, 9996, 9993, 9998]	[170, 165, 184, 223, 187]
1199	38.7	[169, 62, 18, 45, 98]	[-144, -133, -83, 1, -121]	[-148, -43, 12, -11, -133]	[-53, -173, -85, -93, -91]	[121, -90, -95, 32, 9]	[-122, -25, 7, -31, 79]	[-86, 48, 5, 94, 161]	[-111, -132, -123, -110, -148]	[-164, -123, -111, -113, -126]	[-8, -16, -20, -17, -47]	[110, 113, 93, 177, 150]	[10005, 10001, 9997, 9996, 10008]	[176, 160, 191, 216, 168]
