generation	fitness	corner	c	a1	a2	b1	b2	b3	x	o1	o2	wp	ww	we
600	36.0	[110, 133, -3, -15, 39]	[-55, -225, -57, 37, -159]	[-146, -129, 33, -19, -112]	[-45, -10, -101, -109, 3]	[126, -68, -93, 9, -12]	[-172, -40, 18, -22, 135]	[-32, 49, -4, 65, 218]	[-112, -54, -96, -112, -171]	[-161, -86, -119, -137, -112]	[2, 1, 4, -26, -72]	[221, 118, 126, 185, 43]	[10009, 9998, 9993, 10002, 10002]	[217, 158, 204, 231, 203]
601	34.0	[135, 146, 26, -17, 47]	[-55, -224, -55, 31, -159]	[-146, -131, 19, -25, -118]	[-45, -7, -100, -106, 6]	[126, -69, -93, 7, -11]	[-174, -45, 16, -26, 137]	[-38, 55, -4, 65, 220]	[-98, -56, -96, -110, -148]	[-170, -87, -117, -113, -114]	[6, 3, 8, -29, -96]	[224, 118, 126, 185, 60]	[10015, 10001, 9996, 9999, 10001]	[210, 127, 204, 237, 203]
602	35.5	[209, 218, 45, 116, -123]	[59, -97, -107, 9, -136]	[-174, -19, -20, -4, -194]	[46, -28, -62, -40, -104]	[154, -111, -59, 44, 11]	[-27, -37, 13, -17, 58]	[-37, 63, 8, 96, 145]	[-87, -138, -105, -83, -94]	[-160, -199, -77, -143, -115]	[30, -3, -11, 19, -78]	[6, 132, 120, 168, 45]	[10005, 10001, 9999, 9998, 10003]	[-30, 133, 136, 164, 277]
603	34.5	[115, -35, -20, 46, 103]	[-103, -146, -65, 20, 186]	[-170, -63, 28, 7, -171]	[-45, -188, -85, -112, -104]	[132, -82, -98, 20, 48]	[-97, -16, 5, -53, 144]	[-57, 52, -1, 107, 160]	[-67, -113, -126, -106, -174]	[-159, -130, -122, -131, -111]	[-60, -49, -7, -31, -60]	[83, 105, 108, 176, 0]	[10005, 10005, 9998, 9997, 9999]	[220, 124, 187, 271, 267]
604	34.0	[-53, 100, -15, -23, -75]	[3, -144, -72, 42, 2]	[-89, -72, 6, -2, -58]	[-40, -148, -95, -99, -83]	[115, -120, -108, 45, -75]	[-134, -22, 12, -57, 42]	[-59, 67, 5, 79, 173]	[-79, -150, -117, -121, -164]	[-163, -78, -78, -124, -135]	[-23, -4, -8, -81, -61]	[178, 122, 103, 185, 152]	[9999, 10009, 9999, 10003, 9996]	[225, 219, 191, 221, 160]
605	35.0	[-49, 105, -15, -23, 84]	[0, -146, -86, 40, 35]	[-95, -61, 7, -11, -81]	[-46, -138, -97, -96, -90]	[115, -123, -113, 45, -101]	[-153, -17, 13, -62, 41]	[-33, 66, 11, 80, 173]	[-69, -151, -114, -114, -162]	[-150, -78, -71, -118, -135]	[39, -5, -7, -66, -51]	[158, 118, 80, 189, 172]	[10004, 10003, 9998, 10000, 9997]	[225, 218, 191, 221, 160]
606	34.0	[-49, 105, -15, -23, 84]	[0, -146, -86, 40, 35]	[-95, -61, 7, -11, -81]	[-46, -138, -97, -96, -90]	[115, -123, -113, 45, -101]	[-153, -17, 13, -62, 41]	[-33, 66, 11, 80, 173]	[-69, -151, -114, -114, -162]	[-150, -78, -71, -118, -135]	[39, -5, -7, -66, -51]	[158, 118, 80, 189, 172]	[10004, 10003, 9998, 10000, 9997]	[225, 218, 191, 221, 160]
607	31.0	[209, 218, 45, 116, -123]	[59, -97, -107, 9, -136]	[-174, -19, -20, -4, -194]	[46, -28, -62, -40, -104]	[154, -111, -59, 44, 11]	[-27, -37, 13, -17, 58]	[-37, 63, 8, 96, 145]	[-87, -138, -105, -83, -94]	[-160, -199, -77, -143, -115]	[30, -3, -11, 19, -78]	[6, 132, 120, 168, 45]	[10005, 10001, 9999, 9998, 10003]	[-30, 133, 136, 164, 277]
608	33.5	[63, -17, -55, 68, 98]	[-162, -148, -84, 24, -142]	[-156, -44, 19, -5, -167]	[-46, -132, -73, -91, -59]	[119, -65, -106, 52, 17]	[-123, -28, 20, -41, 189]	[-44, 44, 10, 88, 237]	[-131, -113, -131, -121, -99]	[-165, -126, -137, -95, -127]	[-16, -13, -29, -9, -92]	[59, 136, 119, 178, 38]	[10003, 9992, 9999, 9995, 9997]	[157, 183, 168, 185, 167]
609	36.5	[88, 135, -54, 135, 98]	[-162, -147, -84, 20, -146]	[-151, -44, 19, -8, -171]	[-52, -157, -73, -94, -58]	[119, -65, -96, 49, 10]	[-124, -28, 17, -36, 186]	[-40, 47, 8, 69, 237]	[-140, -112, -118, -124, -139]	[-163, -94, -142, -91, -133]	[-31, -12, -17, -18, -87]	[96, 137, 122, 181, 53]	[10004, 10002, 9998, 9994, 10000]	[170, 175, 171, 197, 163]
610	34.5	[209, 218, 45, 116, -123]	[59, -97, -107, 9, -136]	[-174, -19, -20, -4, -194]	[46, -28, -62, -40, -104]	[154, -111, -59, 44, 11]	[-27, -37, 13, -17, 58]	[-37, 63, 8, 96, 145]	[-87, -138, -105, -83, -94]	[-160, -199, -77, -143, -115]	[30, -3, -11, 19, -78]	[6, 132, 120, 168, 45]	[10005, 10001, 9999, 9998, 10003]	[-30, 133, 136, 164, 277]
611	36.0	[-49, 113, 3, -20, 46]	[0, -146, -86, 31, 35]	[-95, -61, 7, -17, -101]	[-46, -138, -97, -96, -90]	[115, -123, -113, 45, -101]	[-153, -17, 13, -62, 41]	[-33, 66, 11, 80, 173]	[-69, -151, -114, -114, -162]	[-150, -78, -71, -118, -135]	[39, -5, -7, -66, -51]	[158, 112, 80, 183, 172]	[10004, 10003, 9998, 10000, 9997]	[225, 218, 191, 221, 160]
612	41.0	[-49, 113, 3, -20, 46]	[0, -146, -86, 31, 35]	[-95, -61, 7, -17, -101]	[-40, -138, -97, -96, -90]	[115, -123, -113, 45, -101]	[-153, -17, 13, -62, 41]	[-33, 66, 11, 80, 173]	[-69, -151, -114, -114, -162]	[-150, -78, -71, -118, -135]	[39, -5, -7, -66, -51]	[158, 112, 80, 183, 172]	[10004, 10003, 9998, 10000, 9997]	[225, 218, 191, 221, 160]
613	38.5	[115, -35, -20, 46, 103]	[-82, -146, -65, 20, 186]	[-170, -63, 28, -19, -148]	[-45, -188, -93, -106, -104]	[132, -72, -98, 20, 54]	[-140, -27, 14, -38, 138]	[-57, 54, 0, 107, 160]	[-67, -113, -113, -109, -174]	[-159, -122, -120, -131, -113]	[-60, -49, -7, -31, -60]	[83, 105, 108, 176, 0]	[10005, 10005, 10004, 9997, 9999]	[220, 124, 187, 271, 267]
614	35.5	[115, -35, -14, 46, 103]	[-103, -146, -65, 29, 64]	[-170, -63, 28, 7, -171]	[-45, -188, -85, -112, -104]	[132, -82, -98, 20, 54]	[-103, -16, 5, -53, 144]	[-57, 52, -1, 107, 160]	[-67, -113, -126, -106, -174]	[-159, -130, -122, -131, -111]	[-60, -49, -7, -31, -60]	[83, 105, 108, 176, 0]	[10005, 10005, 10004, 9997, 9999]	[220, 124, 187, 271, 267]
615	35.0	[115, -35, -20, 46, 103]	[-82, -146, -65, 20, 186]	[-170, -63, 28, -19, -148]	[-45, -188, -93, -106, -104]	[132, -72, -98, 20, 54]	[-140, -27, 14, -38, 138]	[-57, 54, 0, 107, 160]	[-67, -113, -113, -109, -174]	[-159, -122, -120, -131, -113]	[-60, -49, -7, -31, -60]	[83, 105, 108, 176, 0]	[10005, 10005, 10004, 9997, 9999]	[220, 124, 187, 271, 267]
616	36.0	[88, 135, -54, 135, 98]	[-162, -147, -68, 20, -146]	[-144, -127, 27, -8, -171]	[-45, -9, -104, -107, -58]	[128, -68, -106, 20, 10]	[-130, -36, 17, -28, 176]	[-40, 50, -2, 69, 236]	[-140, -112, -118, -123, -144]	[-167, -89, -115, -99, -130]	[-31, -11, -5, -16, -70]	[96, 121, 131, 181, 53]	[10004, 10002, 9998, 9995, 10000]	[170, 175, 171, 197, 163]
617	39.5	[-49, 105, -15, -23, 84]	[0, -146, -86, 40, 35]	[-95, -61, 7, -37, -81]	[-44, -145, -95, -96, -90]	[115, -121, -113, 45, -101]	[-153, -17, 13, -62, 42]	[-33, 66, 10, 80, 173]	[-69, -119, -112, -115, -162]	[-150, -78, -72, -122, -135]	[-9, -8, -17, -62, -51]	[169, 115, 113, 182, 172]	[10004, 9999, 9994, 10000, 9997]	[225, 218, 191, 236, 174]
618	35.5	[115, -35, -20, 46, 103]	[-82, -146, -65, 20, 186]	[-170, -63, 28, -19, -148]	[-45, -188, -93, -106, -104]	[132, -72, -98, 20, 54]	[-140, -27, 14, -38, 138]	[-57, 54, 0, 107, 160]	[-67, -113, -113, -109, -174]	[-159, -122, -120, -131, -113]	[-60, -49, -7, -31, -60]	[83, 105, 102, 176, 0]	[10005, 10005, 10004, 9997, 9999]	[220, 124, 187, 271, 267]
619	34.0	[-49, 105, -15, -23, 84]	[0, -146, -86, 40, 35]	[-95, -61, 7, -37, -81]	[-44, -145, -95, -96, -90]	[115, -121, -113, 45, -101]	[-153, -17, 13, -62, 42]	[-33, 66, 10, 80, 173]	[-69, -119, -112, -115, -162]	[-150, -78, -72, -122, -135]	[-9, -14, -17, -62, -51]	[169, 115, 113, 182, 172]	[10004, 9999, 9994, 10000, 9997]	[225, 218, 191, 236, 174]
620	32.5	[-49, 105, -15, -23, 84]	[0, -146, -86, 40, 35]	[-95, -61, 7, -37, -81]	[-44, -145, -95, -96, -90]	[115, -121, -113, 45, -101]	[-153, -17, 13, -62, 42]	[-33, 66, 10, 80, 173]	[-69, -119, -112, -115, -162]	[-150, -78, -72, -122, -135]	[-9, -14, -17, -62, -51]	[169, 115, 113, 182, 172]	[10004, 9999, 9994, 10000, 9997]	[225, 218, 191, 236, 174]
621	35.0	[-49, 113, 3, -20, 46]	[0, -146, -86, 31, 35]	[-95, -61, 7, -17, -101]	[-40, -138, -97, -96, -90]	[115, -123, -113, 45, -101]	[-153, -17, 13, -62, 41]	[-33, 66, 11, 80, 173]	[-69, -151, -114, -114, -162]	[-150, -78, -71, -118, -135]	[39, -5, -7, -66, -51]	[158, 112, 80, 183, 172]	[10004, 10003, 9998, 10000, 9997]	[225, 218, 191, 221, 160]
622	36.0	[115, -35, -14, 46, 103]	[-103, -146, -65, 29, 64]	[-170, -63, 28, 7, -171]	[-45, -188, -85, -112, -104]	[132, -82, -98, 20, 54]	[-103, -16, 5, -53, 144]	[-57, 52, -1, 107, 160]	[-67, -113, -126, -106, -174]	[-159, -130, -122, -131, -111]	[-60, -49, -7, -31, -60]	[83, 105, 108, 176, 0]	[10005, 10005, 10004, 9997, 9999]	[220, 124, 187, 271, 267]
623	36.0	[-49, 105, -15, -23, 84]	[0, -146, -86, 40, 35]	[-95, -59, 13, -23, -155]	[-44, -145, -95, -96, -65]	[117, -86, -108, 47, -101]	[-153, -17, 13, -62, 42]	[-33, 66, 10, 80, 173]	[-69, -119, -112, -115, -162]	[-150, -78, -72, -122, -135]	[-9, -14, -17, -62, -51]	[169, 115, 113, 182, 172]	[10004, 9999, 9994, 10000, 9997]	[225, 218, 191, 236, 174]
624	40.0	[115, -35, -20, 46, 103]	[-82, -146, -65, 20, 186]	[-170, -63, 28, -19, -148]	[-45, -188, -93, -106, -104]	[132, -72, -98, 20, 54]	[-140, -27, 14, -38, 138]	[-57, 54, 0, 107, 160]	[-67, -113, -113, -109, -174]	[-159, -122, -120, -131, -113]	[-60, -49, -7, -31, -60]	[83, 105, 102, 176, 0]	[10005, 10005, 10004, 9997, 9999]	[220, 124, 187, 271, 267]
625	37.5	[135, 146, 26, -17, 47]	[-39, -183, -45, 25, -159]	[-152, -102, 18, -41, -118]	[-45, -45, -120, -89, -63]	[122, -94, -111, 36, -11]	[-147, -11, 19, -31, 133]	[-38, 62, -3, 67, 200]	[-91, -98, -87, -93, -38]	[-157, -83, -111, -92, -114]	[37, 0, 3, -18, -96]	[224, 114, 107, 168, 60]	[10003, 10000, 9997, 9999, 10001]	[222, 191, 204, 237, 203]
626	33.0	[88, 135, -54, 135, 98]	[-162, -147, -68, 20, -146]	[-144, -96, 26, 1, -171]	[-46, -85, -93, -97, -58]	[124, -65, -103, 20, 14]	[-130, -36, 16, -37, 176]	[-54, 52, -2, 69, 236]	[-140, -112, -118, -123, -144]	[-167, -89, -115, -99, -130]	[-31, -11, -5, -16, -70]	[96, 121, 131, 181, 53]	[10004, 10002, 9998, 9995, 10000]	[170, 175, 171, 197, 163]
627	33.0	[135, 146, 26, -17, 47]	[-39, -183, -45, 25, -159]	[-152, -102, 18, -41, -118]	[-45, -45, -120, -89, -63]	[122, -94, -111, 36, -11]	[-147, -11, 19, -31, 133]	[-38, 62, -3, 67, 200]	[-91, -98, -87, -93, -38]	[-157, -83, -111, -92, -114]	[37, 0, 3, -18, -96]	[224, 114, 107, 168, 60]	[10003, 10000, 9997, 9999, 10001]	[222, 191, 204, 237, 203]
628	36.0	[115, -35, -20, 46, 103]	[-82, -146, -65, 20, 186]	[-170, -63, 28, -19, -148]	[-45, -188, -93, -106, -104]	[132, -72, -98, 20, 54]	[-140, -27, 14, -38, 138]	[-63, 54, 0, 107, 160]	[-67, -113, -113, -109, -174]	[-159, -122, -120, -131, -113]	[-60, -49, -7, -31, -60]	[89, 105, 102, 176, 0]	[10005, 10005, 10004, 9997, 9999]	[220, 124, 187, 271, 267]
629	40.5	[115, -35, -30, 59, 98]	[-112, -146, -65, 20, 186]	[-164, -63, 28, -12, -148]	[-45, -97, -93, -106, -104]	[132, -72, -98, 20, 54]	[-140, -27, 14, -38, 138]	[-57, 54, 0, 107, 160]	[-67, -112, -117, -109, -174]	[-159, -122, -106, -115, -113]	[19, -35, -7, -31, -60]	[83, 105, 84, 176, 127]	[10005, 10005, 10003, 10000, 9999]	[220, 124, 187, 271, 267]
630	33.0	[-49, 113, 3, -20, 46]	[0, -146, -86, 31, 35]	[-95, -61, 7, -17, -101]	[-40, -138, -97, -96, -90]	[115, -123, -113, 45, -101]	[-127, -17, 5, -54, 41]	[-33, 66, 8, 101, 163]	[-68, -116, -120, -113, -174]	[-150, -116, -99, -112, -135]	[39, -6, -7, -60, -59]	[158, 112, 80, 183, 172]	[10004, 9997, 9998, 10000, 9997]	[225, 218, 191, 221, 160]
631	33.5	[-49, 113, 3, -20, 46]	[0, -146, -86, 31, 35]	[-95, -61, 7, -17, -101]	[-40, -138, -97, -96, -90]	[115, -123, -113, 45, -101]	[-127, -17, 5, -54, 41]	[-33, 66, 8, 101, 163]	[-68, -116, -120, -113, -174]	[-150, -116, -99, -112, -135]	[39, -6, -7, -60, -59]	[158, 112, 80, 183, 172]	[10004, 9997, 9998, 10006, 9997]	[225, 218, 191, 221, 160]
632	39.5	[115, -35, -30, 59, 98]	[-112, -146, -65, 20, 186]	[-164, -63, 28, -12, -148]	[-45, -97, -93, -106, -104]	[132, -72, -98, 20, 54]	[-140, -27, 14, -38, 138]	[-57, 54, 0, 107, 160]	[-67, -112, -117, -109, -174]	[-159, -122, -106, -115, -113]	[19, -35, -7, -31, -60]	[83, 105, 84, 176, 127]	[10005, 10005, 10003, 10000, 9999]	[220, 124, 187, 271, 267]
633	36.5	[115, -35, -30, 59, 98]	[-112, -146, -65, 20, 186]	[-164, -63, 28, -12, -148]	[-45, -97, -93, -106, -104]	[132, -72, -98, 20, 54]	[-140, -27, 14, -38, 138]	[-57, 54, 0, 107, 160]	[-67, -112, -117, -109, -174]	[-159, -122, -106, -115, -113]	[19, -35, -7, -31, -60]	[83, 105, 84, 176, 127]	[10005, 10005, 10003, 10000, 9999]	[220, 124, 187, 271, 267]
634	31.5	[115, -35, -20, 46, 103]	[-82, -146, -65, 20, 186]	[-170, -63, 28, -19, -148]	[-45, -188, -93, -106, -104]	[132, -80, -93, 23, 54]	[-140, -27, 14, -38, 77]	[-42, 54, 0, 107, 160]	[-85, -128, -113, -109, -174]	[-159, -158, -93, -131, -113]	[-60, -47, -8, -31, -60]	[83, 105, 102, 171, 0]	[10005, 10005, 10004, 9997, 9999]	[220, 124, 187, 271, 273]
635	36.0	[15, 65, -12, 37, 46]	[0, -146, -79, 22, 35]	[-95, -61, 26, -19, -101]	[-40, -138, -94, -106, -91]	[115, -123, -113, 26, 29]	[-128, -21, 10, -54, 41]	[-33, 66, 4, 106, 163]	[-85, -128, -113, -113, -174]	[-150, -152, -95, -127, -135]	[-27, -42, -8, -38, -59]	[158, 112, 80, 183, 172]	[10004, 9997, 9998, 10006, 9997]	[225, 218, 191, 221, 160]
636	38.5	[115, -35, -20, 46, 103]	[-82, -146, -65, 20, 186]	[-170, -63, 28, -19, -148]	[-45, -188, -93, -106, -104]	[132, -80, -93, 23, 54]	[-140, -27, 14, -38, 77]	[-42, 54, 0, 107, 160]	[-85, -128, -113, -109, -174]	[-159, -158, -93, -131, -113]	[-60, -47, -8, -31, -60]	[83, 105, 102, 171, 0]	[10005, 10005, 10004, 9997, 9999]	[220, 124, 187, 271, 273]
637	37.5	[15, 65, -12, 37, 46]	[0, -146, -79, 22, 35]	[-95, -61, 26, -19, -101]	[-40, -138, -94, -106, -91]	[115, -123, -113, 26, 29]	[-128, -21, 10, -54, 41]	[-33, 66, 4, 106, 163]	[-85, -128, -113, -113, -174]	[-150, -152, -95, -127, -135]	[-27, -42, -8, -38, -59]	[158, 112, 80, 183, 172]	[10004, 9997, 9998, 10006, 9997]	[225, 218, 191, 221, 160]
638	39.5	[135, 146, 32, -17, 47]	[-39, -183, -90, 19, -141]	[-150, -110, -1, -41, -118]	[-45, -22, -95, -89, -63]	[137, -112, -105, 36, -11]	[-168, -25, 19, -19, 90]	[-39, 55, -4, 80, 200]	[-91, -98, -71, -78, -55]	[-157, -88, -113, -90, -114]	[37, 0, -6, 7, -96]	[224, 124, 107, 168, 45]	[10004, 10000, 9996, 9999, 10001]	[216, 178, 197, 222, 203]
639	34.5	[115, -35, -20, 46, 103]	[-82, -146, -65, 20, 186]	[-170, -63, 28, -19, -148]	[-45, -188, -93, -106, -104]	[128, -73, -101, 20, 54]	[-140, -18, 15, -44, 138]	[-57, 54, -1, 91, 200]	[-88, -119, -113, -109, -164]	[-157, -122, -114, -120, -113]	[-17, -23, -7, -33, -63]	[83, 111, 110, 179, 0]	[10004, 10000, 9996, 10000, 9997]	[220, 124, 187, 251, 267]
640	32.5	[128, 22, 30, 5, 103]	[-88, -146, -65, 20, -64]	[-170, -63, 4, -41, -148]	[-45, -156, -93, -106, -104]	[132, -72, -101, 22, -5]	[-142, -27, 18, -50, 138]	[-57, 54, 2, 83, 200]	[-88, -119, -115, -109, -174]	[-157, -122, -114, -115, -113]	[-60, -32, -7, -33, -63]	[83, 105, 103, 174, 0]	[10005, 10005, 10004, 9997, 9999]	[220, 124, 187, 265, 267]
641	37.0	[-49, 105, -15, -23, 84]	[0, -146, -86, 40, 35]	[-95, -61, 7, -37, -81]	[-44, -145, -95, -96, -90]	[115, -121, -113, 45, -101]	[-153, -17, 13, -62, 42]	[-33, 66, 10, 80, 179]	[-69, -119, -112, -115, -162]	[-150, -78, -72, -122, -135]	[-9, -14, -17, -62, -51]	[169, 115, 113, 182, 172]	[10004, 9999, 9994, 10000, 9997]	[225, 218, 191, 236, 174]
642	39.0	[115, 127, -20, 46, 103]	[-82, -173, -81, 19, 98]	[-170, -63, 28, -20, -148]	[-45, -188, -93, -106, -77]	[134, -82, -101, 20, 54]	[-140, -21, 17, -44, 138]	[-57, 54, -3, 81, 200]	[-91, -115, -83, -109, -164]	[-157, -122, -114, -120, -113]	[-17, -23, -7, -33, -63]	[83, 111, 110, 179, 0]	[10004, 10000, 9996, 10000, 9997]	[220, 130, 187, 251, 267]
643	42.5	[115, -35, -20, 46, 103]	[-82, -146, -65, 20, 186]	[-170, -63, 28, -19, -148]	[-45, -188, -93, -106, -104]	[128, -73, -101, 20, 54]	[-140, -18, 15, -44, 138]	[-57, 54, -1, 91, 200]	[-88, -119, -113, -109, -164]	[-157, -122, -114, -120, -113]	[-17, -23, -7, -33, -63]	[83, 111, 110, 179, 0]	[10004, 10000, 9996, 10000, 9997]	[220, 124, 187, 251, 267]
644	36.5	[15, 65, -12, 37, 46]	[0, -146, -71, 22, 35]	[-95, -61, 27, -19, -148]	[-46, -171, -94, -106, -91]	[128, -91, -102, 26, 29]	[-128, -21, 10, -38, 41]	[-33, 66, 4, 106, 163]	[-85, -128, -113, -113, -174]	[-150, -152, -95, -127, -135]	[-27, -42, -8, -38, -59]	[152, 112, 86, 183, 172]	[10004, 9997, 9998, 10006, 9997]	[225, 218, 191, 221, 160]
645	37.5	[115, -35, -20, 46, 103]	[-82, -146, -65, 20, 186]	[-170, -63, 28, -19, -148]	[-45, -188, -93, -106, -104]	[123, -112, -101, 20, 54]	[-140, -19, 15, -62, 90]	[-39, 65, 2, 83, 200]	[-88, -119, -115, -114, -164]	[-152, -122, -114, -115, -113]	[-60, -32, -7, -33, -63]	[83, 105, 103, 174, 0]	[10005, 10005, 10004, 9997, 9999]	[220, 124, 187, 265, 267]
646	34.5	[135, 146, 26, -17, 47]	[-39, -183, -45, 25, -159]	[-152, -102, 18, -41, -118]	[-45, -45, -120, -89, -63]	[126, -85, -103, 35, -11]	[-147, -11, 19, -31, 133]	[-38, 62, -3, 89, 173]	[-91, -98, -87, -106, -114]	[-157, -90, -112, -92, -114]	[43, 0, 3, -18, -96]	[224, 114, 107, 168, 60]	[10003, 9994, 9997, 9999, 10001]	[222, 191, 204, 237, 203]
647	35.5	[115, -35, -20, 46, 103]	[-88, -146, -65, 20, 186]	[-170, -63, 28, -19, -148]	[-45, -188, -93, -106, -104]	[129, -73, -101, 20, 54]	[-140, -27, 15, -53, 138]	[-57, 54, 0, 91, 200]	[-88, -119, -114, -109, -174]	[-157, -122, -114, -115, -113]	[-48, -32, -7, -33, -63]	[83, 111, 103, 174, 0]	[10005, 10001, 10004, 9999, 9999]	[220, 124, 187, 252, 267]
648	33.5	[88, 135, -54, 135, 98]	[-162, -147, -68, 20, -146]	[-144, -127, 27, -8, -171]	[-45, -9, -104, -107, -58]	[128, -68, -106, 14, 10]	[-130, -36, 17, -28, 176]	[-40, 50, -2, 69, 242]	[-140, -112, -118, -123, -144]	[-165, -89, -115, -99, -130]	[-16, -12, -20, -16, -70]	[74, 121, 123, 181, 53]	[10004, 10002, 9999, 9995, 10000]	[170, 175, 171, 186, 165]
649	35.0	[115, 127, -20, 46, 103]	[-82, -169, -71, 19, 98]	[-170, -63, 28, -19, -148]	[-45, -176, -93, -106, -103]	[134, -82, -101, 20, 41]	[-132, -15, 16, -44, 138]	[-44, 54, 0, 81, 200]	[-91, -124, -91, -109, -164]	[-157, -118, -114, -120, -113]	[-17, -23, -6, -33, -63]	[83, 105, 105, 177, 0]	[10004, 10005, 9997, 10000, 9997]	[220, 130, 187, 261, 267]
650	38.5	[115, 127, -20, 46, 103]	[-82, -169, -71, 19, 98]	[-170, -63, 28, -19, -148]	[-45, -176, -93, -106, -103]	[134, -82, -101, 20, 41]	[-132, -15, 16, -44, 138]	[-44, 54, 0, 81, 200]	[-91, -124, -91, -109, -164]	[-157, -118, -114, -120, -113]	[-17, -23, -6, -33, -63]	[83, 105, 105, 177, 0]	[10004, 10005, 9997, 10000, 9997]	[220, 130, 187, 261, 267]
651	34.0	[88, 135, -54, 135, 98]	[-162, -147, -66, 20, -146]	[-144, -86, 26, 1, -171]	[-46, -85, -93, -97, -58]	[124, -65, -103, 20, 14]	[-130, -36, 16, -37, 176]	[-54, 52, -2, 92, 219]	[-136, -112, -118, -123, -144]	[-160, -92, -104, -128, -130]	[-31, -10, -6, -60, -63]	[84, 113, 118, 176, 125]	[10005, 10003, 9998, 9996, 9999]	[170, 139, 183, 236, 247]
652	34.5	[135, 146, 26, -17, 47]	[-39, -183, -45, 25, -159]	[-152, -102, 18, -41, -118]	[-45, -45, -120, -89, -63]	[126, -85, -103, 35, -11]	[-147, -11, 19, -31, 133]	[-38, 62, -3, 89, 173]	[-91, -98, -87, -106, -114]	[-157, -90, -112, -92, -114]	[43, 0, 3, -18, -96]	[224, 114, 107, 168, 60]	[10003, 9994, 9997, 9999, 10001]	[222, 191, 204, 237, 203]
653	35.5	[115, 127, -20, 46, 103]	[-82, -169, -71, 19, 98]	[-170, -63, 28, -19, -148]	[-45, -176, -93, -106, -103]	[134, -82, -101, 20, 41]	[-132, -15, 16, -44, 138]	[-44, 54, 0, 81, 200]	[-91, -124, -91, -109, -164]	[-157, -118, -114, -120, -113]	[-17, -23, -6, -33, -63]	[83, 105, 105, 177, 0]	[10004, 10005, 9997, 10000, 9997]	[220, 130, 187, 261, 267]
654	33.5	[115, 16, 21, 46, 103]	[-85, -146, -65, 20, -2]	[-170, -63, 27, -41, -148]	[-45, -182, -93, -106, -104]	[130, -73, -101, 20, 54]	[-142, -18, 15, -44, 138]	[-57, 54, 2, 84, 200]	[-88, -119, -113, -109, -164]	[-157, -122, -114, -117, -113]	[-17, -23, -7, -33, -63]	[83, 105, 103, 176, 0]	[10005, 10002, 9999, 10000, 9997]	[220, 124, 187, 251, 267]
655	36.5	[88, 135, -54, 135, 98]	[-162, -147, -68, 20, -146]	[-144, -127, 27, -8, -171]	[-45, -9, -104, -107, -58]	[128, -68, -106, 14, 10]	[-130, -36, 17, -28, 176]	[-40, 50, -2, 69, 242]	[-140, -112, -118, -123, -144]	[-165, -118, -107, -126, -130]	[-14, -1, -11, -21, -70]	[112, 115, 123, 181, 53]	[10004, 10002, 9999, 9995, 10000]	[170, 175, 171, 186, 159]
656	36.5	[115, -35, -20, 46, 103]	[-82, -146, -65, 20, 186]	[-170, -63, 28, -19, -148]	[-45, -188, -93, -106, -104]	[123, -112, -101, 20, 54]	[-140, -19, 15, -62, 90]	[-39, 65, 2, 83, 200]	[-88, -119, -115, -114, -164]	[-152, -122, -114, -115, -113]	[-60, -32, -7, -33, -63]	[83, 105, 103, 174, 0]	[10005, 10005, 10004, 9997, 9999]	[220, 124, 187, 265, 267]
657	36.0	[115, 16, 21, 46, 103]	[-85, -146, -65, 20, -2]	[-170, -63, 27, -41, -148]	[-45, -182, -93, -106, -104]	[130, -73, -101, 20, 54]	[-142, -18, 15, -44, 132]	[-57, 54, 2, 84, 200]	[-88, -119, -113, -109, -164]	[-157, -122, -114, -117, -113]	[-17, -23, -7, -33, -63]	[83, 105, 103, 176, 0]	[10005, 9996, 9999, 10000, 9997]	[220, 124, 187, 251, 267]
658	37.5	[115, -35, -20, 46, 103]	[-82, -146, -65, 20, 186]	[-164, -63, 28, -19, -148]	[-45, -188, -93, -106, -104]	[132, -80, -93, 20, 54]	[-140, -23, 15, -38, 77]	[-42, 54, 0, 107, 184]	[-91, -128, -113, -109, -174]	[-157, -125, -105, -128, -113]	[-37, -12, -8, -31, -60]	[83, 111, 107, 169, 0]	[9999, 10005, 9999, 9997, 10001]	[220, 124, 187, 271, 273]
659	37.5	[115, 16, 21, 46, 103]	[-85, -146, -65, 20, -2]	[-170, -63, 27, -41, -148]	[-45, -182, -93, -106, -104]	[130, -73, -101, 20, 54]	[-142, -18, 15, -44, 132]	[-57, 54, 2, 84, 200]	[-88, -119, -113, -109, -164]	[-157, -122, -114, -117, -113]	[-17, -23, -7, -33, -63]	[83, 105, 103, 176, 0]	[10005, 9996, 9999, 10000, 9997]	[220, 124, 187, 251, 267]
660	36.0	[88, 135, -54, 135, 98]	[-162, -147, -68, 20, -146]	[-144, -127, 27, -8, -171]	[-45, -9, -104, -107, -58]	[128, -68, -106, 14, 10]	[-130, -36, 17, -28, 176]	[-40, 50, -2, 69, 242]	[-140, -112, -118, -123, -144]	[-165, -118, -107, -126, -130]	[-14, -7, -13, -25, -70]	[112, 115, 123, 181, 53]	[10004, 10002, 9999, 9995, 10000]	[170, 175, 171, 186, 159]
661	38.0	[115, 16, 21, 46, 103]	[-85, -146, -65, 20, -2]	[-170, -63, 27, -41, -148]	[-45, -182, -93, -106, -104]	[130, -73, -101, 20, 54]	[-142, -18, 15, -44, 132]	[-57, 54, 2, 84, 200]	[-88, -119, -113, -109, -164]	[-157, -122, -114, -117, -113]	[-17, -23, -7, -33, -63]	[83, 105, 103, 176, 0]	[10005, 9996, 9999, 10000, 9997]	[220, 124, 187, 251, 267]
662	35.5	[115, -35, -20, 46, 103]	[-82, -146, -65, 20, 186]	[-170, -63, 22, -19, -142]	[-45, -188, -93, -106, -104]	[128, -75, -101, 20, 54]	[-140, -30, 15, -38, 138]	[-57, 52, -2, 91, 200]	[-88, -119, -117, -110, -145]	[-157, -122, -114, -121, -113]	[-17, -23, -7, -49, -63]	[84, 113, 117, 179, 0]	[10004, 10000, 9996, 10000, 9997]	[220, 124, 187, 251, 267]
663	35.5	[115, -35, -20, 46, 103]	[-88, -151, -65, 20, 79]	[-110, -61, 33, -19, -148]	[-46, -188, -93, -112, -104]	[129, -73, -101, 26, 29]	[-140, -24, 15, -53, 138]	[-57, 58, 0, 91, 200]	[-88, -121, -112, -109, -167]	[-157, -126, -114, -115, -113]	[26, -18, -7, -33, -63]	[83, 111, 103, 174, 0]	[10005, 10001, 10004, 9999, 9999]	[220, 124, 187, 252, 267]
664	43.0	[115, -35, -20, 46, 103]	[-88, -146, -65, 20, 186]	[-164, -63, 28, -19, -148]	[-51, -188, -93, -106, -104]	[132, -80, -93, 20, 54]	[-140, -23, 15, -38, 77]	[-42, 54, 0, 113, 184]	[-91, -128, -113, -109, -174]	[-157, -125, -105, -128, -113]	[-37, -12, -7, -31, -60]	[83, 111, 107, 177, 0]	[9999, 10005, 9999, 9997, 10001]	[220, 124, 187, 271, 273]
665	37.5	[115, -35, -20, 46, 103]	[-88, -151, -71, 20, 79]	[-110, -61, 33, -19, -148]	[-46, -188, -93, -106, -104]	[129, -73, -101, 26, 29]	[-140, -24, 15, -53, 138]	[-57, 57, -1, 91, 200]	[-90, -122, -114, -109, -172]	[-157, -122, -114, -119, -113]	[-18, -27, -7, -33, -63]	[83, 111, 103, 174, 0]	[10005, 10001, 10004, 9999, 9999]	[220, 124, 187, 252, 267]
666	37.5	[115, 16, 21, 46, 103]	[-85, -146, -65, 20, -2]	[-170, -63, 27, -41, -148]	[-45, -182, -93, -106, -104]	[130, -73, -101, 20, 54]	[-142, -12, 15, -44, 132]	[-57, 54, 2, 84, 200]	[-88, -119, -113, -109, -164]	[-157, -122, -114, -117, -113]	[-17, -23, -7, -33, -63]	[83, 111, 103, 176, 0]	[10005, 9996, 9999, 10000, 9997]	[220, 124, 187, 251, 267]
667	34.5	[115, -35, -20, 46, 103]	[-82, -146, -65, 20, 186]	[-170, -63, 22, -19, -148]	[-45, -188, -93, -106, -104]	[128, -73, -101, 20, 54]	[-140, -18, 15, -38, 138]	[-57, 58, -2, 91, 200]	[-88, -119, -117, -110, -145]	[-157, -128, -114, -121, -113]	[-17, -23, -7, -49, -63]	[84, 113, 117, 179, 0]	[10004, 10000, 9996, 10000, 9997]	[220, 124, 187, 251, 267]
668	40.5	[115, -35, -20, 46, 103]	[-88, -151, -71, 20, 79]	[-110, -61, 33, -19, -148]	[-46, -188, -93, -106, -104]	[129, -73, -101, 26, 29]	[-140, -24, 15, -53, 138]	[-57, 57, -1, 91, 200]	[-90, -122, -114, -109, -172]	[-157, -122, -114, -119, -113]	[-18, -27, -7, -33, -63]	[83, 111, 103, 174, 0]	[10005, 10001, 10004, 9999, 9999]	[220, 124, 187, 252, 267]
669	37.5	[88, 135, -54, 135, 98]	[-162, -147, -68, 20, -146]	[-144, -127, 27, -8, -171]	[-45, -9, -104, -107, -58]	[128, -68, -106, 14, 10]	[-130, -36, 17, -28, 176]	[-40, 50, -2, 69, 242]	[-140, -112, -118, -123, -144]	[-165, -118, -107, -126, -130]	[-14, -1, -11, -24, -70]	[112, 115, 123, 181, 53]	[10004, 10002, 9999, 9995, 10000]	[170, 175, 171, 186, 159]
670	35.0	[15, 65, -12, 37, 61]	[-52, -147, -74, 20, -126]	[-130, -61, 30, -19, -148]	[-46, -132, -94, -106, -91]	[128, -74, -103, 19, 23]	[-128, -21, 12, -38, 41]	[-33, 54, 4, 103, 163]	[-85, -125, -117, -114, -174]	[-150, -152, -95, -127, -135]	[-27, -42, -8, -38, -59]	[152, 112, 86, 183, 172]	[10004, 9997, 9998, 10006, 9997]	[225, 218, 191, 221, 160]
671	45.5	[115, -35, -20, 46, 103]	[-88, -146, -65, 26, 186]	[-164, -63, 28, -19, -148]	[-51, -188, -93, -106, -104]	[132, -80, -93, 26, 54]	[-140, -23, 15, -38, 77]	[-42, 54, 0, 113, 184]	[-91, -128, -113, -109, -174]	[-157, -126, -105, -134, -113]	[-46, -24, -13, -31, -60]	[83, 111, 107, 175, 0]	[10005, 10005, 9999, 9997, 10001]	[220, 124, 187, 271, 273]
672	34.5	[115, -35, -20, 46, 103]	[-88, -146, -65, 26, 186]	[-164, -63, 28, -19, -148]	[-51, -188, -93, -106, -104]	[132, -80, -93, 26, 54]	[-140, -23, 15, -38, 77]	[-42, 54, 0, 113, 184]	[-91, -128, -107, -109, -174]	[-157, -126, -105, -134, -113]	[-46, -24, -13, -31, -60]	[83, 111, 107, 175, 0]	[10005, 10005, 9999, 9997, 10001]	[220, 124, 187, 271, 273]
673	37.5	[115, -35, -20, 46, 103]	[-88, -146, -65, 20, 186]	[-164, -63, 28, -19, -148]	[-51, -188, -93, -106, -104]	[132, -80, -93, 20, 54]	[-140, -23, 15, -32, 77]	[-42, 54, 0, 107, 184]	[-91, -128, -113, -109, -174]	[-157, -125, -105, -128, -113]	[-37, -21, -8, -31, -60]	[83, 111, 107, 170, 0]	[9999, 10005, 9999, 9997, 10001]	[220, 124, 187, 271, 273]
674	37.5	[21, 65, -12, 37, 46]	[-17, -162, -74, 20, 41]	[-95, -61, 27, -19, -148]	[-46, -171, -94, -106, -91]	[128, -87, -102, 26, 29]	[-128, -22, 14, -46, 93]	[-33, 62, 0, 106, 163]	[-89, -122, -113, -113, -172]	[-150, -136, -104, -122, -118]	[-27, -42, -8, -31, -62]	[138, 112, 86, 183, 172]	[10004, 9997, 9998, 10006, 10000]	[225, 218, 177, 206, 160]
675	36.0	[115, -35, -20, 46, 103]	[-82, -146, -65, 20, 186]	[-170, -62, 23, -19, -148]	[-46, -188, -93, -106, -104]	[128, -73, -101, 23, 50]	[-140, -23, 17, -43, 138]	[-57, 58, -2, 91, 200]	[-88, -120, -117, -110, -145]	[-157, -128, -114, -116, -113]	[-17, -23, -7, -49, -63]	[84, 113, 117, 179, 0]	[10004, 10000, 9996, 10000, 9997]	[220, 124, 187, 251, 267]
676	40.5	[115, -35, -20, 46, 103]	[-82, -146, -65, 20, 186]	[-164, -63, 28, -19, -148]	[-45, -188, -93, -106, -104]	[126, -95, -99, 20, 54]	[-140, -22, 15, -32, 90]	[-42, 54, 0, 83, 186]	[-89, -128, -115, -109, -174]	[-157, -125, -113, -128, -113]	[-37, -20, -8, -33, -60]	[83, 111, 107, 169, 0]	[10002, 10005, 9999, 9997, 10000]	[220, 124, 187, 271, 273]
677	33.0	[115, -35, -20, 46, 103]	[-82, -146, -65, 20, 186]	[-164, -63, 28, -19, -148]	[-45, -188, -93, -106, -104]	[126, -95, -99, 20, 54]	[-140, -22, 15, -32, 90]	[-42, 54, 0, 83, 186]	[-89, -128, -115, -109, -174]	[-157, -125, -113, -128, -113]	[-37, -20, -8, -33, -60]	[83, 111, 107, 169, 0]	[10002, 10005, 9999, 9997, 10000]	[220, 124, 187, 271, 273]
678	38.5	[115, -35, -20, 46, 103]	[-88, -146, -65, 26, 186]	[-164, -63, 28, -19, -148]	[-51, -188, -93, -106, -104]	[132, -80, -93, 26, 54]	[-140, -23, 15, -38, 77]	[-42, 54, 0, 113, 184]	[-91, -128, -107, -109, -174]	[-157, -126, -105, -134, -113]	[-46, -24, -7, -31, -60]	[83, 111, 107, 175, 0]	[10005, 10005, 9999, 9997, 10001]	[220, 124, 187, 277, 267]
679	38.0	[115, -35, -20, 46, 103]	[-85, -147, -65, 23, 186]	[-170, -67, 27, -19, -142]	[-46, -188, -93, -106, -104]	[128, -75, -101, 20, 52]	[-140, -30, 15, -38, 138]	[-57, 52, -2, 91, 200]	[-88, -119, -117, -110, -145]	[-157, -122, -114, -121, -113]	[-17, -23, -7, -49, -63]	[84, 113, 117, 179, 0]	[10004, 10000, 9997, 9997, 9997]	[220, 124, 187, 251, 267]
680	48.0	[115, -35, -20, 46, 103]	[-88, -146, -65, 20, 186]	[-164, -63, 28, -19, -148]	[-51, -188, -93, -106, -104]	[132, -80, -93, 20, 54]	[-140, -23, 15, -32, 77]	[-42, 54, 0, 107, 184]	[-91, -128, -113, -109, -174]	[-157, -125, -105, -128, -113]	[-37, -21, -8, -31, -60]	[83, 111, 107, 170, 0]	[9999, 10005, 9999, 9997, 10001]	[220, 124, 187, 271, 273]
681	37.0	[21, 65, -12, 37, 46]	[-17, -162, -74, 20, 41]	[-95, -61, 27, -19, -148]	[-46, -171, -94, -106, -91]	[128, -87, -102, 26, 29]	[-128, -22, 14, -46, 93]	[-33, 56, 0, 106, 163]	[-90, -122, -113, -113, -172]	[-150, -136, -104, -122, -118]	[-27, -42, -8, -31, -62]	[138, 112, 86, 183, 172]	[10004, 9991, 9998, 10006, 10000]	[225, 218, 177, 206, 160]
682	35.5	[21, 65, -12, 37, 46]	[-17, -162, -74, 20, 41]	[-95, -61, 27, -19, -148]	[-46, -171, -94, -106, -91]	[128, -87, -102, 26, 29]	[-128, -22, 14, -46, 93]	[-33, 56, 0, 106, 163]	[-90, -122, -113, -113, -172]	[-150, -136, -104, -122, -118]	[-27, -26, -8, -31, -62]	[134, 112, 86, 183, 172]	[10004, 9991, 9998, 10006, 10000]	[225, 218, 177, 206, 160]
683	37.5	[21, 65, -12, 37, 46]	[-17, -162, -74, 20, 41]	[-95, -61, 27, -19, -148]	[-46, -171, -94, -106, -91]	[128, -87, -102, 26, 29]	[-128, -22, 14, -46, 93]	[-33, 56, 0, 106, 163]	[-90, -122, -113, -113, -172]	[-150, -136, -104, -122, -118]	[-27, -26, -8, -31, -62]	[134, 112, 86, 183, 172]	[10004, 9991, 9998, 10006, 10000]	[225, 218, 177, 206, 160]
684	33.5	[115, -35, -20, 46, 103]	[-85, -147, -65, 23, 186]	[-170, -67, 27, -19, -142]	[-46, -188, -93, -106, -104]	[128, -75, -101, 20, 52]	[-140, -30, 15, -38, 138]	[-57, 52, -2, 91, 200]	[-88, -119, -117, -110, -145]	[-157, -122, -114, -121, -113]	[-17, -23, -7, -49, -63]	[84, 113, 117, 179, 0]	[10004, 10000, 9997, 9997, 9997]	[220, 124, 187, 251, 267]
685	35.0	[21, 65, -12, 37, 46]	[-17, -162, -74, 20, 41]	[-95, -61, 27, -19, -148]	[-46, -171, -94, -106, -91]	[128, -87, -102, 26, 29]	[-128, -22, 14, -46, 93]	[-33, 56, 0, 106, 163]	[-90, -122, -113, -113, -172]	[-150, -136, -104, -122, -118]	[-27, -42, -8, -31, -62]	[138, 112, 86, 183, 172]	[10004, 9991, 9998, 10006, 10000]	[225, 218, 177, 206, 160]
686	37.5	[115, -35, -20, 46, 103]	[-82, -146, -65, 20, 186]	[-170, -63, 22, -19, -148]	[-45, -188, -93, -106, -104]	[128, -67, -100, 22, 54]	[-140, -23, 16, -48, 138]	[-57, 52, -1, 87, 225]	[-88, -117, -117, -116, -149]	[-158, -126, -114, -119, -118]	[-17, -26, -7, -49, -63]	[84, 113, 117, 179, 0]	[10004, 10000, 9996, 10000, 9997]	[220, 124, 187, 251, 267]
687	36.0	[115, -35, -20, 46, 103]	[-88, -146, -65, 20, 186]	[-164, -63, 28, -19, -148]	[-51, -194, -93, -106, -104]	[132, -80, -93, 20, 54]	[-140, -23, 15, -32, 77]	[-42, 54, 0, 107, 184]	[-91, -128, -113, -109, -174]	[-157, -125, -105, -128, -113]	[-37, -21, -8, -31, -60]	[83, 111, 107, 170, 0]	[9999, 10005, 9999, 9997, 10001]	[220, 124, 187, 271, 273]
688	38.5	[115, -35, -20, 46, 103]	[-82, -146, -65, 20, 186]	[-170, -62, 23, -19, -148]	[-46, -188, -93, -106, -104]	[128, -73, -101, 23, 50]	[-140, -23, 17, -43, 138]	[-57, 52, -1, 91, 200]	[-88, -120, -117, -110, -145]	[-157, -128, -110, -116, -113]	[-17, -26, -7, -49, -63]	[84, 113, 117, 179, 0]	[10004, 10000, 9996, 10000, 9997]	[220, 124, 187, 251, 267]
689	41.0	[115, -35, -20, 46, 103]	[-82, -146, -65, 20, 186]	[-170, -62, 23, -19, -148]	[-46, -188, -93, -106, -104]	[128, -73, -101, 23, 50]	[-140, -23, 17, -43, 138]	[-57, 52, -1, 91, 200]	[-88, -120, -117, -110, -145]	[-157, -128, -110, -116, -113]	[-17, -26, -7, -49, -63]	[84, 113, 117, 179, 0]	[10004, 10000, 9996, 10000, 9997]	[220, 124, 187, 251, 267]
690	34.5	[115, -35, -20, 46, 103]	[-85, -147, -65, 23, 186]	[-170, -67, 27, -19, -142]	[-46, -188, -93, -106, -104]	[128, -75, -101, 20, 52]	[-140, -30, 15, -38, 138]	[-57, 52, -2, 91, 200]	[-88, -119, -117, -110, -145]	[-157, -122, -114, -121, -113]	[-17, -23, -7, -49, -63]	[84, 113, 117, 179, 0]	[10004, 10000, 9997, 9997, 9997]	[220, 124, 187, 251, 267]
691	32.5	[115, -35, -20, 46, 103]	[-85, -147, -65, 23, 186]	[-170, -67, 27, -19, -142]	[-46, -188, -93, -106, -104]	[128, -75, -101, 20, 52]	[-140, -30, 15, -44, 138]	[-57, 52, -2, 91, 200]	[-88, -119, -117, -110, -145]	[-157, -122, -114, -121, -113]	[-17, -23, -7, -49, -63]	[84, 113, 117, 179, 0]	[10004, 10000, 9997, 9997, 9997]	[220, 124, 187, 251, 267]
692	38.0	[115, -35, -20, 46, 103]	[-85, -147, -65, 23, 186]	[-170, -67, 27, -19, -142]	[-46, -188, -93, -106, -104]	[128, -75, -101, 20, 52]	[-140, -30, 15, -38, 138]	[-57, 52, -2, 91, 200]	[-88, -119, -117, -110, -145]	[-157, -122, -114, -121, -113]	[-17, -23, -7, -49, -63]	[84, 113, 111, 179, 0]	[10004, 10000, 9997, 9997, 9997]	[220, 124, 187, 251, 267]
693	42.0	[21, 65, -12, 37, 46]	[-18, -152, -74, 20, 41]	[-150, -62, 27, -19, -148]	[-46, -171, -94, -106, -91]	[128, -87, -102, 26, 29]	[-128, -22, 14, -46, 93]	[-39, 56, 0, 106, 163]	[-90, -122, -113, -113, -172]	[-150, -136, -104, -122, -118]	[-27, -42, -8, -31, -62]	[138, 112, 86, 183, 172]	[10004, 9991, 9998, 10006, 10000]	[225, 218, 177, 206, 160]
694	37.5	[115, -35, -20, 46, 103]	[-88, -146, -65, 20, 186]	[-164, -63, 28, -19, -148]	[-51, -194, -93, -106, -104]	[132, -80, -93, 20, 54]	[-140, -23, 15, -32, 77]	[-42, 54, 0, 107, 184]	[-91, -128, -113, -109, -174]	[-157, -125, -105, -128, -113]	[-37, -21, -8, -31, -60]	[83, 111, 101, 170, 0]	[9999, 10005, 9999, 9997, 10001]	[220, 124, 187, 271, 273]
695	36.5	[115, -35, -20, 46, 103]	[-82, -146, -65, 26, 186]	[-164, -63, 28, -13, -148]	[-45, -188, -93, -106, -104]	[130, -93, -94, 20, 54]	[-138, -26, 15, -41, 90]	[-42, 56, 0, 103, 184]	[-89, -128, -115, -109, -174]	[-157, -125, -113, -128, -113]	[-37, -20, -8, -33, -60]	[83, 111, 107, 169, 0]	[10002, 10005, 9999, 9997, 10000]	[220, 124, 187, 271, 273]
696	37.0	[115, -33, -13, 46, 103]	[-88, -151, -71, 20, 79]	[-103, -61, 33, -19, -148]	[-46, -194, -93, -106, -104]	[126, -94, -99, 25, 29]	[-138, -25, 15, -40, 138]	[-39, 54, 1, 89, 166]	[-90, -123, -114, -113, -174]	[-157, -122, -110, -121, -115]	[-18, -22, -8, -38, -63]	[129, 111, 103, 174, 0]	[10005, 10000, 10003, 9999, 9999]	[220, 124, 187, 252, 267]
697	38.0	[115, -35, -20, 46, 103]	[-88, -146, -65, 20, 186]	[-164, -63, 28, -19, -148]	[-51, -194, -93, -106, -104]	[132, -80, -93, 20, 54]	[-140, -23, 15, -32, 77]	[-42, 54, 0, 107, 184]	[-91, -128, -113, -109, -174]	[-157, -125, -105, -128, -113]	[-37, -21, -8, -31, -60]	[83, 111, 101, 170, 0]	[9993, 10005, 9999, 9997, 10001]	[220, 124, 187, 271, 273]
698	42.0	[115, -35, -20, 46, 103]	[-82, -146, -65, 20, 186]	[-170, -62, 23, -19, -148]	[-46, -188, -93, -106, -104]	[128, -73, -101, 23, 50]	[-140, -23, 17, -43, 138]	[-57, 52, -1, 91, 200]	[-88, -120, -117, -110, -145]	[-157, -128, -110, -116, -113]	[-17, -26, -7, -49, -63]	[84, 113, 117, 185, 0]	[10004, 10000, 9996, 10000, 9997]	[220, 124, 187, 251, 267]
699	33.5	[21, 65, -12, 37, 46]	[-71, -152, -74, 20, 41]	[-150, -64, 27, -19, -148]	[-46, -171, -94, -106, -91]	[128, -87, -102, 26, 29]	[-128, -22, 14, -46, 87]	[-39, 56, 0, 106, 163]	[-90, -122, -113, -113, -172]	[-150, -136, -104, -122, -118]	[-27, -42, -8, -31, -62]	[138, 112, 86, 183, 172]	[10004, 9991, 9998, 10006, 10000]	[225, 218, 177, 206, 160]
700	35.5	[115, -35, -20, 46, 103]	[-82, -146, -65, 26, 186]	[-164, -65, 27, -13, -148]	[-45, -188, -93, -106, -104]	[130, -93, -96, 20, 54]	[-140, -29, 15, -13, 90]	[-45, 56, 0, 103, 184]	[-88, -119, -116, -109, -164]	[-157, -124, -114, -127, -113]	[-37, -20, -8, -33, -62]	[83, 113, 116, 169, 0]	[10002, 10003, 9999, 9997, 10000]	[220, 124, 187, 271, 273]
701	37.0	[115, -33, -13, 46, 103]	[-88, -151, -71, 20, 79]	[-103, -61, 33, -19, -148]	[-46, -194, -93, -106, -104]	[126, -94, -99, 20, 37]	[-137, -25, 8, -44, 114]	[-39, 54, 1, 89, 166]	[-90, -122, -113, -113, -172]	[-156, -122, -109, -96, -118]	[-18, -23, -8, -35, -63]	[129, 111, 102, 176, 0]	[10004, 9997, 10003, 9999, 9999]	[220, 124, 187, 252, 267]
702	38.0	[21, 65, -12, 37, 46]	[-71, -152, -74, 20, 41]	[-150, -64, 27, -19, -148]	[-46, -171, -94, -106, -91]	[128, -87, -102, 26, 29]	[-128, -22, 14, -46, 87]	[-39, 56, 0, 106, 163]	[-90, -122, -113, -113, -172]	[-150, -136, -104, -122, -118]	[-27, -42, -8, -31, -62]	[138, 112, 61, 183, 172]	[10004, 9991, 9998, 10006, 10000]	[225, 218, 177, 206, 160]
703	38.5	[115, -35, -20, 46, 103]	[-82, -146, -65, 26, 186]	[-164, -65, 27, -13, -148]	[-45, -188, -93, -106, -104]	[130, -93, -96, 20, 54]	[-140, -29, 15, -13, 90]	[-45, 56, 0, 103, 184]	[-88, -119, -116, -109, -164]	[-157, -124, -114, -127, -113]	[-37, -20, -8, -33, -62]	[83, 113, 116, 169, 0]	[10002, 10003, 9999, 9997, 10000]	[220, 124, 187, 271, 273]
704	34.5	[21, 65, -12, 37, 46]	[-17, -162, -74, 20, 41]	[-102, -61, 33, -19, -148]	[-46, -178, -94, -106, -104]	[126, -91, -102, 26, 29]	[-128, -25, 8, -43, 113]	[-34, 54, 1, 106, 163]	[-90, -122, -113, -113, -172]	[-155, -122, -109, -105, -118]	[-27, -26, -8, -35, -62]	[134, 111, 92, 158, 172]	[10004, 9991, 9998, 10012, 10000]	[225, 218, 177, 206, 160]
705	38.0	[115, -35, -20, 46, 103]	[-82, -146, -65, 26, 186]	[-164, -65, 27, -13, -148]	[-45, -188, -93, -106, -104]	[130, -93, -96, 20, 54]	[-140, -29, 15, -13, 90]	[-45, 56, 0, 103, 184]	[-88, -119, -116, -109, -164]	[-157, -124, -114, -127, -113]	[-37, -20, -8, -33, -62]	[83, 113, 116, 169, 0]	[10002, 10003, 9999, 9997, 10000]	[220, 124, 187, 271, 273]
706	37.0	[112, -19, -23, 82, 99]	[-82, -146, -65, 20, -16]	[-170, -62, 23, -19, -148]	[-46, -163, -93, -106, -104]	[128, -73, -101, 23, 50]	[-140, -23, 15, -44, 96]	[-57, 53, 0, 88, 192]	[-88, -120, -115, -111, -152]	[-157, -128, -110, -119, -114]	[-17, -26, -8, -49, -63]	[84, 113, 117, 179, 125]	[10004, 10000, 9996, 10000, 9997]	[226, 124, 187, 251, 267]
707	36.0	[21, 65, -18, 38, 46]	[-18, -151, -74, 22, 41]	[-150, -62, 27, -13, -148]	[-46, -186, -94, -106, -91]	[130, -88, -100, 22, 44]	[-129, -30, 14, -37, 124]	[-53, 56, 0, 99, 206]	[-88, -121, -116, -113, -172]	[-157, -134, -110, -127, -118]	[-36, -37, -8, -33, -62]	[138, 112, 116, 171, 172]	[10004, 9991, 9998, 10006, 10000]	[225, 218, 177, 206, 160]
708	40.0	[112, -19, -23, 82, 99]	[-82, -146, -65, 20, -16]	[-170, -62, 23, -19, -148]	[-46, -163, -93, -106, -104]	[128, -73, -101, 23, 50]	[-140, -23, 15, -44, 96]	[-57, 53, 0, 88, 198]	[-88, -120, -115, -111, -152]	[-157, -128, -110, -119, -114]	[-17, -26, -8, -49, -63]	[84, 113, 117, 179, 125]	[10004, 10000, 9996, 10000, 9997]	[226, 124, 187, 251, 267]
709	38.0	[21, 65, -12, 37, 52]	[-71, -152, -74, 20, 41]	[-150, -64, 27, -19, -148]	[-46, -171, -94, -106, -91]	[122, -87, -102, 20, 29]	[-129, -23, 14, -29, 87]	[-40, 56, 0, 104, 163]	[-90, -120, -116, -113, -172]	[-150, -136, -104, -122, -118]	[-27, -42, -8, -31, -62]	[138, 112, 61, 183, 172]	[10004, 9991, 9998, 10006, 10000]	[225, 218, 177, 206, 160]
710	36.5	[21, 65, -12, 37, 46]	[-17, -162, -74, 20, 41]	[-102, -62, 30, -17, -148]	[-46, -178, -94, -106, -98]	[128, -89, -102, 26, 29]	[-128, -22, 8, -43, 113]	[-33, 54, 1, 91, 165]	[-90, -122, -113, -113, -172]	[-150, -122, -109, -103, -118]	[-24, -24, -8, -35, -62]	[134, 112, 97, 169, 68]	[10004, 9996, 9998, 10012, 10000]	[225, 218, 177, 206, 160]
711	37.5	[21, 65, -12, 37, 52]	[-71, -152, -74, 20, 41]	[-150, -64, 27, -19, -148]	[-46, -171, -94, -106, -91]	[122, -87, -102, 20, 29]	[-129, -23, 14, -29, 87]	[-40, 56, 0, 104, 163]	[-90, -120, -116, -113, -172]	[-150, -136, -104, -122, -118]	[-27, -42, -8, -31, -62]	[138, 112, 61, 183, 172]	[10004, 9991, 9998, 10006, 10000]	[225, 218, 177, 206, 160]
712	38.5	[115, -35, -20, 46, 128]	[-82, -146, -65, 26, 186]	[-160, -62, 30, -14, -148]	[-45, -186, -93, -106, -104]	[130, -82, -97, 20, 26]	[-132, -25, 15, -31, 140]	[-42, 56, 0, 103, 184]	[-89, -128, -115, -111, -174]	[-157, -125, -113, -128, -116]	[-37, -21, -8, -33, -60]	[83, 113, 100, 171, 0]	[10004, 9998, 10001, 9999, 10000]	[220, 124, 187, 255, 273]
713	31.5	[112, -19, -23, 82, 99]	[-82, -146, -65, 20, -16]	[-170, -62, 23, -19, -148]	[-46, -163, -93, -106, -104]	[128, -73, -101, 23, 50]	[-140, -23, 15, -44, 96]	[-57, 53, 0, 88, 198]	[-88, -120, -115, -111, -152]	[-157, -128, -110, -119, -114]	[-17, -26, -8, -49, -63]	[84, 113, 117, 179, 125]	[10004, 10000, 9997, 10000, 9997]	[226, 124, 187, 251, 267]
714	36.5	[21, 65, -12, 37, 52]	[-71, -152, -74, 20, 41]	[-150, -64, 27, -19, -148]	[-46, -171, -94, -106, -91]	[122, -87, -102, 20, 29]	[-129, -23, 14, -29, 87]	[-40, 52, -1, 94, 167]	[-89, -120, -116, -113, -172]	[-150, -132, -104, -122, -118]	[-22, -41, -8, -31, -62]	[138, 112, 68, 184, 152]	[10004, 9991, 9998, 10001, 10000]	[225, 218, 177, 235, 228]
715	36.0	[115, -35, -20, 46, 103]	[-82, -146, -65, 20, 186]	[-162, -63, 22, -19, -148]	[-45, -177, -93, -106, -104]	[126, -83, -101, 23, 48]	[-140, -24, 14, -46, 105]	[-41, 52, -1, 102, 225]	[-88, -121, -113, -115, -149]	[-158, -122, -113, -116, -118]	[-18, -24, -7, -49, -63]	[85, 113, 113, 177, 0]	[10004, 10000, 9996, 10000, 9991]	[214, 124, 187, 255, 267]
716	35.0	[21, 65, -12, 37, 46]	[-71, -152, -74, 20, 41]	[-150, -64, 33, -19, -148]	[-46, -171, -94, -106, -91]	[122, -87, -102, 26, 29]	[-128, -22, 14, -46, 87]	[-41, 56, 0, 103, 163]	[-89, -120, -116, -111, -172]	[-151, -131, -104, -122, -118]	[-27, -42, -8, -31, -62]	[138, 112, 101, 183, 172]	[10004, 9998, 9998, 10004, 10000]	[225, 218, 177, 206, 160]
717	40.5	[115, -35, -20, 46, 103]	[-82, -146, -65, 20, 186]	[-162, -63, 22, -19, -148]	[-45, -177, -93, -106, -104]	[126, -83, -101, 23, 48]	[-140, -24, 14, -46, 105]	[-41, 52, -1, 102, 225]	[-88, -121, -113, -115, -149]	[-158, -122, -113, -116, -118]	[-18, -24, -7, -49, -63]	[85, 113, 113, 177, 0]	[10004, 10000, 9996, 10000, 9991]	[214, 124, 187, 255, 267]
718	44.5	[115, -35, -20, 46, 103]	[-88, -146, -65, 20, 186]	[-170, -38, 28, -19, -148]	[-51, -194, -93, -106, -104]	[132, -86, -93, 20, 54]	[-140, -23, 15, -26, 77]	[-42, 54, 0, 107, 184]	[-91, -128, -113, -109, -174]	[-157, -119, -105, -128, -113]	[-34, -21, -8, -32, -60]	[83, 111, 101, 170, 0]	[9993, 10005, 9999, 9997, 10001]	[220, 124, 187, 271, 273]
719	39.5	[21, 65, -12, 37, 46]	[-17, -162, -74, 20, 41]	[-102, -61, 33, -19, -148]	[-46, -178, -94, -106, -104]	[126, -91, -102, 23, 29]	[-122, -25, 8, -43, 112]	[-34, 54, -6, 106, 163]	[-89, -121, -113, -113, -172]	[-155, -122, -109, -112, -117]	[-27, -26, -8, -40, -63]	[134, 112, 110, 175, 128]	[10004, 9991, 9998, 10012, 9994]	[225, 218, 177, 206, 160]
720	36.5	[21, 65, -12, 37, 52]	[-71, -152, -74, 20, 41]	[-150, -64, 27, -19, -148]	[-46, -171, -94, -106, -91]	[122, -87, -102, 20, 29]	[-129, -23, 14, -29, 87]	[-40, 52, -1, 94, 167]	[-89, -120, -116, -113, -172]	[-150, -132, -104, -122, -118]	[-22, -41, -8, -31, -62]	[138, 112, 68, 184, 152]	[10004, 9991, 9998, 10001, 10000]	[225, 218, 177, 235, 228]
721	34.5	[115, -35, -20, 46, 128]	[-82, -146, -65, 26, 186]	[-160, -62, 30, -14, -148]	[-45, -186, -93, -106, -104]	[130, -82, -97, 20, 26]	[-132, -25, 15, -31, 140]	[-42, 56, 0, 103, 184]	[-89, -128, -115, -111, -174]	[-157, -125, -113, -128, -116]	[-37, -21, -8, -33, -60]	[77, 113, 100, 171, 0]	[10004, 9998, 10001, 9999, 10000]	[220, 124, 187, 255, 273]
722	31.5	[21, 65, -12, 37, 46]	[-11, -162, -74, 20, 41]	[-122, -61, 31, -19, -148]	[-49, -191, -93, -106, -104]	[128, -84, -99, 19, 29]	[-139, -22, 8, -40, 108]	[-33, 54, -1, 106, 163]	[-88, -121, -113, -116, -157]	[-157, -127, -109, -117, -118]	[-17, -26, -8, -35, -62]	[134, 113, 123, 183, 172]	[10004, 9991, 9998, 10012, 10000]	[225, 218, 177, 206, 160]
723	34.0	[115, -35, -20, 46, 103]	[-82, -159, -69, 20, 186]	[-162, -63, 32, -19, -148]	[-46, -172, -93, -106, -104]	[126, -83, -101, 23, 54]	[-134, -25, 16, -46, 105]	[-41, 54, 0, 106, 200]	[-89, -120, -115, -116, -157]	[-156, -122, -112, -117, -118]	[-17, -21, -7, -49, -63]	[78, 111, 113, 179, 0]	[10004, 9997, 9997, 10012, 9991]	[214, 124, 187, 255, 267]
724	37.5	[21, 65, -12, 37, 46]	[-71, -152, -74, 20, 41]	[-150, -64, 33, -19, -148]	[-46, -171, -94, -106, -91]	[127, -84, -97, 26, 29]	[-128, -22, 8, -42, 87]	[-41, 56, 0, 103, 163]	[-89, -120, -116, -111, -172]	[-151, -131, -108, -114, -118]	[-27, -41, -8, -31, -62]	[138, 112, 101, 183, 172]	[10004, 9998, 9998, 10004, 10000]	[225, 218, 177, 206, 160]
725	37.0	[21, 65, -12, 37, 46]	[-11, -162, -74, 20, 41]	[-122, -61, 31, -19, -148]	[-49, -191, -93, -106, -104]	[128, -84, -99, 19, 29]	[-139, -22, 8, -40, 108]	[-33, 54, -1, 106, 163]	[-88, -121, -113, -116, -157]	[-157, -127, -109, -117, -118]	[-17, -26, -8, -35, -62]	[134, 113, 123, 183, 172]	[10004, 9991, 9998, 10012, 10000]	[225, 218, 177, 206, 160]
726	37.0	[21, 65, -12, 37, 46]	[-17, -162, -68, 20, 41]	[-102, -61, 30, -19, -148]	[-51, -182, -94, -106, -98]	[127, -86, -101, 25, 29]	[-128, -22, 8, -36, 111]	[-33, 54, 0, 106, 163]	[-90, -121, -113, -115, -172]	[-157, -127, -109, -116, -118]	[-17, -26, -8, -35, -62]	[134, 113, 117, 183, 172]	[10004, 9991, 9998, 10012, 10000]	[225, 218, 177, 206, 160]
727	41.0	[112, -19, -23, 82, 99]	[-82, -146, -65, 20, -16]	[-170, -45, 25, -19, -148]	[-46, -163, -93, -106, -104]	[130, -79, -101, 23, 50]	[-146, -23, 15, -30, 96]	[-49, 53, 0, 106, 198]	[-88, -120, -113, -110, -152]	[-157, -126, -107, -116, -114]	[-34, -26, -8, -39, -63]	[84, 111, 106, 176, 127]	[10004, 10004, 9997, 10000, 9996]	[226, 124, 187, 240, 196]
728	34.5	[21, 65, -12, 37, 46]	[-17, -162, -68, 20, 41]	[-102, -61, 30, -19, -148]	[-51, -182, -94, -106, -98]	[127, -86, -101, 25, 29]	[-128, -22, 8, -36, 111]	[-33, 54, 0, 106, 163]	[-90, -121, -113, -115, -172]	[-157, -127, -109, -116, -118]	[-17, -26, -8, -35, -62]	[134, 113, 117, 183, 172]	[10004, 9991, 9998, 10012, 10000]	[225, 218, 177, 206, 160]
729	33.5	[21, 65, -12, 37, 52]	[-71, -152, -74, 14, 41]	[-150, -64, 27, -19, -148]	[-46, -171, -94, -106, -91]	[122, -87, -102, 20, 29]	[-129, -23, 14, -29, 87]	[-40, 52, -1, 94, 167]	[-89, -120, -116, -119, -172]	[-150, -132, -104, -122, -118]	[-22, -41, -8, -31, -62]	[138, 112, 68, 184, 152]	[10004, 9991, 9998, 10001, 10000]	[225, 218, 177, 235, 228]
730	37.0	[115, -35, -20, 46, 103]	[-82, -159, -69, 20, 186]	[-162, -63, 32, -19, -148]	[-52, -172, -93, -106, -104]	[126, -83, -101, 23, 54]	[-134, -25, 16, -46, 105]	[-34, 54, 0, 106, 200]	[-89, -120, -115, -116, -158]	[-156, -122, -112, -117, -118]	[-17, -26, -8, -45, -63]	[78, 111, 115, 179, 0]	[10004, 9997, 9997, 10012, 9991]	[214, 124, 187, 255, 267]
731	36.5	[115, -35, -20, 68, 108]	[-82, -146, -65, 24, 141]	[-160, -62, 25, -14, -148]	[-45, -186, -93, -106, -104]	[130, -82, -97, 20, 49]	[-132, -25, 15, -30, 99]	[-45, 53, 0, 103, 184]	[-88, -120, -115, -111, -160]	[-157, -125, -107, -118, -116]	[-37, -21, -8, -34, -60]	[78, 112, 100, 171, 0]	[10004, 9999, 10001, 9999, 10000]	[220, 124, 187, 255, 273]
732	38.0	[21, 65, -12, 37, 52]	[-71, -152, -74, 14, 41]	[-150, -64, 27, -19, -148]	[-46, -171, -94, -106, -91]	[126, -90, -102, 22, 29]	[-126, -23, 12, -30, 87]	[-40, 53, -6, 101, 167]	[-89, -120, -116, -119, -172]	[-154, -131, -105, -120, -118]	[-22, -41, -8, -31, -62]	[138, 112, 68, 184, 152]	[10004, 9991, 9998, 10001, 10000]	[225, 218, 177, 235, 228]
733	38.0	[21, 65, -12, 37, 46]	[-17, -162, -74, 20, 41]	[-102, -61, 33, -19, -148]	[-46, -178, -94, -106, -104]	[126, -91, -102, 23, 29]	[-122, -24, 12, -39, 122]	[-35, 53, -3, 94, 163]	[-89, -120, -113, -116, -156]	[-154, -130, -108, -117, -117]	[-27, -35, -8, -31, -63]	[134, 112, 110, 175, 128]	[10010, 9991, 9998, 10012, 9994]	[225, 218, 177, 206, 160]
734	35.0	[115, -35, -20, 46, 103]	[-82, -146, -65, 20, 192]	[-162, -63, 22, -19, -148]	[-51, -177, -93, -106, -104]	[126, -83, -101, 23, 48]	[-140, -24, 14, -46, 105]	[-41, 52, -1, 102, 225]	[-88, -121, -113, -115, -149]	[-158, -122, -113, -116, -118]	[-18, -24, -7, -49, -63]	[85, 113, 113, 177, 0]	[10004, 10000, 9996, 10000, 9991]	[214, 124, 187, 255, 267]
735	35.5	[112, -19, -23, 82, 99]	[-82, -146, -65, 20, -16]	[-170, -51, 25, -19, -148]	[-46, -163, -93, -106, -104]	[130, -79, -101, 23, 50]	[-146, -23, 15, -30, 102]	[-49, 53, 0, 106, 198]	[-88, -120, -113, -110, -152]	[-157, -126, -107, -116, -114]	[-34, -26, -8, -39, -63]	[84, 111, 106, 176, 127]	[10004, 10004, 9997, 10000, 9996]	[226, 124, 187, 240, 196]
736	38.0	[115, -35, -20, 68, 108]	[-82, -146, -65, 24, 141]	[-160, -62, 25, -14, -148]	[-45, -186, -93, -106, -104]	[130, -82, -97, 20, 49]	[-132, -25, 15, -30, 99]	[-45, 53, 0, 103, 184]	[-88, -120, -115, -111, -160]	[-157, -125, -107, -118, -116]	[-37, -21, -8, -34, -60]	[78, 112, 100, 171, 0]	[10004, 9999, 10001, 9999, 10000]	[220, 124, 187, 255, 273]
737	38.5	[21, 65, -12, 37, 46]	[-17, -162, -68, 20, 41]	[-102, -61, 33, -19, -148]	[-46, -178, -94, -106, -104]	[126, -91, -102, 23, 29]	[-122, -24, 12, -39, 122]	[-35, 53, -3, 94, 163]	[-89, -120, -113, -116, -156]	[-153, -131, -108, -117, -117]	[-27, -35, -8, -31, -63]	[134, 112, 110, 175, 128]	[10010, 9991, 9998, 10012, 9994]	[225, 218, 177, 206, 160]
738	39.0	[21, 65, -12, 37, 46]	[-71, -159, -70, 20, 41]	[-126, -62, 33, -21, -148]	[-46, -171, -94, -106, -91]	[132, -87, -102, 26, 29]	[-126, -23, 14, -46, 87]	[-37, 53, 0, 103, 163]	[-89, -120, -116, -111, -171]	[-151, -130, -105, -119, -118]	[-27, -37, -8, -31, -62]	[137, 112, 110, 181, 172]	[10004, 9998, 9998, 10004, 10000]	[225, 218, 177, 206, 160]
739	41.0	[115, -35, -20, 46, 103]	[-82, -159, -69, 20, 186]	[-162, -63, 32, -19, -148]	[-52, -174, -93, -106, -104]	[126, -84, -101, 23, 54]	[-134, -25, 14, -42, 105]	[-39, 54, 0, 106, 200]	[-89, -120, -113, -115, -157]	[-156, -129, -109, -117, -118]	[-17, -31, -8, -42, -63]	[99, 111, 114, 179, 0]	[10004, 9997, 9997, 10024, 9991]	[214, 124, 187, 255, 267]
740	34.5	[21, 65, -12, 37, 52]	[-71, -152, -74, 14, 41]	[-150, -64, 27, -19, -148]	[-46, -171, -94, -106, -91]	[126, -90, -102, 22, 29]	[-126, -23, 12, -30, 87]	[-40, 53, -6, 101, 167]	[-89, -120, -116, -119, -172]	[-154, -131, -105, -120, -118]	[-22, -41, -8, -31, -62]	[138, 112, 68, 184, 152]	[10004, 9991, 9998, 10001, 10000]	[225, 218, 177, 235, 228]
741	39.0	[21, 65, -12, 37, 46]	[-71, -152, -74, 20, 41]	[-150, -64, 33, -19, -148]	[-46, -171, -94, -106, -91]	[127, -84, -97, 32, 29]	[-128, -22, 8, -42, 87]	[-41, 56, 0, 103, 163]	[-89, -120, -116, -111, -172]	[-151, -131, -108, -114, -118]	[-27, -41, -8, -31, -62]	[138, 112, 101, 183, 172]	[10004, 9998, 9998, 10004, 10000]	[225, 218, 177, 206, 160]
742	35.0	[115, -35, -20, 46, 103]	[-82, -146, -59, 20, 192]	[-162, -63, 22, -19, -154]	[-51, -177, -93, -106, -104]	[126, -83, -101, 23, 48]	[-140, -24, 14, -46, 105]	[-41, 52, -1, 102, 225]	[-88, -121, -113, -115, -149]	[-158, -122, -113, -116, -118]	[-18, -24, -7, -49, -63]	[85, 113, 113, 177, 0]	[10004, 10000, 9996, 10000, 9991]	[214, 124, 187, 255, 267]
743	39.5	[21, 65, -12, 37, 52]	[-71, -152, -74, 14, 41]	[-150, -64, 27, -19, -148]	[-46, -171, -94, -106, -91]	[126, -90, -102, 22, 29]	[-126, -23, 12, -30, 87]	[-40, 53, -6, 101, 167]	[-89, -120, -116, -119, -172]	[-154, -131, -105, -120, -118]	[-22, -41, -8, -31, -62]	[138, 112, 68, 184, 152]	[10004, 9991, 9998, 10001, 10000]	[225, 218, 177, 235, 228]
744	35.5	[115, -35, -20, 46, 103]	[-82, -146, -59, 20, 192]	[-162, -63, 22, -19, -160]	[-51, -177, -93, -106, -104]	[126, -83, -101, 23, 48]	[-140, -24, 14, -46, 105]	[-41, 52, -1, 102, 225]	[-88, -121, -113, -115, -149]	[-158, -122, -113, -116, -118]	[-18, -24, -7, -49, -63]	[85, 113, 113, 177, 0]	[10004, 10000, 9996, 10000, 9991]	[214, 124, 187, 255, 267]
745	40.5	[115, 37, -17, 60, 73]	[-36, -155, -70, 24, 141]	[-159, -51, 25, -17, -148]	[-47, -186, -93, -106, -104]	[130, -82, -99, 20, 42]	[-139, -25, 15, -30, 99]	[-48, 53, 0, 106, 169]	[-88, -121, -115, -115, -166]	[-157, -131, -107, -116, -116]	[-37, -22, -8, -34, -62]	[78, 112, 100, 171, 68]	[10004, 9999, 10001, 9999, 10000]	[220, 124, 187, 255, 273]
746	34.0	[21, 65, -12, 37, 46]	[-17, -162, -68, 20, 41]	[-102, -62, 33, -21, -148]	[-46, -178, -94, -106, -104]	[126, -85, -102, 25, 29]	[-123, -24, 13, -38, 91]	[-35, 53, -1, 98, 163]	[-89, -120, -113, -114, -165]	[-153, -131, -107, -119, -117]	[-27, -37, -8, -25, -63]	[134, 112, 110, 175, 128]	[10010, 9993, 9998, 10007, 9994]	[225, 218, 177, 206, 160]
747	32.5	[21, 65, -12, 37, 52]	[-71, -152, -74, 14, 41]	[-150, -64, 27, -19, -148]	[-46, -171, -94, -106, -91]	[126, -90, -102, 22, 23]	[-126, -23, 12, -30, 87]	[-40, 53, -6, 101, 167]	[-89, -120, -116, -119, -172]	[-154, -131, -105, -120, -118]	[-22, -41, -8, -31, -62]	[138, 112, 68, 184, 152]	[10004, 9991, 9998, 10001, 10000]	[225, 218, 177, 235, 228]
748	35.0	[115, 37, -17, 60, 73]	[-36, -155, -70, 24, 141]	[-159, -51, 25, -17, -148]	[-47, -186, -93, -106, -104]	[130, -82, -99, 20, 42]	[-139, -25, 15, -30, 99]	[-48, 53, 0, 106, 169]	[-88, -121, -115, -115, -166]	[-157, -131, -107, -116, -116]	[-37, -22, -8, -28, -62]	[78, 112, 100, 171, 68]	[10004, 9999, 10001, 9999, 10000]	[220, 124, 187, 255, 273]
749	37.0	[21, 65, -12, 37, 52]	[-71, -152, -74, 14, 41]	[-150, -64, 27, -19, -148]	[-46, -171, -94, -106, -91]	[126, -90, -102, 22, 23]	[-126, -23, 13, -45, 87]	[-40, 53, -6, 101, 167]	[-89, -120, -116, -116, -172]	[-154, -131, -105, -120, -118]	[-22, -41, -8, -31, -62]	[138, 112, 68, 184, 152]	[10004, 9991, 9998, 10001, 10000]	[225, 218, 177, 235, 228]
750	36.0	[115, -35, -20, 46, 103]	[-76, -159, -69, 20, 186]	[-162, -63, 32, -19, -148]	[-52, -174, -93, -106, -104]	[126, -84, -101, 23, 54]	[-134, -25, 14, -36, 105]	[-39, 54, 0, 106, 200]	[-89, -120, -113, -115, -157]	[-156, -129, -109, -117, -118]	[-17, -31, -8, -35, -62]	[99, 111, 114, 179, -6]	[10004, 9997, 9997, 10024, 9991]	[214, 124, 187, 255, 267]
751	34.0	[21, 65, -12, 44, 52]	[-71, -148, -62, 18, 74]	[-150, -64, 25, -19, -148]	[-46, -171, -94, -106, -91]	[126, -85, -101, 22, 25]	[-126, -23, 14, -46, 99]	[-40, 52, -1, 101, 206]	[-88, -120, -116, -116, -172]	[-154, -124, -107, -116, -118]	[-22, -34, -8, -47, -62]	[138, 112, 99, 184, 152]	[10004, 10000, 9996, 10001, 10000]	[220, 192, 177, 235, 228]
752	41.5	[21, 65, -12, 37, 46]	[-17, -162, -68, 20, 41]	[-102, -62, 33, -21, -148]	[-46, -178, -94, -106, -104]	[126, -85, -102, 25, 29]	[-123, -24, 13, -38, 91]	[-35, 53, -1, 98, 163]	[-89, -120, -113, -114, -165]	[-153, -131, -107, -119, -117]	[-27, -37, -8, -25, -63]	[134, 112, 110, 175, 128]	[10010, 9993, 9992, 10007, 9994]	[225, 218, 177, 206, 160]
753	39.0	[112, -19, -23, 82, 99]	[-82, -146, -65, 20, -16]	[-170, -51, 25, -19, -148]	[-46, -163, -93, -106, -104]	[130, -79, -101, 27, 50]	[-137, -27, 15, -30, 102]	[-49, 53, 0, 104, 184]	[-88, -120, -114, -111, -170]	[-157, -126, -107, -116, -114]	[-34, -26, -8, -37, -63]	[84, 111, 103, 176, 127]	[10004, 10004, 9997, 10000, 9996]	[226, 124, 187, 240, 196]
754	38.0	[112, -19, -23, 76, 99]	[-82, -146, -65, 20, -16]	[-170, -57, 25, -19, -148]	[-46, -169, -94, -111, -96]	[130, -83, -100, 23, 50]	[-143, -25, 21, -30, 102]	[-49, 53, 0, 106, 198]	[-88, -120, -113, -110, -152]	[-157, -126, -107, -116, -114]	[-34, -26, -8, -39, -63]	[84, 111, 106, 176, 127]	[10004, 10004, 9997, 10000, 9996]	[226, 124, 187, 240, 196]
755	37.5	[115, 37, -17, 60, 73]	[-36, -155, -70, 22, 159]	[-159, -51, 25, -17, -148]	[-50, -184, -93, -106, -104]	[130, -82, -99, 20, 42]	[-139, -25, 15, -30, 99]	[-48, 53, 0, 106, 169]	[-88, -121, -115, -115, -166]	[-157, -131, -107, -116, -116]	[-37, -22, -8, -28, -62]	[78, 112, 100, 171, 68]	[10004, 9999, 10001, 9999, 10000]	[220, 124, 187, 255, 273]
756	32.5	[112, -19, -23, 76, 99]	[-82, -146, -65, 20, -16]	[-170, -57, 25, -19, -148]	[-46, -169, -94, -111, -96]	[130, -83, -100, 23, 50]	[-143, -25, 21, -30, 102]	[-49, 53, 0, 106, 198]	[-88, -120, -113, -110, -152]	[-157, -126, -107, -116, -114]	[-34, -26, -8, -39, -63]	[84, 111, 106, 176, 127]	[10004, 10004, 9997, 10000, 9996]	[226, 124, 187, 240, 196]
757	43.0	[21, 65, -12, 44, 52]	[-71, -148, -62, 18, 74]	[-150, -64, 25, -19, -148]	[-46, -171, -94, -106, -91]	[126, -85, -101, 22, 25]	[-126, -23, 14, -46, 99]	[-40, 52, -1, 101, 206]	[-88, -120, -116, -116, -172]	[-154, -124, -107, -116, -118]	[-22, -34, -8, -38, -62]	[138, 112, 105, 184, 152]	[10004, 10000, 9996, 10001, 10000]	[220, 192, 177, 235, 228]
758	40.0	[115, 37, -17, 60, 73]	[-36, -155, -70, 22, 159]	[-159, -51, 25, -17, -148]	[-50, -184, -93, -106, -104]	[130, -82, -99, 20, 42]	[-139, -25, 15, -30, 99]	[-48, 53, 0, 106, 169]	[-88, -121, -115, -115, -166]	[-157, -131, -107, -116, -116]	[-37, -22, -8, -28, -62]	[78, 112, 100, 171, 68]	[10004, 9999, 10001, 9999, 10000]	[220, 124, 187, 255, 273]
759	35.0	[21, 65, -12, 37, 52]	[-71, -152, -70, 14, 41]	[-148, -64, 32, -19, -148]	[-46, -175, -94, -106, -91]	[128, -84, -99, 23, 31]	[-128, -22, 9, -33, 87]	[-40, 55, -1, 101, 167]	[-89, -120, -116, -115, -172]	[-154, -131, -105, -120, -118]	[-22, -41, -8, -31, -62]	[138, 112, 68, 184, 158]	[10004, 9991, 9998, 10001, 10006]	[225, 218, 177, 235, 228]
760	37.5	[112, -19, -23, 76, 79]	[-82, -147, -70, 15, -16]	[-170, -57, 26, -19, -148]	[-46, -169, -94, -111, -96]	[130, -83, -101, 23, 50]	[-143, -24, 21, -36, 102]	[-49, 53, 0, 106, 198]	[-88, -120, -113, -110, -152]	[-157, -126, -107, -116, -114]	[-34, -26, -8, -39, -63]	[84, 111, 106, 176, 127]	[10004, 10004, 9997, 10000, 9996]	[226, 124, 187, 240, 196]
761	38.0	[115, 37, -17, 60, 73]	[-36, -155, -70, 22, 159]	[-159, -51, 25, -17, -148]	[-50, -184, -93, -106, -104]	[130, -82, -99, 20, 42]	[-139, -25, 15, -30, 99]	[-48, 53, 0, 106, 169]	[-88, -121, -115, -115, -166]	[-163, -131, -107, -116, -116]	[-37, -22, -8, -28, -62]	[78, 112, 100, 171, 68]	[10004, 9999, 10001, 9999, 10000]	[220, 124, 187, 255, 273]
762	37.5	[21, 65, -12, 44, 58]	[-78, -150, -62, 18, 74]	[-150, -64, 32, -19, -148]	[-50, -177, -94, -106, -91]	[126, -84, -101, 23, 39]	[-126, -23, 14, -46, 99]	[-40, 52, -1, 101, 206]	[-88, -120, -116, -116, -172]	[-154, -124, -106, -119, -118]	[-22, -34, -8, -47, -62]	[138, 112, 105, 184, 152]	[10004, 10000, 9996, 10001, 10000]	[220, 192, 177, 235, 228]
763	38.5	[15, 65, -12, 37, 46]	[-17, -162, -68, 20, 41]	[-102, -61, 30, -19, -148]	[-50, -184, -93, -106, -98]	[127, -86, -101, 25, 29]	[-128, -22, 8, -30, 111]	[-33, 54, 0, 106, 163]	[-90, -121, -113, -115, -172]	[-157, -127, -109, -116, -118]	[-17, -26, -8, -35, -62]	[128, 113, 117, 183, 172]	[10004, 9991, 9998, 10012, 10000]	[225, 218, 177, 206, 160]
764	38.5	[15, 65, -12, 37, 46]	[-17, -162, -68, 20, 41]	[-102, -61, 30, -19, -148]	[-50, -184, -93, -106, -98]	[127, -86, -101, 25, 29]	[-128, -22, 8, -30, 111]	[-33, 54, 0, 106, 163]	[-90, -121, -113, -115, -172]	[-157, -127, -109, -116, -118]	[-17, -26, -8, -35, -62]	[128, 113, 117, 183, 172]	[10004, 9991, 9998, 10012, 10000]	[225, 218, 177, 206, 160]
765	38.0	[112, -19, -23, 76, 79]	[-82, -147, -70, 15, -16]	[-170, -57, 26, -19, -148]	[-46, -169, -94, -111, -96]	[130, -85, -101, 23, 37]	[-143, -23, 11, -36, 102]	[-44, 53, -1, 104, 182]	[-88, -120, -114, -110, -152]	[-157, -126, -106, -116, -115]	[-34, -36, -8, -39, -63]	[84, 111, 106, 176, 127]	[10004, 10004, 9997, 10000, 9996]	[226, 124, 187, 240, 196]
766	37.0	[112, -19, -23, 82, 99]	[-82, -146, -65, 20, -16]	[-170, -51, 25, -19, -148]	[-46, -163, -93, -106, -104]	[130, -79, -101, 21, 50]	[-137, -27, 15, -30, 102]	[-49, 53, 0, 104, 184]	[-88, -120, -114, -111, -170]	[-155, -124, -108, -116, -114]	[-32, -26, -8, -37, -63]	[84, 111, 103, 176, 127]	[10004, 10004, 9997, 10000, 9996]	[232, 124, 187, 240, 196]
767	42.5	[112, -19, -23, 76, 79]	[-82, -147, -70, 15, -16]	[-170, -57, 26, -19, -148]	[-46, -169, -94, -111, -96]	[130, -85, -101, 23, 37]	[-143, -23, 11, -36, 102]	[-44, 53, -1, 104, 182]	[-88, -120, -114, -110, -152]	[-157, -126, -106, -116, -115]	[-34, -36, -8, -39, -63]	[84, 111, 106, 176, 127]	[10004, 10004, 9997, 10000, 9996]	[226, 124, 187, 240, 196]
768	36.0	[115, 37, -17, 60, 73]	[-36, -155, -70, 22, 159]	[-159, -51, 25, -17, -148]	[-50, -184, -93, -106, -104]	[130, -82, -99, 20, 42]	[-139, -25, 15, -30, 99]	[-48, 53, 0, 106, 169]	[-88, -121, -113, -115, -166]	[-163, -131, -108, -116, -116]	[-37, -22, -8, -28, -62]	[78, 112, 109, 171, 68]	[10004, 9999, 9999, 10012, 10000]	[222, 151, 177, 215, 254]
769	35.5	[15, 65, -12, 37, 46]	[-17, -162, -68, 20, 41]	[-102, -61, 30, -19, -148]	[-50, -184, -93, -106, -98]	[127, -86, -101, 25, 29]	[-122, -22, 8, -30, 111]	[-33, 54, 0, 106, 163]	[-90, -121, -113, -115, -172]	[-157, -127, -109, -116, -118]	[-17, -32, -8, -35, -62]	[128, 113, 117, 183, 172]	[10004, 9991, 9998, 10012, 10000]	[225, 218, 177, 206, 160]
770	36.0	[21, 65, -12, 37, 52]	[-71, -152, -70, 14, 41]	[-148, -64, 32, -19, -148]	[-46, -175, -94, -106, -91]	[128, -84, -99, 23, 31]	[-128, -22, 9, -33, 87]	[-40, 55, -1, 101, 167]	[-89, -120, -116, -115, -172]	[-154, -131, -105, -120, -118]	[-22, -41, -8, -31, -62]	[138, 112, 68, 184, 158]	[10004, 9991, 9992, 10001, 10006]	[225, 218, 177, 235, 228]
771	37.5	[21, 65, -12, 37, 46]	[-17, -162, -68, 20, 41]	[-102, -62, 33, -21, -148]	[-46, -178, -94, -106, -104]	[126, -85, -102, 25, 29]	[-123, -24, 13, -38, 91]	[-35, 53, -1, 98, 163]	[-89, -120, -113, -114, -165]	[-153, -131, -107, -119, -117]	[-27, -37, -8, -25, -63]	[134, 112, 110, 175, 128]	[10010, 9993, 9992, 10007, 9994]	[225, 218, 177, 206, 160]
772	33.5	[21, -17, -12, 44, 52]	[-74, -148, -63, 20, 20]	[-150, -59, 25, -19, -148]	[-46, -171, -93, -106, -104]	[126, -82, -101, 21, 45]	[-126, -23, 15, -33, 102]	[-49, 52, -1, 101, 189]	[-88, -120, -114, -115, -171]	[-155, -124, -107, -116, -114]	[-29, -28, -8, -38, -62]	[138, 112, 105, 184, 152]	[10004, 10000, 9996, 10001, 10000]	[214, 192, 177, 235, 234]
773	37.5	[21, -17, -12, 44, 52]	[-74, -148, -63, 20, 20]	[-150, -59, 25, -19, -148]	[-46, -171, -93, -106, -104]	[126, -82, -101, 21, 45]	[-126, -23, 15, -33, 102]	[-49, 52, -1, 101, 189]	[-88, -120, -114, -115, -171]	[-155, -124, -107, -116, -114]	[-29, -28, -8, -38, -62]	[138, 112, 105, 184, 152]	[10004, 10000, 9996, 10001, 10000]	[214, 192, 177, 235, 234]
774	35.5	[112, -19, -23, 76, 79]	[-80, -148, -69, 15, -16]	[-170, -57, 26, -19, -148]	[-46, -169, -93, -111, -96]	[127, -81, -101, 23, 37]	[-143, -17, 11, -33, 102]	[-47, 53, -1, 101, 182]	[-88, -120, -119, -114, -166]	[-157, -126, -107, -116, -115]	[-34, -36, -8, -39, -63]	[84, 111, 106, 176, 127]	[10004, 10004, 9997, 10000, 9996]	[226, 124, 187, 240, 196]
775	37.5	[112, -19, -23, 76, 79]	[-80, -148, -69, 15, -16]	[-170, -57, 26, -19, -148]	[-46, -169, -93, -111, -96]	[127, -81, -101, 23, 37]	[-143, -17, 11, -33, 102]	[-47, 53, -1, 101, 182]	[-88, -120, -119, -114, -166]	[-157, -126, -107, -116, -115]	[-34, -36, -8, -39, -63]	[84, 111, 106, 176, 127]	[10004, 10004, 9997, 10000, 9996]	[226, 124, 187, 240, 196]
776	37.0	[112, -19, -23, 76, 79]	[-82, -147, -70, 15, -16]	[-170, -57, 26, -19, -148]	[-46, -169, -94, -111, -91]	[126, -84, -101, 23, 40]	[-132, -23, 11, -36, 102]	[-44, 53, -1, 103, 182]	[-88, -120, -114, -116, -169]	[-156, -126, -106, -116, -115]	[-34, -36, -8, -39, -63]	[84, 111, 104, 176, 127]	[10004, 10004, 9997, 10000, 9996]	[226, 124, 187, 240, 196]
777	39.5	[21, 65, -12, 37, 46]	[-17, -162, -68, 20, 41]	[-102, -62, 33, -21, -148]	[-46, -175, -94, -106, -93]	[126, -84, -99, 23, 29]	[-125, -24, 13, -38, 91]	[-37, 50, -1, 98, 163]	[-89, -120, -116, -114, -162]	[-153, -131, -105, -120, -117]	[-27, -36, -8, -25, -63]	[134, 112, 109, 175, 128]	[10010, 9993, 9992, 10007, 9994]	[225, 218, 177, 206, 160]
778	35.0	[112, -19, -23, 76, 79]	[-82, -147, -70, 15, -16]	[-170, -57, 26, -19, -148]	[-46, -169, -94, -111, -91]	[126, -84, -101, 23, 40]	[-132, -23, 11, -36, 102]	[-44, 53, -1, 103, 182]	[-88, -120, -114, -116, -169]	[-156, -126, -106, -116, -115]	[-34, -36, -8, -39, -63]	[84, 111, 104, 176, 127]	[10004, 10004, 9997, 10000, 9996]	[226, 124, 187, 240, 196]
779	38.0	[21, 65, -12, 37, 52]	[-71, -152, -70, 14, 41]	[-148, -64, 32, -19, -148]	[-46, -175, -94, -106, -91]	[127, -84, -99, 24, 31]	[-124, -24, 13, -33, 87]	[-40, 55, -1, 99, 167]	[-89, -120, -116, -115, -169]	[-154, -131, -105, -120, -118]	[-22, -41, -8, -31, -62]	[138, 112, 68, 184, 158]	[10004, 9991, 9992, 10001, 10006]	[225, 218, 177, 235, 228]
780	40.0	[21, 65, -12, 37, 46]	[-17, -162, -68, 20, 41]	[-102, -62, 33, -21, -148]	[-46, -175, -94, -106, -93]	[126, -84, -99, 23, 29]	[-125, -24, 13, -38, 91]	[-37, 50, -1, 98, 163]	[-89, -120, -116, -114, -162]	[-153, -131, -105, -120, -117]	[-27, -36, -8, -25, -63]	[134, 112, 109, 175, 128]	[10010, 9993, 9992, 10007, 9994]	[225, 218, 177, 206, 160]
781	39.0	[112, -19, -23, 76, 79]	[-82, -147, -70, 15, -16]	[-170, -57, 26, -19, -148]	[-46, -169, -94, -111, -91]	[126, -84, -101, 23, 40]	[-132, -23, 11, -36, 102]	[-44, 53, -1, 103, 182]	[-88, -120, -114, -116, -169]	[-156, -126, -106, -116, -115]	[-34, -36, -8, -39, -63]	[84, 111, 104, 176, 127]	[10004, 10004, 9997, 10000, 9996]	[226, 124, 187, 240, 196]
782	37.5	[21, -17, -12, 44, 52]	[-74, -148, -63, 20, 20]	[-150, -59, 25, -19, -148]	[-46, -171, -93, -106, -104]	[126, -82, -101, 21, 45]	[-126, -23, 15, -33, 102]	[-49, 52, -1, 101, 189]	[-88, -120, -114, -115, -171]	[-155, -124, -107, -116, -114]	[-29, -28, -8, -38, -62]	[138, 112, 105, 184, 152]	[10004, 10000, 9996, 10001, 10000]	[214, 192, 177, 235, 234]
783	34.5	[112, -19, -23, 76, 79]	[-80, -148, -69, 15, -16]	[-170, -57, 26, -19, -148]	[-46, -169, -93, -111, -96]	[127, -81, -101, 23, 37]	[-143, -17, 11, -33, 108]	[-47, 53, -1, 101, 182]	[-88, -120, -119, -114, -166]	[-163, -126, -107, -116, -115]	[-34, -36, -8, -39, -63]	[84, 111, 106, 176, 127]	[10004, 10004, 9997, 10000, 9996]	[226, 124, 187, 240, 196]
784	38.0	[21, 65, -12, 37, 46]	[-17, -162, -68, 20, 41]	[-102, -61, 33, -19, -148]	[-46, -178, -94, -106, -104]	[126, -91, -102, 23, 29]	[-122, -24, 12, -39, 122]	[-35, 47, -1, 97, 163]	[-89, -120, -113, -114, -162]	[-153, -131, -108, -119, -117]	[-27, -35, -8, -31, -63]	[135, 112, 73, 176, 157]	[10010, 9991, 9998, 10012, 9994]	[225, 218, 177, 200, 160]
785	37.0	[112, -19, -23, 76, 79]	[-80, -148, -69, 15, -16]	[-170, -57, 26, -19, -148]	[-46, -169, -93, -111, -96]	[127, -81, -101, 23, 37]	[-143, -17, 5, -33, 102]	[-47, 53, -1, 101, 182]	[-89, -120, -119, -114, -166]	[-163, -126, -108, -118, -115]	[-34, -36, -8, -39, -63]	[84, 111, 79, 176, 140]	[10004, 10004, 9997, 10000, 9996]	[226, 194, 187, 240, 196]
786	41.5	[21, 65, -12, 37, 51]	[-17, -161, -68, 20, 41]	[-124, -63, 33, -19, -148]	[-46, -178, -94, -106, -104]	[126, -84, -102, 24, 30]	[-122, -24, 12, -36, 122]	[-35, 47, -1, 97, 167]	[-89, -120, -113, -114, -162]	[-153, -131, -108, -119, -117]	[-27, -35, -8, -31, -63]	[134, 112, 107, 175, 128]	[10010, 9991, 9998, 10012, 9994]	[225, 218, 177, 200, 160]
787	35.0	[112, -19, -23, 76, 79]	[-80, -148, -69, 15, -16]	[-170, -57, 26, -19, -148]	[-46, -169, -93, -111, -96]	[127, -81, -101, 23, 37]	[-143, -17, 5, -33, 102]	[-47, 53, -1, 101, 182]	[-89, -120, -119, -114, -166]	[-163, -126, -108, -118, -115]	[-34, -36, -8, -39, -63]	[84, 111, 79, 176, 140]	[10004, 10004, 9997, 10000, 9996]	[226, 194, 187, 240, 196]
788	34.5	[36, 9, -8, 45, 58]	[-81, -159, -69, 20, 74]	[-151, -69, 29, -19, -148]	[-50, -177, -94, -106, -95]	[126, -84, -101, 23, 52]	[-126, -23, 14, -34, 100]	[-40, 52, 0, 102, 205]	[-88, -120, -116, -116, -172]	[-160, -124, -108, -119, -118]	[-22, -34, -8, -50, -62]	[116, 112, 107, 184, 126]	[10004, 9998, 9999, 10001, 10000]	[220, 192, 177, 234, 228]
789	37.5	[21, -17, -12, 44, 52]	[-74, -148, -63, 20, 20]	[-150, -59, 25, -19, -148]	[-46, -171, -93, -106, -104]	[126, -82, -101, 21, 45]	[-126, -23, 15, -33, 102]	[-49, 52, -1, 101, 189]	[-88, -120, -114, -115, -171]	[-155, -126, -106, -116, -115]	[-33, -34, -8, -38, -62]	[138, 112, 105, 184, 152]	[10004, 10000, 9996, 10001, 10000]	[214, 192, 177, 235, 234]
790	43.5	[21, 65, -12, 37, 46]	[-17, -161, -68, 20, 41]	[-102, -61, 28, -19, -148]	[-46, -178, -94, -106, -104]	[126, -91, -102, 24, 30]	[-122, -24, 13, -34, 122]	[-35, 47, -1, 97, 163]	[-83, -120, -113, -114, -162]	[-153, -131, -108, -119, -117]	[-27, -35, -8, -31, -63]	[135, 112, 73, 176, 157]	[10010, 9991, 9998, 10012, 9994]	[225, 218, 177, 200, 160]
791	34.5	[21, 65, -12, 37, 51]	[-17, -161, -68, 20, 41]	[-124, -63, 33, -19, -148]	[-46, -178, -94, -106, -104]	[126, -84, -102, 24, 30]	[-122, -24, 12, -36, 122]	[-35, 47, -1, 97, 167]	[-89, -120, -113, -114, -162]	[-153, -131, -108, -119, -117]	[-27, -35, -8, -31, -63]	[134, 112, 107, 175, 128]	[10010, 9991, 9998, 10012, 9994]	[225, 218, 177, 200, 160]
792	41.0	[112, -19, -23, 76, 79]	[-80, -148, -69, 15, -16]	[-170, -57, 26, -19, -148]	[-46, -169, -93, -111, -96]	[127, -81, -101, 23, 37]	[-149, -17, 5, -33, 102]	[-47, 53, -1, 101, 182]	[-89, -120, -119, -114, -166]	[-163, -126, -108, -118, -115]	[-34, -36, -8, -39, -63]	[84, 111, 79, 176, 140]	[10004, 10004, 9997, 10000, 9996]	[226, 194, 187, 240, 196]
793	42.0	[21, 65, -12, 37, 46]	[-17, -162, -68, 20, 41]	[-102, -61, 33, -19, -148]	[-46, -178, -94, -106, -104]	[126, -86, -102, 23, 29]	[-143, -18, 11, -34, 111]	[-35, 50, -1, 99, 163]	[-89, -120, -119, -114, -162]	[-153, -131, -108, -117, -116]	[-27, -35, -8, -31, -63]	[135, 112, 73, 176, 157]	[10010, 9991, 9999, 10012, 9994]	[225, 218, 177, 200, 160]
794	35.5	[112, -19, -23, 76, 79]	[-80, -148, -69, 15, -16]	[-170, -57, 26, -19, -148]	[-46, -169, -93, -111, -96]	[127, -81, -101, 23, 37]	[-149, -17, 5, -33, 102]	[-47, 53, -1, 101, 182]	[-89, -120, -119, -114, -166]	[-163, -120, -108, -118, -115]	[-34, -36, -8, -39, -63]	[84, 111, 79, 176, 140]	[10004, 10004, 9997, 10000, 9996]	[226, 194, 187, 240, 196]
795	37.5	[21, 65, -12, 37, 46]	[-17, -161, -68, 20, 41]	[-102, -61, 28, -19, -148]	[-46, -178, -94, -106, -104]	[126, -91, -102, 24, 30]	[-122, -24, 13, -34, 122]	[-35, 47, -1, 97, 163]	[-83, -120, -113, -114, -162]	[-153, -131, -108, -119, -117]	[-27, -35, -8, -31, -63]	[135, 112, 73, 176, 157]	[10010, 9991, 9998, 10012, 9994]	[225, 218, 177, 200, 160]
796	42.0	[112, -19, -23, 76, 79]	[-76, -161, -69, 15, 33]	[-158, -58, 32, -20, -148]	[-47, -175, -94, -111, -96]	[130, -85, -101, 23, 36]	[-132, -23, 13, -46, 101]	[-44, 53, -1, 103, 182]	[-88, -120, -114, -116, -166]	[-156, -126, -107, -117, -115]	[-34, -36, -8, -40, -62]	[105, 107, 105, 183, 127]	[10004, 10004, 9997, 9994, 9996]	[226, 124, 187, 240, 196]
797	36.0	[21, 65, -12, 37, 46]	[-17, -162, -68, 20, 41]	[-102, -61, 33, -19, -148]	[-46, -178, -94, -106, -104]	[126, -86, -102, 23, 29]	[-122, -24, 12, -37, 122]	[-45, 47, -7, 97, 164]	[-89, -120, -113, -114, -162]	[-153, -131, -108, -119, -117]	[-27, -35, -8, -31, -63]	[135, 112, 73, 176, 157]	[10010, 9991, 9999, 10012, 9994]	[225, 218, 177, 200, 160]
798	42.5	[112, -19, -23, 76, 79]	[-80, -148, -69, 15, -16]	[-170, -57, 26, -19, -148]	[-46, -169, -93, -111, -96]	[127, -81, -101, 23, 37]	[-149, -17, 5, -33, 102]	[-47, 53, -1, 101, 182]	[-89, -120, -119, -114, -166]	[-163, -120, -108, -118, -115]	[-34, -36, -8, -39, -63]	[84, 111, 79, 176, 140]	[10004, 10004, 9997, 10000, 9996]	[226, 194, 187, 240, 196]
799	41.5	[21, 65, -12, 37, 46]	[-17, -162, -68, 20, 41]	[-102, -68, 33, -21, -148]	[-46, -175, -94, -106, -93]	[126, -84, -99, 23, 29]	[-125, -30, 13, -38, 85]	[-37, 50, -1, 98, 163]	[-89, -120, -116, -114, -162]	[-153, -131, -105, -120, -117]	[-27, -36, -8, -36, -62]	[130, 112, 108, 175, 128]	[10010, 9993, 9992, 10007, 9994]	[225, 218, 177, 206, 160]
