generation	fitness	corner	c	a1	a2	b1	b2	b3	x	o1	o2	wp	ww	we
1000	35.7	[88, 9, -28, 36, 100]	[-121, -145, -80, 22, -70]	[-158, -41, 16, -11, -142]	[-66, -179, -89, -104, -81]	[119, -89, -104, 30, 7]	[-114, -28, 10, -40, 109]	[-74, 47, 4, 98, 168]	[-92, -142, -122, -110, -147]	[-162, -122, -111, -114, -114]	[-3, -14, -13, -17, -71]	[110, 111, 97, 181, 22]	[10005, 10000, 9999, 10006, 9996]	[212, 127, 187, 265, 261]
1001	37.0	[94, 9, -28, 36, 94]	[-109, -148, -79, 23, -66]	[-158, -41, 19, -4, -157]	[-66, -177, -88, -104, -57]	[122, -89, -104, 33, 7]	[-110, -28, 9, -40, 122]	[-58, 50, 4, 96, 169]	[-93, -139, -123, -115, -148]	[-156, -122, -109, -115, -109]	[20, -16, -19, -16, -71]	[113, 110, 82, 173, 69]	[10005, 10003, 9999, 10012, 9991]	[218, 130, 187, 265, 267]
1002	38.7	[147, 70, 39, 49, 92]	[-111, -140, -79, 21, -66]	[-153, -43, 17, -13, -157]	[-52, -157, -76, -91, -89]	[118, -88, -94, 45, 13]	[-113, -26, 15, -38, 122]	[-94, 54, 2, 88, 142]	[-131, -131, -123, -117, -128]	[-163, -144, -123, -125, -128]	[-9, -19, -21, -21, -66]	[120, 122, 121, 174, 172]	[10003, 9998, 9974, 9996, 9997]	[190, 185, 184, 210, 169]
1003	38.7	[84, -20, -29, 42, 94]	[-123, -140, -87, 20, -133]	[-137, -50, 18, -15, -139]	[-55, -176, -90, -99, -82]	[116, -81, -92, 16, 16]	[-116, -27, 15, -34, 77]	[-72, 53, 8, 96, 162]	[-80, -127, -115, -114, -155]	[-201, -134, -103, -107, -124]	[-24, -9, -17, -24, -61]	[102, 116, 112, 175, 139]	[10010, 10004, 9999, 9998, 9995]	[170, 145, 178, 216, 179]
1004	35.3	[112, 15, -15, 72, 79]	[-77, -149, -62, 21, -2]	[-158, -33, 19, -19, -148]	[-50, -176, -98, -113, -90]	[130, -83, -94, 39, 30]	[-121, -25, 13, -38, 114]	[-50, 57, 2, 100, 252]	[-103, -119, -119, -113, -163]	[-160, -138, -109, -114, -115]	[-33, -26, -9, -5, -68]	[115, 113, 105, 180, 133]	[10005, 10001, 9993, 10005, 10002]	[218, 124, 182, 240, 172]
1005	39.3	[111, 22, -13, 76, 79]	[-76, -149, -62, 17, 16]	[-158, -32, 26, -11, -149]	[-50, -178, -94, -113, -92]	[128, -83, -94, 42, 30]	[-120, -23, 13, -38, 131]	[-61, 58, 1, 99, 185]	[-82, -124, -120, -113, -163]	[-161, -134, -110, -116, -118]	[-28, -33, -8, -38, -73]	[131, 114, 101, 179, 128]	[10004, 10005, 10005, 10005, 10000]	[201, 166, 162, 232, 287]
1006	36.0	[94, 9, -28, 36, 94]	[-109, -148, -79, 23, -66]	[-155, -34, 19, -5, -157]	[-66, -177, -82, -97, -79]	[122, -89, -104, 33, 7]	[-110, -34, 9, -40, 122]	[-58, 50, 4, 96, 169]	[-93, -139, -123, -115, -148]	[-156, -122, -109, -115, -109]	[20, -16, -19, -16, -71]	[113, 110, 82, 173, 69]	[10005, 10003, 9999, 10012, 9991]	[218, 130, 187, 265, 267]
1007	36.7	[147, 70, 39, 74, 92]	[-111, -140, -79, 21, -66]	[-192, -31, 20, -11, -172]	[-52, -157, -76, -91, -96]	[118, -89, -96, 43, 9]	[-114, -37, 12, -37, 117]	[-94, 53, 4, 88, 142]	[-124, -130, -123, -113, -128]	[-163, -144, -123, -121, -124]	[1, -22, -22, -20, -65]	[117, 122, 121, 174, 172]	[10003, 9996, 9974, 9997, 9997]	[190, 185, 184, 210, 169]
1008	36.0	[111, 22, -13, 76, 79]	[-76, -149, -62, 17, 16]	[-158, -32, 26, -11, -149]	[-50, -178, -94, -113, -92]	[128, -83, -94, 42, 30]	[-120, -23, 13, -38, 131]	[-61, 58, 1, 99, 185]	[-82, -124, -120, -113, -163]	[-161, -134, -110, -116, -118]	[-28, -33, -8, -38, -73]	[131, 114, 101, 179, 128]	[10004, 10005, 10005, 10005, 10000]	[201, 166, 162, 232, 287]
1009	41.0	[111, 22, -13, 76, 79]	[-76, -149, -62, 17, 16]	[-158, -32, 26, -11, -149]	[-50, -178, -94, -113, -92]	[128, -83, -94, 42, 30]	[-120, -23, 13, -38, 131]	[-61, 58, 1, 99, 185]	[-82, -124, -120, -113, -163]	[-161, -134, -110, -116, -118]	[-28, -33, -8, -38, -73]	[131, 114, 101, 179, 128]	[10004, 10005, 10005, 10005, 10000]	[201, 166, 162, 232, 287]
1010	38.7	[175, 79, 14, 50, 92]	[-162, -137, -55, 18, -112]	[-152, -44, 10, -10, -177]	[-49, -158, -106, -93, -97]	[120, -88, -96, 44, 18]	[-116, -26, 12, -37, 85]	[-94, 53, 1, 99, 149]	[-120, -131, -117, -115, -128]	[-191, -139, -106, -112, -126]	[-9, -14, -12, -17, -70]	[116, 120, 124, 158, 141]	[10004, 10001, 9995, 9993, 9998]	[184, 191, 181, 201, 162]
1011	36.3	[175, 79, 14, 50, 92]	[-162, -137, -55, 18, -112]	[-152, -44, 10, -10, -177]	[-49, -152, -77, -91, -100]	[120, -88, -97, 45, 14]	[-113, -26, 15, -37, 122]	[-94, 54, 1, 87, 142]	[-120, -131, -123, -116, -128]	[-163, -145, -125, -116, -126]	[-9, -22, -21, -17, -70]	[120, 126, 124, 158, 165]	[10003, 10000, 9992, 9993, 9998]	[184, 191, 181, 201, 162]
1012	38.0	[144, 28, 8, 74, 88]	[-100, -147, -62, 17, -13]	[-158, -32, 26, -6, -149]	[-51, -175, -91, -113, -92]	[128, -86, -100, 42, 30]	[-120, -23, 13, -40, 123]	[-61, 58, 1, 95, 182]	[-82, -120, -120, -113, -155]	[-161, -137, -121, -120, -121]	[-30, -28, -9, -38, -73]	[131, 114, 115, 179, 128]	[10004, 10005, 10002, 10005, 10000]	[211, 140, 163, 232, 287]
1013	36.3	[147, 70, 39, 49, 92]	[-111, -140, -79, 21, -66]	[-153, -37, 17, -13, -157]	[-52, -157, -76, -91, -89]	[118, -88, -94, 45, 13]	[-113, -26, 15, -38, 122]	[-94, 54, 2, 88, 142]	[-131, -131, -129, -117, -128]	[-163, -144, -123, -125, -128]	[-9, -19, -21, -21, -66]	[120, 122, 121, 174, 172]	[10003, 9998, 9974, 9996, 9997]	[190, 185, 184, 210, 169]
1014	39.0	[147, 70, 39, 49, 92]	[-111, -140, -79, 21, -66]	[-153, -37, 17, -13, -157]	[-52, -157, -76, -91, -89]	[118, -88, -94, 45, 13]	[-113, -26, 15, -38, 122]	[-94, 54, 2, 88, 142]	[-131, -131, -129, -117, -128]	[-163, -144, -123, -125, -128]	[-9, -19, -21, -21, -66]	[120, 122, 121, 174, 172]	[10003, 9998, 9974, 9996, 9997]	[190, 185, 184, 210, 169]
1015	38.7	[85, -24, -29, 42, 88]	[-96, -124, -78, 20, -132]	[-138, -49, 15, -15, -120]	[-55, -178, -86, -99, -86]	[120, -98, -92, 14, 17]	[-113, -25, 15, -13, 79]	[-78, 53, 12, 98, 160]	[-83, -128, -121, -114, -148]	[-201, -131, -103, -107, -130]	[-21, -9, -17, -25, -64]	[108, 116, 112, 177, 138]	[10009, 10001, 9996, 9999, 9992]	[170, 165, 178, 223, 181]
1016	40.0	[144, 28, 8, 74, 88]	[-100, -147, -62, 17, -13]	[-158, -32, 26, -6, -149]	[-51, -175, -91, -113, -92]	[128, -86, -100, 42, 30]	[-120, -23, 13, -40, 123]	[-61, 58, 1, 95, 182]	[-82, -120, -120, -113, -155]	[-161, -132, -121, -120, -121]	[-30, -28, -9, -14, -73]	[131, 114, 110, 180, 128]	[10004, 10005, 10002, 10005, 10000]	[211, 140, 163, 232, 287]
1017	36.0	[175, 79, 14, 50, 92]	[-162, -137, -55, 18, -112]	[-152, -39, 10, -10, -177]	[-51, -152, -77, -91, -100]	[120, -87, -99, 45, 24]	[-113, -26, 15, -37, 122]	[-94, 54, 1, 87, 142]	[-120, -131, -123, -116, -128]	[-163, -145, -125, -116, -126]	[-9, -22, -21, -17, -70]	[120, 126, 124, 158, 165]	[10003, 10000, 9992, 9993, 9998]	[184, 191, 181, 201, 162]
1018	35.7	[175, 79, 14, 50, 92]	[-162, -137, -55, 18, -112]	[-152, -44, 10, -10, -177]	[-49, -158, -106, -93, -97]	[120, -88, -96, 38, 18]	[-116, -26, 12, -31, 85]	[-94, 53, 1, 99, 149]	[-120, -131, -117, -115, -128]	[-191, -138, -118, -114, -124]	[-9, -14, -12, -17, -70]	[116, 120, 124, 158, 141]	[10004, 10001, 9995, 9993, 9998]	[184, 191, 181, 201, 162]
1019	36.7	[85, -24, -29, 42, 88]	[-96, -124, -78, 20, -132]	[-138, -49, 15, -15, -120]	[-55, -178, -86, -99, -86]	[120, -98, -92, 14, 17]	[-113, -25, 15, -13, 79]	[-78, 53, 12, 98, 160]	[-83, -128, -121, -114, -148]	[-201, -131, -109, -107, -130]	[-21, -9, -17, -25, -64]	[108, 116, 112, 177, 138]	[10009, 10001, 9996, 9999, 9992]	[170, 165, 178, 223, 181]
1020	32.7	[144, 28, 8, 74, 88]	[-100, -147, -62, 17, -13]	[-158, -32, 26, -6, -149]	[-51, -175, -91, -113, -92]	[125, -87, -100, 42, 30]	[-119, -24, 13, -39, 123]	[-61, 58, 1, 95, 182]	[-82, -120, -120, -113, -155]	[-161, -132, -121, -120, -121]	[-30, -28, -9, -14, -73]	[131, 114, 110, 180, 128]	[10004, 10005, 10002, 10005, 10000]	[211, 140, 163, 232, 287]
1021	37.7	[147, 70, 39, 74, 92]	[-111, -140, -79, 21, -66]	[-192, -31, 20, -11, -172]	[-52, -157, -76, -91, -96]	[118, -89, -96, 43, 9]	[-114, -37, 12, -37, 117]	[-94, 53, 4, 88, 142]	[-124, -130, -123, -113, -128]	[-163, -144, -123, -121, -124]	[1, -22, -22, -20, -65]	[117, 122, 121, 174, 172]	[10003, 10002, 9974, 9997, 9997]	[190, 185, 184, 210, 169]
1022	38.7	[175, 79, 14, 50, 92]	[-162, -137, -59, 18, -112]	[-152, -44, 10, -10, -177]	[-49, -158, -106, -93, -97]	[120, -88, -96, 44, 18]	[-116, -26, 12, -37, 117]	[-94, 54, 1, 99, 149]	[-120, -131, -123, -118, -128]	[-163, -145, -112, -116, -126]	[-9, -22, -12, -17, -70]	[120, 126, 124, 158, 141]	[10003, 10000, 9992, 9993, 9998]	[184, 191, 181, 201, 162]
1023	39.0	[175, 79, 14, 50, 92]	[-162, -137, -55, 18, -112]	[-152, -44, 10, -10, -177]	[-49, -152, -77, -91, -100]	[120, -88, -96, 39, 18]	[-120, -24, 14, -38, 115]	[-94, 55, 1, 92, 154]	[-120, -124, -118, -113, -128]	[-163, -145, -125, -116, -126]	[-9, -22, -21, -17, -70]	[120, 126, 124, 171, 121]	[10005, 10002, 9992, 9993, 9998]	[184, 191, 187, 228, 190]
1024	34.0	[84, -20, -29, 42, 94]	[-123, -140, -87, 20, -133]	[-137, -50, 18, -15, -139]	[-55, -176, -90, -99, -82]	[116, -81, -88, 16, 16]	[-115, -27, 14, -34, 96]	[-72, 49, 5, 95, 153]	[-80, -129, -123, -115, -153]	[-165, -140, -109, -113, -121]	[-24, -9, -18, -23, -61]	[102, 116, 112, 175, 139]	[10010, 10004, 9999, 9998, 9995]	[170, 145, 178, 216, 179]
1025	37.0	[111, 22, -13, 76, 79]	[-76, -149, -62, 17, 16]	[-158, -33, 24, -15, -149]	[-50, -178, -90, -105, -85]	[128, -83, -94, 30, 22]	[-120, -23, 13, -38, 131]	[-61, 58, 1, 95, 185]	[-82, -128, -120, -113, -163]	[-166, -137, -110, -110, -118]	[-28, -33, -8, -26, -73]	[110, 115, 102, 179, 128]	[10004, 10005, 10002, 9999, 9998]	[201, 163, 164, 232, 287]
1026	34.0	[111, 22, -13, 76, 79]	[-76, -149, -62, 17, 16]	[-158, -33, 24, -15, -149]	[-50, -178, -90, -105, -85]	[128, -83, -94, 30, 22]	[-120, -23, 13, -38, 131]	[-61, 58, 1, 95, 185]	[-82, -128, -120, -113, -163]	[-166, -137, -110, -110, -118]	[-28, -33, -8, -26, -73]	[110, 115, 102, 179, 128]	[10004, 10005, 10002, 9999, 9998]	[201, 163, 164, 232, 287]
1027	35.0	[147, 70, 39, 74, 92]	[-111, -140, -79, 21, -66]	[-192, -31, 20, -11, -172]	[-52, -157, -76, -91, -96]	[118, -89, -96, 43, 9]	[-114, -37, 12, -37, 117]	[-94, 53, 4, 88, 142]	[-124, -130, -123, -113, -128]	[-163, -144, -123, -121, -124]	[1, -22, -22, -20, -65]	[117, 122, 121, 174, 172]	[10003, 9996, 9974, 9997, 9997]	[190, 185, 184, 210, 169]
1028	39.7	[147, 70, 39, 74, 92]	[-111, -140, -79, 21, -66]	[-192, -31, 20, -11, -172]	[-52, -157, -76, -91, -96]	[118, -89, -96, 43, 9]	[-114, -37, 12, -37, 117]	[-94, 53, 4, 88, 142]	[-124, -130, -123, -113, -128]	[-163, -144, -123, -121, -124]	[1, -22, -22, -20, -65]	[117, 122, 121, 174, 172]	[10003, 9996, 9974, 9997, 9997]	[190, 185, 184, 210, 169]
1029	36.0	[84, -20, -29, 42, 94]	[-123, -140, -87, 20, -133]	[-137, -50, 18, -15, -139]	[-55, -176, -90, -99, -82]	[116, -81, -88, 16, 16]	[-115, -27, 14, -34, 96]	[-72, 49, 5, 95, 153]	[-80, -129, -123, -115, -153]	[-165, -140, -109, -113, -121]	[-24, -9, -18, -23, -61]	[102, 116, 112, 175, 139]	[10010, 10004, 9999, 9998, 9995]	[170, 145, 178, 216, 179]
1030	35.7	[111, 22, -13, 76, 79]	[-76, -149, -62, 17, 16]	[-158, -33, 24, -15, -149]	[-50, -178, -90, -105, -85]	[128, -83, -94, 30, 22]	[-120, -23, 13, -38, 131]	[-61, 58, 1, 95, 185]	[-82, -128, -120, -113, -163]	[-166, -137, -110, -110, -118]	[-28, -33, -8, -26, -73]	[110, 115, 102, 179, 128]	[10004, 10005, 10002, 9999, 9998]	[201, 163, 158, 232, 287]
1031	33.0	[175, 79, 14, 50, 92]	[-162, -137, -59, 18, -112]	[-152, -44, 10, -10, -177]	[-49, -158, -106, -93, -97]	[120, -88, -96, 44, 18]	[-116, -26, 12, -37, 117]	[-94, 54, 1, 99, 149]	[-120, -131, -123, -118, -128]	[-163, -145, -118, -116, -126]	[-9, -22, -12, -17, -70]	[120, 126, 124, 158, 141]	[10003, 10000, 9992, 9993, 9998]	[184, 191, 181, 201, 162]
1032	33.7	[85, -24, -29, 42, 88]	[-96, -124, -78, 26, -132]	[-138, -49, 15, -15, -120]	[-55, -166, -79, -99, -86]	[120, -98, -92, 14, 17]	[-113, -25, 15, -33, 79]	[-78, 53, 11, 97, 160]	[-83, -128, -121, -114, -148]	[-201, -144, -114, -107, -130]	[-21, -9, -17, -25, -64]	[108, 116, 112, 177, 138]	[10009, 10001, 9996, 9999, 9992]	[170, 165, 178, 223, 181]
1033	36.0	[175, 79, 14, 50, 92]	[-162, -137, -59, 18, -112]	[-152, -44, 10, -10, -177]	[-49, -158, -106, -93, -97]	[120, -88, -96, 44, 18]	[-116, -26, 12, -37, 117]	[-85, 54, 1, 96, 149]	[-120, -131, -123, -118, -128]	[-188, -143, -112, -116, -126]	[-9, -22, -12, -17, -70]	[114, 126, 124, 158, 141]	[10003, 10000, 9992, 9993, 9998]	[184, 191, 181, 201, 162]
1034	39.7	[175, 79, 14, 50, 92]	[-162, -137, -62, 19, -97]	[-152, -43, 15, -10, -177]	[-51, -156, -77, -94, -89]	[120, -87, -93, 43, 19]	[-113, -25, 15, -38, 119]	[-94, 53, 11, 98, 156]	[-120, -131, -123, -113, -128]	[-163, -145, -123, -116, -126]	[-1, -22, -21, -17, -70]	[120, 126, 124, 158, 165]	[10003, 10000, 9992, 9993, 9998]	[184, 191, 181, 201, 162]
1035	38.7	[84, -20, -29, 42, 94]	[-123, -140, -87, 20, -133]	[-137, -50, 18, -15, -139]	[-55, -176, -90, -99, -82]	[116, -81, -88, 16, 16]	[-115, -25, 15, -34, 87]	[-78, 52, 5, 95, 153]	[-80, -129, -122, -115, -153]	[-165, -140, -112, -108, -121]	[-24, -9, -18, -24, -62]	[102, 116, 112, 177, 138]	[10010, 10004, 9999, 9998, 9993]	[170, 147, 178, 217, 187]
1036	33.3	[175, 79, 14, 50, 92]	[-162, -137, -59, 18, -112]	[-152, -44, 10, -10, -177]	[-49, -158, -106, -93, -97]	[120, -88, -96, 44, 18]	[-116, -26, 12, -37, 117]	[-85, 54, 1, 96, 149]	[-120, -131, -123, -118, -128]	[-188, -143, -112, -116, -126]	[-9, -22, -12, -17, -70]	[114, 126, 124, 158, 141]	[10003, 10000, 9992, 9993, 9998]	[184, 191, 181, 201, 162]
1037	36.0	[146, 62, 14, 76, 79]	[-76, -142, -62, 16, 16]	[-158, -36, 23, -14, -149]	[-50, -161, -99, -103, -92]	[128, -86, -94, 30, 22]	[-120, -23, 13, -38, 131]	[-87, 58, 1, 96, 166]	[-86, -131, -119, -113, -163]	[-165, -142, -114, -115, -118]	[-28, -33, -11, -21, -73]	[110, 115, 108, 159, 136]	[10004, 10005, 9986, 9995, 9998]	[201, 163, 167, 232, 287]
1038	36.3	[85, -24, -29, 42, 88]	[-96, -124, -78, 26, -132]	[-138, -49, 15, -15, -120]	[-55, -166, -79, -99, -86]	[120, -98, -92, 14, 17]	[-113, -25, 15, -33, 79]	[-78, 53, 11, 97, 160]	[-83, -128, -121, -114, -148]	[-201, -144, -114, -107, -130]	[-21, -9, -17, -25, -64]	[108, 116, 112, 177, 138]	[10009, 10001, 9996, 9999, 9992]	[170, 159, 178, 223, 181]
1039	37.0	[175, 79, 14, 50, 92]	[-162, -137, -59, 18, -112]	[-152, -44, 10, -10, -177]	[-49, -158, -106, -93, -97]	[120, -88, -96, 44, 18]	[-116, -26, 12, -37, 117]	[-85, 54, 1, 96, 149]	[-120, -131, -123, -118, -128]	[-188, -143, -112, -116, -126]	[-9, -22, -12, -17, -70]	[114, 126, 124, 158, 141]	[10003, 10000, 9992, 9993, 9998]	[184, 191, 181, 201, 162]
1040	39.3	[146, 62, 14, 76, 79]	[-76, -142, -62, 16, 16]	[-158, -36, 23, -14, -149]	[-50, -161, -99, -103, -92]	[128, -86, -94, 30, 22]	[-120, -23, 13, -38, 131]	[-87, 58, 1, 96, 166]	[-86, -131, -119, -113, -163]	[-165, -142, -114, -115, -118]	[-28, -33, -11, -21, -73]	[110, 115, 108, 159, 136]	[10004, 10005, 9986, 9995, 9998]	[201, 163, 167, 232, 287]
1041	42.0	[111, 22, -13, 76, 79]	[-76, -149, -86, 18, -78]	[-139, -50, 18, -15, -151]	[-55, -176, -85, -99, -82]	[125, -83, -93, 30, 22]	[-120, -24, 14, -38, 131]	[-70, 58, 9, 89, 171]	[-88, -129, -123, -114, -163]	[-166, -137, -117, -115, -118]	[-28, -33, -17, -23, -72]	[110, 115, 105, 161, 153]	[10004, 10005, 10002, 9999, 9998]	[201, 163, 158, 232, 287]
1042	36.0	[111, 22, -13, 76, 79]	[-76, -149, -86, 18, -78]	[-139, -50, 18, -15, -151]	[-55, -176, -85, -99, -82]	[125, -83, -93, 30, 22]	[-120, -24, 14, -38, 131]	[-70, 58, 9, 89, 171]	[-88, -129, -123, -114, -163]	[-166, -137, -117, -115, -118]	[-28, -33, -17, -23, -72]	[110, 115, 105, 161, 153]	[10004, 10005, 10002, 9999, 9998]	[201, 163, 158, 232, 287]
1043	37.7	[84, -20, -29, 42, 94]	[-123, -140, -87, 20, -133]	[-137, -42, 18, -14, -148]	[-53, -176, -90, -99, -82]	[116, -85, -93, 30, 16]	[-115, -25, 14, -37, 93]	[-78, 52, 4, 88, 153]	[-80, -125, -123, -115, -137]	[-163, -141, -112, -108, -121]	[-24, -12, -18, -23, -62]	[102, 116, 112, 177, 138]	[10010, 10004, 9999, 9998, 9993]	[170, 147, 178, 217, 187]
1044	38.3	[111, 22, -13, 76, 79]	[-76, -149, -86, 18, -78]	[-139, -50, 18, -15, -151]	[-55, -176, -85, -99, -82]	[125, -83, -93, 30, 22]	[-120, -24, 14, -38, 131]	[-70, 58, 9, 89, 171]	[-88, -129, -129, -114, -163]	[-166, -137, -117, -115, -118]	[-28, -33, -17, -23, -72]	[110, 115, 105, 161, 153]	[10004, 10005, 10002, 9999, 9998]	[201, 163, 158, 232, 287]
1045	37.3	[144, 28, 8, 74, 82]	[-100, -147, -62, 23, -13]	[-158, -32, 26, -6, -155]	[-51, -175, -91, -113, -92]	[125, -87, -100, 42, 30]	[-119, -24, 13, -39, 123]	[-61, 58, 1, 95, 182]	[-82, -120, -120, -113, -155]	[-161, -132, -121, -120, -115]	[-30, -28, -14, -15, -73]	[131, 115, 113, 180, 128]	[10004, 10005, 10002, 10005, 10000]	[211, 140, 163, 232, 287]
1046	38.3	[175, 79, 14, 50, 92]	[-162, -137, -55, 18, -112]	[-152, -44, 10, -10, -177]	[-49, -152, -77, -91, -100]	[120, -88, -96, 39, 18]	[-120, -24, 14, -38, 115]	[-94, 55, 1, 92, 154]	[-120, -124, -118, -113, -128]	[-163, -145, -125, -116, -126]	[-3, -22, -21, -17, -70]	[120, 126, 124, 158, 165]	[10009, 10000, 9992, 9993, 9998]	[184, 191, 181, 201, 162]
1047	36.3	[84, -20, -29, 42, 94]	[-123, -140, -87, 20, -133]	[-137, -42, 18, -14, -148]	[-53, -176, -90, -99, -82]	[116, -85, -93, 30, 16]	[-115, -25, 14, -37, 93]	[-78, 58, 4, 88, 153]	[-80, -125, -123, -115, -137]	[-163, -141, -112, -108, -121]	[-24, -12, -18, -23, -62]	[102, 116, 112, 177, 138]	[10010, 10004, 9999, 9998, 9993]	[170, 147, 178, 217, 187]
1048	37.0	[111, 22, -13, 76, 79]	[-76, -149, -86, 18, -78]	[-139, -44, 18, -15, -151]	[-55, -176, -85, -99, -82]	[125, -83, -93, 30, 22]	[-120, -24, 14, -38, 131]	[-76, 58, 9, 89, 171]	[-88, -129, -127, -114, -163]	[-166, -137, -117, -115, -118]	[-28, -33, -17, -23, -72]	[110, 115, 105, 161, 153]	[10004, 10005, 10002, 9999, 9998]	[201, 163, 158, 232, 287]
1049	37.3	[84, -20, -29, 42, 94]	[-123, -140, -87, 20, -133]	[-137, -42, 18, -14, -148]	[-53, -176, -90, -99, -82]	[116, -85, -93, 30, 16]	[-115, -25, 14, -37, 93]	[-78, 58, 4, 88, 153]	[-80, -125, -123, -115, -137]	[-163, -141, -112, -108, -121]	[-24, -12, -18, -23, -62]	[102, 116, 112, 177, 138]	[10010, 10004, 9999, 9998, 9993]	[170, 147, 178, 217, 187]
1050	39.3	[111, 22, -13, 76, 79]	[-76, -149, -86, 18, -78]	[-139, -44, 18, -15, -151]	[-55, -176, -85, -99, -82]	[125, -83, -93, 30, 22]	[-120, -24, 14, -38, 131]	[-76, 58, 9, 89, 171]	[-82, -129, -123, -114, -163]	[-166, -137, -116, -112, -118]	[-22, -33, -17, -23, -72]	[110, 115, 105, 161, 153]	[10004, 10005, 10002, 9999, 9998]	[201, 163, 158, 232, 287]
1051	40.7	[175, 79, 14, 50, 92]	[-162, -137, -53, 18, -112]	[-152, -44, 10, -10, -177]	[-49, -166, -76, -100, -90]	[120, -89, -96, 39, 21]	[-116, -25, 12, -37, 117]	[-94, 54, -3, 92, 147]	[-83, -131, -123, -117, -128]	[-163, -142, -122, -114, -126]	[-9, -22, -12, -17, -70]	[120, 126, 124, 158, 141]	[10003, 10000, 9992, 9993, 9998]	[184, 191, 181, 201, 162]
1052	38.0	[111, 22, -13, 76, 79]	[-76, -149, -62, 17, 16]	[-158, -33, 24, -15, -149]	[-50, -178, -90, -105, -85]	[128, -83, -94, 30, 22]	[-120, -24, 14, -38, 131]	[-61, 58, 5, 95, 185]	[-82, -128, -122, -114, -163]	[-166, -137, -114, -110, -118]	[-28, -33, -14, -21, -73]	[110, 116, 104, 165, 128]	[10003, 10001, 9999, 9998, 9998]	[201, 163, 158, 232, 287]
1053	34.3	[147, 70, 39, 74, 92]	[-111, -145, -53, 20, -66]	[-192, -31, 13, -11, -176]	[-52, -165, -98, -91, -96]	[118, -88, -94, 43, 9]	[-114, -32, 12, -37, 117]	[-94, 53, 5, 88, 142]	[-95, -128, -122, -113, -130]	[-163, -143, -122, -114, -124]	[1, -22, -21, -21, -65]	[117, 122, 121, 174, 172]	[10003, 9996, 9974, 9997, 9997]	[190, 185, 184, 210, 169]
1054	44.7	[111, 22, -13, 76, 79]	[-76, -147, -62, 17, 16]	[-158, -32, 26, -11, -153]	[-50, -172, -83, -98, -87]	[128, -87, -92, 14, 22]	[-120, -23, 12, -34, 129]	[-61, 58, 2, 95, 160]	[-93, -128, -120, -113, -153]	[-166, -137, -115, -110, -118]	[-29, -29, -17, -19, -68]	[111, 119, 113, 178, 164]	[10003, 10001, 9982, 9997, 9997]	[201, 159, 168, 226, 190]
1055	37.7	[111, 22, -13, 76, 79]	[-76, -147, -62, 17, 16]	[-158, -32, 26, -11, -153]	[-50, -172, -83, -98, -87]	[128, -87, -92, 14, 22]	[-120, -23, 12, -34, 129]	[-61, 58, 2, 95, 160]	[-93, -128, -120, -113, -153]	[-166, -137, -115, -110, -118]	[-29, -29, -17, -19, -68]	[111, 119, 113, 178, 164]	[10003, 10001, 9982, 9997, 9997]	[201, 159, 168, 226, 190]
1056	37.7	[111, 22, -13, 76, 79]	[-100, -149, -86, 18, -78]	[-138, -42, 18, -15, -149]	[-53, -176, -86, -99, -82]	[124, -85, -93, 30, 22]	[-120, -24, 14, -37, 108]	[-70, 58, 9, 89, 171]	[-88, -129, -129, -114, -163]	[-166, -137, -117, -115, -118]	[-28, -33, -17, -23, -72]	[110, 115, 105, 161, 153]	[10004, 10005, 10002, 9999, 9998]	[201, 163, 158, 232, 287]
1057	39.0	[111, 22, -13, 76, 79]	[-100, -149, -86, 18, -78]	[-138, -42, 18, -15, -149]	[-53, -176, -86, -99, -82]	[124, -85, -93, 30, 22]	[-120, -24, 14, -37, 108]	[-70, 58, 9, 89, 171]	[-88, -129, -129, -114, -163]	[-166, -137, -117, -115, -118]	[-28, -33, -17, -23, -72]	[110, 115, 105, 161, 153]	[10004, 10005, 10002, 9999, 9998]	[201, 163, 158, 232, 287]
1058	37.7	[175, 79, 14, 50, 92]	[-162, -137, -53, 18, -112]	[-152, -44, 10, -10, -177]	[-49, -166, -76, -100, -90]	[120, -89, -96, 39, 21]	[-116, -25, 12, -37, 117]	[-94, 54, -3, 92, 147]	[-83, -131, -123, -117, -128]	[-163, -142, -114, -115, -126]	[-9, -22, -15, -17, -70]	[114, 126, 124, 158, 162]	[10003, 10000, 9992, 9993, 9998]	[184, 191, 181, 201, 162]
1059	42.3	[175, 79, 14, 50, 92]	[-162, -137, -59, 18, -112]	[-152, -44, 10, -10, -177]	[-49, -166, -76, -100, -90]	[120, -89, -96, 39, 21]	[-116, -25, 12, -37, 117]	[-92, 58, 2, 92, 147]	[-82, -131, -123, -117, -128]	[-163, -142, -122, -115, -126]	[-10, -22, -12, -17, -70]	[120, 126, 124, 158, 141]	[10003, 10000, 9992, 9993, 9998]	[184, 191, 181, 201, 162]
1060	38.3	[175, 79, 14, 50, 92]	[-162, -137, -59, 18, -112]	[-152, -44, 10, -10, -177]	[-49, -166, -76, -100, -90]	[120, -89, -96, 39, 21]	[-116, -25, 12, -37, 117]	[-92, 58, 2, 92, 147]	[-82, -131, -123, -117, -128]	[-163, -142, -122, -115, -126]	[-10, -22, -12, -17, -70]	[120, 126, 124, 158, 141]	[10003, 10000, 9992, 9993, 9998]	[184, 191, 181, 201, 162]
1061	37.3	[111, 22, -13, 76, 79]	[-76, -147, -62, 17, 16]	[-158, -32, 26, -11, -153]	[-50, -172, -83, -98, -93]	[128, -87, -92, 14, 22]	[-120, -23, 12, -34, 129]	[-61, 58, 2, 95, 160]	[-93, -128, -120, -113, -159]	[-166, -137, -115, -110, -118]	[-29, -29, -17, -19, -68]	[111, 119, 113, 178, 164]	[10003, 10001, 9982, 9997, 9997]	[201, 159, 168, 226, 190]
1062	37.3	[144, 28, 8, 74, 82]	[-100, -147, -62, 23, -13]	[-158, -32, 26, -6, -155]	[-51, -175, -91, -113, -92]	[125, -87, -100, 42, 30]	[-119, -24, 13, -39, 123]	[-61, 58, 1, 95, 182]	[-82, -120, -120, -113, -155]	[-161, -132, -121, -120, -115]	[-30, -28, -14, -15, -73]	[131, 115, 113, 180, 128]	[10004, 10005, 10002, 10005, 10000]	[211, 140, 163, 232, 287]
1063	37.3	[84, -20, -29, 42, 94]	[-123, -140, -87, 20, -133]	[-145, -42, 18, -14, -148]	[-53, -176, -90, -91, -82]	[116, -87, -93, 42, 16]	[-115, -25, 12, -37, 95]	[-78, 56, 4, 88, 147]	[-95, -127, -123, -115, -137]	[-163, -141, -112, -108, -121]	[-24, -12, -18, -23, -62]	[102, 116, 112, 177, 138]	[10010, 10004, 9999, 9998, 9999]	[170, 147, 178, 217, 187]
1064	39.3	[100, 20, -27, 76, 79]	[-76, -147, -62, 20, -118]	[-158, -32, 26, -13, -148]	[-55, -170, -90, -97, -88]	[122, -90, -93, 16, 22]	[-120, -24, 14, -36, 83]	[-61, 58, 3, 90, 166]	[-93, -128, -125, -113, -163]	[-166, -133, -116, -110, -118]	[-29, -29, -18, -19, -73]	[115, 121, 113, 178, 158]	[10003, 10001, 9982, 9997, 9997]	[201, 163, 158, 232, 287]
1065	37.3	[175, 79, 14, 50, 92]	[-156, -137, -60, 18, -112]	[-146, -44, 14, -15, -177]	[-49, -166, -76, -100, -90]	[125, -87, -96, 39, 21]	[-116, -25, 12, -37, 117]	[-94, 54, -3, 92, 166]	[-83, -129, -123, -114, -128]	[-163, -148, -122, -115, -126]	[-10, -22, -13, -17, -70]	[120, 126, 124, 158, 141]	[10003, 10000, 9992, 9993, 9998]	[184, 191, 181, 201, 162]
1066	35.3	[111, 22, -13, 76, 79]	[-100, -149, -86, 18, -78]	[-138, -42, 18, -15, -149]	[-53, -176, -86, -99, -82]	[124, -85, -93, 30, 22]	[-120, -24, 14, -37, 108]	[-70, 58, 9, 89, 171]	[-88, -129, -129, -114, -163]	[-166, -137, -117, -115, -118]	[-28, -33, -17, -23, -72]	[110, 115, 105, 161, 153]	[10004, 10005, 10002, 9999, 9998]	[201, 163, 158, 232, 287]
1067	37.3	[147, 70, 39, 74, 92]	[-111, -145, -53, 20, -66]	[-192, -31, 13, -11, -176]	[-52, -165, -98, -91, -96]	[118, -88, -94, 43, 9]	[-114, -32, 12, -37, 117]	[-75, 58, 5, 88, 142]	[-95, -128, -125, -113, -130]	[-163, -143, -117, -114, -124]	[1, -22, -17, -21, -65]	[117, 122, 117, 176, 166]	[10003, 9996, 9974, 9997, 9997]	[190, 185, 184, 210, 169]
1068	42.3	[100, 20, -27, 76, 79]	[-76, -147, -59, 20, -118]	[-158, -32, 21, -13, -151]	[-55, -170, -90, -98, -90]	[120, -90, -93, 16, 22]	[-119, -24, 14, -37, 83]	[-61, 58, 3, 90, 166]	[-93, -128, -125, -113, -163]	[-166, -133, -116, -110, -118]	[-29, -29, -18, -19, -73]	[115, 121, 113, 178, 158]	[10003, 10001, 9982, 9997, 9997]	[201, 163, 158, 232, 287]
1069	35.3	[175, 79, 14, 50, 92]	[-162, -145, -59, 18, -118]	[-152, -44, 10, -10, -177]	[-49, -169, -76, -100, -90]	[120, -90, -95, 39, 21]	[-116, -24, 13, -37, 107]	[-92, 58, 2, 90, 164]	[-82, -128, -123, -117, -128]	[-163, -133, -116, -115, -126]	[-10, -24, -15, -18, -70]	[120, 126, 124, 167, 143]	[10003, 10000, 9992, 9993, 9998]	[184, 191, 181, 201, 162]
1070	35.7	[84, -20, -29, 42, 94]	[-123, -140, -87, 20, -133]	[-145, -42, 18, -14, -148]	[-53, -176, -90, -91, -82]	[116, -87, -93, 42, 16]	[-115, -25, 12, -37, 95]	[-78, 56, 4, 88, 147]	[-95, -127, -123, -115, -137]	[-163, -141, -112, -108, -121]	[-24, -12, -18, -23, -62]	[102, 116, 118, 177, 138]	[10010, 10004, 9999, 9998, 9999]	[170, 147, 178, 217, 187]
1071	37.7	[175, 74, 14, 50, 92]	[-113, -137, -54, 18, -123]	[-152, -34, 20, -10, -177]	[-49, -174, -78, -100, -91]	[119, -85, -94, 39, 21]	[-115, -25, 12, -37, 110]	[-89, 57, 3, 92, 147]	[-82, -127, -121, -116, -128]	[-163, -141, -116, -111, -121]	[-10, -22, -13, -17, -69]	[120, 126, 124, 158, 147]	[10003, 10000, 9992, 9993, 9998]	[184, 191, 181, 201, 162]
1072	39.0	[111, 22, -13, 76, 79]	[-159, -144, -55, 18, 22]	[-156, -38, 16, -15, -158]	[-49, -171, -88, -101, -91]	[128, -83, -94, 30, 22]	[-118, -25, 13, -37, 124]	[-82, 58, 2, 92, 178]	[-82, -130, -123, -114, -163]	[-166, -137, -114, -115, -118]	[-28, -33, -13, -20, -73]	[110, 115, 105, 165, 128]	[10003, 10001, 9999, 9998, 9998]	[201, 163, 158, 232, 287]
1073	33.0	[111, 22, -13, 76, 79]	[-100, -149, -86, 18, -78]	[-138, -42, 18, -15, -149]	[-53, -176, -86, -99, -82]	[124, -85, -93, 30, 22]	[-120, -24, 13, -37, 108]	[-70, 58, 9, 89, 181]	[-88, -128, -124, -114, -163]	[-162, -137, -117, -115, -118]	[-28, -33, -17, -23, -72]	[104, 115, 105, 161, 153]	[10004, 10005, 10002, 9999, 9998]	[201, 163, 158, 232, 287]
1074	37.3	[84, -20, -29, 42, 94]	[-123, -140, -87, 20, -133]	[-145, -42, 18, -14, -148]	[-53, -176, -90, -91, -82]	[116, -87, -93, 42, 16]	[-115, -25, 12, -37, 95]	[-78, 56, 4, 88, 147]	[-95, -127, -123, -115, -137]	[-163, -141, -112, -108, -121]	[-24, -12, -18, -23, -62]	[102, 116, 118, 177, 138]	[10010, 10004, 9999, 9998, 9999]	[170, 147, 178, 217, 187]
1075	34.3	[138, 24, 8, 74, 92]	[-116, -145, -67, 23, -38]	[-158, -38, 19, -8, -149]	[-51, -176, -85, -99, -91]	[120, -87, -94, 34, 22]	[-120, -24, 13, -37, 111]	[-78, 57, 9, 90, 182]	[-83, -125, -129, -114, -160]	[-161, -133, -117, -117, -117]	[-30, -28, -12, -21, -72]	[113, 121, 121, 174, 128]	[10004, 10005, 10002, 10005, 10000]	[211, 140, 163, 232, 287]
1076	36.7	[84, -20, -29, 42, 94]	[-123, -140, -87, 20, -133]	[-145, -42, 18, -14, -148]	[-53, -176, -90, -91, -82]	[116, -87, -93, 42, 16]	[-115, -25, 12, -37, 95]	[-78, 56, 4, 88, 147]	[-95, -127, -123, -115, -137]	[-163, -141, -112, -108, -121]	[-24, -12, -18, -23, -62]	[102, 116, 118, 177, 138]	[10010, 10004, 9999, 9998, 9999]	[170, 147, 178, 217, 187]
1077	36.3	[147, 70, 39, 74, 92]	[-149, -137, -55, 21, -66]	[-169, -42, 12, -11, -176]	[-52, -165, -77, -95, -96]	[121, -89, -94, 39, 17]	[-116, -32, 12, -37, 117]	[-90, 58, 5, 88, 142]	[-95, -128, -119, -114, -129]	[-163, -146, -117, -114, -124]	[1, -22, -17, -21, -65]	[117, 122, 117, 176, 166]	[10003, 9996, 9974, 9997, 9997]	[190, 185, 184, 210, 169]
1078	42.7	[84, -20, -29, 42, 94]	[-123, -140, -87, 20, -133]	[-145, -42, 18, -14, -148]	[-53, -176, -90, -91, -82]	[116, -87, -93, 42, 16]	[-115, -25, 12, -37, 95]	[-78, 56, 4, 88, 147]	[-95, -127, -123, -115, -137]	[-163, -141, -112, -108, -121]	[-24, -12, -18, -23, -62]	[102, 116, 118, 177, 138]	[10010, 10004, 9999, 9998, 9999]	[170, 147, 178, 217, 187]
1079	39.7	[147, 76, 39, 74, 92]	[-149, -137, -55, 21, -66]	[-169, -42, 12, -11, -176]	[-52, -165, -77, -95, -96]	[121, -89, -94, 39, 17]	[-116, -32, 12, -37, 117]	[-90, 58, -1, 88, 142]	[-95, -128, -119, -114, -129]	[-163, -146, -117, -114, -124]	[1, -22, -17, -21, -65]	[117, 122, 117, 176, 166]	[10003, 9996, 9974, 9997, 9997]	[190, 185, 184, 210, 169]
1080	38.3	[144, 28, 8, 74, 92]	[-120, -138, -61, 23, -38]	[-158, -32, 25, 0, -155]	[-51, -175, -82, -107, -91]	[120, -87, -98, 42, 30]	[-119, -25, 13, -37, 117]	[-82, 58, 2, 92, 182]	[-82, -115, -123, -113, -155]	[-161, -132, -121, -118, -115]	[-30, -28, -12, -17, -73]	[123, 126, 121, 170, 128]	[10003, 10005, 10002, 10005, 10000]	[211, 140, 163, 232, 287]
1081	35.7	[175, 74, 14, 50, 92]	[-113, -137, -54, 18, -123]	[-152, -34, 20, -10, -177]	[-49, -174, -78, -100, -91]	[126, -85, -94, 39, 21]	[-115, -25, 12, -37, 110]	[-88, 57, 2, 92, 147]	[-82, -127, -122, -114, -128]	[-163, -141, -120, -117, -121]	[-10, -25, -12, -17, -69]	[120, 126, 122, 165, 141]	[10003, 10000, 9992, 9993, 9998]	[184, 191, 181, 201, 162]
1082	33.0	[138, 24, 8, 74, 92]	[-142, -140, -59, 22, -40]	[-158, -42, 13, -9, -149]	[-51, -171, -77, -99, -91]	[120, -87, -94, 39, 21]	[-120, -24, 13, -37, 111]	[-78, 57, 2, 88, 182]	[-94, -128, -129, -114, -160]	[-161, -143, -117, -115, -117]	[-30, -28, -16, -21, -72]	[113, 121, 121, 176, 148]	[10004, 10005, 9974, 10005, 10000]	[194, 140, 163, 232, 287]
1083	39.7	[111, 22, -13, 76, 79]	[-76, -147, -62, 17, 16]	[-158, -32, 26, -11, -153]	[-50, -172, -83, -98, -93]	[128, -86, -98, 14, 22]	[-120, -23, 12, -34, 129]	[-61, 57, 2, 94, 160]	[-89, -127, -121, -114, -130]	[-166, -137, -115, -110, -121]	[-29, -29, -17, -19, -75]	[105, 119, 113, 178, 164]	[10003, 10001, 9982, 9997, 9997]	[201, 159, 168, 226, 190]
1084	37.7	[169, 63, 8, 74, 92]	[-120, -140, -59, 23, -38]	[-158, -32, 20, -7, -168]	[-51, -175, -82, -107, -90]	[120, -90, -98, 42, 30]	[-117, -24, 13, -37, 107]	[-88, 58, 2, 91, 182]	[-82, -125, -123, -115, -144]	[-161, -133, -117, -118, -115]	[-10, -23, -15, -23, -73]	[123, 126, 120, 173, 128]	[10003, 10003, 10002, 10005, 10000]	[211, 140, 163, 231, 287]
1085	40.3	[175, 79, 14, 50, 92]	[-162, -145, -59, 18, -118]	[-152, -44, 10, -10, -177]	[-49, -169, -76, -100, -90]	[120, -90, -95, 39, 21]	[-110, -25, 13, -37, 107]	[-92, 58, 2, 90, 164]	[-82, -128, -123, -117, -128]	[-163, -133, -116, -115, -126]	[-10, -24, -15, -18, -70]	[120, 126, 124, 167, 143]	[10003, 10000, 9992, 9993, 9998]	[184, 191, 181, 201, 162]
1086	36.7	[111, 22, -13, 76, 79]	[-76, -147, -62, 17, 16]	[-158, -32, 26, -11, -153]	[-50, -172, -83, -98, -93]	[128, -86, -98, 14, 22]	[-120, -23, 12, -34, 129]	[-61, 57, 2, 94, 160]	[-89, -127, -121, -114, -130]	[-166, -137, -115, -110, -121]	[-29, -29, -17, -19, -75]	[105, 119, 113, 178, 164]	[10003, 10001, 9982, 9997, 9997]	[201, 159, 168, 226, 190]
1087	37.3	[111, 22, -13, 76, 85]	[-100, -155, -86, 18, -78]	[-138, -42, 18, -15, -149]	[-53, -176, -86, -99, -82]	[124, -85, -93, 30, 22]	[-120, -24, 13, -37, 114]	[-70, 58, 9, 89, 181]	[-88, -128, -124, -114, -163]	[-162, -137, -117, -121, -118]	[-28, -33, -17, -23, -72]	[104, 115, 105, 161, 147]	[10004, 10005, 10002, 9999, 9998]	[201, 163, 158, 232, 287]
1088	37.7	[111, 22, -13, 76, 79]	[-159, -144, -55, 18, 22]	[-156, -38, 16, -15, -158]	[-49, -171, -88, -95, -91]	[128, -77, -94, 30, 22]	[-118, -25, 13, -37, 124]	[-82, 58, 2, 92, 178]	[-82, -130, -123, -114, -163]	[-166, -137, -114, -115, -124]	[-28, -33, -13, -26, -73]	[110, 115, 105, 165, 128]	[10003, 10001, 9999, 9998, 9998]	[201, 163, 158, 232, 287]
1089	36.7	[147, 76, 12, 74, 92]	[-142, -139, -55, 21, -49]	[-169, -42, 12, -11, -169]	[-52, -165, -77, -95, -96]	[121, -88, -94, 39, 17]	[-120, -26, 12, -37, 119]	[-89, 58, -1, 88, 142]	[-94, -125, -120, -114, -129]	[-163, -142, -117, -114, -124]	[1, -22, -17, -21, -65]	[117, 122, 117, 176, 166]	[10003, 9996, 9968, 9997, 9997]	[190, 185, 184, 210, 169]
1090	35.3	[169, 63, 8, 74, 92]	[-120, -140, -59, 23, -38]	[-158, -32, 20, -7, -168]	[-51, -175, -82, -107, -90]	[120, -90, -98, 42, 30]	[-117, -24, 13, -37, 107]	[-94, 58, 2, 91, 182]	[-82, -125, -123, -115, -144]	[-161, -133, -117, -118, -115]	[-10, -23, -15, -23, -73]	[123, 126, 120, 173, 128]	[10003, 10003, 10002, 10005, 10000]	[211, 140, 163, 231, 287]
1091	36.3	[102, 62, -27, 76, 79]	[-98, -144, -55, 20, -118]	[-157, -32, 21, -7, -151]	[-54, -174, -81, -100, -90]	[122, -85, -94, 33, 21]	[-116, -24, 12, -37, 104]	[-72, 58, 3, 91, 151]	[-93, -128, -123, -116, -161]	[-166, -138, -119, -114, -124]	[-13, -29, -17, -19, -73]	[115, 121, 113, 178, 158]	[10003, 10001, 9982, 9997, 10003]	[201, 163, 158, 232, 287]
1092	35.7	[111, 22, -13, 76, 79]	[-159, -144, -55, 18, 22]	[-156, -38, 16, -15, -158]	[-49, -170, -88, -99, -91]	[128, -78, -94, 30, 22]	[-118, -25, 13, -37, 124]	[-82, 58, 2, 91, 178]	[-83, -120, -123, -113, -161]	[-166, -132, -116, -117, -124]	[-28, -33, -12, -22, -73]	[111, 119, 119, 168, 128]	[10003, 10001, 9999, 10002, 9999]	[201, 163, 158, 232, 287]
1093	34.3	[100, 20, -27, 76, 79]	[-76, -147, -59, 20, -118]	[-154, -33, 20, -8, -166]	[-51, -170, -90, -100, -91]	[119, -86, -94, 34, 22]	[-118, -24, 12, -37, 104]	[-72, 58, 3, 91, 166]	[-93, -128, -125, -116, -161]	[-166, -133, -119, -114, -124]	[-29, -29, -18, -19, -73]	[115, 121, 113, 178, 158]	[10003, 10001, 9982, 9997, 10003]	[201, 163, 158, 232, 287]
1094	36.7	[100, 20, -27, 76, 79]	[-76, -147, -59, 20, -118]	[-154, -33, 20, -8, -166]	[-51, -170, -90, -100, -91]	[119, -86, -94, 34, 22]	[-118, -24, 12, -37, 104]	[-72, 58, 3, 91, 166]	[-93, -128, -125, -116, -161]	[-166, -133, -119, -114, -124]	[-29, -29, -18, -19, -73]	[115, 121, 113, 178, 158]	[10003, 10001, 9982, 9997, 10003]	[201, 163, 158, 232, 287]
1095	38.3	[175, 73, 14, 50, 92]	[-162, -145, -59, 18, -118]	[-152, -44, 10, -10, -177]	[-49, -169, -76, -100, -90]	[120, -90, -95, 39, 21]	[-110, -25, 13, -37, 107]	[-92, 58, 2, 90, 164]	[-82, -128, -123, -117, -128]	[-163, -133, -116, -115, -126]	[-10, -24, -15, -18, -70]	[120, 126, 124, 173, 143]	[10003, 10000, 9992, 9993, 9998]	[184, 191, 181, 201, 162]
1096	41.0	[175, 73, 14, 50, 92]	[-162, -145, -59, 18, -118]	[-152, -44, 10, -10, -177]	[-49, -169, -76, -100, -90]	[120, -90, -95, 39, 21]	[-110, -25, 13, -37, 107]	[-92, 58, 2, 90, 164]	[-82, -128, -123, -117, -128]	[-163, -133, -116, -115, -126]	[-10, -24, -15, -18, -70]	[120, 126, 124, 173, 143]	[10003, 10000, 9992, 9993, 9998]	[184, 191, 181, 201, 162]
1097	36.3	[111, 22, -13, 76, 79]	[-159, -144, -55, 18, 22]	[-156, -38, 16, -15, -158]	[-49, -170, -88, -99, -91]	[128, -78, -94, 30, 22]	[-118, -25, 13, -37, 124]	[-82, 58, 2, 91, 178]	[-83, -120, -123, -113, -161]	[-166, -132, -116, -117, -124]	[-28, -33, -12, -22, -73]	[111, 119, 119, 168, 128]	[10003, 10001, 9999, 10002, 9999]	[201, 163, 158, 232, 287]
1098	35.7	[111, 22, -13, 76, 79]	[-159, -144, -55, 18, 22]	[-156, -38, 16, -15, -158]	[-49, -170, -88, -95, -91]	[126, -81, -94, 30, 22]	[-118, -25, 13, -37, 124]	[-82, 58, 2, 92, 178]	[-82, -128, -123, -114, -155]	[-166, -137, -114, -116, -110]	[-28, -33, -12, -24, -73]	[110, 120, 105, 165, 128]	[10003, 10005, 10001, 9998, 9998]	[201, 163, 158, 232, 287]
1099	37.3	[100, 20, -18, 73, 82]	[-76, -147, -59, 20, -118]	[-158, -32, 11, -12, -176]	[-55, -169, -80, -98, -90]	[120, -89, -93, 16, 21]	[-118, -25, 12, -37, 106]	[-91, 58, 3, 90, 166]	[-92, -128, -124, -113, -134]	[-166, -138, -117, -110, -132]	[-29, -28, -16, -21, -67]	[115, 122, 115, 178, 158]	[10003, 10005, 9974, 9997, 10003]	[199, 140, 158, 232, 287]
1100	39.3	[100, 20, -18, 73, 82]	[-76, -147, -59, 20, -118]	[-158, -32, 11, -12, -176]	[-55, -169, -80, -98, -90]	[120, -89, -93, 16, 21]	[-118, -25, 12, -37, 106]	[-91, 58, 3, 90, 166]	[-92, -128, -124, -113, -134]	[-166, -138, -117, -110, -132]	[-29, -28, -16, -21, -67]	[115, 122, 115, 178, 158]	[10003, 10005, 9974, 9997, 10003]	[199, 140, 133, 232, 287]
1101	35.7	[147, 60, -17, 74, 92]	[-104, -146, -58, 20, -64]	[-169, -42, 14, -15, -169]	[-52, -170, -88, -97, -96]	[121, -88, -94, 39, 17]	[-118, -25, 18, -37, 119]	[-65, 58, 2, 89, 142]	[-94, -127, -120, -114, -152]	[-163, -142, -117, -111, -124]	[-19, -25, -17, -21, -65]	[117, 122, 117, 153, 162]	[10003, 9996, 9968, 9997, 9997]	[190, 185, 184, 210, 169]
1102	36.0	[100, 20, -27, 76, 79]	[-76, -146, -59, 19, -118]	[-154, -41, 19, -10, -174]	[-51, -169, -90, -100, -91]	[119, -86, -94, 34, 22]	[-118, -25, 12, -37, 104]	[-72, 58, 3, 96, 166]	[-83, -128, -125, -116, -148]	[-165, -128, -116, -115, -124]	[-39, -29, -18, -19, -73]	[115, 121, 113, 177, 158]	[10003, 10001, 9982, 9997, 10003]	[201, 163, 158, 232, 287]
1103	37.0	[147, 60, -17, 74, 92]	[-104, -146, -58, 20, -64]	[-169, -42, 14, -15, -169]	[-52, -170, -88, -97, -96]	[121, -88, -94, 39, 17]	[-118, -25, 18, -37, 119]	[-65, 58, 2, 89, 142]	[-94, -127, -120, -114, -152]	[-163, -142, -117, -111, -124]	[-19, -25, -17, -21, -65]	[117, 122, 111, 153, 162]	[10003, 9996, 9968, 9997, 9997]	[190, 185, 184, 210, 169]
1104	37.0	[111, 22, -13, 76, 79]	[-159, -144, -86, 18, 22]	[-156, -38, 16, -15, -158]	[-49, -170, -88, -99, -91]	[128, -78, -94, 30, 22]	[-118, -25, 13, -37, 124]	[-91, 58, 2, 90, 178]	[-83, -120, -124, -113, -144]	[-166, -136, -116, -117, -132]	[-28, -30, -16, -22, -73]	[111, 119, 119, 173, 128]	[10003, 10007, 9999, 10002, 9999]	[201, 163, 158, 232, 287]
1105	38.7	[147, 76, 12, 74, 92]	[-142, -139, -55, 21, -49]	[-169, -42, 12, -11, -169]	[-52, -165, -77, -95, -96]	[121, -88, -94, 39, 17]	[-120, -26, 18, -37, 119]	[-89, 58, -1, 88, 142]	[-94, -131, -125, -114, -129]	[-188, -142, -117, -114, -124]	[1, -22, -17, -21, -65]	[117, 122, 117, 176, 166]	[10003, 9996, 9968, 9997, 9997]	[190, 185, 184, 210, 169]
1106	39.0	[147, 60, -17, 74, 92]	[-104, -146, -58, 20, -64]	[-169, -42, 14, -15, -169]	[-52, -170, -88, -97, -96]	[121, -88, -94, 39, 17]	[-118, -25, 18, -37, 119]	[-65, 58, 2, 89, 142]	[-94, -127, -120, -114, -152]	[-163, -142, -117, -111, -124]	[-19, -25, -17, -21, -65]	[117, 122, 111, 153, 162]	[10003, 9996, 9968, 9997, 9997]	[190, 185, 184, 210, 169]
1107	37.7	[147, 60, -17, 74, 92]	[-104, -146, -58, 20, -64]	[-169, -42, 14, -15, -169]	[-52, -170, -88, -97, -96]	[121, -88, -94, 39, 17]	[-118, -25, 18, -37, 119]	[-65, 58, 2, 89, 142]	[-94, -127, -120, -114, -152]	[-163, -142, -117, -111, -124]	[-19, -25, -17, -21, -65]	[117, 122, 111, 153, 162]	[10003, 9996, 9968, 9997, 9997]	[190, 185, 184, 210, 169]
1108	35.3	[111, 22, -13, 76, 79]	[-159, -144, -55, 18, 22]	[-158, -36, 22, -4, -156]	[-50, -170, -88, -95, -91]	[126, -81, -94, 30, 22]	[-87, -25, 13, -37, 124]	[-82, 58, 2, 92, 178]	[-82, -128, -123, -114, -155]	[-166, -137, -114, -116, -110]	[-28, -33, -12, -24, -73]	[110, 120, 105, 165, 128]	[10003, 10005, 10001, 9998, 9998]	[201, 163, 158, 232, 287]
1109	36.7	[147, 60, -17, 74, 92]	[-104, -146, -58, 20, -58]	[-169, -42, 14, -15, -169]	[-52, -170, -88, -97, -96]	[121, -88, -94, 39, 17]	[-100, -25, 17, -37, 121]	[-82, 58, 2, 90, 142]	[-89, -127, -122, -114, -152]	[-163, -142, -117, -114, -116]	[-19, -25, -17, -21, -65]	[117, 122, 111, 153, 162]	[10003, 9996, 9968, 9997, 9997]	[190, 185, 184, 210, 169]
1110	44.7	[100, 20, -27, 76, 79]	[-76, -147, -59, 20, -118]	[-154, -33, 20, -8, -166]	[-51, -170, -90, -100, -91]	[119, -86, -94, 34, 22]	[-118, -24, 12, -37, 104]	[-69, 58, 2, 91, 164]	[-92, -122, -150, -114, -132]	[-160, -133, -119, -114, -124]	[-29, -29, -18, -19, -73]	[115, 121, 113, 178, 158]	[10003, 10001, 9982, 9997, 10003]	[201, 163, 158, 232, 287]
1111	35.7	[100, 20, -18, 73, 82]	[-76, -147, -59, 20, -118]	[-158, -32, 11, -12, -176]	[-55, -169, -80, -98, -90]	[120, -81, -93, 29, 21]	[-118, -25, 12, -37, 106]	[-91, 58, 2, 91, 166]	[-87, -128, -124, -114, -131]	[-165, -137, -116, -113, -132]	[-29, -26, -16, -21, -67]	[114, 124, 115, 172, 146]	[10003, 10005, 9974, 9997, 10003]	[199, 140, 133, 232, 287]
1112	33.0	[100, 20, -27, 76, 79]	[-76, -147, -59, 20, -118]	[-154, -33, 20, -8, -166]	[-51, -170, -90, -100, -91]	[119, -86, -94, 34, 22]	[-118, -24, 12, -37, 104]	[-69, 58, 2, 91, 164]	[-92, -122, -150, -114, -132]	[-160, -133, -119, -114, -124]	[-29, -29, -18, -19, -73]	[115, 121, 113, 178, 158]	[10003, 10001, 9982, 9997, 10003]	[201, 163, 158, 232, 287]
1113	36.0	[111, 22, -13, 76, 79]	[-159, -144, -86, 18, 22]	[-156, -38, 16, -15, -158]	[-49, -170, -88, -99, -91]	[128, -78, -94, 30, 22]	[-102, -25, 13, -37, 124]	[-91, 58, 2, 90, 178]	[-83, -120, -124, -113, -144]	[-166, -136, -116, -117, -132]	[-28, -30, -16, -22, -73]	[111, 119, 119, 173, 128]	[10003, 10007, 9999, 10002, 9999]	[201, 163, 158, 232, 287]
1114	35.3	[175, 73, 14, 50, 92]	[-162, -151, -65, 18, -118]	[-152, -44, 10, -10, -177]	[-49, -169, -76, -100, -90]	[120, -90, -95, 39, 21]	[-110, -25, 7, -37, 107]	[-92, 58, 2, 90, 164]	[-82, -128, -123, -117, -128]	[-157, -133, -116, -115, -126]	[-10, -24, -15, -18, -70]	[120, 126, 124, 173, 143]	[10003, 10000, 9992, 9993, 9998]	[184, 216, 166, 231, 277]
1115	44.7	[147, 76, 12, 74, 92]	[-148, -139, -55, 21, -49]	[-169, -42, 12, -11, -169]	[-52, -165, -77, -95, -96]	[121, -83, -94, 37, 21]	[-120, -26, 17, -37, 106]	[-87, 58, 2, 88, 156]	[-94, -129, -134, -114, -129]	[-162, -140, -117, -114, -124]	[-16, -28, -18, -19, -72]	[117, 122, 116, 178, 166]	[10003, 9996, 9968, 9997, 9997]	[190, 185, 184, 210, 169]
1116	38.7	[147, 60, -17, 74, 92]	[-104, -146, -58, 20, -58]	[-169, -42, 14, -15, -169]	[-52, -170, -88, -97, -96]	[121, -88, -94, 39, 17]	[-100, -25, 17, -37, 121]	[-82, 58, 2, 90, 142]	[-89, -127, -122, -114, -152]	[-163, -142, -117, -114, -116]	[-19, -25, -17, -21, -65]	[117, 122, 111, 153, 162]	[10003, 9996, 9968, 9997, 9997]	[190, 185, 184, 210, 169]
1117	42.7	[147, 60, -17, 74, 92]	[-104, -146, -58, 20, -58]	[-169, -42, 14, -15, -169]	[-52, -170, -88, -97, -96]	[121, -88, -94, 39, 17]	[-100, -25, 17, -37, 121]	[-82, 58, 2, 90, 142]	[-89, -127, -122, -114, -152]	[-163, -142, -117, -114, -116]	[-19, -25, -17, -21, -65]	[117, 122, 111, 153, 162]	[10003, 9996, 9968, 9997, 9997]	[190, 185, 184, 210, 169]
1118	36.3	[147, 76, 12, 74, 92]	[-142, -139, -55, 21, -49]	[-169, -42, 12, -11, -169]	[-46, -165, -78, -95, -96]	[121, -88, -94, 39, 17]	[-120, -26, 18, -37, 119]	[-87, 58, -1, 88, 142]	[-94, -131, -125, -114, -129]	[-179, -142, -117, -114, -124]	[1, -29, -16, -21, -65]	[117, 122, 117, 174, 135]	[10003, 10004, 9972, 10002, 9997]	[190, 185, 184, 212, 261]
1119	33.7	[100, 20, -18, 73, 82]	[-76, -147, -59, 20, -118]	[-158, -32, 11, -12, -176]	[-55, -169, -85, -98, -90]	[120, -87, -93, 28, 21]	[-118, -25, 12, -37, 107]	[-91, 58, 2, 91, 166]	[-92, -128, -124, -116, -134]	[-164, -130, -116, -113, -132]	[-10, -28, -18, -21, -67]	[115, 121, 115, 178, 158]	[10003, 10005, 9974, 9996, 9999]	[199, 140, 166, 232, 287]
1120	37.7	[100, 20, -18, 73, 82]	[-76, -147, -59, 20, -118]	[-158, -32, 11, -12, -176]	[-55, -169, -85, -98, -90]	[120, -87, -93, 28, 21]	[-118, -25, 12, -37, 107]	[-91, 58, 2, 91, 166]	[-92, -128, -124, -116, -134]	[-164, -130, -116, -107, -132]	[-10, -28, -18, -21, -67]	[115, 121, 115, 178, 158]	[10003, 10005, 9974, 9996, 9999]	[199, 140, 166, 232, 287]
1121	37.7	[100, 20, -18, 73, 82]	[-76, -147, -59, 20, -118]	[-158, -32, 11, -12, -176]	[-55, -169, -85, -98, -90]	[120, -87, -93, 28, 21]	[-118, -25, 12, -37, 107]	[-91, 58, 2, 91, 166]	[-92, -128, -124, -116, -134]	[-164, -130, -116, -107, -132]	[-10, -28, -18, -21, -67]	[115, 121, 115, 178, 158]	[10003, 10005, 9974, 9996, 9999]	[199, 140, 166, 232, 287]
1122	37.0	[147, 60, -17, 68, 92]	[-104, -146, -58, 20, -58]	[-169, -42, 12, -15, -169]	[-52, -170, -88, -98, -92]	[123, -82, -94, 29, 20]	[-118, -25, 17, -37, 119]	[-70, 58, 2, 92, 151]	[-94, -127, -120, -114, -152]	[-163, -142, -117, -111, -124]	[-19, -25, -17, -15, -65]	[117, 122, 111, 153, 162]	[10003, 9996, 9968, 9997, 9997]	[190, 185, 184, 210, 169]
1123	42.3	[147, 60, -17, 68, 92]	[-104, -146, -58, 20, -58]	[-169, -42, 12, -15, -169]	[-52, -170, -88, -98, -92]	[123, -82, -94, 29, 20]	[-118, -25, 17, -37, 119]	[-70, 58, 2, 92, 151]	[-94, -127, -120, -114, -152]	[-163, -142, -117, -111, -124]	[-19, -25, -17, -15, -65]	[117, 122, 111, 153, 162]	[10003, 9996, 9968, 9997, 9997]	[190, 185, 184, 210, 169]
1124	40.7	[147, 76, 12, 74, 92]	[-142, -139, -55, 21, -49]	[-169, -42, 12, -11, -169]	[-46, -165, -78, -95, -96]	[121, -88, -94, 39, 17]	[-120, -26, 18, -37, 119]	[-87, 58, -1, 88, 142]	[-94, -131, -131, -114, -129]	[-188, -142, -117, -114, -124]	[1, -22, -17, -21, -65]	[117, 122, 117, 176, 166]	[10003, 9996, 9968, 9997, 9997]	[190, 185, 184, 210, 169]
1125	39.7	[147, 76, 12, 74, 92]	[-148, -139, -55, 21, -49]	[-169, -42, 12, -11, -169]	[-52, -165, -77, -95, -96]	[121, -83, -94, 37, 21]	[-120, -26, 17, -37, 106]	[-81, 58, 2, 88, 156]	[-94, -129, -134, -114, -129]	[-162, -140, -117, -114, -124]	[-16, -28, -18, -19, -72]	[117, 122, 116, 178, 166]	[10003, 9996, 9968, 9997, 9997]	[190, 185, 184, 210, 169]
1126	35.3	[100, 20, -18, 73, 82]	[-76, -147, -59, 20, -118]	[-158, -32, 11, -12, -176]	[-55, -175, -85, -98, -90]	[120, -87, -93, 28, 21]	[-118, -25, 12, -37, 107]	[-91, 58, 2, 91, 166]	[-92, -128, -124, -116, -134]	[-164, -130, -116, -107, -132]	[-10, -28, -18, -21, -67]	[115, 121, 115, 178, 158]	[10003, 10005, 9974, 9996, 10005]	[199, 140, 166, 232, 287]
1127	37.7	[100, 20, -18, 73, 82]	[-76, -147, -59, 20, -118]	[-156, -36, 14, -10, -176]	[-51, -169, -80, -98, -90]	[120, -87, -93, 30, 21]	[-118, -25, 12, -37, 106]	[-76, 58, 3, 91, 166]	[-87, -128, -124, -116, -131]	[-165, -130, -116, -114, -132]	[-29, -26, -17, -20, -69]	[114, 124, 113, 176, 146]	[10003, 10005, 9982, 9997, 10003]	[201, 145, 145, 232, 287]
1128	36.3	[100, 20, -18, 73, 82]	[-76, -147, -59, 20, -118]	[-156, -36, 14, -10, -176]	[-51, -169, -80, -98, -90]	[120, -87, -93, 30, 21]	[-118, -25, 12, -37, 106]	[-76, 58, 3, 91, 166]	[-87, -128, -124, -116, -131]	[-165, -130, -116, -114, -132]	[-29, -26, -17, -20, -69]	[114, 124, 113, 176, 146]	[10003, 10005, 9982, 9997, 10003]	[201, 145, 145, 232, 287]
1129	37.0	[100, 20, -18, 73, 82]	[-76, -147, -59, 20, -118]	[-158, -32, 11, -12, -176]	[-55, -169, -80, -98, -90]	[120, -87, -93, 29, 21]	[-118, -25, 12, -37, 106]	[-91, 58, 2, 91, 166]	[-87, -128, -124, -116, -131]	[-165, -137, -116, -113, -132]	[-29, -26, -16, -21, -67]	[114, 124, 115, 172, 146]	[10003, 10005, 9974, 9997, 10003]	[199, 140, 133, 232, 287]
1130	36.7	[175, 64, -20, 76, 90]	[-154, -145, -59, 20, -105]	[-168, -35, 19, -10, -174]	[-47, -165, -78, -96, -95]	[118, -87, -94, 35, 20]	[-110, -25, 14, -37, 109]	[-92, 58, 8, 88, 163]	[-82, -128, -130, -116, -137]	[-172, -133, -116, -113, -128]	[-8, -22, -18, -21, -67]	[118, 131, 116, 175, 159]	[10003, 9998, 9984, 9993, 9998]	[184, 191, 187, 209, 162]
1131	40.7	[147, 60, -17, 68, 92]	[-104, -146, -58, 20, -58]	[-169, -42, 12, -15, -169]	[-52, -164, -88, -98, -92]	[123, -82, -94, 29, 20]	[-118, -25, 17, -37, 119]	[-70, 58, 2, 92, 151]	[-94, -127, -120, -114, -152]	[-163, -142, -117, -111, -124]	[-19, -25, -17, -15, -65]	[117, 122, 111, 153, 162]	[10003, 9996, 9968, 9997, 9997]	[190, 185, 184, 210, 169]
1132	36.7	[100, 20, -18, 73, 82]	[-76, -147, -59, 20, -118]	[-158, -32, 11, -12, -176]	[-55, -175, -85, -98, -90]	[120, -87, -93, 28, 21]	[-118, -25, 12, -37, 107]	[-91, 58, 2, 91, 166]	[-92, -128, -124, -116, -131]	[-165, -130, -116, -111, -132]	[-10, -26, -17, -20, -67]	[115, 123, 115, 178, 158]	[10003, 10005, 9974, 9996, 10005]	[199, 140, 166, 232, 287]
1133	39.0	[147, 76, 12, 74, 92]	[-142, -139, -55, 21, -49]	[-169, -42, 12, -11, -169]	[-46, -165, -78, -95, -96]	[121, -88, -94, 39, 17]	[-120, -26, 18, -37, 119]	[-87, 58, -1, 88, 142]	[-94, -131, -131, -114, -129]	[-188, -142, -117, -114, -124]	[1, -22, -17, -21, -65]	[117, 122, 117, 176, 166]	[10003, 9996, 9968, 9997, 9997]	[190, 185, 190, 210, 169]
1134	39.0	[106, 20, -18, 73, 82]	[-113, -142, -59, 20, -116]	[-158, -32, 12, -11, -173]	[-55, -168, -79, -97, -91]	[120, -84, -93, 35, 21]	[-118, -26, 16, -37, 119]	[-87, 58, 0, 88, 166]	[-87, -130, -124, -115, -131]	[-167, -142, -117, -113, -125]	[-10, -23, -17, -21, -66]	[117, 123, 117, 176, 164]	[10003, 10002, 9972, 9997, 10003]	[196, 161, 183, 216, 287]
1135	35.7	[147, 76, 12, 74, 92]	[-142, -139, -55, 21, -49]	[-169, -42, 12, -11, -169]	[-46, -165, -78, -95, -96]	[121, -88, -94, 39, 17]	[-120, -26, 18, -37, 119]	[-87, 58, -1, 88, 142]	[-94, -131, -131, -114, -129]	[-188, -142, -117, -114, -124]	[1, -22, -17, -21, -65]	[117, 122, 117, 176, 166]	[10003, 9996, 9968, 9997, 9997]	[190, 185, 190, 210, 169]
1136	35.3	[106, 20, -18, 73, 82]	[-113, -142, -59, 20, -116]	[-158, -32, 12, -11, -173]	[-55, -168, -79, -97, -91]	[114, -84, -93, 35, 21]	[-118, -26, 16, -37, 119]	[-87, 58, 0, 88, 166]	[-87, -130, -124, -115, -131]	[-167, -142, -117, -113, -125]	[-10, -23, -17, -21, -66]	[117, 123, 117, 176, 164]	[10003, 10002, 9972, 9997, 10003]	[196, 161, 183, 216, 287]
1137	43.0	[147, 60, -17, 74, 92]	[-104, -152, -58, 20, -58]	[-169, -42, 14, -15, -169]	[-52, -170, -88, -97, -96]	[121, -88, -94, 39, 17]	[-100, -26, 18, -37, 121]	[-83, 58, -1, 88, 142]	[-89, -128, -122, -114, -140]	[-163, -142, -117, -114, -117]	[-19, -27, -17, -21, -65]	[111, 122, 111, 153, 162]	[10003, 9996, 9974, 9997, 9997]	[190, 185, 184, 210, 169]
1138	37.0	[100, 20, -18, 73, 82]	[-76, -147, -59, 20, -118]	[-164, -36, 14, -11, -176]	[-52, -167, -80, -98, -90]	[118, -87, -93, 30, 21]	[-110, -25, 12, -37, 106]	[-70, 58, 2, 92, 166]	[-87, -128, -127, -116, -131]	[-165, -130, -116, -113, -132]	[-12, -23, -18, -21, -67]	[118, 129, 116, 176, 157]	[10003, 10005, 9983, 9993, 9999]	[201, 145, 145, 224, 164]
1139	40.0	[100, 20, -18, 73, 82]	[-76, -147, -59, 20, -118]	[-158, -32, 11, -12, -176]	[-55, -175, -85, -98, -90]	[120, -87, -93, 28, 21]	[-105, -25, 12, -37, 113]	[-91, 58, 4, 89, 166]	[-92, -128, -124, -116, -135]	[-165, -130, -116, -113, -129]	[-10, -26, -17, -20, -67]	[115, 123, 115, 178, 158]	[10003, 10005, 9974, 9996, 10005]	[199, 140, 166, 232, 287]
1140	36.3	[124, 23, -15, 74, 84]	[-115, -142, -59, 20, -49]	[-164, -42, 12, -11, -171]	[-55, -169, -77, -95, -94]	[121, -83, -94, 28, 21]	[-119, -26, 17, -37, 119]	[-70, 58, -1, 88, 145]	[-93, -131, -125, -114, -129]	[-188, -142, -117, -111, -129]	[-3, -26, -17, -18, -67]	[118, 129, 116, 172, 162]	[10003, 9998, 9972, 9997, 9999]	[186, 185, 184, 224, 165]
1141	39.7	[100, 20, -18, 73, 82]	[-76, -147, -59, 20, -118]	[-158, -32, 11, -12, -176]	[-47, -173, -83, -102, -92]	[120, -87, -93, 28, 21]	[-118, -25, 12, -37, 110]	[-91, 58, 2, 90, 163]	[-92, -134, -124, -116, -131]	[-165, -132, -116, -111, -132]	[-10, -26, -17, -20, -67]	[115, 123, 115, 178, 158]	[10003, 10005, 9974, 9996, 10005]	[199, 140, 166, 232, 287]
1142	38.3	[100, 20, -18, 73, 82]	[-76, -147, -59, 20, -118]	[-156, -36, 11, -11, -176]	[-53, -169, -83, -98, -90]	[120, -87, -93, 30, 21]	[-118, -25, 12, -37, 106]	[-70, 58, 9, 91, 166]	[-87, -128, -124, -116, -131]	[-165, -130, -116, -114, -132]	[-24, -23, -17, -20, -69]	[118, 124, 113, 176, 146]	[10003, 10005, 9983, 9997, 10003]	[201, 145, 145, 232, 287]
1143	33.3	[100, 20, -18, 73, 82]	[-76, -147, -59, 20, -118]	[-158, -32, 11, -12, -176]	[-53, -173, -83, -102, -92]	[120, -87, -93, 28, 21]	[-118, -25, 12, -37, 110]	[-91, 58, 2, 90, 163]	[-92, -134, -124, -116, -131]	[-165, -132, -116, -111, -132]	[-10, -26, -17, -20, -67]	[115, 123, 115, 178, 158]	[10003, 10005, 9974, 9996, 10005]	[199, 140, 166, 232, 287]
1144	33.3	[147, 76, 12, 74, 92]	[-142, -139, -55, 21, -49]	[-169, -42, 12, -11, -169]	[-46, -165, -78, -95, -96]	[121, -88, -94, 39, 17]	[-120, -26, 18, -37, 119]	[-87, 58, -1, 88, 142]	[-94, -131, -131, -114, -129]	[-188, -142, -117, -114, -124]	[1, -22, -17, -21, -65]	[117, 122, 117, 176, 166]	[10003, 9996, 9968, 9997, 9997]	[190, 185, 190, 204, 169]
1145	34.3	[147, 60, -17, 68, 92]	[-104, -146, -59, 20, -58]	[-169, -40, 13, -15, -169]	[-55, -169, -79, -98, -92]	[123, -82, -93, 29, 20]	[-118, -25, 17, -37, 119]	[-70, 58, 4, 91, 153]	[-90, -128, -120, -114, -152]	[-171, -142, -117, -111, -124]	[-18, -25, -17, -15, -65]	[117, 122, 115, 155, 166]	[10003, 9996, 9968, 9997, 9997]	[190, 185, 184, 210, 169]
1146	39.3	[100, 20, -18, 73, 82]	[-76, -147, -59, 20, -118]	[-158, -32, 11, -12, -176]	[-53, -173, -83, -102, -92]	[120, -87, -93, 28, 21]	[-118, -25, 12, -37, 110]	[-91, 58, 2, 90, 163]	[-92, -134, -124, -116, -131]	[-165, -132, -116, -111, -132]	[-10, -26, -17, -20, -67]	[115, 123, 115, 178, 158]	[10003, 10005, 9974, 9996, 10005]	[199, 140, 166, 232, 287]
1147	38.0	[100, 20, -18, 73, 82]	[-76, -147, -59, 20, -118]	[-158, -32, 11, -12, -176]	[-55, -175, -85, -98, -90]	[120, -87, -93, 28, 21]	[-105, -25, 12, -37, 113]	[-91, 58, 4, 89, 166]	[-92, -128, -124, -116, -135]	[-165, -130, -116, -113, -129]	[-10, -26, -17, -20, -67]	[115, 123, 115, 178, 158]	[10003, 10005, 9974, 9996, 10005]	[199, 140, 166, 232, 287]
1148	37.7	[147, 76, 12, 74, 92]	[-142, -139, -55, 21, -49]	[-169, -42, 12, -11, -169]	[-46, -165, -78, -95, -96]	[121, -88, -94, 39, 17]	[-120, -26, 18, -37, 119]	[-93, 58, -1, 88, 142]	[-94, -131, -131, -114, -129]	[-188, -142, -117, -114, -124]	[1, -22, -17, -21, -65]	[117, 122, 117, 176, 166]	[10003, 9996, 9968, 9997, 9997]	[190, 185, 190, 204, 169]
1149	42.7	[106, 20, -18, 73, 82]	[-113, -142, -59, 20, -116]	[-169, -39, 13, -14, -173]	[-53, -175, -79, -97, -91]	[114, -86, -93, 35, 21]	[-112, -26, 16, -37, 119]	[-87, 58, 0, 88, 166]	[-89, -129, -124, -115, -131]	[-165, -136, -116, -114, -132]	[-11, -23, -17, -21, -67]	[118, 127, 117, 176, 159]	[10003, 10002, 9972, 9997, 9999]	[199, 161, 168, 222, 287]
1150	40.7	[147, 60, -17, 74, 92]	[-104, -152, -58, 20, -58]	[-169, -42, 13, -13, -172]	[-52, -172, -88, -97, -96]	[121, -88, -94, 38, 17]	[-100, -26, 18, -37, 120]	[-83, 58, 0, 88, 142]	[-89, -129, -122, -114, -139]	[-165, -136, -117, -113, -117]	[-19, -27, -17, -21, -65]	[111, 122, 111, 153, 162]	[10003, 9996, 9974, 9997, 9997]	[190, 185, 184, 210, 169]
1151	34.3	[100, 20, -18, 73, 82]	[-76, -147, -59, 20, -118]	[-158, -32, 11, -12, -176]	[-55, -169, -80, -98, -90]	[120, -87, -93, 29, 21]	[-118, -25, 12, -37, 106]	[-91, 58, 2, 91, 166]	[-87, -128, -124, -116, -131]	[-171, -137, -116, -113, -132]	[-35, -26, -16, -21, -73]	[114, 124, 115, 172, 146]	[10003, 10005, 9974, 9997, 10003]	[199, 140, 133, 232, 287]
1152	39.3	[147, 76, 9, 74, 92]	[-143, -139, -55, 21, -49]	[-169, -42, 12, -11, -169]	[-46, -165, -78, -95, -96]	[121, -88, -94, 38, 18]	[-120, -26, 18, -37, 119]	[-77, 58, -1, 88, 142]	[-94, -131, -131, -114, -129]	[-188, -142, -117, -114, -124]	[-11, -22, -17, -21, -65]	[117, 122, 117, 176, 166]	[10003, 9996, 9968, 9997, 9997]	[190, 185, 190, 204, 169]
1153	38.7	[101, 20, -18, 73, 88]	[-76, -147, -59, 20, -117]	[-157, -34, 11, -11, -173]	[-53, -169, -83, -97, -91]	[120, -84, -93, 30, 21]	[-118, -25, 12, -37, 112]	[-70, 58, 9, 88, 166]	[-87, -129, -124, -115, -131]	[-166, -136, -116, -114, -132]	[-24, -23, -17, -20, -69]	[118, 124, 113, 176, 146]	[10003, 10005, 9983, 9997, 10003]	[201, 145, 145, 232, 287]
1154	36.3	[147, 76, 9, 74, 92]	[-143, -139, -55, 21, -49]	[-169, -42, 12, -11, -173]	[-55, -168, -78, -95, -96]	[121, -88, -93, 35, 18]	[-120, -26, 15, -37, 119]	[-77, 58, -1, 88, 142]	[-93, -131, -130, -116, -131]	[-188, -142, -117, -113, -124]	[-11, -22, -17, -21, -65]	[117, 122, 117, 176, 166]	[10009, 9996, 9968, 9997, 9997]	[190, 185, 190, 204, 169]
1155	36.0	[147, 76, 12, 74, 92]	[-142, -139, -55, 21, -49]	[-169, -42, 12, -11, -169]	[-46, -165, -78, -95, -96]	[121, -88, -94, 37, 17]	[-120, -25, 17, -37, 119]	[-93, 58, -1, 87, 142]	[-94, -131, -131, -114, -129]	[-188, -135, -117, -114, -124]	[1, -22, -17, -21, -65]	[117, 122, 114, 176, 166]	[10003, 9996, 9968, 9997, 9997]	[190, 185, 190, 204, 169]
1156	39.3	[147, 76, 12, 74, 92]	[-142, -139, -55, 21, -49]	[-169, -42, 12, -11, -169]	[-46, -165, -78, -95, -96]	[121, -88, -94, 39, 17]	[-120, -25, 15, -37, 119]	[-93, 58, 0, 88, 142]	[-93, -131, -131, -114, -129]	[-188, -142, -117, -114, -124]	[1, -22, -17, -21, -65]	[117, 122, 117, 176, 166]	[10003, 9996, 9968, 9997, 9997]	[190, 185, 190, 204, 169]
1157	39.7	[124, 23, -15, 74, 84]	[-115, -142, -59, 14, -49]	[-164, -42, 12, -11, -171]	[-55, -169, -77, -95, -94]	[121, -83, -94, 28, 21]	[-119, -26, 17, -37, 119]	[-70, 58, -1, 88, 145]	[-91, -131, -125, -114, -129]	[-188, -142, -117, -112, -125]	[-3, -26, -17, -18, -67]	[118, 129, 116, 172, 162]	[10003, 9998, 9972, 9997, 9999]	[186, 185, 184, 224, 165]
1158	35.7	[147, 76, 12, 74, 92]	[-142, -139, -55, 21, -49]	[-169, -42, 12, -11, -169]	[-46, -165, -78, -95, -96]	[121, -88, -94, 37, 17]	[-120, -25, 17, -37, 119]	[-93, 58, -1, 87, 142]	[-94, -131, -131, -114, -129]	[-188, -135, -117, -114, -124]	[1, -22, -17, -21, -65]	[117, 122, 114, 176, 166]	[10003, 9996, 9968, 9997, 9997]	[190, 185, 190, 204, 169]
1159	41.0	[100, 20, -18, 73, 82]	[-76, -147, -59, 20, -118]	[-158, -32, 11, -12, -176]	[-55, -169, -80, -98, -90]	[120, -87, -93, 29, 21]	[-118, -31, 12, -37, 106]	[-91, 58, 2, 91, 166]	[-92, -130, -125, -114, -131]	[-171, -136, -116, -113, -132]	[-35, -26, -16, -21, -73]	[114, 124, 115, 172, 146]	[10003, 10005, 9973, 9997, 10003]	[199, 176, 169, 232, 287]
1160	37.3	[100, 20, -18, 73, 82]	[-76, -147, -59, 20, -118]	[-158, -32, 11, -12, -176]	[-55, -175, -85, -98, -90]	[120, -87, -93, 28, 21]	[-105, -25, 12, -37, 113]	[-91, 64, 4, 89, 166]	[-92, -128, -124, -116, -135]	[-165, -130, -116, -113, -129]	[-10, -27, -11, -20, -67]	[111, 122, 114, 174, 158]	[10003, 10005, 9974, 9990, 10005]	[199, 140, 166, 232, 287]
1161	38.3	[141, 20, -18, 74, 84]	[-140, -139, -58, 20, -116]	[-158, -36, 12, -11, -169]	[-52, -165, -78, -97, -91]	[114, -87, -93, 35, 21]	[-119, -26, 15, -37, 119]	[-81, 58, 0, 89, 166]	[-87, -130, -130, -116, -131]	[-167, -142, -117, -113, -128]	[-10, -23, -17, -21, -66]	[117, 122, 111, 176, 152]	[10003, 9996, 9978, 9997, 10003]	[199, 151, 162, 213, 287]
1162	38.0	[141, 60, -17, 74, 92]	[-104, -152, -58, 20, -58]	[-169, -42, 13, -13, -172]	[-52, -172, -88, -97, -96]	[121, -88, -94, 38, 17]	[-100, -26, 18, -37, 119]	[-84, 64, 1, 88, 142]	[-89, -129, -123, -114, -139]	[-166, -136, -116, -113, -117]	[-19, -27, -17, -21, -68]	[111, 122, 111, 153, 162]	[10003, 9996, 9974, 9997, 9997]	[190, 185, 184, 210, 169]
1163	38.0	[100, 20, -18, 73, 82]	[-76, -147, -59, 20, -118]	[-158, -32, 11, -12, -176]	[-55, -168, -78, -98, -90]	[120, -87, -93, 28, 21]	[-105, -25, 12, -37, 113]	[-91, 64, 4, 89, 166]	[-92, -128, -124, -116, -135]	[-165, -130, -116, -113, -129]	[-20, -26, -11, -20, -67]	[111, 122, 115, 174, 158]	[10003, 10005, 9974, 9994, 10005]	[199, 140, 166, 232, 287]
1164	36.0	[147, 60, -17, 68, 92]	[-104, -146, -59, 20, -58]	[-169, -40, 13, -15, -169]	[-55, -169, -79, -98, -92]	[122, -82, -93, 29, 20]	[-118, -25, 17, -37, 119]	[-70, 58, 4, 91, 153]	[-90, -128, -120, -114, -152]	[-171, -142, -117, -111, -124]	[-18, -25, -17, -15, -65]	[117, 122, 115, 155, 166]	[10003, 9996, 9968, 9997, 9997]	[190, 185, 184, 210, 169]
1165	37.7	[147, 76, 12, 74, 92]	[-142, -145, -55, 21, -49]	[-169, -42, 12, -11, -169]	[-46, -165, -78, -95, -96]	[121, -88, -94, 37, 17]	[-120, -25, 17, -37, 119]	[-93, 58, -1, 87, 142]	[-100, -131, -131, -114, -129]	[-188, -135, -117, -114, -124]	[1, -22, -17, -21, -65]	[117, 122, 114, 176, 166]	[10003, 9996, 9968, 9997, 9997]	[190, 185, 190, 204, 169]
1166	38.7	[118, 20, -18, 74, 84]	[-140, -139, -58, 20, -118]	[-158, -32, 11, -12, -169]	[-52, -165, -78, -97, -91]	[115, -87, -93, 35, 21]	[-119, -26, 15, -37, 119]	[-81, 58, 0, 89, 166]	[-92, -130, -130, -116, -131]	[-167, -142, -117, -113, -128]	[-10, -25, -15, -20, -67]	[117, 122, 111, 176, 157]	[10003, 9996, 9973, 9994, 10003]	[199, 146, 163, 221, 287]
1167	40.0	[100, 20, -18, 73, 82]	[-76, -147, -59, 20, -118]	[-158, -32, 11, -12, -176]	[-55, -168, -78, -98, -90]	[120, -87, -93, 28, 21]	[-105, -25, 12, -37, 113]	[-91, 64, 4, 89, 166]	[-92, -128, -124, -116, -135]	[-165, -130, -116, -113, -129]	[-10, -27, -11, -20, -67]	[111, 122, 114, 174, 158]	[10003, 10005, 9974, 9990, 10005]	[199, 140, 166, 232, 287]
1168	38.7	[124, 23, -15, 74, 84]	[-115, -142, -59, 14, -49]	[-164, -42, 12, -12, -173]	[-55, -169, -85, -97, -91]	[120, -86, -93, 28, 27]	[-119, -26, 17, -37, 113]	[-83, 60, -1, 88, 145]	[-91, -131, -128, -115, -135]	[-188, -142, -117, -112, -125]	[-3, -26, -17, -18, -67]	[118, 129, 116, 172, 162]	[10003, 9998, 9972, 9997, 9999]	[186, 185, 184, 224, 165]
1169	39.0	[141, 60, -17, 74, 92]	[-104, -152, -58, 20, -58]	[-169, -42, 13, -13, -172]	[-52, -172, -88, -97, -96]	[121, -88, -94, 38, 17]	[-100, -26, 18, -37, 119]	[-84, 58, 0, 88, 145]	[-91, -130, -123, -114, -133]	[-172, -142, -116, -113, -117]	[-19, -27, -17, -20, -68]	[117, 128, 113, 153, 162]	[10003, 9996, 9974, 9997, 9997]	[190, 185, 184, 210, 169]
1170	36.0	[147, 60, -17, 68, 92]	[-104, -146, -59, 20, -64]	[-169, -40, 13, -15, -169]	[-55, -169, -79, -98, -92]	[122, -82, -93, 29, 20]	[-118, -25, 17, -37, 119]	[-70, 58, 4, 91, 153]	[-90, -128, -120, -114, -152]	[-171, -142, -117, -111, -124]	[-18, -25, -17, -15, -65]	[117, 122, 115, 155, 166]	[10003, 9996, 9968, 9997, 9997]	[190, 185, 184, 210, 169]
1171	36.3	[141, 60, -17, 74, 92]	[-104, -152, -58, 20, -58]	[-169, -42, 13, -13, -172]	[-52, -172, -88, -97, -96]	[121, -88, -94, 38, 17]	[-119, -26, 18, -37, 119]	[-84, 64, 1, 88, 142]	[-89, -129, -125, -114, -139]	[-187, -137, -117, -112, -121]	[-19, -26, -17, -21, -68]	[113, 122, 111, 153, 162]	[10003, 9997, 9974, 9997, 9997]	[190, 185, 184, 222, 168]
1172	33.7	[124, 23, -15, 74, 84]	[-115, -142, -59, 14, -49]	[-164, -42, 12, -11, -171]	[-55, -169, -77, -97, -94]	[120, -83, -94, 28, 21]	[-119, -26, 15, -37, 119]	[-81, 58, -1, 88, 145]	[-91, -131, -125, -116, -129]	[-167, -140, -117, -112, -125]	[-3, -25, -15, -19, -67]	[118, 129, 116, 172, 162]	[10003, 9998, 9972, 9997, 9999]	[186, 185, 184, 224, 165]
1173	36.0	[141, 60, -17, 74, 92]	[-104, -152, -58, 14, -58]	[-169, -42, 13, -13, -172]	[-52, -172, -88, -97, -96]	[121, -88, -94, 38, 17]	[-119, -26, 18, -37, 119]	[-84, 64, 1, 88, 142]	[-89, -129, -125, -114, -139]	[-187, -137, -117, -112, -121]	[-19, -26, -17, -21, -68]	[113, 122, 111, 153, 162]	[10003, 9997, 9974, 9997, 9997]	[190, 185, 184, 222, 168]
1174	37.7	[100, 20, -18, 73, 82]	[-76, -147, -59, 20, -118]	[-158, -32, 11, -12, -176]	[-55, -168, -78, -98, -90]	[120, -87, -93, 28, 21]	[-117, -25, 12, -37, 113]	[-91, 64, 1, 87, 166]	[-92, -128, -130, -114, -131]	[-165, -130, -116, -113, -127]	[-10, -23, -12, -20, -67]	[111, 122, 114, 174, 158]	[10003, 10005, 9974, 9990, 10005]	[199, 140, 166, 232, 287]
1175	33.0	[124, 23, -15, 74, 84]	[-115, -142, -59, 14, -49]	[-164, -42, 12, -11, -171]	[-55, -169, -77, -97, -94]	[120, -83, -94, 28, 21]	[-119, -26, 15, -37, 119]	[-81, 58, -1, 88, 145]	[-91, -131, -125, -116, -129]	[-167, -140, -117, -112, -125]	[-3, -25, -15, -19, -67]	[118, 129, 116, 172, 162]	[10003, 9998, 9972, 9997, 9999]	[186, 185, 184, 224, 165]
1176	43.0	[141, 60, -17, 74, 92]	[-104, -152, -58, 20, -58]	[-169, -42, 13, -13, -172]	[-52, -172, -88, -97, -96]	[121, -88, -94, 38, 17]	[-100, -26, 18, -37, 120]	[-89, 58, 8, 88, 149]	[-89, -129, -122, -114, -139]	[-165, -136, -117, -113, -117]	[-19, -27, -17, -21, -65]	[111, 122, 111, 153, 162]	[10003, 9996, 9974, 9997, 9997]	[190, 185, 184, 210, 169]
1177	35.7	[141, 60, -17, 74, 92]	[-104, -152, -58, 14, -58]	[-169, -42, 13, -13, -172]	[-53, -172, -88, -97, -96]	[121, -88, -94, 38, 17]	[-119, -26, 17, -37, 119]	[-83, 60, 1, 88, 142]	[-89, -129, -125, -114, -139]	[-187, -137, -117, -112, -121]	[-19, -26, -17, -21, -68]	[113, 122, 111, 153, 162]	[10003, 9997, 9974, 9997, 9997]	[190, 185, 184, 222, 168]
1178	39.0	[141, 60, -17, 74, 92]	[-104, -152, -58, 20, -58]	[-169, -42, 13, -13, -172]	[-52, -172, -88, -97, -96]	[121, -88, -94, 38, 17]	[-100, -26, 24, -37, 120]	[-89, 58, 8, 88, 149]	[-89, -129, -122, -114, -139]	[-165, -136, -117, -113, -117]	[-19, -27, -17, -21, -65]	[111, 122, 111, 153, 162]	[10003, 9996, 9974, 9997, 9997]	[190, 185, 184, 210, 169]
1179	34.3	[124, 23, -15, 74, 84]	[-121, -142, -59, 14, -49]	[-164, -42, 12, -11, -171]	[-55, -169, -77, -97, -94]	[120, -83, -94, 28, 21]	[-119, -26, 15, -37, 119]	[-81, 58, -1, 88, 145]	[-91, -131, -125, -116, -129]	[-167, -140, -117, -112, -125]	[-3, -25, -15, -19, -67]	[118, 129, 116, 172, 162]	[10003, 9998, 9972, 9997, 9999]	[186, 185, 184, 224, 165]
1180	39.7	[147, 76, 0, 74, 92]	[-142, -145, -55, 21, -49]	[-169, -40, 12, -11, -169]	[-46, -165, -78, -95, -96]	[121, -88, -94, 37, 17]	[-120, -25, 17, -37, 119]	[-93, 58, -1, 87, 142]	[-100, -131, -131, -114, -129]	[-188, -135, -117, -114, -124]	[1, -22, -11, -21, -67]	[111, 122, 114, 176, 159]	[10003, 9996, 9968, 9997, 9997]	[192, 148, 171, 204, 169]
1181	37.0	[141, 60, -17, 74, 92]	[-104, -152, -58, 20, -58]	[-169, -42, 13, -13, -172]	[-52, -172, -88, -97, -96]	[121, -88, -94, 38, 17]	[-100, -26, 18, -37, 120]	[-89, 58, 8, 88, 149]	[-89, -129, -116, -114, -139]	[-165, -136, -117, -113, -117]	[-19, -27, -17, -21, -65]	[111, 122, 111, 163, 161]	[10003, 9999, 9972, 9997, 9997]	[190, 185, 184, 210, 169]
1182	33.0	[141, 60, -17, 80, 92]	[-110, -152, -58, 14, -58]	[-169, -42, 13, -13, -172]	[-52, -172, -88, -97, -96]	[121, -88, -94, 38, 17]	[-119, -26, 18, -37, 119]	[-84, 64, 1, 88, 142]	[-89, -129, -125, -114, -139]	[-187, -137, -117, -112, -121]	[-19, -26, -17, -21, -68]	[113, 122, 111, 153, 162]	[10003, 9997, 9974, 9997, 9997]	[190, 185, 184, 222, 168]
1183	39.0	[141, 60, -17, 74, 92]	[-104, -152, -58, 20, -58]	[-169, -42, 13, -13, -172]	[-52, -172, -88, -97, -96]	[121, -88, -94, 38, 17]	[-100, -26, 18, -37, 120]	[-89, 58, 8, 88, 149]	[-89, -129, -116, -114, -139]	[-165, -136, -117, -113, -117]	[-19, -27, -17, -21, -65]	[111, 122, 111, 163, 161]	[10003, 9999, 9972, 9997, 9997]	[190, 185, 184, 210, 169]
1184	34.7	[141, 60, -17, 74, 92]	[-104, -152, -58, 20, -58]	[-169, -42, 13, -13, -172]	[-52, -172, -88, -97, -96]	[121, -88, -94, 38, 17]	[-100, -25, 17, -37, 120]	[-89, 58, 7, 88, 149]	[-93, -129, -123, -114, -139]	[-165, -136, -117, -113, -124]	[-14, -26, -14, -21, -66]	[111, 122, 113, 163, 161]	[10003, 9999, 9972, 9997, 9997]	[190, 185, 184, 210, 169]
1185	35.3	[141, 60, -17, 74, 92]	[-104, -152, -58, 20, -58]	[-169, -42, 13, -13, -172]	[-52, -172, -88, -97, -96]	[121, -88, -94, 38, 17]	[-100, -25, 17, -37, 120]	[-89, 58, 7, 88, 149]	[-93, -129, -123, -114, -139]	[-165, -136, -117, -113, -124]	[-14, -26, -14, -21, -66]	[111, 122, 113, 163, 161]	[10003, 9999, 9972, 9997, 9997]	[190, 185, 184, 210, 169]
1186	34.3	[141, 60, -17, 74, 92]	[-104, -152, -58, 20, -58]	[-169, -42, 13, -13, -172]	[-52, -172, -88, -97, -96]	[121, -88, -94, 38, 17]	[-100, -26, 21, -37, 120]	[-89, 58, 8, 88, 149]	[-89, -129, -122, -114, -139]	[-165, -136, -117, -113, -117]	[-19, -27, -17, -21, -65]	[111, 122, 111, 153, 162]	[10003, 9996, 9974, 9997, 9997]	[190, 185, 184, 210, 169]
1187	38.3	[147, 60, -17, 62, 92]	[-104, -146, -58, 20, -61]	[-169, -40, 13, -12, -169]	[-52, -172, -79, -97, -92]	[122, -88, -94, 29, 20]	[-118, -25, 17, -37, 119]	[-70, 58, 4, 91, 153]	[-90, -128, -120, -114, -152]	[-171, -142, -117, -111, -124]	[-18, -25, -17, -15, -65]	[117, 122, 115, 155, 166]	[10003, 9996, 9968, 9997, 9997]	[190, 185, 190, 210, 169]
1188	36.0	[141, 60, -17, 74, 92]	[-104, -152, -58, 20, -58]	[-169, -42, 13, -13, -172]	[-52, -172, -85, -97, -96]	[121, -87, -94, 38, 17]	[-100, -26, 24, -37, 120]	[-89, 58, 8, 88, 149]	[-89, -129, -118, -114, -139]	[-165, -136, -117, -113, -117]	[-19, -27, -17, -21, -65]	[111, 122, 111, 163, 161]	[10003, 9999, 9973, 9997, 9997]	[190, 185, 184, 210, 169]
1189	41.7	[141, 60, -17, 74, 92]	[-104, -152, -58, 14, -58]	[-169, -42, 13, -13, -172]	[-53, -172, -85, -97, -96]	[121, -86, -94, 38, 17]	[-119, -26, 16, -37, 119]	[-88, 60, -1, 89, 145]	[-91, -131, -119, -114, -131]	[-171, -141, -117, -112, -124]	[-19, -27, -15, -20, -68]	[114, 124, 111, 166, 156]	[10003, 9997, 9972, 9997, 9997]	[190, 185, 184, 222, 168]
1190	36.0	[141, 60, -17, 62, 92]	[-104, -146, -58, 20, -61]	[-169, -40, 13, -12, -169]	[-52, -172, -79, -97, -92]	[122, -88, -94, 29, 20]	[-118, -25, 17, -37, 119]	[-70, 58, 4, 91, 153]	[-90, -128, -120, -114, -152]	[-171, -142, -117, -111, -124]	[-18, -25, -17, -15, -65]	[117, 122, 115, 155, 166]	[10003, 9996, 9968, 9997, 9997]	[190, 185, 190, 210, 169]
1191	35.7	[141, 60, -17, 74, 92]	[-104, -152, -58, 20, -64]	[-169, -42, 13, -13, -172]	[-52, -172, -88, -97, -96]	[121, -88, -94, 38, 17]	[-100, -25, 17, -37, 120]	[-89, 58, 7, 88, 149]	[-93, -129, -123, -114, -139]	[-165, -136, -117, -113, -124]	[-14, -26, -14, -21, -66]	[111, 122, 113, 163, 161]	[10003, 9999, 9972, 9997, 9997]	[190, 185, 184, 210, 169]
1192	38.3	[141, 60, -17, 74, 92]	[-104, -152, -58, 20, -64]	[-169, -42, 13, -13, -172]	[-52, -172, -88, -97, -96]	[121, -88, -94, 38, 17]	[-100, -25, 17, -37, 120]	[-89, 58, 7, 88, 149]	[-93, -129, -123, -114, -139]	[-165, -136, -117, -113, -124]	[-14, -26, -14, -21, -66]	[111, 122, 113, 163, 161]	[10003, 9999, 9972, 9997, 9997]	[190, 185, 184, 210, 169]
1193	36.7	[141, 60, -17, 62, 92]	[-104, -146, -58, 20, -61]	[-169, -40, 13, -12, -169]	[-52, -172, -79, -97, -92]	[122, -88, -94, 29, 20]	[-118, -25, 17, -37, 119]	[-70, 58, 4, 91, 153]	[-90, -128, -120, -114, -152]	[-171, -142, -117, -111, -124]	[-18, -25, -17, -15, -65]	[117, 122, 115, 155, 166]	[10003, 9996, 9968, 9997, 9997]	[190, 185, 190, 210, 169]
1194	41.0	[141, 60, -17, 74, 92]	[-104, -152, -58, 14, -58]	[-169, -42, 13, -13, -172]	[-53, -172, -85, -97, -96]	[121, -86, -94, 38, 17]	[-119, -26, 16, -37, 119]	[-88, 60, -1, 89, 145]	[-91, -131, -119, -114, -131]	[-171, -141, -117, -112, -124]	[-19, -27, -15, -20, -68]	[114, 124, 111, 166, 156]	[10003, 9997, 9972, 9997, 9997]	[190, 185, 184, 222, 168]
1195	38.7	[141, 60, -17, 62, 92]	[-104, -146, -58, 20, -61]	[-169, -40, 13, -12, -169]	[-52, -172, -79, -97, -92]	[122, -88, -94, 29, 20]	[-118, -25, 17, -37, 119]	[-70, 58, 4, 91, 153]	[-90, -128, -120, -114, -152]	[-171, -142, -117, -111, -124]	[-18, -25, -17, -15, -65]	[117, 122, 115, 155, 166]	[10003, 9996, 9968, 9997, 9997]	[190, 185, 190, 210, 169]
1196	39.7	[141, 60, -17, 74, 92]	[-104, -152, -58, 20, -64]	[-169, -42, 13, -13, -172]	[-52, -172, -88, -97, -96]	[121, -88, -94, 38, 17]	[-100, -25, 17, -37, 120]	[-89, 58, 7, 88, 149]	[-93, -129, -123, -114, -139]	[-165, -136, -117, -113, -124]	[-14, -26, -14, -21, -66]	[111, 122, 113, 163, 161]	[10003, 9999, 9972, 9997, 9997]	[190, 185, 184, 210, 169]
1197	41.0	[141, 60, -17, 74, 92]	[-98, -152, -58, 14, -58]	[-169, -42, 13, -13, -172]	[-53, -172, -85, -97, -96]	[121, -86, -94, 38, 17]	[-119, -26, 21, -37, 119]	[-88, 58, 2, 88, 149]	[-91, -131, -119, -114, -136]	[-171, -141, -117, -112, -124]	[-19, -27, -16, -20, -68]	[114, 124, 111, 165, 156]	[10003, 9997, 9972, 9997, 9997]	[190, 185, 184, 222, 168]
1198	35.7	[141, 60, -17, 74, 92]	[-104, -152, -58, 20, -58]	[-169, -42, 13, -13, -172]	[-52, -172, -85, -97, -96]	[121, -87, -94, 38, 17]	[-100, -26, 24, -37, 120]	[-89, 58, 8, 88, 149]	[-89, -130, -118, -114, -139]	[-168, -139, -117, -113, -117]	[-19, -26, -16, -21, -66]	[111, 122, 111, 163, 161]	[10003, 9999, 9973, 9997, 9997]	[190, 185, 184, 210, 169]
1199	38.7	[141, 60, -17, 74, 92]	[-104, -152, -58, 14, -58]	[-169, -42, 13, -13, -172]	[-53, -172, -85, -97, -96]	[121, -86, -94, 38, 17]	[-119, -26, 16, -37, 119]	[-88, 60, -1, 89, 145]	[-91, -131, -119, -114, -131]	[-171, -141, -117, -112, -124]	[-19, -27, -15, -20, -68]	[114, 124, 111, 166, 156]	[10003, 9997, 9972, 9997, 10003]	[190, 185, 184, 222, 168]
