generation	fitness	corner	c	a1	a2	b1	b2	b3	x	o1	o2	wp	ww	we
1000	38.7	[97, -25, -30, 60, 82]	[-115, -147, -78, 21, -76]	[-153, -54, 20, -6, -141]	[-46, -172, -84, -105, -80]	[116, -85, -98, 20, 24]	[-127, -20, 12, -46, 85]	[-58, 53, 5, 100, 180]	[-94, -124, -123, -116, -167]	[-167, -114, -114, -112, -93]	[-18, -27, -16, -40, -62]	[90, 106, 106, 176, 149]	[10006, 9998, 9998, 9996, 9977]	[220, 188, 183, 240, 196]
1001	34.3	[85, -24, -29, 42, 88]	[-96, -149, -78, 20, -132]	[-138, -43, 15, -15, -120]	[-55, -178, -86, -99, -86]	[119, -96, -92, 14, 17]	[-113, -43, 11, -28, 79]	[-78, 50, 6, 100, 160]	[-83, -128, -121, -114, -148]	[-193, -124, -103, -108, -128]	[-16, -11, -14, -25, -64]	[108, 116, 112, 177, 138]	[10009, 10001, 9996, 9999, 9992]	[170, 165, 178, 223, 181]
1002	37.7	[84, -20, -32, 45, 94]	[-123, -140, -89, 19, -124]	[-137, -50, 18, -14, -154]	[-53, -169, -83, -99, -70]	[117, -92, -92, 16, 11]	[-119, -27, 15, -19, 77]	[-67, 53, 5, 96, 180]	[-81, -132, -122, -112, -170]	[-189, -132, -103, -106, -125]	[-24, -8, -16, -24, -64]	[107, 116, 118, 177, 139]	[10011, 10002, 9999, 9998, 9995]	[170, 145, 178, 208, 179]
1003	36.0	[88, 9, -28, 36, 94]	[-110, -147, -80, 24, -51]	[-158, -41, 22, -8, -158]	[-76, -180, -87, -110, -81]	[116, -89, -104, 32, 7]	[-116, -32, 11, -65, 103]	[-73, 33, 6, 98, 171]	[-92, -144, -124, -109, -146]	[-163, -118, -109, -113, -114]	[-3, -14, -13, -18, -71]	[110, 110, 87, 180, 22]	[10005, 10001, 9999, 10007, 9993]	[218, 132, 187, 265, 269]
1004	38.7	[147, 70, 39, 49, 92]	[-111, -140, -79, 21, -66]	[-153, -34, 19, -15, -157]	[-52, -171, -76, -91, -89]	[118, -87, -94, 27, 8]	[-113, -27, 11, -38, 117]	[-94, 54, 3, 97, 153]	[-131, -130, -122, -113, -128]	[-163, -129, -111, -114, -128]	[3, -14, -17, -27, -65]	[117, 117, 116, 176, 159]	[10003, 10000, 9975, 9997, 9997]	[173, 167, 180, 222, 170]
1005	36.7	[88, 9, -28, 36, 100]	[-121, -145, -80, 22, -70]	[-158, -41, 16, -11, -142]	[-66, -179, -89, -104, -81]	[119, -89, -104, 30, 7]	[-114, -28, 10, -40, 109]	[-74, 51, 4, 98, 168]	[-92, -142, -122, -110, -134]	[-162, -135, -115, -117, -114]	[-3, -14, -13, -17, -66]	[111, 119, 97, 181, 22]	[10005, 9999, 9967, 10003, 9997]	[212, 127, 187, 265, 261]
1006	44.3	[147, 60, 39, 74, 92]	[-111, -154, -70, 21, -66]	[-164, -31, 20, -15, -167]	[-50, -161, -78, -91, -89]	[118, -89, -102, 42, 7]	[-114, -30, 11, -40, 109]	[-94, 51, 5, 87, 148]	[-128, -135, -116, -111, -133]	[-163, -139, -122, -114, -125]	[-1, -19, -24, -27, -66]	[117, 111, 97, 174, 168]	[10003, 9999, 9949, 9999, 9997]	[190, 185, 179, 214, 170]
1007	38.0	[122, 70, 38, 70, 92]	[-125, -153, -75, 20, -47]	[-153, -34, 21, -14, -173]	[-47, -162, -83, -92, -86]	[121, -85, -102, 43, 7]	[-115, -19, 17, -39, 109]	[-94, 53, 3, 86, 146]	[-118, -127, -122, -111, -135]	[-163, -132, -122, -120, -127]	[-8, -19, -24, -21, -66]	[87, 127, 120, 172, 166]	[10003, 9998, 9984, 9994, 9995]	[190, 191, 183, 203, 162]
1008	37.3	[94, 9, -28, 36, 94]	[-109, -148, -79, 23, -66]	[-158, -41, 19, -4, -157]	[-66, -177, -88, -104, -57]	[122, -89, -104, 33, 7]	[-110, -28, 9, -40, 122]	[-58, 50, 4, 96, 169]	[-93, -139, -123, -115, -148]	[-156, -122, -109, -115, -109]	[20, -16, -19, -16, -71]	[113, 110, 82, 173, 69]	[10005, 10003, 9999, 10012, 9991]	[218, 130, 187, 265, 267]
1009	36.7	[84, -20, -32, 45, 94]	[-123, -140, -89, 19, -124]	[-137, -50, 18, -14, -154]	[-53, -169, -83, -99, -70]	[117, -92, -92, 16, 11]	[-119, -27, 15, -19, 77]	[-67, 53, 5, 96, 180]	[-81, -132, -122, -112, -170]	[-189, -132, -103, -106, -125]	[-24, -8, -16, -24, -64]	[107, 116, 118, 177, 139]	[10011, 10002, 9999, 9998, 9995]	[170, 145, 178, 208, 179]
1010	37.0	[91, 87, 28, 70, 92]	[-150, -138, -84, 18, -33]	[-152, -36, 18, -14, -173]	[-46, -160, -77, -91, -86]	[121, -85, -97, 42, 7]	[-123, -19, 18, -37, 110]	[-93, 53, 3, 86, 146]	[-118, -127, -122, -111, -135]	[-163, -132, -123, -120, -123]	[-8, -19, -23, -21, -67]	[112, 127, 118, 174, 165]	[10003, 10001, 9984, 9994, 9995]	[190, 191, 185, 204, 168]
1011	36.7	[147, 70, 39, 49, 92]	[-111, -140, -79, 21, -66]	[-153, -34, 19, -15, -157]	[-52, -158, -76, -91, -89]	[118, -87, -94, 27, 8]	[-113, -27, 11, -38, 117]	[-94, 54, 3, 97, 153]	[-131, -130, -122, -113, -128]	[-163, -129, -111, -114, -128]	[3, -14, -17, -27, -65]	[117, 117, 116, 176, 159]	[10003, 10000, 9975, 9997, 9997]	[173, 167, 180, 222, 170]
1012	40.3	[147, 60, 45, 74, 92]	[-111, -154, -70, 21, -66]	[-164, -31, 20, -15, -167]	[-50, -161, -78, -91, -89]	[118, -89, -102, 42, 7]	[-114, -30, 11, -40, 109]	[-94, 51, 5, 87, 148]	[-128, -135, -116, -111, -133]	[-163, -139, -122, -114, -125]	[-1, -19, -24, -27, -66]	[117, 111, 97, 174, 168]	[10003, 9999, 9949, 9999, 9997]	[190, 185, 179, 214, 170]
1013	37.7	[147, 70, 39, 49, 92]	[-111, -140, -79, 21, -66]	[-153, -34, 19, -15, -157]	[-52, -158, -76, -91, -89]	[118, -87, -94, 27, 8]	[-113, -27, 11, -38, 117]	[-94, 54, 3, 97, 153]	[-131, -130, -122, -113, -128]	[-163, -129, -111, -114, -128]	[3, -14, -17, -27, -65]	[117, 117, 116, 176, 159]	[10003, 10000, 9975, 9997, 9997]	[173, 167, 180, 222, 170]
1014	37.0	[98, -25, -30, 66, 82]	[-115, -147, -79, 23, -76]	[-153, -53, 16, -7, -141]	[-46, -177, -89, -104, -74]	[109, -89, -104, 20, 24]	[-114, -25, 10, -40, 86]	[-57, 51, 2, 113, 183]	[-98, -127, -123, -109, -167]	[-166, -114, -106, -109, -92]	[-18, -26, -16, -39, -63]	[90, 113, 107, 176, 149]	[10006, 9998, 9996, 9996, 10002]	[220, 188, 183, 240, 196]
1015	38.7	[84, -20, -32, 45, 94]	[-123, -140, -89, 19, -124]	[-145, -49, 20, -8, -154]	[-53, -180, -84, -100, -79]	[117, -91, -98, 16, 11]	[-119, -29, 11, -58, 77]	[-72, 43, 5, 98, 177]	[-86, -140, -124, -112, -170]	[-189, -132, -105, -111, -114]	[-24, -11, -15, -24, -67]	[107, 116, 118, 177, 139]	[10011, 10002, 9999, 9998, 9995]	[170, 145, 178, 208, 179]
1016	37.0	[147, 70, 39, 49, 92]	[-111, -140, -79, 21, -66]	[-153, -34, 19, -15, -157]	[-52, -171, -76, -91, -89]	[118, -87, -88, 27, 8]	[-113, -27, 11, -38, 117]	[-94, 60, 3, 97, 153]	[-131, -130, -122, -113, -128]	[-163, -129, -111, -114, -128]	[3, -14, -17, -27, -65]	[117, 117, 116, 176, 159]	[10003, 10000, 9975, 9997, 9997]	[173, 167, 180, 222, 170]
1017	37.3	[147, 60, 45, 74, 92]	[-111, -160, -70, 21, -66]	[-164, -31, 20, -15, -167]	[-50, -161, -78, -91, -89]	[118, -89, -102, 42, 7]	[-114, -30, 11, -40, 109]	[-94, 51, 5, 87, 148]	[-128, -135, -116, -111, -133]	[-163, -139, -122, -114, -125]	[-1, -19, -24, -27, -66]	[117, 111, 97, 174, 168]	[10003, 9999, 9949, 9999, 9997]	[190, 185, 179, 214, 170]
1018	36.7	[101, 36, -2, 60, 82]	[-119, -144, -77, 27, -76]	[-153, -42, 20, -12, -141]	[-46, -172, -84, -93, -80]	[116, -85, -101, 28, 18]	[-125, -19, 16, -42, 85]	[-58, 53, 4, 92, 147]	[-94, -124, -126, -115, -167]	[-167, -114, -111, -111, -115]	[-18, -27, -16, -34, -63]	[90, 106, 109, 176, 149]	[10006, 9998, 9998, 9996, 9982]	[220, 188, 183, 240, 196]
1019	39.0	[101, 46, -2, 60, 82]	[-111, -144, -82, 27, -76]	[-153, -54, 20, -14, -141]	[-47, -171, -84, -105, -80]	[117, -85, -98, 20, 24]	[-120, -19, 12, -46, 85]	[-89, 53, 5, 93, 166]	[-94, -126, -126, -115, -147]	[-163, -128, -119, -120, -98]	[-18, -27, -17, -31, -64]	[90, 106, 106, 175, 151]	[10006, 9998, 9998, 9996, 9977]	[220, 188, 183, 240, 196]
1020	36.3	[88, 9, -28, 36, 100]	[-121, -145, -80, 22, -70]	[-158, -41, 16, -11, -142]	[-66, -179, -89, -104, -81]	[119, -89, -104, 30, 7]	[-114, -28, 10, -40, 109]	[-74, 51, 4, 98, 168]	[-92, -142, -122, -110, -134]	[-162, -135, -115, -117, -114]	[-3, -14, -13, -17, -66]	[111, 119, 97, 181, 22]	[10005, 9999, 9967, 10003, 9997]	[212, 127, 187, 265, 261]
1021	30.7	[94, 9, -28, 36, 94]	[-109, -148, -79, 23, -66]	[-158, -41, 19, -4, -157]	[-66, -177, -88, -104, -57]	[122, -89, -104, 33, 7]	[-110, -22, 9, -40, 122]	[-58, 50, 4, 96, 169]	[-106, -139, -123, -115, -148]	[-156, -122, -110, -115, -118]	[2, -16, -19, -16, -77]	[113, 111, 106, 174, 148]	[10005, 10003, 9999, 10012, 9991]	[218, 130, 187, 265, 267]
1022	36.3	[84, -20, -32, 45, 94]	[-123, -140, -89, 19, -130]	[-145, -49, 20, -15, -155]	[-53, -176, -82, -93, -79]	[117, -91, -98, 25, 9]	[-114, -27, 11, -41, 77]	[-72, 43, 3, 98, 165]	[-86, -140, -124, -113, -134]	[-189, -131, -105, -113, -114]	[-10, -12, -16, -26, -67]	[107, 116, 118, 177, 156]	[10011, 10002, 9999, 9998, 9995]	[170, 145, 178, 208, 179]
1023	38.3	[147, 60, 45, 74, 92]	[-111, -160, -70, 21, -66]	[-164, -31, 20, -15, -167]	[-50, -155, -78, -91, -89]	[118, -89, -102, 42, 7]	[-114, -30, 11, -40, 109]	[-94, 51, 5, 87, 148]	[-113, -134, -116, -111, -133]	[-163, -136, -119, -114, -123]	[-1, -18, -24, -27, -66]	[117, 111, 93, 174, 164]	[10003, 9999, 9956, 9998, 9997]	[190, 185, 179, 214, 170]
1024	34.3	[101, 36, -2, 60, 82]	[-119, -144, -77, 27, -76]	[-153, -42, 20, -12, -141]	[-46, -172, -84, -93, -80]	[116, -85, -101, 28, 18]	[-125, -19, 16, -42, 85]	[-58, 53, 4, 92, 147]	[-94, -124, -126, -115, -167]	[-167, -114, -109, -111, -93]	[-18, -27, -16, -34, -62]	[90, 115, 106, 176, 155]	[10006, 10000, 9982, 9997, 9977]	[220, 177, 180, 240, 196]
1025	38.7	[147, 60, 45, 74, 92]	[-111, -160, -70, 21, -66]	[-164, -31, 20, -15, -167]	[-50, -155, -78, -91, -89]	[118, -91, -99, 42, 7]	[-115, -30, 11, -40, 109]	[-94, 51, 5, 98, 175]	[-122, -135, -121, -111, -133]	[-181, -139, -121, -114, -125]	[-11, -14, -21, -24, -77]	[117, 116, 117, 176, 152]	[10003, 9999, 9985, 10011, 9993]	[212, 169, 184, 214, 170]
1026	36.7	[88, 9, -28, 36, 100]	[-121, -145, -80, 22, -70]	[-158, -41, 16, -11, -142]	[-66, -179, -89, -104, -81]	[119, -89, -104, 30, 7]	[-114, -28, 10, -40, 109]	[-74, 51, 4, 98, 168]	[-92, -142, -122, -110, -134]	[-162, -135, -115, -117, -114]	[-3, -14, -13, -17, -66]	[111, 119, 97, 181, 22]	[10005, 9999, 9967, 10003, 9997]	[212, 127, 187, 265, 261]
1027	34.7	[101, 36, -2, 60, 82]	[-119, -144, -77, 27, -76]	[-153, -42, 20, -12, -141]	[-46, -172, -84, -93, -80]	[116, -85, -101, 28, 18]	[-125, -19, 16, -42, 85]	[-58, 53, 4, 92, 147]	[-94, -124, -126, -115, -167]	[-167, -114, -109, -111, -93]	[-18, -27, -16, -34, -62]	[90, 115, 106, 176, 155]	[10006, 10000, 9982, 9997, 9977]	[220, 177, 180, 240, 196]
1028	36.7	[147, 60, 45, 74, 92]	[-111, -160, -70, 21, -66]	[-164, -31, 20, -15, -167]	[-50, -155, -78, -91, -89]	[118, -89, -102, 42, 7]	[-114, -30, 11, -40, 109]	[-94, 51, 5, 87, 148]	[-113, -134, -116, -111, -133]	[-163, -136, -119, -114, -123]	[-1, -18, -24, -27, -66]	[117, 111, 93, 174, 164]	[10003, 9999, 9956, 9998, 9997]	[190, 185, 179, 214, 170]
1029	39.3	[84, -20, -32, 45, 94]	[-121, -158, -89, 20, -123]	[-145, -49, 20, -10, -160]	[-53, -157, -79, -100, -79]	[117, -91, -102, 29, 11]	[-114, -25, 11, -40, 100]	[-82, 46, 5, 98, 177]	[-95, -135, -121, -111, -154]	[-189, -139, -110, -112, -125]	[-24, -19, -21, -25, -66]	[107, 116, 118, 177, 139]	[10011, 10002, 9999, 9998, 9995]	[170, 145, 178, 208, 179]
1030	38.7	[147, 60, 45, 74, 92]	[-111, -160, -70, 21, -66]	[-164, -31, 20, -15, -167]	[-50, -155, -78, -91, -89]	[118, -89, -102, 42, 7]	[-114, -30, 11, -40, 109]	[-94, 51, 5, 87, 148]	[-113, -134, -116, -111, -133]	[-163, -136, -119, -114, -123]	[-1, -18, -24, -27, -66]	[117, 111, 93, 174, 164]	[10003, 9999, 9956, 9998, 9997]	[190, 185, 179, 214, 170]
1031	37.3	[101, 36, -2, 60, 82]	[-119, -144, -77, 27, -76]	[-153, -42, 20, -12, -141]	[-46, -172, -84, -93, -80]	[116, -85, -101, 28, 18]	[-125, -19, 16, -42, 85]	[-58, 53, 4, 92, 147]	[-94, -124, -126, -115, -161]	[-167, -114, -111, -111, -115]	[-18, -27, -16, -34, -63]	[90, 106, 109, 182, 149]	[10006, 9998, 9998, 9996, 9982]	[220, 188, 183, 240, 196]
1032	41.3	[84, -20, -32, 45, 94]	[-121, -158, -89, 20, -117]	[-145, -49, 20, -10, -160]	[-53, -157, -79, -100, -79]	[117, -91, -102, 29, 11]	[-114, -25, 11, -40, 100]	[-82, 46, 5, 98, 177]	[-95, -135, -121, -111, -154]	[-189, -139, -110, -112, -125]	[-24, -19, -21, -25, -66]	[107, 116, 118, 177, 139]	[10011, 10002, 9999, 9998, 9995]	[170, 145, 178, 208, 179]
1033	36.7	[101, 36, -2, 60, 82]	[-119, -144, -77, 27, -76]	[-153, -42, 20, -12, -141]	[-46, -172, -84, -93, -80]	[116, -85, -101, 28, 18]	[-125, -19, 16, -42, 85]	[-58, 53, 4, 92, 147]	[-94, -124, -126, -115, -161]	[-167, -114, -111, -111, -115]	[-18, -27, -16, -34, -63]	[90, 106, 109, 182, 149]	[10006, 9998, 9998, 9996, 9982]	[220, 188, 183, 240, 196]
1034	36.0	[88, 9, -28, 36, 100]	[-121, -145, -80, 22, -70]	[-158, -41, 16, -11, -142]	[-66, -179, -89, -104, -81]	[119, -89, -104, 30, 7]	[-114, -28, 10, -40, 109]	[-91, 51, 4, 98, 173]	[-92, -142, -121, -111, -133]	[-162, -135, -119, -117, -125]	[-3, -14, -13, -21, -74]	[111, 119, 111, 180, 93]	[10005, 9999, 9981, 10011, 9997]	[212, 162, 187, 265, 261]
1035	37.0	[84, -20, -32, 45, 94]	[-121, -158, -89, 20, -117]	[-145, -49, 20, -10, -160]	[-53, -159, -80, -100, -79]	[117, -91, -104, 29, 11]	[-114, -26, 11, -40, 100]	[-82, 46, 5, 98, 177]	[-95, -133, -121, -111, -154]	[-189, -139, -108, -112, -125]	[-24, -19, -20, -25, -66]	[107, 116, 115, 177, 139]	[10011, 10002, 9999, 9998, 9995]	[170, 145, 178, 208, 179]
1036	37.3	[88, 9, -28, 36, 100]	[-121, -145, -80, 22, -70]	[-158, -41, 16, -11, -142]	[-66, -179, -89, -104, -81]	[119, -89, -104, 30, 7]	[-114, -28, 10, -40, 109]	[-91, 51, 4, 98, 173]	[-92, -142, -121, -111, -133]	[-162, -135, -119, -117, -125]	[-3, -14, -13, -21, -74]	[111, 119, 114, 179, 133]	[10005, 9999, 9981, 10011, 9997]	[212, 162, 187, 265, 261]
1037	35.7	[147, 60, 45, 74, 92]	[-114, -154, -85, 21, -89]	[-164, -34, 20, -15, -167]	[-50, -157, -78, -102, -89]	[119, -91, -99, 38, 13]	[-114, -27, 11, -41, 95]	[-94, 51, 5, 98, 171]	[-122, -135, -121, -105, -143]	[-181, -139, -112, -115, -125]	[-11, -14, -24, -27, -66]	[117, 116, 117, 176, 152]	[10003, 9999, 9985, 9998, 9997]	[190, 185, 179, 214, 170]
1038	38.0	[147, 60, 45, 74, 92]	[-111, -160, -70, 21, -66]	[-158, -38, 20, -14, -162]	[-51, -155, -78, -91, -89]	[118, -89, -102, 42, 7]	[-114, -30, 11, -40, 109]	[-94, 51, 5, 87, 148]	[-113, -134, -116, -111, -133]	[-163, -136, -119, -114, -123]	[-1, -18, -24, -27, -66]	[117, 111, 93, 174, 164]	[10003, 9999, 9956, 9998, 9997]	[190, 185, 179, 214, 170]
1039	39.0	[147, 60, 45, 74, 92]	[-114, -154, -85, 21, -89]	[-164, -34, 20, -15, -167]	[-50, -157, -78, -102, -89]	[119, -91, -99, 38, 13]	[-114, -27, 11, -41, 95]	[-94, 51, 6, 100, 187]	[-122, -139, -125, -105, -159]	[-181, -139, -112, -115, -125]	[-11, -20, -23, -27, -72]	[92, 116, 115, 170, 152]	[10006, 9999, 9985, 9998, 9997]	[214, 183, 188, 228, 195]
1040	38.7	[147, 60, 45, 74, 92]	[-111, -160, -70, 21, -66]	[-158, -38, 20, -14, -162]	[-51, -155, -78, -91, -89]	[118, -89, -102, 42, 7]	[-114, -30, 11, -40, 109]	[-94, 51, 5, 87, 148]	[-113, -134, -116, -111, -133]	[-163, -136, -119, -114, -123]	[-1, -18, -24, -27, -66]	[117, 111, 93, 174, 164]	[10003, 9999, 9956, 9998, 9997]	[190, 185, 179, 214, 170]
1041	40.0	[101, 36, -2, 60, 76]	[-119, -150, -78, 24, -76]	[-159, -41, 20, -15, -141]	[-49, -164, -83, -97, -80]	[116, -86, -100, 29, 13]	[-125, -19, 11, -40, 94]	[-58, 51, 5, 98, 147]	[-94, -124, -122, -113, -167]	[-167, -139, -112, -112, -101]	[-18, -19, -15, -22, -66]	[90, 115, 114, 176, 155]	[10006, 10000, 9982, 9997, 9977]	[220, 177, 180, 240, 196]
1042	34.3	[103, -20, -30, 44, 88]	[-111, -144, -79, 24, -76]	[-152, -46, 32, -5, -149]	[-46, -173, -88, -101, -66]	[119, -88, -104, 38, 14]	[-119, -19, 18, -53, 86]	[-70, 55, 11, 109, 179]	[-107, -137, -126, -108, -165]	[-169, -130, -105, -114, -113]	[-21, -19, -17, -29, -73]	[90, 116, 113, 174, 148]	[10006, 9998, 10005, 9992, 10008]	[220, 182, 189, 240, 196]
1043	43.3	[88, 9, -28, 36, 100]	[-121, -145, -80, 22, -70]	[-158, -41, 16, -11, -142]	[-66, -179, -89, -104, -81]	[119, -89, -104, 30, 7]	[-114, -28, 10, -40, 115]	[-91, 51, 4, 98, 173]	[-92, -142, -121, -111, -133]	[-162, -135, -119, -117, -125]	[-3, -14, -13, -21, -74]	[111, 119, 114, 179, 133]	[10005, 9999, 9981, 10011, 9997]	[212, 162, 187, 265, 261]
1044	35.0	[103, -20, -30, 44, 88]	[-111, -144, -79, 24, -76]	[-152, -46, 32, -5, -149]	[-46, -173, -88, -101, -66]	[119, -88, -104, 38, 14]	[-119, -19, 16, -41, 83]	[-72, 46, 11, 109, 179]	[-107, -137, -126, -108, -165]	[-169, -130, -105, -114, -113]	[-21, -19, -17, -29, -73]	[90, 116, 113, 174, 148]	[10006, 9998, 10005, 9992, 10008]	[220, 182, 189, 240, 196]
1045	36.0	[147, 60, 45, 74, 92]	[-111, -160, -70, 21, -66]	[-158, -38, 20, -14, -162]	[-51, -155, -78, -91, -89]	[118, -89, -102, 42, 7]	[-114, -30, 11, -40, 109]	[-94, 51, 5, 87, 148]	[-113, -134, -116, -111, -133]	[-163, -136, -119, -114, -123]	[-1, -18, -24, -27, -66]	[117, 111, 93, 174, 164]	[10003, 9999, 9956, 9998, 9997]	[190, 185, 179, 214, 170]
1046	37.7	[95, 9, -28, 36, 100]	[-121, -146, -81, 21, -70]	[-148, -36, 19, -10, -158]	[-58, -179, -88, -103, -81]	[118, -89, -103, 35, 7]	[-114, -22, 16, -40, 101]	[-91, 51, 5, 93, 152]	[-92, -142, -126, -105, -152]	[-162, -129, -113, -113, -117]	[-9, -24, -16, -21, -74]	[101, 119, 111, 180, 93]	[10005, 9999, 9996, 9996, 9997]	[212, 162, 187, 265, 255]
1047	40.3	[147, 60, 45, 74, 92]	[-111, -160, -70, 21, -66]	[-158, -38, 20, -14, -162]	[-51, -155, -78, -91, -89]	[118, -89, -102, 42, 7]	[-114, -30, 11, -40, 109]	[-94, 51, 5, 87, 148]	[-113, -134, -116, -111, -133]	[-163, -136, -119, -114, -123]	[-1, -18, -24, -27, -66]	[117, 111, 93, 174, 164]	[10003, 9999, 9956, 9998, 9997]	[190, 185, 179, 214, 170]
1048	40.7	[95, 9, -28, 36, 100]	[-121, -146, -81, 21, -70]	[-148, -36, 19, -10, -158]	[-58, -179, -88, -103, -81]	[118, -89, -103, 35, 7]	[-114, -22, 16, -40, 101]	[-91, 51, 5, 93, 152]	[-92, -142, -126, -105, -152]	[-162, -129, -113, -113, -117]	[-9, -24, -16, -21, -74]	[101, 119, 111, 180, 93]	[10005, 9999, 9996, 9996, 9997]	[212, 162, 187, 265, 255]
1049	39.3	[147, 60, 45, 74, 92]	[-114, -154, -85, 21, -89]	[-170, -34, 20, -15, -167]	[-50, -157, -79, -102, -89]	[119, -90, -100, 30, 13]	[-114, -19, 11, -41, 95]	[-94, 51, 6, 100, 187]	[-102, -130, -125, -105, -159]	[-181, -139, -112, -115, -125]	[-13, -20, -23, -21, -72]	[92, 116, 115, 173, 150]	[10006, 9999, 9985, 9995, 9997]	[214, 183, 189, 234, 195]
1050	38.7	[147, 60, 45, 74, 92]	[-114, -154, -85, 21, -89]	[-170, -34, 20, -15, -167]	[-50, -157, -78, -102, -89]	[119, -91, -99, 38, 13]	[-114, -27, 11, -41, 95]	[-65, 50, 6, 100, 187]	[-122, -139, -126, -107, -159]	[-175, -125, -112, -115, -125]	[-13, -20, -21, -21, -72]	[92, 112, 110, 170, 152]	[10006, 9998, 9995, 9998, 9997]	[214, 189, 188, 228, 195]
1051	38.3	[95, 9, -28, 36, 100]	[-121, -146, -81, 21, -70]	[-148, -36, 19, -10, -158]	[-58, -179, -88, -103, -81]	[118, -89, -103, 35, 7]	[-114, -22, 16, -40, 101]	[-91, 51, 5, 93, 152]	[-92, -142, -126, -105, -152]	[-162, -129, -113, -113, -117]	[-9, -24, -16, -21, -74]	[101, 119, 111, 180, 93]	[10005, 9999, 9996, 9996, 9997]	[212, 162, 187, 265, 249]
1052	38.7	[95, 9, -28, 36, 100]	[-121, -146, -81, 21, -70]	[-162, -34, 19, -11, -142]	[-66, -179, -89, -96, -81]	[118, -91, -103, 30, 7]	[-117, -23, 14, -40, 100]	[-75, 51, 5, 98, 173]	[-109, -142, -125, -107, -133]	[-171, -126, -119, -117, -125]	[-11, -21, -13, -21, -73]	[97, 112, 111, 180, 93]	[10005, 9999, 9981, 10011, 9997]	[212, 162, 187, 265, 255]
1053	37.3	[84, -20, -32, 45, 94]	[-123, -140, -89, 19, -130]	[-145, -49, 20, -15, -155]	[-53, -159, -82, -93, -79]	[117, -91, -98, 25, 9]	[-114, -27, 11, -41, 86]	[-72, 43, 3, 98, 165]	[-90, -137, -125, -113, -134]	[-171, -132, -108, -113, -114]	[-10, -12, -22, -26, -67]	[107, 116, 118, 179, 156]	[10011, 10002, 9993, 9998, 9995]	[170, 145, 178, 208, 179]
1054	40.3	[147, 60, 45, 74, 92]	[-117, -153, -75, 27, -102]	[-158, -31, 20, -15, -163]	[-50, -156, -79, -93, -83]	[118, -89, -102, 30, 11]	[-108, -28, 11, -40, 109]	[-94, 51, 5, 87, 148]	[-113, -134, -110, -111, -133]	[-163, -136, -119, -114, -123]	[-1, -18, -24, -27, -66]	[117, 111, 93, 168, 164]	[10003, 9999, 9956, 9998, 9997]	[190, 185, 179, 214, 170]
1055	41.3	[95, 9, -28, 36, 100]	[-121, -146, -81, 21, -70]	[-148, -36, 19, -10, -152]	[-58, -179, -88, -103, -81]	[118, -89, -103, 35, 7]	[-114, -22, 16, -40, 101]	[-91, 51, 5, 93, 152]	[-92, -142, -126, -105, -152]	[-162, -129, -113, -113, -117]	[-9, -24, -16, -21, -74]	[101, 119, 111, 180, 93]	[10005, 9999, 9996, 9996, 9997]	[212, 162, 187, 265, 249]
1056	37.7	[84, -20, -32, 45, 94]	[-123, -144, -89, 20, -117]	[-147, -48, 30, -15, -155]	[-52, -162, -82, -93, -79]	[117, -88, -98, 25, 9]	[-114, -27, 14, -41, 77]	[-72, 43, 3, 100, 165]	[-86, -140, -126, -113, -134]	[-183, -120, -105, -113, -109]	[-10, -18, -17, -20, -67]	[97, 116, 118, 177, 156]	[10010, 10002, 9999, 9998, 9995]	[170, 145, 178, 208, 179]
1057	42.3	[84, -20, -32, 45, 94]	[-123, -140, -89, 19, -130]	[-145, -49, 20, -15, -155]	[-59, -159, -82, -93, -79]	[117, -91, -100, 28, 9]	[-114, -27, 11, -40, 77]	[-72, 44, 5, 93, 165]	[-86, -140, -124, -113, -134]	[-189, -132, -115, -114, -114]	[-10, -12, -14, -22, -68]	[107, 117, 117, 177, 156]	[10007, 10001, 9985, 10000, 9995]	[170, 161, 182, 262, 179]
1058	36.3	[147, 60, 45, 74, 92]	[-114, -154, -85, 21, -89]	[-170, -34, 20, -15, -167]	[-50, -157, -79, -102, -89]	[119, -90, -100, 30, 13]	[-114, -19, 11, -41, 95]	[-94, 51, 6, 100, 187]	[-102, -130, -125, -105, -159]	[-181, -139, -112, -115, -125]	[-13, -20, -23, -21, -72]	[92, 116, 115, 173, 150]	[10006, 9999, 9985, 9995, 9997]	[214, 183, 189, 234, 195]
1059	39.3	[147, 60, 45, 74, 92]	[-114, -154, -85, 21, -89]	[-170, -34, 20, -15, -167]	[-50, -157, -79, -102, -89]	[119, -90, -100, 30, 13]	[-114, -19, 11, -41, 95]	[-94, 51, 6, 100, 187]	[-102, -130, -125, -105, -159]	[-181, -139, -112, -115, -125]	[-13, -20, -23, -21, -72]	[92, 116, 115, 173, 150]	[10006, 9999, 9985, 9995, 9997]	[214, 183, 189, 234, 195]
1060	39.7	[147, 60, 45, 74, 92]	[-123, -153, -75, 27, -102]	[-164, -31, 20, -15, -163]	[-50, -156, -79, -93, -83]	[118, -89, -102, 30, 11]	[-108, -28, 11, -40, 109]	[-94, 51, 5, 87, 148]	[-113, -135, -116, -111, -133]	[-163, -136, -119, -114, -117]	[-1, -18, -24, -27, -66]	[117, 111, 93, 174, 164]	[10003, 9999, 9956, 9998, 9997]	[190, 185, 179, 214, 170]
1061	33.3	[147, 60, 45, 74, 92]	[-117, -153, -75, 27, -102]	[-158, -31, 20, -15, -163]	[-44, -156, -79, -93, -83]	[118, -89, -102, 30, 11]	[-108, -28, 11, -40, 109]	[-94, 51, 5, 87, 148]	[-113, -134, -110, -111, -133]	[-163, -136, -119, -114, -123]	[-1, -18, -24, -27, -66]	[117, 111, 93, 173, 164]	[10003, 9999, 9956, 9998, 9997]	[190, 185, 179, 214, 170]
1062	40.0	[147, 60, 45, 74, 92]	[-117, -153, -75, 27, -102]	[-158, -31, 20, -15, -163]	[-50, -156, -79, -93, -83]	[118, -89, -101, 30, 12]	[-111, -28, 11, -40, 109]	[-94, 51, 5, 87, 148]	[-113, -134, -110, -111, -133]	[-163, -136, -119, -114, -123]	[-1, -18, -24, -27, -66]	[117, 111, 93, 168, 164]	[10003, 9999, 9956, 9998, 9997]	[190, 185, 179, 214, 170]
1063	38.3	[103, -20, -36, 44, 88]	[-111, -144, -79, 24, -82]	[-152, -46, 32, -5, -149]	[-46, -173, -88, -101, -66]	[119, -88, -104, 38, 14]	[-119, -19, 10, -41, 83]	[-72, 46, 11, 109, 179]	[-107, -137, -126, -108, -165]	[-169, -130, -105, -114, -113]	[-21, -19, -17, -29, -73]	[90, 116, 113, 174, 148]	[10006, 9998, 10005, 9992, 10008]	[220, 182, 189, 240, 196]
1064	39.3	[147, 60, 45, 74, 92]	[-117, -153, -75, 27, -102]	[-158, -31, 20, -15, -163]	[-50, -156, -79, -93, -83]	[118, -89, -101, 30, 12]	[-111, -28, 11, -40, 109]	[-94, 51, 5, 87, 148]	[-113, -134, -110, -111, -133]	[-163, -136, -119, -114, -123]	[-1, -18, -24, -27, -66]	[117, 111, 93, 168, 164]	[10003, 9999, 9956, 9998, 9997]	[190, 185, 179, 214, 170]
1065	36.0	[147, 60, 45, 74, 92]	[-117, -153, -75, 27, -102]	[-159, -31, 20, -15, -163]	[-50, -156, -82, -95, -81]	[118, -89, -103, 30, 11]	[-108, -28, 11, -40, 109]	[-94, 51, 5, 87, 148]	[-113, -134, -110, -111, -133]	[-163, -136, -119, -114, -123]	[-1, -18, -24, -27, -66]	[117, 111, 93, 168, 164]	[10003, 9999, 9956, 9998, 9997]	[190, 185, 179, 214, 170]
1066	36.7	[147, 60, 45, 74, 92]	[-117, -153, -75, 27, -102]	[-158, -31, 20, -15, -163]	[-44, -156, -79, -93, -83]	[118, -89, -102, 30, 11]	[-108, -28, 11, -40, 109]	[-94, 51, 5, 87, 148]	[-113, -134, -110, -111, -133]	[-163, -136, -119, -114, -123]	[-7, -18, -24, -27, -66]	[117, 111, 93, 173, 164]	[10003, 9999, 9956, 9998, 9997]	[190, 185, 179, 214, 170]
1067	38.0	[147, 60, 45, 74, 92]	[-119, -154, -77, 24, -102]	[-169, -31, 20, -15, -163]	[-50, -156, -79, -100, -83]	[118, -90, -102, 30, 11]	[-102, -28, 11, -40, 109]	[-94, 51, 5, 87, 148]	[-113, -135, -124, -111, -154]	[-163, -136, -125, -114, -117]	[-1, -18, -24, -27, -66]	[117, 117, 93, 174, 164]	[10003, 9999, 9956, 9998, 9997]	[190, 185, 179, 214, 170]
1068	38.3	[147, 60, 45, 74, 92]	[-119, -154, -77, 24, -102]	[-169, -31, 20, -15, -163]	[-50, -156, -79, -100, -83]	[118, -90, -102, 30, 11]	[-102, -28, 11, -40, 109]	[-94, 51, 5, 87, 148]	[-113, -135, -124, -111, -154]	[-163, -136, -125, -114, -117]	[-1, -18, -24, -27, -66]	[117, 117, 93, 174, 164]	[10003, 9999, 9956, 9998, 9997]	[190, 185, 179, 214, 170]
1069	39.3	[147, 60, 45, 74, 92]	[-119, -154, -77, 24, -102]	[-169, -31, 20, -15, -163]	[-50, -156, -79, -100, -83]	[118, -90, -102, 30, 11]	[-102, -28, 11, -40, 109]	[-94, 51, 5, 87, 148]	[-113, -135, -124, -111, -154]	[-163, -136, -125, -114, -117]	[-1, -18, -24, -27, -66]	[117, 117, 93, 174, 164]	[10003, 9999, 9956, 9998, 9997]	[190, 185, 179, 214, 170]
1070	39.0	[147, 60, 45, 74, 92]	[-119, -154, -77, 24, -102]	[-169, -31, 20, -15, -163]	[-50, -156, -79, -100, -83]	[118, -90, -102, 30, 11]	[-102, -28, 17, -40, 109]	[-94, 51, 5, 87, 148]	[-113, -135, -124, -111, -154]	[-163, -136, -125, -114, -117]	[-1, -18, -24, -27, -66]	[117, 112, 93, 174, 164]	[10003, 9999, 9956, 9998, 9997]	[190, 185, 179, 214, 170]
1071	43.3	[147, 60, 45, 74, 92]	[-119, -154, -77, 24, -106]	[-169, -31, 20, -15, -161]	[-50, -158, -79, -100, -83]	[118, -88, -102, 25, 11]	[-108, -34, 11, -40, 109]	[-93, 49, 3, 87, 148]	[-90, -138, -126, -113, -154]	[-163, -124, -120, -114, -117]	[-6, -18, -24, -27, -66]	[102, 117, 102, 176, 164]	[10003, 9999, 9956, 9998, 9995]	[190, 179, 179, 214, 170]
1072	38.0	[147, 60, 45, 74, 92]	[-119, -154, -77, 24, -102]	[-169, -31, 20, -15, -163]	[-50, -156, -79, -100, -83]	[118, -90, -102, 30, 11]	[-108, -28, 11, -40, 109]	[-94, 51, -1, 87, 148]	[-119, -135, -124, -111, -148]	[-163, -136, -125, -114, -117]	[-1, -18, -22, -25, -72]	[103, 118, 103, 180, 164]	[10003, 9999, 9956, 9998, 9997]	[190, 179, 179, 214, 170]
1073	37.3	[103, -20, -36, 44, 88]	[-111, -144, -79, 24, -82]	[-169, -44, 22, 1, -149]	[-46, -173, -88, -101, -82]	[119, -90, -102, 38, 14]	[-119, -25, 12, -41, 83]	[-79, 47, 11, 109, 179]	[-101, -135, -125, -110, -145]	[-169, -134, -109, -114, -113]	[-21, -18, -17, -29, -73]	[90, 117, 97, 174, 148]	[10004, 9999, 9986, 9996, 10008]	[216, 179, 185, 234, 196]
1074	37.7	[147, 60, 45, 74, 92]	[-119, -154, -77, 24, -102]	[-169, -31, 20, -15, -163]	[-50, -156, -79, -100, -83]	[118, -90, -102, 30, 11]	[-102, -28, 17, -40, 109]	[-94, 51, 5, 87, 148]	[-113, -135, -124, -111, -154]	[-163, -136, -125, -114, -117]	[-1, -18, -24, -27, -66]	[117, 112, 93, 174, 164]	[10003, 9999, 9956, 9998, 9997]	[190, 185, 179, 214, 170]
1075	38.7	[147, 60, 45, 74, 92]	[-119, -154, -77, 24, -102]	[-169, -31, 20, -15, -163]	[-50, -156, -79, -100, -83]	[118, -90, -102, 30, 11]	[-108, -28, 11, -40, 109]	[-94, 51, -1, 87, 148]	[-119, -135, -124, -111, -148]	[-163, -136, -125, -114, -117]	[-1, -18, -22, -25, -72]	[103, 118, 103, 180, 164]	[10003, 9999, 9956, 9998, 9997]	[190, 179, 179, 214, 170]
1076	39.7	[147, 60, 45, 74, 92]	[-119, -154, -77, 24, -102]	[-162, -44, 20, -12, -161]	[-47, -156, -79, -100, -83]	[119, -90, -101, 30, 11]	[-108, -28, 11, -41, 94]	[-94, 50, 5, 96, 148]	[-95, -137, -124, -111, -143]	[-163, -136, -111, -114, -114]	[-1, -18, -24, -27, -66]	[117, 115, 93, 174, 164]	[10003, 9999, 9956, 9998, 10003]	[190, 179, 179, 214, 170]
1077	35.3	[147, 60, 45, 74, 92]	[-119, -154, -77, 24, -102]	[-169, -31, 20, -15, -163]	[-50, -156, -79, -100, -83]	[118, -90, -102, 30, 11]	[-108, -28, 11, -40, 109]	[-94, 51, 3, 87, 148]	[-113, -135, -124, -111, -154]	[-163, -136, -125, -114, -117]	[-1, -18, -24, -27, -66]	[117, 117, 93, 174, 164]	[10003, 9999, 9956, 9998, 9997]	[190, 185, 179, 214, 170]
1078	41.7	[147, 60, 45, 74, 92]	[-117, -153, -75, 27, -102]	[-158, -40, 20, -15, -163]	[-50, -156, -82, -93, -83]	[118, -89, -101, 29, 12]	[-111, -28, 11, -40, 79]	[-82, 44, 5, 90, 156]	[-93, -140, -123, -113, -134]	[-163, -133, -115, -114, -123]	[-3, -14, -14, -23, -66]	[116, 111, 93, 168, 164]	[10003, 9999, 9956, 9996, 9997]	[177, 168, 182, 260, 170]
1079	37.3	[147, 60, 45, 74, 92]	[-119, -154, -77, 24, -102]	[-162, -50, 20, -12, -161]	[-47, -156, -79, -100, -83]	[119, -90, -100, 30, 11]	[-108, -27, 12, -41, 80]	[-94, 50, 3, 96, 148]	[-113, -135, -124, -111, -143]	[-163, -136, -118, -114, -116]	[-1, -18, -24, -27, -66]	[117, 117, 93, 174, 164]	[10003, 9999, 9956, 9998, 9997]	[184, 179, 179, 214, 170]
1080	38.0	[147, 60, 45, 74, 92]	[-119, -154, -77, 24, -102]	[-169, -31, 20, -13, -163]	[-50, -156, -79, -100, -83]	[119, -90, -101, 29, 11]	[-102, -28, 17, -41, 109]	[-94, 51, 5, 87, 148]	[-113, -135, -124, -111, -152]	[-163, -136, -125, -114, -120]	[-1, -18, -24, -27, -66]	[117, 112, 93, 174, 164]	[10009, 9999, 9956, 9998, 9997]	[190, 185, 179, 214, 170]
1081	37.3	[147, 60, 45, 74, 92]	[-117, -153, -75, 27, -102]	[-158, -40, 20, -15, -163]	[-50, -156, -82, -93, -83]	[118, -89, -101, 29, 12]	[-111, -28, 11, -40, 79]	[-82, 44, 5, 90, 156]	[-93, -140, -123, -113, -134]	[-163, -133, -115, -114, -123]	[-3, -14, -14, -23, -66]	[116, 111, 93, 168, 164]	[10003, 9999, 9956, 9996, 9997]	[177, 168, 182, 260, 170]
1082	41.0	[147, 60, 45, 74, 92]	[-119, -154, -77, 24, -102]	[-162, -44, 20, -12, -161]	[-47, -156, -80, -99, -83]	[119, -90, -101, 30, 11]	[-108, -28, 11, -41, 94]	[-94, 50, 5, 96, 148]	[-113, -135, -124, -111, -143]	[-163, -136, -110, -114, -119]	[-1, -18, -24, -27, -66]	[117, 115, 93, 174, 164]	[10003, 9999, 9956, 9998, 9997]	[190, 179, 179, 214, 170]
1083	43.7	[147, 60, 45, 74, 92]	[-119, -154, -77, 24, -102]	[-169, -31, 20, -15, -163]	[-50, -156, -79, -100, -83]	[118, -90, -102, 30, 11]	[-108, -27, 11, -40, 109]	[-94, 51, 1, 87, 148]	[-115, -135, -124, -111, -148]	[-163, -136, -125, -114, -117]	[-1, -18, -22, -25, -72]	[116, 117, 93, 174, 164]	[10003, 9999, 9956, 9998, 9997]	[190, 179, 173, 214, 170]
1084	39.7	[147, 60, 45, 74, 92]	[-119, -154, -77, 24, -102]	[-169, -31, 20, -15, -163]	[-50, -156, -79, -100, -83]	[118, -90, -102, 30, 11]	[-108, -27, 11, -40, 109]	[-94, 51, 1, 87, 148]	[-115, -135, -124, -111, -148]	[-163, -136, -125, -114, -117]	[-1, -18, -22, -25, -72]	[116, 117, 93, 174, 164]	[10003, 9999, 9956, 9998, 9997]	[190, 179, 173, 214, 170]
1085	39.0	[147, 60, 45, 74, 92]	[-117, -153, -75, 25, -102]	[-158, -37, 20, -15, -163]	[-50, -156, -81, -98, -83]	[118, -89, -102, 29, 12]	[-111, -28, 15, -40, 96]	[-82, 44, 5, 88, 155]	[-93, -140, -124, -113, -134]	[-163, -133, -115, -114, -117]	[-3, -14, -17, -23, -66]	[117, 117, 93, 170, 164]	[10003, 9999, 9956, 9996, 9997]	[177, 168, 182, 260, 170]
1086	38.7	[147, 60, 45, 74, 92]	[-119, -154, -77, 24, -102]	[-162, -44, 20, -12, -161]	[-47, -156, -80, -99, -83]	[119, -90, -101, 30, 11]	[-108, -28, 11, -41, 94]	[-94, 50, 5, 96, 148]	[-113, -135, -124, -111, -143]	[-163, -136, -110, -114, -119]	[-1, -18, -24, -27, -66]	[117, 115, 93, 174, 164]	[10003, 9999, 9956, 9998, 9997]	[190, 179, 179, 214, 170]
1087	36.7	[147, 60, 45, 74, 92]	[-119, -154, -77, 24, -102]	[-169, -31, 20, -15, -163]	[-50, -156, -79, -100, -83]	[118, -90, -102, 30, 11]	[-108, -27, 11, -40, 109]	[-94, 51, 1, 87, 148]	[-115, -135, -124, -111, -148]	[-163, -136, -125, -114, -117]	[-1, -18, -22, -25, -72]	[116, 117, 93, 174, 164]	[10003, 9999, 9956, 9998, 9997]	[190, 179, 173, 214, 170]
1088	38.3	[147, 60, 45, 74, 92]	[-117, -153, -76, 25, -102]	[-167, -38, 20, -15, -163]	[-50, -156, -79, -96, -83]	[118, -89, -102, 29, 11]	[-111, -28, 13, -40, 98]	[-84, 48, 5, 88, 161]	[-93, -140, -124, -113, -134]	[-163, -133, -115, -114, -117]	[-3, -14, -17, -23, -66]	[117, 117, 93, 170, 164]	[10003, 9999, 9956, 9996, 9997]	[177, 168, 182, 260, 170]
1089	37.7	[147, 60, 45, 74, 92]	[-117, -153, -75, 27, -102]	[-158, -40, 20, -15, -163]	[-50, -156, -82, -93, -83]	[118, -89, -101, 29, 12]	[-111, -28, 11, -40, 79]	[-82, 44, 5, 90, 156]	[-93, -140, -123, -113, -134]	[-163, -133, -115, -114, -123]	[-3, -14, -14, -23, -66]	[116, 111, 93, 168, 164]	[10003, 10005, 9956, 9996, 9997]	[177, 168, 182, 260, 170]
1090	35.7	[147, 60, 45, 74, 92]	[-117, -153, -75, 25, -102]	[-158, -37, 20, -15, -163]	[-50, -156, -81, -98, -83]	[118, -89, -102, 29, 12]	[-111, -28, 15, -40, 96]	[-82, 44, 5, 88, 155]	[-93, -140, -124, -113, -134]	[-163, -133, -115, -114, -117]	[-3, -14, -17, -23, -66]	[117, 117, 93, 170, 164]	[10003, 9999, 9956, 9996, 9997]	[177, 168, 182, 260, 170]
1091	39.3	[147, 60, 45, 74, 92]	[-113, -154, -77, 22, -103]	[-169, -31, 20, -14, -163]	[-53, -157, -81, -100, -77]	[118, -90, -103, 30, 11]	[-108, -27, 11, -41, 80]	[-89, 51, 3, 86, 148]	[-115, -135, -130, -113, -148]	[-164, -136, -125, -114, -117]	[-1, -16, -22, -26, -69]	[116, 117, 93, 174, 164]	[10003, 9999, 9956, 9998, 9997]	[190, 179, 179, 214, 170]
1092	38.0	[147, 60, 45, 74, 92]	[-119, -154, -77, 24, -102]	[-172, -40, 20, -12, -162]	[-47, -156, -79, -100, -83]	[119, -90, -101, 30, 11]	[-108, -28, 16, -41, 94]	[-94, 50, 5, 96, 148]	[-113, -135, -124, -111, -143]	[-163, -136, -110, -114, -119]	[-1, -18, -24, -27, -66]	[117, 114, 93, 174, 164]	[10003, 9999, 9956, 9998, 9997]	[190, 179, 179, 214, 170]
1093	40.0	[147, 60, 45, 74, 92]	[-119, -154, -77, 22, -103]	[-169, -31, 20, -14, -163]	[-53, -157, -81, -100, -83]	[118, -90, -103, 30, 5]	[-108, -28, 11, -40, 109]	[-89, 51, 3, 86, 148]	[-115, -135, -124, -113, -148]	[-170, -136, -125, -114, -117]	[-1, -16, -24, -26, -69]	[116, 117, 93, 174, 164]	[10003, 9999, 9956, 9998, 9997]	[190, 179, 179, 214, 170]
1094	35.3	[103, -20, 31, 70, 88]	[-111, -144, -79, 24, -82]	[-169, -44, 22, -10, -149]	[-46, -157, -81, -100, -79]	[119, -90, -102, 29, 11]	[-114, -25, 11, -41, 89]	[-79, 47, 3, 109, 179]	[-101, -136, -124, -110, -145]	[-166, -134, -110, -114, -113]	[-21, -18, -24, -28, -73]	[90, 117, 97, 174, 162]	[10004, 9999, 9966, 9997, 10008]	[216, 179, 185, 240, 196]
1095	37.7	[103, -20, -36, 44, 88]	[-111, -144, -79, 24, -82]	[-169, -44, 22, 1, -149]	[-46, -173, -88, -101, -82]	[119, -90, -102, 29, 14]	[-119, -25, 12, -41, 83]	[-79, 47, 5, 109, 179]	[-101, -135, -125, -110, -145]	[-169, -134, -109, -114, -113]	[-21, -18, -17, -29, -73]	[90, 117, 97, 168, 148]	[10004, 9999, 9986, 9996, 10008]	[216, 179, 179, 234, 196]
1096	34.7	[147, 60, 45, 74, 92]	[-119, -154, -77, 24, -102]	[-172, -40, 20, -12, -162]	[-47, -160, -84, -101, -83]	[119, -90, -101, 30, 11]	[-108, -28, 16, -41, 84]	[-94, 50, 5, 105, 148]	[-113, -135, -124, -111, -143]	[-163, -136, -110, -114, -119]	[-1, -18, -24, -27, -66]	[117, 114, 93, 174, 164]	[10003, 9999, 9962, 9998, 9997]	[190, 179, 179, 214, 170]
1097	36.7	[124, -16, 45, 74, 92]	[-116, -153, -75, 25, -102]	[-162, -44, 22, 1, -151]	[-50, -156, -85, -101, -82]	[118, -89, -102, 29, 12]	[-111, -25, 15, -38, 89]	[-82, 44, 5, 88, 155]	[-93, -135, -124, -113, -134]	[-163, -133, -124, -114, -117]	[-3, -18, -19, -23, -66]	[117, 112, 93, 165, 164]	[10003, 9999, 9956, 9996, 9997]	[177, 168, 181, 260, 170]
1098	37.3	[147, 60, 45, 80, 92]	[-117, -153, -69, 27, -102]	[-159, -31, 14, -15, -163]	[-50, -156, -82, -95, -81]	[118, -89, -103, 30, 11]	[-108, -28, 11, -40, 109]	[-87, 54, 5, 84, 148]	[-113, -137, -113, -111, -133]	[-163, -133, -115, -114, -123]	[-3, -10, -24, -27, -66]	[117, 111, 93, 169, 164]	[10003, 9999, 9956, 9998, 9997]	[190, 169, 182, 214, 170]
1099	38.7	[147, 60, 45, 74, 92]	[-119, -154, -77, 22, -103]	[-169, -31, 20, -14, -163]	[-53, -157, -81, -100, -83]	[118, -90, -103, 30, 5]	[-108, -28, 11, -40, 109]	[-89, 51, 3, 86, 148]	[-115, -135, -124, -113, -148]	[-170, -136, -125, -114, -117]	[-1, -16, -24, -26, -69]	[116, 117, 93, 174, 164]	[10003, 9999, 9956, 9998, 9997]	[190, 179, 179, 214, 170]
1100	36.3	[147, 60, 70, 74, 92]	[-119, -154, -77, 22, -103]	[-169, -31, 20, -14, -163]	[-53, -157, -81, -100, -83]	[118, -90, -103, 30, 5]	[-108, -28, 11, -40, 109]	[-89, 51, 3, 86, 148]	[-115, -135, -124, -113, -148]	[-170, -136, -125, -114, -117]	[-1, -16, -24, -26, -69]	[116, 117, 93, 174, 164]	[10003, 9999, 9956, 9998, 9997]	[190, 179, 179, 214, 170]
1101	36.3	[147, 60, 45, 74, 92]	[-119, -154, -77, 24, -102]	[-162, -44, 20, -12, -161]	[-47, -156, -80, -99, -83]	[119, -90, -101, 30, 11]	[-108, -3, 17, -41, 95]	[-94, 51, 5, 94, 148]	[-113, -135, -124, -111, -143]	[-163, -136, -118, -114, -119]	[-1, -18, -24, -27, -66]	[123, 115, 93, 174, 164]	[10003, 9999, 9956, 9998, 9997]	[190, 179, 179, 214, 170]
1102	40.0	[147, 60, 45, 74, 92]	[-119, -154, -77, 24, -102]	[-172, -40, 20, -12, -162]	[-22, -160, -84, -101, -83]	[119, -90, -101, 30, 11]	[-108, -28, 16, -41, 84]	[-94, 50, 5, 105, 148]	[-113, -135, -124, -111, -143]	[-163, -136, -110, -114, -119]	[-1, -18, -24, -27, -66]	[117, 114, 93, 174, 164]	[10003, 9999, 9962, 9998, 9997]	[190, 179, 179, 214, 170]
1103	40.3	[124, -16, 45, 74, 92]	[-116, -153, -75, 25, -102]	[-162, -44, 22, 1, -151]	[-50, -156, -85, -101, -82]	[118, -89, -102, 29, 12]	[-111, -25, 15, -38, 89]	[-82, 44, 5, 88, 155]	[-93, -135, -124, -125, -134]	[-163, -133, -131, -114, -117]	[-3, -18, -20, -24, -70]	[117, 112, 93, 165, 164]	[10003, 9999, 9956, 9996, 9997]	[177, 168, 181, 260, 170]
1104	38.3	[147, 60, 45, 80, 92]	[-117, -153, -69, 27, -102]	[-164, -20, 14, -15, -163]	[-50, -156, -79, -95, -81]	[118, -89, -102, 29, 11]	[-108, -28, 12, -40, 109]	[-84, 54, 5, 84, 148]	[-113, -137, -113, -111, -133]	[-163, -139, -115, -114, -123]	[-3, -10, -24, -27, -66]	[117, 111, 93, 169, 164]	[10003, 9999, 9956, 9998, 9997]	[190, 169, 182, 214, 170]
1105	38.0	[147, 60, 45, 80, 92]	[-117, -153, -69, 27, -102]	[-159, -31, 14, -15, -163]	[-50, -156, -82, -97, -79]	[119, -90, -103, 30, 11]	[-86, -28, 11, -40, 109]	[-87, 49, 5, 84, 148]	[-113, -137, -116, -111, -136]	[-163, -133, -110, -114, -117]	[-3, -17, -24, -27, -66]	[117, 111, 93, 170, 163]	[10003, 9999, 9959, 9998, 9997]	[190, 169, 182, 214, 170]
1106	38.3	[147, 66, 45, 68, 92]	[-113, -154, -77, 22, -103]	[-169, -31, 20, -14, -163]	[-53, -156, -80, -100, -82]	[118, -90, -78, 30, 11]	[-108, -27, 11, -40, 92]	[-89, 45, 3, 86, 148]	[-115, -135, -126, -113, -148]	[-164, -136, -131, -114, -117]	[-1, -16, -22, -26, -69]	[116, 117, 93, 174, 164]	[10009, 9999, 9956, 9998, 9997]	[190, 179, 179, 214, 170]
1107	39.7	[147, 66, 45, 68, 92]	[-113, -154, -77, 22, -103]	[-169, -31, 20, -14, -163]	[-53, -156, -80, -100, -82]	[118, -90, -92, 29, 11]	[-108, -25, 11, -38, 92]	[-89, 45, 3, 86, 148]	[-108, -135, -124, -126, -148]	[-163, -136, -131, -114, -117]	[-2, -18, -19, -24, -68]	[116, 117, 93, 174, 164]	[10009, 9999, 9956, 9998, 9997]	[190, 179, 179, 214, 170]
1108	40.3	[147, 60, 45, 74, 92]	[-117, -162, -76, 27, -102]	[-167, -23, 16, -15, -163]	[-50, -156, -79, -96, -81]	[118, -89, -102, 29, 11]	[-111, -28, 14, -40, 97]	[-84, 53, 5, 88, 157]	[-93, -137, -124, -113, -134]	[-163, -135, -115, -114, -121]	[-3, -9, -18, -23, -66]	[117, 105, 93, 169, 164]	[10003, 9999, 9956, 9996, 9997]	[177, 168, 182, 260, 170]
1109	38.3	[147, 60, 45, 74, 92]	[-117, -162, -76, 27, -102]	[-167, -23, 16, -15, -163]	[-50, -156, -79, -96, -81]	[118, -89, -102, 29, 11]	[-111, -28, 14, -40, 97]	[-84, 53, 5, 88, 157]	[-93, -137, -124, -113, -134]	[-163, -135, -115, -114, -121]	[-3, -9, -18, -23, -66]	[117, 105, 93, 169, 164]	[10003, 9999, 9956, 9996, 9997]	[177, 168, 182, 260, 170]
1110	38.0	[147, 66, 45, 68, 92]	[-113, -154, -77, 22, -103]	[-169, -31, 20, -14, -163]	[-53, -156, -80, -100, -82]	[118, -90, -92, 29, 11]	[-108, -25, 11, -38, 92]	[-89, 45, 3, 86, 148]	[-108, -135, -124, -126, -148]	[-163, -136, -131, -114, -117]	[-2, -18, -19, -24, -68]	[116, 117, 93, 174, 164]	[10009, 9999, 9956, 9998, 9997]	[190, 179, 179, 214, 170]
1111	38.0	[124, -16, 45, 74, 92]	[-116, -153, -75, 25, -102]	[-162, -44, 22, 1, -151]	[-50, -156, -85, -101, -82]	[118, -89, -102, 29, 12]	[-111, -25, 15, -38, 89]	[-82, 44, 5, 88, 155]	[-93, -135, -124, -125, -134]	[-163, -133, -131, -114, -117]	[-3, -18, -20, -24, -70]	[117, 112, 93, 165, 164]	[10003, 9999, 9956, 9996, 9997]	[177, 168, 181, 260, 170]
1112	36.7	[147, 60, 45, 74, 92]	[-119, -154, -77, 24, -102]	[-162, -44, 20, -12, -161]	[-47, -156, -80, -99, -83]	[119, -90, -101, 29, 12]	[-108, -3, 17, -41, 95]	[-94, 51, 5, 94, 148]	[-113, -135, -124, -111, -143]	[-163, -136, -118, -114, -119]	[-1, -18, -24, -27, -66]	[123, 115, 93, 174, 164]	[10003, 9999, 9956, 9998, 9997]	[190, 179, 179, 214, 170]
1113	40.3	[124, -16, 45, 74, 98]	[-116, -153, -75, 25, -102]	[-162, -44, 22, 1, -151]	[-50, -156, -85, -101, -82]	[118, -89, -102, 29, 12]	[-111, -25, 15, -38, 89]	[-82, 44, 5, 88, 155]	[-93, -135, -124, -125, -134]	[-163, -133, -131, -114, -117]	[-3, -18, -20, -24, -70]	[117, 112, 93, 165, 164]	[10003, 9999, 9956, 9996, 9997]	[177, 168, 181, 260, 170]
1114	37.7	[147, 66, 45, 68, 92]	[-113, -154, -77, 22, -103]	[-169, -31, 20, -14, -163]	[-53, -156, -80, -100, -82]	[118, -90, -78, 30, 11]	[-108, -27, 11, -40, 92]	[-87, 45, 4, 87, 148]	[-115, -135, -124, -124, -142]	[-163, -134, -131, -114, -117]	[-2, -18, -22, -26, -69]	[116, 117, 93, 174, 164]	[10009, 9999, 9956, 9998, 9997]	[190, 179, 179, 214, 170]
1115	40.7	[147, 60, 51, 74, 92]	[-117, -153, -75, 25, -102]	[-133, -37, 20, -15, -163]	[-50, -156, -81, -98, -83]	[118, -89, -102, 29, 12]	[-111, -28, 15, -40, 96]	[-82, 44, 5, 88, 155]	[-93, -140, -124, -113, -134]	[-163, -133, -115, -114, -117]	[-3, -14, -17, -23, -66]	[117, 117, 93, 170, 164]	[10003, 9999, 9956, 9996, 9997]	[177, 168, 182, 260, 170]
1116	40.3	[147, 60, 64, 74, 92]	[-119, -154, -77, 24, -103]	[-169, -37, 21, -14, -161]	[-53, -157, -81, -95, -82]	[118, -90, -103, 30, 6]	[-108, -26, 12, -39, 93]	[-89, 45, 5, 87, 148]	[-115, -135, -124, -125, -148]	[-170, -136, -125, -114, -117]	[-1, -16, -24, -26, -69]	[116, 117, 93, 174, 164]	[9997, 9999, 9956, 9996, 9997]	[190, 179, 179, 214, 170]
1117	39.3	[147, 60, 45, 80, 92]	[-117, -153, -69, 27, -102]	[-164, -16, 14, -15, -163]	[-50, -156, -79, -95, -81]	[118, -89, -102, 29, 11]	[-108, -28, 12, -40, 109]	[-84, 54, 5, 84, 148]	[-113, -137, -113, -112, -133]	[-163, -139, -115, -114, -123]	[-3, -10, -17, -24, -66]	[117, 111, 93, 169, 164]	[10003, 9999, 9956, 9998, 9997]	[190, 169, 182, 214, 170]
1118	39.7	[147, 60, 45, 74, 92]	[-117, -154, -76, 27, -102]	[-158, -44, 20, -15, -162]	[-49, -156, -82, -97, -83]	[119, -89, -101, 30, 12]	[-92, -24, 11, -40, 96]	[-82, 44, 5, 88, 153]	[-118, -140, -122, -113, -136]	[-163, -133, -116, -115, -121]	[-3, -14, -14, -24, -66]	[116, 111, 93, 171, 164]	[10003, 10005, 9956, 9996, 9997]	[177, 168, 182, 260, 170]
1119	40.0	[147, 60, 45, 74, 92]	[-117, -154, -76, 27, -102]	[-158, -44, 20, -15, -162]	[-49, -156, -82, -97, -83]	[119, -89, -101, 30, 12]	[-92, -24, 11, -40, 96]	[-82, 44, 5, 88, 153]	[-118, -140, -122, -113, -136]	[-163, -133, -116, -115, -121]	[-3, -14, -14, -24, -66]	[116, 111, 93, 171, 164]	[10003, 10005, 9956, 9996, 9997]	[177, 168, 182, 260, 170]
1120	35.7	[147, 60, 45, 77, 92]	[-117, -153, -69, 27, -102]	[-159, -29, 15, -15, -163]	[-50, -156, -80, -96, -79]	[118, -90, -103, 30, 11]	[-86, -28, 11, -40, 109]	[-93, 49, 5, 84, 148]	[-113, -137, -116, -111, -136]	[-163, -133, -110, -114, -117]	[-3, -17, -24, -27, -66]	[117, 111, 93, 170, 163]	[10003, 9999, 9959, 9998, 9997]	[190, 169, 182, 214, 170]
1121	38.7	[147, 60, 51, 74, 92]	[-117, -153, -75, 25, -102]	[-133, -37, 20, -15, -163]	[-50, -156, -81, -98, -83]	[118, -89, -102, 29, 12]	[-111, -28, 15, -40, 96]	[-82, 44, 5, 88, 155]	[-93, -140, -124, -113, -134]	[-163, -133, -115, -114, -117]	[-3, -14, -17, -23, -66]	[117, 117, 93, 170, 164]	[10003, 9999, 9956, 9996, 9997]	[177, 168, 182, 260, 170]
1122	38.3	[147, 60, 45, 74, 92]	[-117, -154, -76, 27, -102]	[-158, -44, 20, -15, -162]	[-49, -156, -82, -97, -83]	[119, -89, -101, 30, 12]	[-92, -24, 11, -40, 96]	[-82, 44, 5, 88, 153]	[-118, -140, -122, -113, -136]	[-163, -133, -116, -115, -121]	[-3, -14, -14, -24, -66]	[116, 111, 93, 171, 164]	[10003, 10005, 9956, 9996, 9997]	[177, 168, 182, 260, 170]
1123	35.7	[147, 60, 45, 77, 92]	[-117, -153, -69, 27, -102]	[-159, -29, 15, -15, -163]	[-50, -156, -80, -96, -79]	[118, -90, -103, 30, 11]	[-86, -28, 11, -40, 109]	[-93, 49, 5, 84, 148]	[-113, -137, -116, -111, -136]	[-163, -133, -110, -114, -117]	[-3, -17, -24, -27, -66]	[117, 111, 93, 170, 163]	[10003, 9999, 9959, 9998, 9997]	[190, 169, 182, 214, 170]
1124	37.7	[147, 66, 45, 68, 92]	[-113, -154, -77, 22, -103]	[-169, -31, 20, -14, -163]	[-52, -156, -80, -100, -82]	[118, -90, -84, 30, 11]	[-108, -27, 11, -40, 92]	[-87, 45, 3, 87, 148]	[-111, -135, -124, -124, -142]	[-163, -134, -131, -114, -117]	[-2, -18, -22, -26, -69]	[116, 117, 93, 174, 164]	[10009, 9999, 9956, 9998, 9997]	[190, 179, 179, 214, 170]
1125	38.7	[147, 60, 45, 80, 92]	[-117, -153, -69, 27, -102]	[-164, -16, 14, -15, -163]	[-50, -156, -79, -95, -81]	[118, -89, -102, 29, 11]	[-108, -28, 12, -40, 115]	[-84, 54, 5, 84, 148]	[-113, -137, -113, -112, -133]	[-163, -139, -115, -114, -123]	[-3, -10, -17, -24, -66]	[117, 111, 93, 169, 164]	[10003, 9999, 9956, 9998, 9997]	[190, 169, 182, 214, 170]
1126	40.0	[147, 66, 45, 68, 92]	[-113, -154, -77, 22, -103]	[-169, -31, 20, -14, -163]	[-52, -156, -80, -100, -82]	[118, -90, -84, 30, 11]	[-108, -27, 11, -40, 92]	[-87, 45, 3, 87, 148]	[-111, -135, -124, -124, -142]	[-163, -134, -131, -114, -117]	[-2, -18, -22, -26, -69]	[116, 117, 93, 174, 164]	[10009, 9999, 9956, 9998, 9997]	[190, 179, 179, 214, 170]
1127	38.7	[147, 60, 45, 74, 92]	[-117, -154, -76, 27, -102]	[-158, -44, 20, -15, -162]	[-49, -156, -82, -97, -83]	[119, -89, -101, 30, 12]	[-92, -24, 11, -40, 96]	[-82, 44, 5, 88, 153]	[-118, -140, -122, -113, -136]	[-163, -133, -116, -115, -121]	[-3, -14, -14, -24, -66]	[116, 111, 93, 171, 164]	[10003, 10005, 9956, 9996, 9997]	[177, 168, 182, 260, 170]
1128	39.7	[147, 66, 45, 68, 92]	[-113, -154, -77, 22, -103]	[-169, -31, 20, -14, -163]	[-52, -156, -80, -100, -82]	[118, -90, -84, 30, 11]	[-108, -27, 11, -40, 92]	[-87, 45, 3, 87, 148]	[-111, -135, -124, -124, -142]	[-163, -134, -131, -114, -117]	[-2, -18, -22, -26, -69]	[116, 117, 93, 174, 164]	[10009, 9999, 9956, 9998, 9997]	[190, 179, 179, 214, 170]
1129	40.7	[147, 60, 45, 80, 92]	[-117, -153, -69, 27, -102]	[-164, -16, 14, -15, -163]	[-50, -156, -79, -95, -81]	[118, -89, -102, 29, 11]	[-108, -28, 12, -40, 115]	[-84, 54, 5, 86, 148]	[-110, -137, -122, -112, -133]	[-163, -139, -115, -114, -123]	[-3, -10, -18, -24, -67]	[111, 111, 93, 172, 164]	[10003, 9999, 9956, 9998, 9997]	[190, 169, 182, 214, 170]
1130	42.0	[147, 66, 45, 68, 98]	[-113, -154, -77, 22, -103]	[-169, -31, 20, -14, -163]	[-52, -156, -80, -100, -82]	[118, -90, -84, 30, 11]	[-108, -27, 11, -40, 92]	[-87, 45, 3, 87, 148]	[-111, -135, -124, -124, -142]	[-163, -133, -131, -114, -117]	[-2, -18, -22, -26, -69]	[116, 117, 93, 173, 164]	[10007, 9999, 9956, 9996, 9997]	[180, 169, 180, 225, 170]
1131	38.7	[147, 66, 45, 68, 92]	[-113, -154, -77, 22, -103]	[-169, -34, 21, -14, -163]	[-53, -157, -82, -100, -82]	[118, -90, -85, 30, 11]	[-108, -27, 11, -40, 92]	[-87, 45, 3, 87, 148]	[-111, -135, -124, -124, -142]	[-163, -134, -131, -114, -117]	[-2, -18, -22, -26, -69]	[116, 117, 93, 174, 164]	[10009, 9999, 9956, 9998, 9997]	[190, 179, 179, 214, 170]
1132	35.7	[147, 66, 45, 68, 98]	[-113, -154, -77, 22, -103]	[-169, -31, 20, -14, -163]	[-52, -156, -80, -100, -82]	[118, -90, -84, 30, 11]	[-108, -27, 11, -40, 92]	[-87, 45, 3, 87, 148]	[-111, -135, -124, -124, -142]	[-163, -133, -131, -114, -117]	[-2, -18, -22, -26, -69]	[116, 117, 93, 173, 164]	[10007, 9999, 9956, 9996, 9997]	[180, 169, 180, 225, 170]
1133	41.7	[147, 66, 45, 68, 98]	[-113, -154, -77, 22, -103]	[-169, -31, 20, -14, -163]	[-52, -156, -80, -100, -82]	[118, -90, -84, 30, 11]	[-108, -27, 11, -40, 92]	[-87, 45, 3, 87, 148]	[-111, -135, -124, -124, -142]	[-163, -133, -131, -114, -117]	[-2, -18, -22, -26, -69]	[116, 117, 93, 173, 164]	[10007, 9999, 9956, 9996, 9997]	[180, 169, 180, 225, 170]
1134	39.3	[147, 60, 45, 77, 92]	[-117, -153, -69, 27, -96]	[-159, -29, 15, -15, -163]	[-50, -156, -80, -96, -79]	[118, -90, -103, 30, 11]	[-86, -28, 11, -40, 109]	[-93, 49, 5, 84, 148]	[-113, -137, -116, -111, -136]	[-163, -133, -110, -114, -117]	[-3, -17, -24, -27, -66]	[117, 111, 93, 170, 163]	[10003, 9999, 9959, 9998, 9997]	[190, 169, 182, 214, 170]
1135	37.0	[147, 66, 45, 68, 98]	[-113, -154, -77, 22, -103]	[-169, -31, 20, -14, -163]	[-52, -156, -80, -100, -82]	[118, -90, -84, 30, 11]	[-108, -27, 11, -40, 92]	[-87, 45, 3, 87, 148]	[-111, -135, -124, -124, -142]	[-163, -133, -131, -114, -117]	[-2, -18, -22, -26, -69]	[116, 117, 93, 173, 164]	[10007, 9999, 9956, 9996, 9997]	[180, 169, 180, 225, 170]
1136	36.7	[147, 66, 45, 68, 98]	[-113, -154, -77, 22, -103]	[-169, -31, 20, -14, -163]	[-52, -156, -80, -100, -82]	[118, -90, -84, 30, 11]	[-108, -27, 17, -40, 92]	[-87, 45, 3, 87, 148]	[-111, -135, -124, -124, -142]	[-163, -133, -131, -114, -117]	[-2, -18, -22, -26, -69]	[116, 117, 93, 173, 164]	[10007, 9999, 9956, 9996, 9997]	[180, 169, 180, 225, 170]
1137	37.3	[147, 61, 45, 76, 92]	[-115, -154, -75, 25, -102]	[-164, -16, 14, -15, -163]	[-50, -156, -79, -95, -81]	[118, -89, -101, 30, 12]	[-105, -28, 12, -40, 112]	[-84, 51, 5, 89, 150]	[-113, -137, -117, -112, -140]	[-163, -139, -120, -114, -121]	[-3, -14, -17, -23, -66]	[111, 112, 93, 169, 164]	[10003, 9999, 9956, 9998, 9997]	[190, 169, 182, 214, 170]
1138	39.7	[147, 61, 45, 76, 92]	[-115, -154, -75, 25, -102]	[-164, -16, 14, -15, -163]	[-50, -156, -79, -95, -81]	[119, -89, -102, 29, 11]	[-108, -28, 12, -40, 112]	[-84, 51, 11, 84, 148]	[-113, -137, -113, -112, -140]	[-163, -139, -115, -114, -118]	[-3, -12, -17, -24, -66]	[111, 114, 93, 169, 164]	[10003, 9999, 9956, 9998, 9997]	[190, 169, 182, 214, 170]
1139	38.3	[147, 60, 51, 74, 92]	[-117, -154, -75, 25, -102]	[-133, -37, 20, -15, -163]	[-50, -156, -75, -98, -82]	[119, -89, -102, 29, 12]	[-111, -28, 13, -40, 96]	[-82, 44, 5, 88, 151]	[-96, -140, -116, -113, -134]	[-163, -137, -115, -114, -117]	[-3, -14, -17, -23, -66]	[113, 116, 93, 170, 164]	[10003, 10005, 9956, 9996, 9997]	[177, 168, 182, 254, 170]
1140	39.7	[147, 60, 45, 80, 92]	[-117, -153, -69, 27, -102]	[-164, -16, 14, -15, -163]	[-50, -156, -79, -95, -81]	[118, -89, -102, 29, 11]	[-108, -28, 12, -40, 115]	[-84, 54, 5, 86, 148]	[-111, -136, -122, -112, -133]	[-163, -139, -115, -114, -123]	[-3, -10, -21, -26, -67]	[111, 111, 93, 174, 164]	[10003, 9999, 9956, 9998, 9997]	[190, 169, 182, 214, 170]
1141	40.0	[147, 61, 45, 76, 92]	[-115, -154, -75, 25, -102]	[-164, -34, 20, -15, -163]	[-50, -156, -79, -95, -81]	[118, -89, -101, 30, 12]	[-105, -28, 12, -40, 112]	[-84, 51, 5, 89, 150]	[-113, -137, -117, -112, -140]	[-163, -139, -120, -114, -121]	[-3, -14, -17, -23, -66]	[111, 112, 93, 169, 164]	[10003, 9999, 9956, 9998, 9997]	[190, 169, 182, 214, 170]
1142	36.0	[147, 61, 45, 76, 92]	[-115, -154, -75, 25, -102]	[-164, -16, 14, -15, -163]	[-50, -156, -79, -95, -81]	[119, -89, -102, 29, 11]	[-108, -28, 12, -40, 112]	[-84, 51, 11, 84, 148]	[-113, -137, -113, -112, -140]	[-163, -139, -115, -114, -118]	[-3, -12, -17, -24, -66]	[111, 114, 93, 169, 164]	[10003, 9999, 9956, 9998, 9997]	[190, 169, 182, 214, 170]
1143	36.3	[147, 60, 51, 74, 92]	[-117, -154, -75, 25, -102]	[-133, -31, 20, -15, -163]	[-50, -156, -75, -98, -82]	[119, -89, -102, 29, 12]	[-111, -28, 13, -40, 96]	[-84, 45, 5, 88, 151]	[-96, -140, -116, -112, -134]	[-163, -138, -115, -114, -117]	[-3, -14, -17, -23, -66]	[111, 115, 93, 170, 164]	[10003, 10005, 9956, 9996, 9997]	[177, 168, 182, 254, 170]
1144	34.3	[147, 60, 45, 76, 92]	[-115, -154, -76, 25, -102]	[-164, -16, 18, -15, -163]	[-49, -156, -81, -97, -83]	[119, -89, -102, 30, 11]	[-108, -26, 12, -40, 112]	[-84, 51, 8, 85, 148]	[-117, -140, -118, -112, -140]	[-163, -139, -115, -114, -118]	[-3, -14, -17, -24, -66]	[111, 114, 93, 171, 164]	[10003, 10000, 9956, 9998, 9997]	[190, 169, 182, 238, 170]
1145	38.0	[147, 66, 45, 68, 98]	[-113, -154, -77, 22, -103]	[-169, -31, 20, -14, -163]	[-52, -156, -80, -100, -82]	[118, -90, -84, 30, 11]	[-108, -27, 17, -40, 92]	[-87, 45, 3, 87, 148]	[-111, -135, -124, -124, -142]	[-163, -133, -131, -114, -117]	[-2, -18, -22, -26, -69]	[116, 117, 93, 173, 164]	[10007, 9999, 9956, 9996, 9997]	[180, 169, 180, 225, 170]
1146	37.0	[135, 23, 45, 76, 92]	[-115, -154, -75, 25, -102]	[-164, -38, 22, -8, -161]	[-50, -156, -79, -95, -81]	[124, -89, -102, 29, 11]	[-108, -28, 12, -40, 115]	[-84, 54, 5, 84, 148]	[-113, -137, -113, -112, -133]	[-163, -139, -115, -114, -123]	[-3, -10, -17, -24, -66]	[111, 111, 93, 169, 164]	[10003, 9999, 9956, 9998, 9997]	[190, 169, 182, 214, 170]
1147	41.3	[135, 23, 45, 76, 92]	[-115, -154, -75, 25, -102]	[-164, -38, 22, -8, -161]	[-50, -156, -79, -95, -81]	[124, -89, -102, 29, 11]	[-108, -28, 12, -40, 115]	[-84, 54, 5, 84, 148]	[-113, -137, -113, -112, -133]	[-163, -139, -115, -114, -123]	[-3, -10, -17, -24, -66]	[111, 111, 93, 169, 164]	[10003, 9999, 9956, 9998, 9997]	[190, 169, 182, 214, 170]
1148	40.0	[147, 66, 45, 68, 98]	[-113, -154, -77, 22, -103]	[-169, -31, 20, -14, -163]	[-52, -156, -80, -100, -82]	[118, -90, -84, 30, 11]	[-108, -27, 17, -40, 92]	[-87, 45, 3, 87, 148]	[-111, -135, -124, -124, -142]	[-163, -133, -131, -114, -117]	[-2, -18, -22, -26, -69]	[116, 117, 93, 173, 164]	[10007, 9999, 9956, 9996, 9997]	[180, 169, 180, 225, 170]
1149	38.7	[147, 60, 45, 74, 92]	[-117, -154, -76, 27, -102]	[-158, -44, 20, -15, -162]	[-49, -156, -81, -96, -81]	[118, -89, -101, 30, 12]	[-92, -24, 12, -40, 102]	[-82, 44, 5, 89, 153]	[-118, -140, -121, -113, -136]	[-163, -133, -119, -115, -115]	[-3, -14, -14, -24, -66]	[116, 111, 93, 171, 164]	[10003, 10005, 9956, 9996, 9997]	[177, 168, 182, 260, 170]
1150	39.3	[147, 60, 45, 80, 92]	[-117, -153, -69, 27, -102]	[-164, -16, 14, -15, -163]	[-50, -156, -79, -96, -81]	[119, -89, -102, 29, 12]	[-108, -28, 12, -40, 115]	[-84, 52, 5, 86, 148]	[-111, -136, -116, -112, -133]	[-163, -137, -115, -114, -123]	[-3, -13, -19, -24, -67]	[111, 111, 93, 174, 164]	[10003, 10003, 9956, 9996, 9997]	[190, 169, 182, 214, 170]
1151	36.3	[153, 60, 45, 76, 92]	[-115, -154, -76, 25, -102]	[-164, -21, 16, -15, -163]	[-49, -156, -81, -97, -83]	[118, -89, -101, 30, 12]	[-108, -26, 12, -40, 112]	[-84, 51, 7, 86, 150]	[-117, -140, -118, -112, -140]	[-163, -139, -117, -114, -118]	[-3, -14, -17, -30, -66]	[111, 114, 93, 171, 164]	[10003, 10000, 9956, 9998, 9997]	[190, 169, 182, 238, 170]
1152	40.7	[153, 60, 45, 76, 92]	[-115, -154, -76, 25, -102]	[-164, -21, 16, -15, -163]	[-49, -156, -81, -97, -83]	[118, -89, -101, 30, 12]	[-108, -26, 12, -40, 112]	[-84, 51, 7, 86, 150]	[-117, -140, -118, -112, -140]	[-163, -139, -117, -114, -118]	[-3, -14, -17, -30, -66]	[111, 114, 93, 171, 164]	[10003, 10000, 9956, 9998, 9997]	[190, 169, 182, 238, 170]
1153	42.0	[124, -16, 45, 74, 92]	[-116, -153, -70, 25, -102]	[-162, -33, 22, 1, -151]	[-50, -160, -85, -101, -82]	[118, -89, -102, 29, 11]	[-111, -25, 13, -40, 89]	[-88, 50, 11, 86, 149]	[-112, -136, -123, -115, -133]	[-163, -134, -131, -114, -117]	[3, -18, -20, -24, -67]	[117, 114, 93, 167, 164]	[10003, 9993, 9956, 9996, 9997]	[177, 168, 181, 260, 170]
1154	38.3	[147, 66, 45, 75, 98]	[-116, -154, -69, 26, -103]	[-163, -30, 16, -14, -163]	[-52, -156, -80, -98, -81]	[118, -90, -85, 30, 11]	[-98, -28, 17, -40, 92]	[-87, 47, 5, 87, 148]	[-111, -135, -124, -120, -137]	[-162, -133, -131, -114, -117]	[-2, -22, -24, -26, -69]	[116, 114, 93, 173, 164]	[10007, 9999, 9958, 9997, 9997]	[180, 169, 180, 225, 170]
1155	37.0	[124, -16, 45, 74, 92]	[-116, -153, -70, 25, -102]	[-162, -33, 22, 1, -151]	[-50, -160, -85, -101, -82]	[118, -89, -102, 29, 11]	[-111, -25, 13, -40, 89]	[-88, 50, 11, 86, 149]	[-112, -136, -123, -115, -133]	[-163, -134, -131, -114, -117]	[3, -18, -20, -24, -61]	[117, 114, 93, 167, 164]	[10003, 9993, 9956, 9996, 9997]	[177, 168, 181, 260, 170]
1156	39.3	[153, 60, 45, 76, 92]	[-115, -154, -76, 25, -102]	[-164, -21, 16, -15, -163]	[-49, -156, -81, -97, -83]	[118, -89, -101, 30, 12]	[-108, -26, 12, -40, 112]	[-84, 51, 7, 86, 150]	[-117, -140, -118, -112, -140]	[-163, -139, -117, -114, -118]	[-3, -14, -17, -30, -66]	[111, 114, 93, 171, 164]	[10003, 10000, 9956, 9998, 9997]	[190, 169, 182, 238, 170]
1157	40.7	[147, 60, 45, 76, 92]	[-115, -154, -76, 25, -102]	[-164, -16, 18, -15, -163]	[-49, -156, -81, -97, -83]	[119, -89, -102, 30, 11]	[-108, -26, 12, -40, 112]	[-84, 51, 7, 86, 150]	[-117, -140, -117, -112, -140]	[-163, -139, -118, -114, -118]	[-3, -14, -17, -23, -66]	[111, 114, 93, 171, 164]	[10003, 9999, 9956, 9998, 9997]	[190, 169, 182, 221, 170]
1158	38.7	[147, 60, 45, 74, 92]	[-117, -154, -76, 27, -102]	[-163, -22, 16, -15, -162]	[-49, -156, -80, -97, -83]	[119, -89, -101, 30, 12]	[-92, -24, 12, -40, 107]	[-82, 44, 5, 86, 148]	[-118, -140, -119, -112, -136]	[-163, -133, -118, -114, -121]	[-3, -13, -18, -23, -66]	[116, 111, 93, 171, 164]	[10003, 10005, 9956, 9996, 9997]	[177, 168, 182, 260, 170]
1159	41.3	[135, 23, 45, 76, 92]	[-115, -160, -75, 25, -102]	[-164, -38, 22, -8, -161]	[-50, -156, -79, -95, -81]	[124, -89, -102, 29, 11]	[-108, -28, 6, -40, 115]	[-84, 54, 5, 84, 148]	[-113, -137, -113, -112, -133]	[-163, -139, -115, -114, -123]	[-3, -10, -17, -24, -66]	[116, 111, 93, 169, 164]	[10003, 10000, 9956, 9998, 9997]	[190, 169, 182, 214, 170]
1160	40.0	[147, 60, 45, 80, 92]	[-117, -153, -69, 27, -102]	[-164, -16, 14, -15, -163]	[-50, -156, -79, -96, -81]	[124, -89, -101, 29, 12]	[-108, -28, 12, -40, 115]	[-84, 47, 5, 88, 149]	[-113, -138, -119, -112, -133]	[-163, -137, -119, -114, -122]	[-3, -13, -19, -24, -67]	[111, 111, 93, 174, 164]	[10003, 10003, 9956, 9996, 9997]	[190, 169, 182, 214, 170]
1161	41.0	[147, 23, 45, 76, 92]	[-115, -160, -75, 27, -102]	[-164, -38, 22, -9, -161]	[-49, -156, -79, -95, -81]	[124, -89, -101, 29, 11]	[-95, -27, 12, -40, 115]	[-83, 47, 5, 84, 148]	[-113, -140, -121, -112, -133]	[-163, -134, -119, -115, -116]	[-3, -10, -14, -24, -66]	[111, 111, 93, 169, 164]	[10003, 9999, 9956, 9998, 9997]	[190, 169, 182, 214, 170]
1162	36.7	[147, 61, 45, 76, 92]	[-115, -154, -75, 25, -102]	[-163, -34, 20, -15, -163]	[-50, -156, -76, -95, -81]	[118, -89, -102, 30, 12]	[-105, -28, 6, -40, 112]	[-84, 46, 5, 88, 150]	[-102, -137, -117, -112, -140]	[-163, -139, -116, -114, -121]	[-3, -14, -17, -23, -66]	[111, 112, 93, 169, 164]	[10003, 9999, 9956, 9998, 9997]	[190, 169, 182, 214, 170]
1163	39.7	[147, 61, 45, 70, 92]	[-115, -154, -75, 23, -102]	[-166, -34, 21, -15, -163]	[-50, -156, -79, -96, -82]	[118, -89, -101, 30, 12]	[-107, -28, 12, -40, 112]	[-84, 51, 5, 89, 150]	[-112, -131, -117, -113, -136]	[-163, -133, -117, -114, -121]	[-3, -13, -21, -24, -66]	[111, 114, 87, 175, 164]	[10003, 9999, 9956, 10001, 9997]	[190, 170, 180, 214, 170]
1164	42.0	[153, 60, 45, 76, 92]	[-115, -154, -77, 25, -102]	[-169, -23, 17, -15, -163]	[-49, -156, -81, -97, -89]	[118, -89, -101, 30, 12]	[-108, -20, 12, -40, 112]	[-85, 53, 7, 86, 149]	[-117, -136, -124, -112, -140]	[-163, -136, -126, -114, -117]	[-3, -14, -17, -30, -67]	[114, 114, 93, 171, 164]	[10003, 10000, 9956, 10004, 9997]	[190, 169, 182, 238, 170]
1165	40.7	[124, -16, 45, 74, 92]	[-116, -153, -70, 25, -102]	[-162, -33, 22, 1, -151]	[-50, -160, -85, -101, -82]	[118, -89, -102, 29, 11]	[-111, -25, 13, -40, 89]	[-88, 50, 11, 86, 149]	[-112, -130, -123, -115, -133]	[-163, -134, -131, -114, -117]	[3, -18, -20, -24, -61]	[117, 114, 93, 167, 164]	[10003, 9993, 9950, 9996, 9997]	[177, 168, 181, 260, 170]
1166	40.3	[147, 60, 45, 74, 92]	[-117, -154, -76, 27, -102]	[-157, -22, 16, -15, -162]	[-49, -156, -80, -97, -83]	[119, -89, -101, 30, 12]	[-92, -24, 12, -40, 107]	[-82, 44, 5, 86, 148]	[-118, -140, -119, -112, -136]	[-163, -133, -118, -114, -120]	[-2, -20, -19, -23, -66]	[116, 111, 93, 166, 164]	[10006, 10002, 9956, 9997, 9997]	[177, 168, 182, 260, 170]
1167	39.7	[147, 23, 45, 76, 92]	[-115, -160, -75, 27, -102]	[-164, -38, 22, -9, -161]	[-49, -156, -79, -95, -81]	[124, -89, -101, 29, 11]	[-95, -27, 12, -40, 115]	[-83, 47, 5, 84, 148]	[-113, -140, -121, -112, -133]	[-163, -134, -119, -115, -116]	[-3, -10, -14, -24, -66]	[111, 111, 93, 169, 164]	[10003, 9999, 9956, 9998, 9997]	[190, 169, 182, 214, 170]
1168	36.3	[153, 60, 45, 76, 92]	[-115, -154, -76, 25, -102]	[-164, -21, 16, -15, -163]	[-49, -156, -81, -97, -83]	[118, -89, -101, 30, 11]	[-108, -26, 16, -40, 112]	[-84, 51, 7, 87, 150]	[-117, -140, -123, -113, -139]	[-163, -139, -117, -114, -118]	[-3, -14, -17, -30, -66]	[111, 114, 93, 171, 164]	[10003, 10000, 9956, 9998, 9997]	[190, 169, 182, 238, 170]
1169	38.3	[147, 60, 45, 74, 92]	[-117, -154, -76, 27, -102]	[-157, -22, 16, -15, -162]	[-49, -156, -80, -97, -77]	[119, -89, -101, 30, 12]	[-92, -24, 12, -40, 107]	[-82, 44, 5, 86, 148]	[-118, -140, -119, -112, -136]	[-163, -133, -118, -114, -120]	[-2, -20, -19, -23, -66]	[116, 111, 93, 166, 164]	[10006, 10002, 9956, 9997, 9997]	[177, 168, 182, 260, 170]
1170	38.7	[153, 60, 45, 76, 92]	[-115, -154, -77, 25, -102]	[-165, -23, 17, -15, -163]	[-49, -156, -81, -99, -83]	[118, -89, -101, 30, 12]	[-105, -22, 12, -40, 112]	[-85, 53, 5, 87, 149]	[-117, -137, -123, -112, -140]	[-163, -134, -126, -114, -117]	[-3, -14, -19, -30, -67]	[114, 114, 93, 171, 164]	[10003, 10000, 9956, 10004, 9997]	[190, 169, 182, 238, 170]
1171	42.7	[147, 61, 45, 76, 92]	[-115, -154, -75, 25, -102]	[-163, -34, 20, -15, -163]	[-50, -156, -76, -95, -81]	[118, -89, -102, 30, 12]	[-105, -28, 6, -40, 112]	[-84, 46, 5, 88, 150]	[-102, -137, -117, -112, -140]	[-163, -139, -116, -114, -121]	[-3, -14, -17, -23, -66]	[111, 112, 93, 169, 164]	[10003, 9999, 9956, 9998, 9997]	[190, 169, 182, 214, 170]
1172	38.3	[153, 60, 45, 76, 92]	[-115, -154, -76, 31, -102]	[-164, -21, 16, -15, -163]	[-49, -156, -81, -97, -83]	[118, -89, -101, 30, 12]	[-108, -26, 12, -40, 112]	[-84, 51, 7, 86, 150]	[-117, -140, -123, -112, -140]	[-163, -139, -117, -114, -118]	[-3, -14, -17, -30, -66]	[111, 114, 93, 171, 164]	[10003, 10000, 9956, 9998, 9997]	[190, 169, 182, 238, 170]
1173	42.7	[147, 60, 45, 74, 92]	[-117, -154, -76, 27, -102]	[-157, -22, 16, -15, -162]	[-49, -156, -80, -97, -77]	[119, -89, -101, 30, 12]	[-92, -24, 12, -40, 107]	[-82, 44, 5, 86, 148]	[-118, -140, -119, -112, -136]	[-163, -133, -118, -114, -120]	[-2, -20, -19, -23, -66]	[116, 111, 99, 166, 164]	[10006, 10002, 9956, 9997, 9997]	[177, 168, 182, 260, 170]
1174	36.3	[147, 66, 45, 75, 98]	[-116, -154, -69, 26, -103]	[-163, -30, 16, -15, -163]	[-52, -156, -80, -98, -81]	[124, -90, -101, 30, 11]	[-98, -28, 17, -40, 103]	[-82, 47, 5, 86, 150]	[-105, -138, -124, -120, -137]	[-162, -133, -131, -114, -117]	[-2, -21, -24, -26, -69]	[117, 114, 93, 173, 164]	[10007, 10002, 9954, 9997, 9997]	[180, 169, 180, 247, 170]
1175	39.3	[147, 60, 45, 74, 92]	[-117, -154, -76, 27, -102]	[-157, -22, 16, -15, -162]	[-49, -156, -80, -97, -77]	[119, -89, -101, 30, 12]	[-92, -24, 12, -40, 107]	[-82, 44, 5, 86, 148]	[-118, -140, -119, -112, -136]	[-163, -133, -118, -114, -120]	[-2, -20, -19, -23, -66]	[116, 111, 99, 166, 164]	[10006, 10002, 9956, 9997, 9997]	[177, 168, 182, 260, 170]
1176	38.0	[124, -16, 45, 74, 92]	[-116, -153, -70, 25, -102]	[-162, -33, 22, 1, -151]	[-50, -160, -85, -101, -82]	[118, -89, -102, 29, 11]	[-111, -25, 13, -40, 89]	[-88, 50, 11, 86, 149]	[-112, -130, -123, -115, -133]	[-163, -134, -131, -114, -117]	[3, -18, -20, -24, -61]	[117, 114, 93, 167, 164]	[10003, 9993, 9950, 9996, 9997]	[177, 168, 181, 260, 170]
1177	36.7	[153, 60, 45, 76, 92]	[-115, -154, -76, 25, -102]	[-164, -21, 16, -15, -163]	[-49, -156, -81, -97, -83]	[118, -89, -101, 30, 11]	[-108, -26, 16, -40, 112]	[-84, 51, 7, 87, 150]	[-117, -140, -123, -113, -139]	[-163, -139, -117, -114, -118]	[-3, -14, -17, -30, -66]	[111, 114, 93, 171, 164]	[10003, 10000, 9956, 9998, 9997]	[190, 169, 182, 238, 170]
1178	44.0	[147, 60, 45, 80, 92]	[-117, -153, -69, 27, -102]	[-164, -16, 14, -15, -163]	[-50, -156, -79, -96, -81]	[119, -89, -101, 29, 12]	[-104, -26, 12, -40, 115]	[-84, 47, 5, 88, 149]	[-113, -138, -119, -118, -133]	[-163, -137, -119, -114, -122]	[-3, -13, -19, -24, -67]	[111, 111, 93, 174, 164]	[10003, 10003, 9956, 9996, 9997]	[190, 169, 182, 214, 170]
1179	37.3	[147, 60, 45, 80, 92]	[-117, -153, -69, 27, -102]	[-164, -16, 14, -15, -163]	[-50, -156, -79, -96, -81]	[124, -89, -101, 29, 12]	[-108, -28, 12, -40, 115]	[-84, 47, 5, 87, 150]	[-113, -138, -119, -113, -134]	[-163, -137, -119, -114, -121]	[-3, -13, -19, -24, -67]	[111, 111, 93, 174, 164]	[10003, 10003, 9956, 9996, 9997]	[190, 169, 182, 214, 170]
1180	40.3	[147, 66, 45, 75, 98]	[-116, -154, -69, 26, -103]	[-163, -30, 16, -15, -163]	[-52, -156, -80, -98, -81]	[124, -90, -101, 30, 7]	[-98, -28, 17, -40, 103]	[-82, 47, 5, 86, 150]	[-105, -138, -124, -120, -137]	[-162, -133, -131, -114, -117]	[-2, -21, -24, -26, -69]	[117, 114, 93, 167, 164]	[10007, 10002, 9954, 9997, 9997]	[180, 169, 180, 247, 170]
1181	38.3	[147, 66, 45, 75, 98]	[-116, -154, -69, 26, -103]	[-163, -30, 16, -15, -163]	[-52, -156, -80, -98, -81]	[124, -90, -101, 30, 5]	[-98, -28, 17, -40, 103]	[-82, 47, 5, 86, 150]	[-105, -138, -124, -120, -137]	[-162, -133, -131, -114, -117]	[-2, -21, -24, -26, -69]	[117, 114, 93, 173, 164]	[10007, 10002, 9954, 9997, 9997]	[180, 169, 180, 247, 170]
1182	35.0	[153, 60, 45, 76, 92]	[-115, -154, -77, 25, -102]	[-165, -23, 17, -15, -163]	[-49, -156, -81, -99, -83]	[118, -89, -101, 30, 12]	[-105, -22, 12, -40, 112]	[-85, 53, 5, 87, 149]	[-117, -137, -123, -112, -140]	[-163, -134, -126, -114, -117]	[-3, -14, -19, -30, -67]	[114, 114, 93, 171, 164]	[10003, 10000, 9956, 10004, 9997]	[190, 169, 182, 238, 170]
1183	39.7	[147, 23, 45, 76, 98]	[-115, -160, -75, 27, -102]	[-164, -24, 22, -12, -161]	[-49, -156, -80, -96, -81]	[124, -89, -98, 29, 11]	[-95, -23, 12, -40, 109]	[-83, 47, 5, 84, 148]	[-113, -140, -121, -113, -133]	[-163, -134, -119, -114, -119]	[-3, -10, -14, -24, -66]	[111, 111, 93, 170, 164]	[10003, 10005, 9956, 9998, 9997]	[190, 169, 182, 214, 170]
1184	38.0	[147, 23, 45, 76, 98]	[-115, -160, -75, 27, -102]	[-164, -24, 22, -12, -161]	[-49, -156, -80, -96, -81]	[124, -89, -98, 29, 11]	[-95, -23, 12, -40, 109]	[-83, 47, 5, 84, 148]	[-113, -140, -121, -113, -133]	[-163, -134, -119, -114, -119]	[-3, -10, -14, -24, -66]	[111, 111, 93, 170, 164]	[10003, 10005, 9956, 9998, 9997]	[190, 169, 182, 214, 170]
1185	36.0	[124, -16, 45, 74, 92]	[-116, -153, -70, 25, -102]	[-162, -33, 22, 1, -151]	[-50, -156, -79, -101, -82]	[118, -89, -101, 29, 12]	[-111, -26, 12, -40, 89]	[-88, 47, 7, 88, 149]	[-113, -134, -121, -113, -133]	[-163, -137, -119, -114, -123]	[0, -13, -19, -20, -66]	[117, 114, 93, 173, 164]	[10003, 9997, 9951, 9996, 9997]	[177, 169, 181, 246, 170]
1186	40.0	[147, 60, 45, 74, 92]	[-117, -154, -76, 27, -102]	[-157, -22, 16, -15, -162]	[-49, -156, -80, -97, -77]	[119, -89, -101, 30, 12]	[-92, -24, 12, -40, 107]	[-82, 44, 5, 86, 148]	[-118, -140, -119, -112, -136]	[-163, -133, -118, -114, -120]	[-2, -20, -19, -23, -66]	[116, 111, 99, 169, 164]	[10005, 10004, 9956, 9998, 9997]	[177, 168, 182, 260, 170]
1187	36.7	[147, 60, 45, 74, 92]	[-117, -154, -76, 27, -102]	[-157, -22, 16, -15, -162]	[-49, -156, -80, -97, -77]	[119, -89, -101, 30, 12]	[-92, -24, 12, -40, 107]	[-82, 44, 5, 86, 148]	[-118, -140, -119, -112, -136]	[-163, -133, -118, -114, -120]	[-2, -20, -19, -23, -66]	[116, 111, 99, 166, 164]	[10006, 10002, 9956, 9997, 9997]	[177, 168, 182, 260, 170]
1188	48.0	[147, 60, 45, 74, 92]	[-117, -154, -79, 25, -102]	[-163, -22, 16, -15, -162]	[-49, -156, -81, -97, -83]	[118, -86, -92, 30, 12]	[-99, -26, 15, -40, 109]	[-77, 47, 7, 87, 150]	[-106, -137, -123, -113, -138]	[-163, -139, -115, -114, -119]	[-3, -13, -17, -23, -66]	[111, 114, 93, 171, 164]	[10003, 10005, 9956, 9996, 9997]	[177, 168, 182, 260, 170]
1189	38.3	[147, 49, 45, 80, 92]	[-117, -153, -69, 27, -102]	[-164, -16, 14, -15, -163]	[-50, -156, -79, -96, -81]	[124, -89, -101, 29, 12]	[-108, -28, 12, -40, 115]	[-84, 47, 5, 88, 149]	[-113, -138, -119, -112, -139]	[-163, -137, -119, -114, -122]	[-3, -13, -19, -24, -67]	[111, 111, 93, 174, 164]	[10003, 10003, 9956, 9996, 9997]	[190, 169, 182, 214, 170]
1190	45.0	[124, 54, 45, 74, 92]	[-116, -153, -72, 25, -102]	[-162, -33, 22, 1, -151]	[-50, -156, -79, -101, -82]	[118, -89, -101, 29, 12]	[-111, -26, 12, -40, 89]	[-88, 47, 7, 88, 149]	[-113, -134, -121, -113, -133]	[-163, -137, -119, -114, -123]	[0, -13, -19, -20, -66]	[117, 114, 93, 173, 164]	[10003, 9997, 9951, 9996, 9997]	[177, 169, 181, 246, 170]
1191	39.3	[147, 49, 45, 80, 92]	[-117, -153, -69, 27, -102]	[-164, -16, 14, -15, -163]	[-50, -156, -79, -96, -81]	[124, -89, -101, 29, 12]	[-108, -28, 12, -40, 115]	[-84, 47, 5, 88, 149]	[-113, -138, -119, -112, -139]	[-163, -137, -119, -114, -122]	[-3, -13, -19, -24, -67]	[111, 111, 93, 174, 164]	[10003, 10003, 9956, 9996, 9997]	[190, 169, 182, 214, 170]
1192	40.0	[141, 60, 45, 80, 92]	[-117, -153, -69, 27, -102]	[-164, -16, 14, -15, -163]	[-50, -150, -79, -96, -87]	[124, -89, -101, 29, 12]	[-108, -28, 15, -40, 115]	[-84, 47, 5, 88, 149]	[-113, -138, -119, -112, -133]	[-163, -137, -119, -114, -122]	[-3, -13, -19, -24, -67]	[111, 111, 93, 174, 158]	[10003, 10003, 9956, 9996, 9997]	[190, 169, 182, 214, 170]
1193	38.0	[141, 60, 45, 80, 92]	[-117, -153, -69, 27, -102]	[-164, -16, 14, -15, -163]	[-50, -150, -79, -96, -87]	[124, -89, -101, 29, 12]	[-108, -28, 15, -40, 115]	[-84, 47, 5, 88, 149]	[-113, -138, -119, -112, -133]	[-163, -137, -119, -114, -122]	[-3, -13, -19, -24, -67]	[111, 111, 93, 174, 158]	[10003, 10003, 9956, 9996, 9997]	[196, 169, 182, 214, 170]
1194	41.0	[147, 49, 45, 80, 92]	[-117, -153, -75, 27, -102]	[-163, -16, 14, -15, -163]	[-51, -156, -79, -96, -81]	[124, -89, -101, 29, 12]	[-97, -24, 12, -40, 115]	[-84, 47, 5, 86, 149]	[-116, -140, -119, -112, -134]	[-163, -137, -119, -114, -119]	[-3, -18, -15, -24, -67]	[111, 111, 93, 174, 164]	[10003, 10003, 9956, 9996, 9997]	[190, 169, 182, 214, 170]
1195	41.7	[147, 49, 45, 80, 92]	[-117, -153, -75, 27, -102]	[-163, -16, 14, -15, -163]	[-51, -156, -79, -96, -81]	[124, -89, -101, 29, 12]	[-97, -24, 12, -40, 115]	[-84, 47, 5, 86, 149]	[-116, -140, -119, -112, -134]	[-163, -137, -119, -114, -119]	[-3, -18, -15, -24, -67]	[111, 111, 93, 174, 164]	[10003, 10003, 9956, 9996, 9997]	[190, 169, 182, 214, 170]
1196	42.0	[143, 55, 45, 75, 94]	[-117, -154, -72, 27, -103]	[-164, -28, 16, -14, -163]	[-52, -156, -79, -96, -81]	[124, -90, -101, 29, 12]	[-103, -28, 15, -40, 103]	[-82, 47, 5, 86, 150]	[-99, -139, -119, -119, -136]	[-163, -135, -122, -114, -117]	[-2, -21, -19, -26, -68]	[117, 111, 93, 167, 164]	[10007, 10002, 9954, 9997, 9997]	[185, 169, 180, 247, 170]
1197	39.3	[147, 49, 45, 80, 92]	[-117, -153, -69, 27, -102]	[-164, -16, 14, -15, -163]	[-50, -156, -79, -96, -81]	[124, -89, -101, 29, 12]	[-108, -22, 12, -40, 115]	[-84, 47, 5, 88, 149]	[-113, -138, -119, -112, -139]	[-163, -137, -119, -114, -122]	[-3, -13, -19, -24, -67]	[111, 111, 93, 174, 164]	[10003, 10003, 9956, 9996, 9997]	[190, 169, 188, 214, 170]
1198	43.7	[144, 50, 45, 83, 93]	[-116, -160, -74, 27, -103]	[-164, -18, 17, -14, -161]	[-52, -156, -79, -97, -81]	[124, -90, -101, 29, 12]	[-98, -28, 16, -40, 103]	[-82, 47, 5, 86, 150]	[-99, -139, -121, -120, -136]	[-162, -133, -122, -114, -117]	[-2, -21, -24, -26, -69]	[117, 114, 93, 167, 164]	[10007, 10002, 9954, 9997, 9997]	[180, 169, 180, 247, 170]
1199	37.0	[147, 72, 45, 75, 98]	[-116, -160, -69, 26, -103]	[-163, -30, 16, -15, -163]	[-52, -156, -80, -98, -81]	[124, -90, -101, 30, 7]	[-95, -25, 17, -40, 103]	[-82, 47, 5, 86, 148]	[-104, -138, -124, -120, -137]	[-162, -133, -130, -114, -117]	[-2, -21, -24, -25, -67]	[117, 111, 99, 167, 164]	[10007, 10002, 9954, 9997, 9997]	[180, 169, 180, 247, 170]
