generation	fitness	corner	c	a1	a2	b1	b2	b3	x	o1	o2	wp	ww	we
800	37.0	[88, 135, -54, 135, 98]	[-168, -147, -84, 20, -140]	[-151, -42, 19, -8, -177]	[-52, -154, -76, -92, -98]	[121, -85, -73, 31, 2]	[-62, -29, 17, -20, 89]	[-57, 59, 12, 93, 237]	[-74, -149, -121, -90, -166]	[-163, -144, -116, -102, -124]	[-31, -15, -14, -11, -66]	[127, 132, 114, 178, 58]	[10004, 10001, 9999, 9996, 9994]	[170, 181, 176, 197, 163]
801	36.0	[21, 65, -12, 37, 46]	[-17, -161, -68, 20, 41]	[-102, -61, 28, -19, -148]	[-46, -178, -94, -106, -104]	[126, -91, -102, 24, 30]	[-122, -24, 13, -34, 122]	[-35, 47, -1, 97, 163]	[-83, -120, -113, -114, -162]	[-153, -131, -108, -119, -117]	[-27, -35, -8, -31, -63]	[135, 112, 73, 176, 157]	[10010, 9991, 9998, 10012, 9994]	[225, 218, 202, 200, 160]
802	38.5	[175, 114, 39, 80, 92]	[-156, -122, -86, 23, -117]	[-169, -11, 6, -9, -177]	[-46, -149, -67, -90, -100]	[127, -87, -97, 51, 9]	[-109, -30, 11, -40, 108]	[-42, 50, 10, 89, 106]	[-130, -129, -114, -137, -105]	[-164, -128, -129, -90, -124]	[11, -15, -23, -3, -75]	[99, 130, 123, 174, 171]	[9999, 9996, 9998, 9997, 10003]	[201, 196, 194, 210, 168]
803	39.5	[88, 135, -54, 135, 98]	[-168, -147, -84, 20, -119]	[-151, -39, 17, -8, -177]	[-52, -151, -76, -94, -104]	[125, -85, -73, 43, -3]	[-65, -28, 16, -21, 94]	[-31, 54, 12, 93, 237]	[-74, -146, -120, -92, -166]	[-161, -152, -91, -97, -123]	[-29, -15, -14, -11, -68]	[130, 132, 124, 177, 58]	[10004, 10001, 9999, 9992, 10000]	[165, 137, 178, 197, 169]
804	37.5	[115, -20, -29, 19, 103]	[-96, -150, -73, 24, -65]	[-137, -57, 16, -16, -119]	[-44, -187, -93, -103, -73]	[121, -86, -103, 17, 40]	[-125, -22, 12, -49, 100]	[-60, 49, 1, 100, 175]	[-85, -120, -124, -113, -156]	[-188, -131, -108, -108, -130]	[1, -19, -17, -34, -57]	[100, 116, 107, 179, 159]	[10006, 9997, 10001, 9995, 9995]	[170, 165, 177, 210, 173]
805	37.0	[84, -20, -29, 42, 94]	[-96, -145, -73, 24, -65]	[-137, -56, 15, -16, -120]	[-48, -181, -73, -103, -73]	[120, -86, -105, 33, 14]	[-119, -20, 12, -49, 80]	[-66, 53, 8, 106, 175]	[-85, -118, -124, -111, -146]	[-188, -103, -102, -104, -132]	[5, -17, -17, -40, -57]	[100, 116, 108, 179, 156]	[10006, 9997, 9999, 9995, 9995]	[170, 165, 177, 210, 173]
806	34.0	[103, -10, -29, 25, 96]	[-96, -150, -73, 24, 10]	[-137, -57, 16, -16, -119]	[-44, -187, -93, -103, -73]	[121, -86, -107, 17, 40]	[-125, -22, 12, -49, 80]	[-77, 53, 8, 100, 175]	[-85, -120, -124, -109, -146]	[-188, -103, -107, -108, -130]	[5, -18, -17, -34, -57]	[100, 116, 107, 179, 159]	[10006, 9997, 10001, 9995, 9995]	[170, 165, 177, 210, 173]
807	41.5	[175, 108, 39, 74, 92]	[-156, -122, -86, 23, -117]	[-169, -11, 6, -9, -177]	[-46, -166, -84, -104, -85]	[127, -81, -96, 28, 14]	[-116, -22, 12, -49, 108]	[-42, 58, 9, 89, 117]	[-130, -128, -114, -112, -105]	[-164, -123, -129, -99, -124]	[11, -14, -23, -3, -76]	[95, 130, 123, 174, 171]	[9999, 9996, 9998, 9997, 10003]	[201, 196, 194, 210, 168]
808	37.0	[175, 108, 39, 74, 92]	[-156, -122, -86, 23, -117]	[-169, -11, 6, -9, -177]	[-46, -166, -84, -104, -85]	[127, -81, -96, 28, 14]	[-116, -22, 12, -49, 108]	[-42, 58, 9, 89, 117]	[-130, -128, -114, -112, -105]	[-164, -123, -129, -99, -124]	[11, -14, -23, -3, -76]	[95, 130, 123, 174, 171]	[9999, 9996, 9998, 9997, 10003]	[201, 196, 194, 210, 168]
809	39.5	[175, 108, 39, 74, 92]	[-156, -122, -86, 23, -117]	[-169, -11, 6, -9, -177]	[-46, -166, -84, -104, -85]	[127, -81, -96, 28, 14]	[-116, -22, 12, -49, 108]	[-42, 58, 9, 89, 117]	[-130, -128, -114, -112, -105]	[-164, -123, -129, -99, -124]	[11, -14, -23, -3, -76]	[95, 130, 123, 174, 171]	[9999, 9996, 9998, 9997, 10003]	[201, 196, 194, 210, 168]
810	39.5	[115, -20, -29, 19, 103]	[-96, -150, -73, 24, -65]	[-137, -57, 16, -16, -119]	[-44, -187, -93, -103, -73]	[121, -86, -103, 17, 40]	[-125, -22, 12, -49, 100]	[-60, 49, 1, 100, 175]	[-85, -120, -124, -113, -156]	[-188, -131, -108, -108, -130]	[1, -19, -17, -34, -57]	[100, 116, 107, 179, 159]	[10006, 9997, 10001, 9995, 9995]	[170, 165, 177, 210, 173]
811	36.5	[175, 108, 39, 74, 92]	[-156, -122, -86, 23, -117]	[-169, -11, 6, -9, -177]	[-46, -166, -84, -104, -85]	[127, -81, -96, 28, 14]	[-116, -22, 12, -49, 108]	[-42, 58, 9, 89, 117]	[-130, -128, -114, -112, -105]	[-164, -123, -129, -99, -124]	[11, -14, -23, -3, -76]	[95, 130, 123, 174, 171]	[9999, 9996, 9998, 9997, 10003]	[201, 196, 194, 210, 168]
812	37.5	[84, -20, -29, 42, 94]	[-96, -139, -73, 24, -65]	[-137, -56, 17, -16, -120]	[-49, -170, -81, -105, -93]	[124, -85, -107, 16, 14]	[-119, -23, 12, -26, 80]	[-66, 54, 12, 105, 175]	[-76, -130, -123, -99, -146]	[-188, -103, -100, -101, -132]	[-24, -17, -14, -25, -66]	[100, 116, 108, 179, 133]	[10004, 9998, 9999, 9993, 9995]	[170, 145, 178, 210, 173]
813	35.5	[115, -20, -29, 19, 103]	[-96, -150, -73, 24, -65]	[-137, -57, 16, -16, -119]	[-44, -187, -93, -103, -73]	[121, -86, -103, 17, 40]	[-125, -22, 12, -49, 100]	[-60, 49, 1, 100, 175]	[-85, -120, -124, -113, -156]	[-188, -131, -108, -108, -130]	[1, -19, -17, -34, -57]	[100, 116, 107, 179, 159]	[10006, 9997, 10001, 9995, 9995]	[170, 165, 177, 210, 173]
814	38.0	[88, 135, -54, 135, 98]	[-168, -147, -84, 20, -140]	[-151, -42, 19, -8, -177]	[-52, -154, -76, -93, -88]	[121, -91, -77, 22, 2]	[-62, -29, 17, -35, 89]	[-64, 54, 11, 93, 237]	[-74, -130, -123, -112, -166]	[-177, -143, -114, -103, -124]	[-31, -15, -12, -12, -65]	[127, 128, 114, 178, 58]	[10004, 10001, 9998, 9999, 9994]	[170, 181, 176, 197, 163]
815	39.0	[175, 125, -45, 80, 92]	[-156, -126, -86, 23, -100]	[-169, -19, 7, -9, -177]	[-46, -156, -77, -91, -99]	[122, -85, -99, 40, 6]	[-109, -27, 12, -40, 108]	[-42, 53, 9, 93, 138]	[-88, -132, -124, -119, -120]	[-164, -136, -113, -92, -131]	[11, -15, -18, -5, -69]	[99, 130, 114, 174, 167]	[9999, 9996, 9998, 9997, 10003]	[201, 196, 194, 210, 168]
816	43.0	[62, -26, -29, 44, 94]	[-117, -150, -72, 23, -59]	[-130, -56, 23, -15, -120]	[-45, -186, -92, -102, -91]	[121, -89, -102, 24, 38]	[-125, -25, 16, -38, 81]	[-81, 47, 6, 97, 176]	[-85, -149, -123, -110, -139]	[-163, -136, -104, -115, -132]	[3, -3, -15, -40, -57]	[111, 123, 109, 178, 146]	[10005, 9997, 9999, 9995, 9995]	[208, 195, 177, 210, 173]
817	41.0	[62, -26, -29, 44, 94]	[-117, -150, -72, 23, -59]	[-130, -56, 23, -15, -120]	[-45, -186, -92, -102, -91]	[121, -89, -102, 24, 38]	[-125, -25, 16, -38, 81]	[-81, 47, 6, 97, 176]	[-85, -149, -123, -110, -139]	[-163, -136, -104, -115, -132]	[3, -3, -15, -40, -57]	[111, 123, 109, 178, 146]	[10005, 9997, 9999, 9995, 9995]	[208, 195, 177, 210, 173]
818	37.0	[88, 135, -54, 135, 98]	[-168, -147, -84, 20, -140]	[-151, -42, 19, -8, -177]	[-52, -154, -76, -92, -98]	[121, -97, -73, 31, 2]	[-118, -22, 17, -20, 89]	[-57, 59, 12, 99, 237]	[-82, -121, -124, -94, -163]	[-165, -134, -116, -102, -124]	[-25, -16, -15, -12, -65]	[127, 119, 109, 178, 64]	[10004, 10001, 9998, 9995, 9994]	[170, 181, 176, 197, 163]
819	35.5	[175, 108, 39, 74, 92]	[-156, -122, -86, 23, -117]	[-169, -11, 6, -9, -177]	[-46, -166, -84, -104, -85]	[127, -81, -96, 28, 14]	[-116, -22, 12, -49, 108]	[-42, 58, 9, 89, 117]	[-130, -128, -114, -112, -105]	[-164, -123, -129, -99, -124]	[11, -14, -23, -3, -76]	[89, 130, 123, 174, 171]	[9999, 9996, 9998, 9997, 10003]	[201, 196, 194, 210, 168]
820	37.0	[88, 135, -54, 135, 98]	[-168, -147, -84, 20, -140]	[-151, -42, 19, -8, -177]	[-52, -154, -76, -92, -98]	[121, -97, -73, 31, 2]	[-118, -22, 17, -20, 83]	[-57, 59, 12, 99, 237]	[-82, -121, -124, -94, -163]	[-165, -134, -116, -102, -124]	[-25, -16, -15, -12, -65]	[127, 119, 109, 178, 64]	[10010, 10001, 9998, 9995, 9994]	[170, 181, 176, 197, 163]
821	35.5	[62, -26, -29, 44, 94]	[-117, -150, -72, 23, -59]	[-130, -56, 23, -15, -120]	[-45, -186, -92, -102, -91]	[121, -89, -102, 24, 38]	[-125, -25, 16, -38, 81]	[-81, 47, 6, 97, 176]	[-85, -149, -123, -110, -139]	[-163, -136, -104, -115, -132]	[3, -3, -15, -40, -57]	[111, 123, 109, 178, 146]	[10005, 9997, 9999, 9995, 9995]	[208, 195, 177, 210, 173]
822	35.5	[84, -20, -29, 42, 94]	[-96, -139, -73, 24, -65]	[-137, -56, 17, -16, -160]	[-49, -167, -83, -105, -93]	[124, -83, -107, 16, 14]	[-119, -23, 12, -26, 80]	[-66, 54, 12, 95, 175]	[-76, -130, -115, -106, -146]	[-188, -118, -100, -101, -132]	[-24, -23, -18, -25, -66]	[100, 116, 108, 175, 139]	[10004, 9998, 9999, 9993, 9995]	[170, 145, 178, 210, 173]
823	37.0	[62, -26, -29, 44, 94]	[-117, -150, -72, 23, -59]	[-130, -56, 23, -15, -120]	[-45, -186, -92, -102, -91]	[121, -89, -102, 24, 38]	[-125, -25, 16, -38, 81]	[-81, 47, 6, 97, 176]	[-85, -149, -124, -110, -139]	[-174, -136, -104, -115, -132]	[3, -3, -17, -40, -57]	[111, 118, 107, 178, 146]	[10005, 9997, 9999, 9995, 9995]	[208, 195, 177, 210, 173]
824	36.5	[88, 135, -54, 135, 98]	[-168, -147, -90, 20, -140]	[-151, -42, 15, -8, -177]	[-52, -156, -76, -91, -98]	[121, -91, -90, 31, 2]	[-118, -22, 17, -21, 83]	[-57, 53, 11, 93, 237]	[-82, -124, -124, -116, -138]	[-164, -134, -113, -98, -128]	[-25, -16, -15, -12, -65]	[127, 119, 109, 178, 112]	[10010, 10001, 9998, 9995, 9994]	[170, 181, 176, 197, 163]
825	40.5	[88, 135, -54, 135, 98]	[-168, -147, -90, 20, -140]	[-151, -42, 15, -8, -177]	[-52, -156, -76, -91, -98]	[121, -91, -90, 31, 2]	[-118, -22, 17, -21, 83]	[-57, 53, 11, 93, 237]	[-82, -124, -124, -116, -138]	[-164, -134, -113, -98, -128]	[-25, -16, -15, -12, -65]	[127, 119, 109, 178, 112]	[10010, 10001, 9998, 9995, 9994]	[170, 181, 176, 197, 163]
826	34.0	[21, -17, -12, 44, 52]	[-74, -148, -63, 20, 20]	[-150, -61, 25, -19, -148]	[-46, -171, -90, -105, -94]	[126, -86, -101, 21, 43]	[-125, -5, 14, -33, 102]	[-68, 52, 6, 99, 189]	[-87, -120, -120, -111, -171]	[-161, -116, -102, -114, -130]	[-3, -20, -16, -34, -58]	[138, 114, 107, 180, 152]	[10004, 10002, 9996, 10000, 10000]	[214, 192, 177, 235, 234]
827	38.5	[84, -20, -29, 42, 94]	[-96, -145, -73, 24, -65]	[-137, -58, 19, -16, -120]	[-49, -187, -89, -105, -73]	[120, -84, -106, 16, 39]	[-124, -20, 12, -47, 90]	[-68, 48, 4, 99, 162]	[-85, -120, -123, -116, -136]	[-166, -123, -102, -108, -131]	[5, -19, -17, -39, -62]	[128, 112, 106, 179, 156]	[10003, 10001, 9998, 9998, 9995]	[170, 165, 177, 210, 173]
828	41.0	[88, 135, -54, 135, 98]	[-168, -147, -90, 20, -140]	[-151, -42, 15, -8, -171]	[-52, -156, -76, -91, -98]	[121, -91, -90, 31, 2]	[-118, -22, 17, -21, 81]	[-57, 53, 8, 101, 237]	[-82, -121, -124, -116, -138]	[-164, -134, -113, -106, -128]	[-25, -16, -15, -12, -65]	[127, 119, 109, 178, 112]	[10010, 10001, 9998, 9995, 9994]	[170, 181, 176, 197, 163]
829	34.5	[84, -20, -29, 42, 88]	[-96, -145, -73, 24, -65]	[-137, -56, 15, -16, -120]	[-49, -187, -92, -105, -73]	[120, -84, -106, 18, 25]	[-119, -25, 13, -49, 81]	[-80, 51, 6, 102, 147]	[-85, -119, -123, -115, -137]	[-183, -125, -108, -108, -131]	[4, -4, -17, -38, -57]	[100, 110, 107, 178, 153]	[10003, 9997, 9999, 9995, 9995]	[170, 165, 177, 210, 173]
830	32.5	[88, 135, -54, 135, 98]	[-168, -147, -90, 20, -140]	[-151, -42, 15, -8, -171]	[-52, -156, -76, -91, -98]	[121, -91, -90, 31, 2]	[-118, -22, 17, -21, 75]	[-57, 53, 8, 101, 237]	[-82, -121, -124, -116, -138]	[-164, -134, -113, -106, -128]	[-25, -16, -15, -12, -65]	[127, 119, 109, 178, 112]	[10010, 10001, 9998, 9995, 9994]	[170, 181, 176, 197, 163]
831	38.0	[84, -20, -29, 42, 94]	[-96, -139, -73, 24, -65]	[-137, -56, 17, -16, -160]	[-49, -167, -83, -105, -93]	[124, -83, -107, 16, 14]	[-119, -29, 12, -26, 74]	[-66, 54, 12, 95, 175]	[-76, -130, -115, -106, -146]	[-188, -118, -100, -101, -132]	[-24, -5, -18, -25, -66]	[100, 118, 108, 175, 139]	[10004, 9998, 9999, 9993, 9995]	[170, 145, 178, 210, 173]
832	37.0	[88, 135, -54, 135, 98]	[-168, -143, -76, 21, -82]	[-151, -42, 19, -8, -177]	[-52, -154, -76, -93, -88]	[121, -91, -77, 22, 2]	[-62, -29, 17, -35, 89]	[-64, 54, 11, 93, 237]	[-74, -130, -123, -112, -166]	[-177, -143, -114, -103, -124]	[-31, -15, -12, -12, -65]	[127, 128, 114, 178, 58]	[10004, 10001, 9998, 9999, 9994]	[170, 181, 176, 197, 163]
833	43.5	[88, 135, -54, 135, 98]	[-168, -143, -76, 21, -82]	[-151, -42, 19, -8, -177]	[-52, -154, -76, -93, -88]	[121, -91, -77, 22, 2]	[-62, -29, 17, -35, 89]	[-64, 54, 11, 93, 237]	[-74, -130, -123, -112, -166]	[-177, -143, -114, -103, -124]	[-31, -15, -12, -12, -65]	[127, 128, 114, 178, 58]	[10004, 10001, 9998, 9999, 9994]	[170, 181, 176, 197, 163]
834	38.0	[115, -20, -29, 19, 103]	[-96, -150, -73, 24, -65]	[-137, -57, 16, -16, -119]	[-44, -187, -93, -103, -73]	[121, -86, -103, 17, 40]	[-125, -22, 17, -41, 100]	[-60, 54, 1, 100, 175]	[-85, -120, -124, -112, -160]	[-186, -136, -109, -103, -130]	[1, -19, -17, -34, -57]	[100, 116, 107, 179, 159]	[10006, 9997, 10001, 9995, 9995]	[170, 165, 177, 210, 173]
835	42.0	[21, -20, -19, 42, 52]	[-74, -148, -68, 18, 20]	[-150, -60, 21, -19, -132]	[-46, -171, -90, -105, -94]	[126, -86, -101, 21, 43]	[-125, -5, 14, -33, 102]	[-68, 52, 6, 99, 189]	[-87, -120, -120, -111, -171]	[-161, -116, -102, -114, -130]	[-3, -20, -16, -34, -58]	[138, 114, 107, 180, 152]	[10004, 10002, 9996, 10000, 10000]	[214, 192, 177, 235, 234]
836	39.5	[88, 135, -54, 135, 98]	[-168, -147, -75, 22, -140]	[-151, -42, 16, -10, -170]	[-52, -177, -83, -92, -98]	[121, -91, -92, 29, 2]	[-118, -22, 17, -45, 83]	[-59, 53, 11, 95, 237]	[-85, -122, -124, -116, -138]	[-164, -134, -113, -98, -128]	[-25, -16, -15, -12, -65]	[127, 119, 109, 178, 112]	[10010, 10001, 9998, 9995, 9994]	[170, 181, 176, 197, 163]
837	36.0	[21, -20, -19, 42, 52]	[-74, -148, -68, 18, 20]	[-150, -60, 21, -19, -132]	[-46, -171, -90, -105, -94]	[126, -86, -101, 21, 43]	[-125, -5, 14, -33, 102]	[-68, 52, 6, 99, 189]	[-87, -120, -120, -111, -171]	[-161, -116, -102, -114, -130]	[-3, -20, -16, -34, -58]	[138, 114, 107, 180, 152]	[10004, 10002, 9996, 10000, 10000]	[214, 192, 177, 235, 234]
838	38.5	[88, 135, -54, 135, 98]	[-168, -143, -76, 21, -82]	[-151, -42, 19, -8, -177]	[-52, -154, -76, -93, -88]	[121, -91, -82, 27, 2]	[-62, -22, 17, -35, 89]	[-64, 54, 11, 93, 237]	[-82, -130, -123, -112, -166]	[-166, -126, -105, -108, -124]	[-31, -15, -12, -12, -65]	[127, 128, 114, 178, 58]	[10004, 10001, 9998, 9999, 9994]	[170, 181, 176, 197, 163]
839	35.5	[86, 135, -54, 135, 98]	[-168, -147, -80, 21, -126]	[-151, -42, 19, -8, -177]	[-52, -154, -76, -93, -88]	[121, -91, -77, 22, 2]	[-62, -29, 17, -35, 89]	[-64, 54, 11, 93, 237]	[-74, -130, -123, -112, -166]	[-177, -143, -114, -103, -124]	[-31, -15, -12, -12, -65]	[127, 128, 114, 178, 58]	[10004, 10001, 9998, 9999, 9994]	[170, 181, 176, 197, 163]
840	36.5	[84, -20, -29, 42, 94]	[-96, -145, -73, 24, -65]	[-137, -58, 19, -16, -120]	[-49, -187, -89, -105, -73]	[120, -84, -106, 16, 39]	[-124, -20, 12, -47, 90]	[-68, 48, 4, 99, 162]	[-85, -120, -123, -116, -136]	[-164, -123, -102, -108, -131]	[5, -19, -17, -15, -68]	[128, 112, 115, 176, 156]	[10003, 9996, 9998, 9998, 9995]	[170, 184, 183, 210, 173]
841	38.5	[84, -20, -29, 42, 94]	[-96, -145, -73, 18, -65]	[-137, -58, 19, -16, -120]	[-49, -184, -89, -105, -73]	[120, -85, -105, 25, 38]	[-123, -21, 14, -41, 93]	[-62, 56, 11, 97, 173]	[-85, -116, -123, -107, -150]	[-166, -123, -102, -108, -131]	[7, -18, -19, -26, -61]	[128, 112, 106, 179, 156]	[10003, 10001, 9998, 9998, 9995]	[170, 165, 177, 210, 173]
842	38.5	[84, -20, -29, 42, 94]	[-96, -145, -73, 24, -65]	[-137, -56, 17, -16, -160]	[-48, -183, -89, -105, -93]	[123, -88, -107, 19, 25]	[-119, -30, 16, -37, 81]	[-66, 60, 12, 95, 175]	[-76, -130, -121, -108, -146]	[-188, -118, -100, -106, -131]	[-24, -19, -18, -25, -66]	[100, 116, 108, 177, 139]	[10004, 10002, 9996, 9993, 9995]	[170, 145, 178, 210, 173]
843	35.5	[21, -20, -19, 42, 52]	[-74, -148, -68, 18, 20]	[-150, -60, 21, -19, -132]	[-46, -171, -90, -105, -94]	[126, -86, -101, 21, 43]	[-125, -5, 14, -33, 102]	[-68, 52, 6, 99, 189]	[-87, -127, -120, -110, -171]	[-161, -122, -102, -114, -121]	[-3, -20, -16, -34, -58]	[138, 114, 107, 180, 152]	[10004, 10002, 9996, 10000, 10000]	[214, 192, 177, 235, 234]
844	37.0	[86, 135, -54, 135, 98]	[-168, -147, -84, 20, -140]	[-151, -36, 19, -8, -177]	[-52, -154, -76, -93, -88]	[121, -91, -77, 22, 2]	[-62, -29, 17, -35, 89]	[-64, 54, 11, 93, 237]	[-74, -130, -123, -112, -166]	[-177, -143, -114, -103, -124]	[-31, -15, -12, -12, -65]	[127, 128, 114, 178, 58]	[10004, 10001, 9998, 9999, 9994]	[176, 181, 176, 197, 163]
845	41.5	[84, -20, -29, 42, 94]	[-96, -145, -73, 24, -65]	[-137, -58, 19, -16, -120]	[-49, -187, -89, -105, -73]	[120, -84, -106, 16, 39]	[-124, -20, 12, -47, 90]	[-68, 48, 4, 99, 162]	[-85, -120, -123, -116, -136]	[-164, -123, -102, -108, -131]	[5, -19, -17, -15, -68]	[128, 112, 115, 176, 156]	[10003, 9996, 9998, 9998, 9995]	[170, 184, 183, 210, 173]
846	41.5	[84, -20, -29, 42, 88]	[-96, -145, -73, 24, -65]	[-137, -56, 15, -16, -120]	[-55, -187, -92, -105, -73]	[120, -84, -106, 18, 25]	[-119, -25, 13, -49, 81]	[-80, 51, 6, 102, 147]	[-85, -119, -123, -115, -137]	[-183, -125, -108, -108, -131]	[4, -4, -17, -38, -57]	[100, 110, 107, 184, 153]	[10003, 9997, 9999, 9995, 9995]	[170, 165, 177, 210, 173]
847	36.5	[88, 135, -54, 135, 98]	[-168, -147, -85, 20, -140]	[-151, -42, 16, -8, -171]	[-52, -156, -76, -93, -98]	[121, -91, -77, 27, 2]	[-89, -27, 17, -21, 75]	[-59, 54, 11, 94, 237]	[-82, -130, -123, -113, -166]	[-164, -134, -105, -103, -124]	[-25, -16, -12, -12, -65]	[127, 119, 110, 178, 73]	[10010, 9995, 9998, 9998, 9994]	[170, 181, 176, 197, 163]
848	41.0	[88, 135, -54, 135, 98]	[-168, -146, -87, 20, -140]	[-151, -42, 16, -14, -171]	[-52, -156, -76, -93, -98]	[121, -91, -90, 27, 2]	[-114, -22, 17, -21, 75]	[-59, 53, 11, 95, 237]	[-82, -129, -123, -113, -166]	[-164, -134, -105, -107, -125]	[-25, -16, -15, -12, -65]	[127, 119, 109, 178, 73]	[10010, 9995, 9998, 9995, 9994]	[170, 181, 176, 197, 163]
849	42.0	[88, 135, -54, 135, 98]	[-168, -146, -87, 20, -140]	[-151, -42, 16, -14, -171]	[-52, -156, -76, -93, -98]	[121, -91, -90, 27, 2]	[-114, -22, 17, -21, 75]	[-59, 53, 11, 95, 237]	[-82, -129, -123, -113, -166]	[-164, -134, -105, -107, -125]	[-25, -16, -15, -12, -65]	[127, 119, 109, 178, 73]	[10010, 9995, 9998, 9995, 9994]	[170, 181, 176, 197, 163]
850	37.5	[88, 135, -54, 135, 98]	[-168, -147, -90, 20, -140]	[-151, -42, 15, -14, -171]	[-52, -156, -76, -91, -95]	[121, -91, -85, 28, 2]	[-95, -28, 17, -35, 75]	[-63, 53, 11, 96, 237]	[-82, -126, -124, -113, -166]	[-164, -134, -105, -106, -128]	[-25, -16, -15, -12, -65]	[127, 119, 109, 178, 112]	[10010, 9995, 9998, 9995, 9994]	[170, 181, 176, 197, 163]
851	36.5	[21, -20, -19, 42, 52]	[-74, -148, -68, 18, 20]	[-150, -60, 21, -19, -154]	[-50, -156, -87, -95, -94]	[122, -90, -99, 25, 43]	[-112, -9, 14, -33, 102]	[-67, 53, 10, 99, 190]	[-86, -128, -122, -110, -170]	[-166, -128, -104, -112, -122]	[-3, -20, -17, -27, -58]	[138, 114, 107, 179, 152]	[10004, 10002, 9996, 10000, 9995]	[214, 192, 177, 235, 234]
852	39.5	[84, -20, -29, 42, 94]	[-96, -139, -73, 24, -65]	[-137, -56, 17, -16, -160]	[-49, -167, -83, -105, -93]	[124, -83, -107, 16, 14]	[-119, -29, 12, -26, 74]	[-66, 54, 12, 95, 175]	[-76, -130, -115, -106, -146]	[-188, -131, -100, -102, -124]	[-24, -5, -18, -25, -66]	[100, 118, 108, 175, 139]	[10004, 9998, 9999, 9993, 9995]	[170, 145, 178, 210, 173]
853	39.5	[88, 135, -54, 135, 98]	[-168, -146, -87, 20, -140]	[-151, -42, 16, -14, -171]	[-52, -156, -76, -93, -98]	[121, -91, -90, 27, 2]	[-114, -22, 17, -21, 81]	[-59, 53, 11, 95, 237]	[-82, -129, -123, -113, -166]	[-164, -134, -105, -107, -125]	[-25, -16, -15, -12, -65]	[127, 119, 109, 178, 73]	[10010, 9995, 9998, 9995, 9994]	[170, 181, 176, 197, 163]
854	37.0	[21, -20, -19, 42, 52]	[-74, -148, -68, 18, 20]	[-150, -60, 21, -19, -154]	[-50, -156, -87, -95, -94]	[122, -90, -99, 25, 43]	[-112, -9, 14, -33, 102]	[-67, 53, 10, 99, 190]	[-86, -128, -122, -110, -170]	[-166, -128, -104, -112, -122]	[-3, -20, -17, -27, -58]	[138, 114, 107, 179, 152]	[10004, 10002, 9996, 10000, 9995]	[214, 192, 177, 235, 234]
855	41.0	[84, -20, -29, 42, 94]	[-96, -145, -73, 24, -65]	[-137, -56, 17, -16, -160]	[-48, -183, -89, -105, -93]	[123, -88, -107, 19, 25]	[-119, -30, 16, -37, 81]	[-66, 60, 12, 95, 175]	[-76, -130, -121, -108, -146]	[-188, -118, -100, -111, -122]	[-24, -19, -14, -25, -66]	[100, 116, 107, 177, 139]	[10004, 10002, 9996, 9993, 9995]	[170, 139, 178, 218, 199]
856	41.0	[80, 75, -38, 42, 52]	[-85, -148, -75, 20, 7]	[-150, -60, 21, -14, -172]	[-46, -157, -76, -105, -94]	[126, -86, -77, 21, 43]	[-63, -9, 15, -34, 91]	[-66, 55, 6, 101, 206]	[-87, -127, -120, -112, -139]	[-163, -123, -104, -108, -130]	[-3, -19, -16, -34, -58]	[138, 114, 108, 180, 140]	[10004, 10002, 9996, 10000, 10000]	[214, 192, 177, 235, 234]
857	39.0	[84, -20, -29, 42, 88]	[-96, -145, -73, 24, -65]	[-141, -47, 15, -16, -120]	[-55, -182, -92, -105, -73]	[120, -85, -89, 19, 36]	[-119, -25, 15, -49, 81]	[-80, 51, 6, 102, 147]	[-87, -127, -122, -115, -137]	[-183, -125, -103, -113, -131]	[4, -19, -17, -38, -57]	[100, 128, 109, 178, 151]	[10003, 9999, 9999, 10000, 9995]	[170, 165, 177, 228, 173]
858	40.5	[88, 101, -33, 100, 95]	[-127, -146, -87, 20, -140]	[-151, -48, 16, -14, -171]	[-52, -180, -87, -100, -98]	[121, -91, -90, 19, 12]	[-116, -21, 17, -21, 81]	[-65, 53, 5, 95, 237]	[-82, -129, -123, -115, -166]	[-164, -134, -105, -107, -126]	[-25, -16, -15, -12, -65]	[127, 119, 112, 178, 73]	[10010, 9995, 9998, 9995, 9994]	[170, 181, 176, 197, 163]
859	38.5	[84, -20, -29, 42, 88]	[-96, -145, -73, 20, -132]	[-141, -47, 15, -15, -120]	[-55, -182, -92, -93, -78]	[120, -85, -89, 21, 36]	[-119, -25, 17, -35, 81]	[-80, 51, 6, 102, 147]	[-87, -127, -122, -115, -137]	[-183, -125, -103, -113, -131]	[4, -19, -17, -38, -57]	[100, 111, 107, 184, 153]	[10003, 9997, 9999, 10000, 9989]	[170, 165, 178, 223, 185]
860	37.5	[84, -20, -29, 42, 94]	[-96, -145, -73, 24, -65]	[-137, -58, 19, -22, -120]	[-55, -183, -84, -93, -73]	[120, -84, -89, 21, 39]	[-117, -20, 16, -38, 87]	[-63, 49, 7, 96, 162]	[-86, -128, -121, -115, -136]	[-164, -125, -100, -109, -128]	[5, -19, -17, -15, -68]	[128, 112, 115, 170, 156]	[10003, 9996, 9998, 9998, 9995]	[170, 184, 183, 204, 173]
861	42.5	[84, -20, -29, 42, 88]	[-96, -145, -73, 20, -132]	[-141, -47, 15, -15, -120]	[-55, -182, -92, -93, -78]	[120, -85, -89, 21, 36]	[-119, -25, 17, -35, 81]	[-80, 51, 6, 102, 147]	[-87, -127, -122, -115, -137]	[-183, -125, -103, -113, -131]	[4, -19, -17, -38, -57]	[100, 111, 107, 184, 153]	[10003, 9997, 9999, 10000, 9989]	[170, 165, 178, 223, 185]
862	38.0	[84, 13, -27, 42, 72]	[-93, -148, -74, 19, -34]	[-137, -57, 19, -22, -120]	[-52, -164, -87, -104, -73]	[120, -84, -98, 21, 25]	[-117, -16, 14, -40, 81]	[-75, 54, 6, 102, 160]	[-85, -127, -122, -115, -137]	[-163, -123, -103, -108, -131]	[4, -4, -17, -32, -57]	[100, 110, 114, 170, 153]	[10003, 9997, 9999, 9995, 9995]	[170, 165, 177, 210, 173]
863	39.0	[80, 75, -38, 42, 52]	[-85, -148, -75, 20, 7]	[-150, -60, 21, -14, -172]	[-46, -157, -76, -105, -94]	[126, -86, -77, 21, 43]	[-63, -9, 15, -34, 91]	[-66, 55, 6, 101, 206]	[-87, -127, -120, -112, -139]	[-163, -123, -110, -108, -130]	[-3, -19, -16, -34, -58]	[138, 114, 108, 180, 140]	[10004, 10002, 9996, 10000, 10000]	[214, 192, 177, 235, 234]
864	36.5	[84, -20, -29, 42, 88]	[-96, -145, -73, 20, -132]	[-141, -47, 15, -15, -120]	[-55, -182, -92, -93, -78]	[120, -85, -89, 21, 36]	[-119, -25, 17, -35, 81]	[-80, 51, 6, 102, 147]	[-87, -127, -122, -115, -137]	[-183, -125, -103, -113, -131]	[4, -19, -17, -38, -57]	[100, 111, 107, 184, 153]	[10003, 9997, 9999, 10000, 9989]	[170, 165, 178, 223, 185]
865	35.0	[21, -20, -19, 42, 52]	[-74, -148, -68, 18, 20]	[-150, -60, 21, -19, -154]	[-50, -156, -87, -95, -94]	[122, -90, -99, 25, 43]	[-112, -9, 14, -33, 102]	[-67, 53, 10, 99, 190]	[-86, -128, -122, -110, -170]	[-166, -128, -104, -106, -122]	[-3, -20, -17, -27, -58]	[138, 114, 107, 179, 152]	[10004, 10002, 9996, 10000, 9995]	[214, 192, 177, 235, 234]
866	38.5	[84, -20, -29, 42, 94]	[-96, -145, -73, 24, -65]	[-137, -58, 19, -22, -120]	[-55, -183, -84, -93, -73]	[120, -85, -89, 21, 39]	[-117, -20, 16, -38, 82]	[-69, 49, 7, 98, 162]	[-86, -128, -122, -115, -136]	[-164, -125, -102, -111, -130]	[5, -19, -17, -15, -68]	[128, 112, 115, 170, 152]	[10003, 9996, 9999, 9998, 9995]	[170, 168, 183, 204, 173]
867	42.0	[88, 101, -33, 100, 95]	[-127, -146, -87, 20, -140]	[-151, -48, 16, -8, -171]	[-52, -180, -87, -100, -98]	[121, -91, -90, 19, 12]	[-116, -21, 17, -21, 81]	[-65, 53, 5, 95, 237]	[-82, -129, -123, -115, -166]	[-164, -134, -105, -107, -126]	[-25, -16, -15, -12, -65]	[127, 119, 112, 178, 73]	[10010, 9995, 9998, 9995, 9994]	[170, 181, 176, 197, 163]
868	52.0	[81, 71, -31, 42, 52]	[-91, -148, -75, 20, -52]	[-150, -54, 21, -14, -172]	[-46, -174, -85, -104, -73]	[122, -86, -83, 19, 36]	[-63, -12, 15, -34, 91]	[-66, 55, 6, 101, 206]	[-87, -127, -120, -112, -139]	[-163, -123, -110, -108, -130]	[-3, -19, -16, -34, -58]	[138, 114, 108, 180, 140]	[10004, 10002, 9996, 10000, 10000]	[214, 192, 177, 235, 234]
869	39.0	[84, -20, -29, 42, 94]	[-96, -145, -73, 24, -65]	[-137, -58, 19, -22, -120]	[-55, -183, -84, -93, -73]	[120, -85, -89, 21, 39]	[-117, -20, 16, -38, 82]	[-66, 49, 7, 104, 162]	[-84, -128, -122, -115, -136]	[-164, -129, -101, -111, -130]	[-19, -13, -17, -15, -68]	[128, 112, 115, 170, 152]	[10003, 9996, 9999, 9998, 9995]	[170, 168, 183, 204, 173]
870	43.0	[21, -20, -19, 42, 52]	[-74, -148, -68, 18, 14]	[-150, -60, 21, -19, -154]	[-50, -156, -87, -95, -94]	[122, -90, -99, 25, 43]	[-112, -9, 14, -33, 102]	[-67, 53, 10, 99, 190]	[-86, -128, -122, -110, -170]	[-168, -128, -104, -106, -122]	[-3, -20, -17, -27, -58]	[138, 114, 107, 179, 152]	[10004, 10002, 9996, 10000, 9995]	[214, 192, 177, 235, 234]
871	36.5	[88, 107, -37, 84, 94]	[-168, -140, -90, 20, -140]	[-147, -52, 17, -14, -171]	[-49, -162, -76, -91, -95]	[121, -86, -91, 16, 8]	[-104, -27, 15, -35, 75]	[-64, 51, 9, 102, 187]	[-82, -128, -121, -113, -166]	[-164, -134, -101, -106, -128]	[-24, -9, -18, -24, -65]	[127, 119, 109, 178, 120]	[10010, 9998, 9998, 9993, 9994]	[170, 181, 176, 197, 163]
872	37.0	[88, 107, -37, 84, 94]	[-168, -140, -90, 20, -140]	[-147, -52, 17, -14, -171]	[-49, -162, -76, -91, -95]	[121, -86, -91, 16, 8]	[-104, -27, 15, -35, 75]	[-64, 51, 9, 102, 187]	[-82, -128, -121, -113, -166]	[-164, -134, -101, -106, -128]	[-24, -9, -18, -24, -65]	[127, 119, 109, 178, 120]	[10010, 9998, 9998, 9993, 9994]	[170, 181, 176, 197, 163]
873	40.5	[21, -20, -19, 42, 52]	[-74, -148, -68, 18, 14]	[-150, -60, 21, -19, -154]	[-50, -156, -87, -95, -94]	[122, -90, -99, 25, 43]	[-112, -9, 14, -33, 102]	[-67, 53, 10, 99, 190]	[-86, -128, -122, -110, -170]	[-168, -128, -104, -106, -122]	[-3, -20, -17, -27, -58]	[138, 114, 107, 179, 152]	[10004, 10002, 9996, 10000, 9995]	[214, 192, 177, 235, 234]
874	37.5	[88, 107, -37, 84, 94]	[-168, -140, -90, 20, -140]	[-147, -52, 17, -14, -171]	[-49, -162, -76, -91, -95]	[121, -86, -91, 16, 8]	[-104, -27, 15, -35, 75]	[-64, 51, 9, 102, 187]	[-82, -128, -121, -113, -166]	[-164, -134, -101, -106, -128]	[-24, -9, -18, -24, -65]	[127, 119, 109, 178, 120]	[10010, 9998, 9998, 9993, 9994]	[170, 181, 176, 197, 163]
875	37.5	[84, -20, -29, 42, 88]	[-93, -147, -73, 20, -132]	[-141, -54, 20, -15, -120]	[-48, -176, -85, -95, -78]	[120, -85, -89, 21, 36]	[-119, -25, 15, -34, 90]	[-70, 53, 6, 102, 147]	[-87, -127, -122, -115, -137]	[-178, -124, -110, -112, -131]	[4, -19, -17, -38, -57]	[100, 113, 107, 184, 153]	[10003, 9997, 9999, 10000, 9989]	[170, 165, 178, 223, 185]
876	44.5	[84, -20, -29, 42, 88]	[-93, -153, -73, 20, -132]	[-141, -54, 20, -15, -120]	[-48, -176, -85, -95, -78]	[120, -85, -89, 21, 36]	[-119, -25, 15, -34, 90]	[-70, 53, 6, 102, 147]	[-87, -127, -122, -115, -137]	[-178, -124, -110, -112, -131]	[4, -19, -17, -38, -57]	[100, 113, 107, 184, 153]	[10003, 9997, 9999, 10000, 9989]	[170, 165, 178, 223, 185]
877	37.0	[88, 107, -37, 84, 94]	[-168, -140, -90, 20, -140]	[-147, -52, 17, -14, -171]	[-49, -162, -76, -91, -95]	[121, -86, -91, 16, 8]	[-70, -18, 15, -35, 75]	[-64, 55, 9, 101, 187]	[-82, -128, -120, -113, -160]	[-164, -134, -101, -106, -128]	[-24, -9, -18, -24, -65]	[127, 119, 109, 178, 120]	[10010, 9998, 9998, 9993, 9994]	[170, 181, 176, 197, 163]
878	38.0	[88, 107, -37, 84, 94]	[-168, -140, -90, 20, -140]	[-147, -52, 17, -14, -171]	[-49, -162, -79, -103, -95]	[120, -86, -91, 16, 8]	[-104, -27, 15, -35, 75]	[-64, 51, 9, 102, 187]	[-82, -128, -121, -113, -166]	[-164, -134, -101, -106, -128]	[-24, -9, -18, -24, -65]	[127, 119, 109, 178, 120]	[10010, 9998, 9998, 9993, 9994]	[170, 181, 176, 197, 163]
879	36.5	[21, -20, -19, 42, 52]	[-74, -148, -68, 18, 14]	[-150, -60, 21, -19, -154]	[-50, -156, -87, -95, -94]	[122, -90, -99, 25, 43]	[-116, -15, 14, -33, 102]	[-67, 53, 10, 101, 170]	[-86, -128, -122, -113, -170]	[-168, -128, -104, -106, -122]	[-6, -19, -17, -27, -58]	[129, 112, 113, 173, 152]	[10004, 10002, 9996, 9999, 9995]	[214, 192, 177, 235, 234]
880	38.5	[84, -26, -29, 42, 88]	[-96, -145, -73, 20, -132]	[-141, -47, 15, -15, -120]	[-55, -182, -92, -93, -78]	[120, -85, -89, 21, 36]	[-119, -25, 15, -35, 81]	[-80, 54, 6, 102, 160]	[-87, -127, -122, -114, -137]	[-183, -125, -103, -113, -130]	[4, -19, -16, -38, -57]	[130, 114, 107, 182, 156]	[10009, 9999, 9996, 10000, 9989]	[170, 165, 178, 223, 185]
881	36.0	[21, -20, -19, 42, 46]	[-74, -148, -69, 16, 14]	[-142, -59, 19, -20, -123]	[-50, -156, -87, -95, -94]	[122, -90, -99, 25, 43]	[-112, -9, 14, -33, 102]	[-67, 53, 10, 99, 190]	[-86, -128, -122, -110, -170]	[-168, -128, -104, -106, -122]	[-3, -20, -17, -27, -58]	[138, 114, 107, 179, 152]	[10004, 10002, 9996, 10000, 9995]	[214, 192, 177, 235, 234]
882	41.0	[88, 107, -37, 84, 94]	[-168, -140, -90, 20, -140]	[-147, -52, 17, -14, -171]	[-49, -162, -79, -103, -95]	[120, -86, -91, 16, 8]	[-104, -27, 15, -35, 75]	[-64, 51, 9, 102, 187]	[-82, -128, -121, -113, -166]	[-164, -134, -101, -106, -128]	[-24, -9, -18, -24, -65]	[127, 119, 109, 178, 120]	[10010, 9998, 9998, 9993, 9994]	[170, 181, 176, 197, 163]
883	39.0	[88, 101, -33, 100, 95]	[-127, -146, -81, 20, -140]	[-151, -48, 16, -8, -171]	[-52, -180, -87, -100, -98]	[121, -85, -90, 19, 12]	[-116, -21, 17, -21, 81]	[-65, 53, 5, 95, 237]	[-82, -129, -123, -115, -166]	[-164, -134, -105, -113, -126]	[-25, -16, -21, -12, -65]	[127, 119, 112, 178, 73]	[10010, 9995, 9998, 9995, 9994]	[170, 181, 176, 197, 163]
884	37.5	[84, -20, -29, 42, 94]	[-102, -139, -73, 24, -65]	[-137, -49, 17, -16, -154]	[-53, -172, -83, -105, -99]	[124, -83, -98, 16, 21]	[-119, -26, 14, -32, 74]	[-67, 54, 12, 95, 175]	[-73, -129, -120, -114, -159]	[-172, -127, -101, -105, -126]	[-24, -6, -17, -15, -64]	[102, 112, 114, 170, 139]	[10004, 9998, 9999, 9997, 9995]	[170, 152, 177, 216, 179]
885	35.5	[21, -20, -19, 42, 52]	[-74, -148, -68, 18, 14]	[-150, -57, 21, -19, -154]	[-53, -158, -87, -93, -94]	[122, -89, -91, 17, 20]	[-79, -16, 14, -33, 102]	[-69, 54, 10, 101, 170]	[-86, -128, -122, -113, -170]	[-168, -128, -104, -106, -116]	[-6, -19, -17, -27, -58]	[129, 112, 113, 173, 152]	[10004, 10002, 9996, 9999, 9995]	[214, 192, 177, 235, 234]
886	39.0	[84, -20, -29, 42, 88]	[-93, -153, -73, 20, -132]	[-141, -54, 20, -15, -120]	[-48, -176, -85, -95, -78]	[120, -85, -89, 21, 36]	[-119, -25, 15, -34, 90]	[-70, 53, 6, 102, 147]	[-87, -127, -122, -115, -137]	[-178, -124, -110, -112, -131]	[4, -19, -17, -38, -57]	[100, 113, 107, 184, 153]	[10003, 9997, 9999, 10000, 9989]	[170, 165, 178, 223, 185]
887	38.0	[88, 107, -37, 84, 94]	[-168, -140, -90, 20, -140]	[-147, -52, 17, -14, -171]	[-49, -162, -76, -91, -95]	[121, -86, -91, 16, 8]	[-104, -22, 15, -35, 75]	[-64, 51, 9, 102, 187]	[-82, -128, -121, -113, -160]	[-164, -134, -101, -106, -128]	[-24, -9, -18, -24, -65]	[127, 119, 109, 178, 120]	[10010, 9998, 9998, 9993, 9994]	[170, 181, 176, 197, 163]
888	38.0	[88, 107, -37, 84, 94]	[-168, -140, -90, 20, -140]	[-147, -52, 17, -14, -171]	[-49, -162, -76, -91, -95]	[121, -86, -91, 16, 8]	[-104, -22, 15, -35, 75]	[-64, 51, 9, 102, 187]	[-82, -128, -121, -113, -160]	[-164, -134, -101, -106, -128]	[-24, -9, -18, -24, -65]	[127, 119, 109, 178, 120]	[10010, 9998, 9998, 9993, 9994]	[170, 181, 176, 197, 163]
889	37.5	[88, 107, -37, 84, 94]	[-168, -140, -90, 20, -140]	[-147, -52, 17, -14, -171]	[-49, -162, -79, -103, -95]	[120, -86, -91, 16, 8]	[-104, -27, 15, -35, 75]	[-64, 51, 9, 102, 187]	[-82, -128, -121, -113, -166]	[-164, -134, -101, -106, -128]	[-24, -9, -18, -24, -65]	[127, 119, 109, 178, 120]	[10010, 9998, 9998, 9993, 9994]	[170, 181, 176, 197, 163]
890	42.0	[88, 107, -37, 84, 94]	[-168, -140, -90, 20, -134]	[-147, -52, 17, -14, -171]	[-49, -162, -79, -103, -95]	[120, -86, -91, 16, 8]	[-104, -27, 15, -35, 75]	[-64, 51, 9, 102, 187]	[-82, -128, -121, -113, -166]	[-164, -134, -101, -106, -128]	[-24, -9, -18, -24, -65]	[127, 119, 109, 178, 120]	[10010, 9998, 9998, 9995, 9995]	[170, 181, 176, 197, 163]
891	38.0	[88, 107, -37, 84, 94]	[-168, -140, -90, 20, -134]	[-147, -52, 17, -14, -171]	[-49, -162, -79, -103, -95]	[120, -86, -91, 16, 8]	[-104, -27, 15, -35, 75]	[-64, 51, 9, 102, 187]	[-82, -128, -121, -113, -166]	[-164, -134, -101, -106, -128]	[-24, -9, -18, -24, -65]	[127, 119, 109, 178, 120]	[10010, 9998, 9998, 9995, 9995]	[170, 181, 176, 197, 163]
892	45.0	[84, -20, -29, 42, 94]	[-119, -140, -78, 23, -69]	[-137, -49, 17, -16, -154]	[-53, -172, -83, -105, -96]	[124, -85, -91, 16, 21]	[-119, -26, 15, -20, 74]	[-66, 54, 10, 95, 175]	[-76, -128, -122, -112, -169]	[-178, -132, -103, -106, -126]	[-24, -19, -16, -26, -64]	[102, 116, 113, 173, 144]	[10004, 9998, 9999, 9998, 9995]	[170, 145, 178, 216, 179]
893	41.0	[88, 29, -29, 88, 95]	[-127, -146, -81, 20, -109]	[-151, -48, 16, -8, -155]	[-52, -179, -85, -100, -98]	[121, -85, -90, 19, 12]	[-116, -21, 17, -21, 81]	[-65, 53, 5, 95, 237]	[-82, -129, -123, -115, -166]	[-164, -134, -105, -113, -126]	[-25, -16, -21, -12, -65]	[127, 119, 112, 178, 73]	[10010, 9995, 9998, 9995, 9994]	[170, 181, 176, 197, 163]
894	34.0	[84, -20, -29, 42, 94]	[-119, -140, -78, 23, -69]	[-137, -49, 17, -16, -154]	[-53, -172, -83, -104, -96]	[124, -85, -91, 16, 21]	[-119, -26, 15, -20, 74]	[-66, 54, 10, 95, 175]	[-76, -128, -122, -112, -169]	[-178, -132, -103, -106, -126]	[-24, -19, -16, -26, -64]	[102, 116, 113, 173, 144]	[10004, 9998, 9999, 9998, 9995]	[170, 145, 178, 216, 179]
895	34.0	[84, -20, -29, 42, 94]	[-119, -140, -78, 23, -69]	[-137, -49, 17, -16, -154]	[-53, -172, -83, -104, -96]	[124, -85, -91, 16, 21]	[-119, -26, 15, -20, 74]	[-66, 54, 10, 95, 175]	[-76, -128, -122, -112, -169]	[-178, -132, -103, -106, -126]	[-24, -19, -16, -26, -64]	[102, 116, 113, 173, 144]	[10004, 9998, 9999, 9998, 9995]	[170, 145, 178, 216, 179]
896	39.5	[84, -26, -29, 42, 88]	[-96, -145, -73, 20, -132]	[-141, -47, 15, -15, -120]	[-55, -184, -92, -94, -78]	[120, -91, -89, 21, 36]	[-119, -25, 21, -41, 81]	[-80, 54, 6, 102, 160]	[-87, -127, -122, -114, -137]	[-183, -125, -103, -113, -130]	[4, -19, -16, -38, -57]	[130, 114, 95, 184, 153]	[10009, 9999, 9996, 10000, 9989]	[170, 165, 178, 223, 185]
897	41.0	[84, -20, -29, 42, 94]	[-119, -140, -78, 23, -69]	[-137, -49, 17, -16, -154]	[-53, -170, -83, -93, -95]	[124, -85, -91, 16, 21]	[-119, -26, 15, -27, 82]	[-66, 54, 10, 95, 175]	[-76, -128, -121, -111, -170]	[-178, -130, -103, -107, -124]	[-24, -6, -16, -24, -61]	[102, 116, 112, 175, 139]	[10010, 9998, 9999, 9998, 9995]	[170, 145, 178, 216, 179]
898	40.0	[88, 107, -37, 84, 100]	[-168, -140, -90, 20, -140]	[-147, -52, 17, -14, -171]	[-49, -162, -82, -91, -95]	[121, -86, -91, 16, 8]	[-104, -27, 15, -35, 75]	[-64, 51, 9, 102, 236]	[-82, -128, -121, -113, -166]	[-164, -134, -101, -106, -128]	[-24, -9, -18, -24, -65]	[127, 122, 111, 174, 120]	[10010, 9998, 9998, 9993, 9994]	[170, 181, 176, 197, 163]
899	41.0	[88, 107, -37, 84, 94]	[-168, -140, -90, 20, -140]	[-147, -52, 17, -14, -171]	[-49, -162, -76, -91, -95]	[121, -86, -91, 16, 8]	[-104, -22, 15, -35, 75]	[-64, 51, 9, 102, 187]	[-82, -134, -127, -113, -160]	[-164, -134, -101, -106, -128]	[-24, -9, -18, -24, -65]	[127, 119, 109, 178, 120]	[10010, 9998, 9998, 9993, 9994]	[170, 181, 176, 197, 163]
900	39.0	[88, 107, -37, 84, 94]	[-168, -140, -90, 20, -140]	[-147, -52, 17, -14, -171]	[-49, -162, -76, -91, -95]	[121, -86, -91, 16, 8]	[-104, -22, 15, -35, 75]	[-64, 51, 10, 95, 212]	[-77, -133, -123, -113, -160]	[-164, -134, -101, -106, -128]	[-24, -9, -18, -24, -65]	[127, 119, 109, 178, 120]	[10010, 9998, 9998, 9993, 9994]	[170, 181, 176, 197, 163]
901	37.5	[88, 107, -37, 88, 95]	[-157, -143, -90, 20, -140]	[-148, -77, 17, -14, -171]	[-49, -162, -76, -103, -96]	[121, -86, -90, 16, 8]	[-113, -22, 17, -35, 75]	[-64, 51, 7, 100, 231]	[-82, -128, -121, -113, -160]	[-164, -134, -103, -106, -128]	[-24, -9, -20, -24, -65]	[127, 119, 112, 178, 120]	[10010, 9997, 9998, 9993, 9994]	[170, 181, 176, 197, 163]
902	39.5	[84, -20, -29, 42, 94]	[-119, -140, -78, 23, -69]	[-137, -49, 17, -16, -154]	[-53, -170, -83, -93, -95]	[124, -85, -91, 16, 21]	[-119, -26, 15, -27, 82]	[-66, 54, 10, 95, 175]	[-76, -128, -121, -111, -170]	[-203, -130, -103, -107, -124]	[-24, -6, -16, -24, -61]	[102, 116, 112, 175, 139]	[10010, 9998, 9999, 9998, 9995]	[170, 145, 178, 216, 179]
903	37.5	[84, -20, -29, 36, 88]	[-93, -153, -73, 20, -132]	[-141, -54, 20, -15, -120]	[-48, -176, -85, -95, -78]	[120, -85, -89, 21, 36]	[-119, -25, 15, -34, 90]	[-70, 53, 6, 102, 147]	[-87, -127, -122, -115, -131]	[-178, -124, -104, -112, -131]	[4, -19, 8, -38, -57]	[100, 113, 107, 184, 153]	[10003, 9997, 9999, 10000, 9989]	[170, 165, 178, 223, 185]
904	41.5	[88, 107, -37, 84, 94]	[-168, -140, -90, 20, -140]	[-147, -52, 17, -14, -171]	[-49, -162, -76, -91, -95]	[121, -86, -91, 16, 8]	[-104, -22, 15, -35, 75]	[-64, 51, 10, 95, 212]	[-77, -133, -123, -113, -160]	[-164, -134, -101, -106, -128]	[-24, -9, -18, -24, -65]	[127, 119, 109, 178, 120]	[10010, 9998, 9998, 9993, 9994]	[170, 181, 176, 197, 163]
905	39.0	[84, -26, -29, 42, 88]	[-96, -145, -48, 20, -132]	[-141, -47, 15, -15, -120]	[-55, -184, -92, -94, -78]	[120, -91, -89, 21, 36]	[-119, -25, 21, -41, 81]	[-80, 54, 6, 102, 160]	[-87, -127, -122, -114, -137]	[-183, -125, -103, -113, -130]	[4, -19, -16, -38, -57]	[130, 114, 95, 184, 153]	[10009, 9999, 9996, 10000, 9989]	[170, 165, 178, 223, 185]
906	42.0	[84, -20, -29, 36, 88]	[-93, -153, -73, 20, -132]	[-141, -54, 26, -15, -120]	[-48, -176, -85, -95, -78]	[120, -85, -89, 21, 36]	[-119, -25, 15, -34, 90]	[-70, 53, 6, 102, 147]	[-87, -127, -122, -115, -131]	[-178, -124, -104, -112, -131]	[4, -19, 8, -38, -57]	[100, 113, 107, 184, 153]	[10003, 9997, 9999, 10000, 9989]	[170, 165, 178, 223, 185]
907	37.5	[88, 107, -37, 84, 94]	[-168, -140, -90, 20, -134]	[-147, -52, 17, -14, -171]	[-49, -162, -79, -103, -95]	[120, -111, -97, 16, 8]	[-104, -27, 15, -35, 75]	[-64, 51, 3, 102, 187]	[-82, -128, -121, -115, -166]	[-164, -134, -104, -106, -128]	[-24, -12, -20, -24, -65]	[127, 119, 112, 178, 126]	[10010, 9998, 9998, 9995, 9994]	[170, 181, 176, 197, 163]
908	42.0	[88, 107, -37, 88, 95]	[-157, -143, -90, 20, -140]	[-148, -77, 17, -14, -171]	[-49, -162, -76, -103, -96]	[121, -86, -90, 16, 8]	[-113, -22, 17, -35, 75]	[-64, 51, 7, 100, 231]	[-82, -128, -121, -113, -160]	[-164, -134, -103, -106, -128]	[-24, -9, -20, -24, -65]	[127, 125, 112, 178, 120]	[10010, 9997, 9998, 9993, 9994]	[170, 181, 176, 197, 163]
909	42.5	[88, 107, -37, 88, 95]	[-157, -143, -90, 20, -140]	[-148, -77, 17, -14, -171]	[-49, -162, -76, -103, -96]	[121, -86, -90, 16, 8]	[-113, -22, 17, -35, 75]	[-64, 51, 7, 100, 231]	[-82, -128, -121, -113, -160]	[-164, -134, -103, -106, -128]	[-24, -9, -20, -24, -65]	[127, 125, 112, 178, 120]	[10010, 9997, 9998, 9993, 9994]	[170, 181, 176, 197, 163]
910	37.5	[88, 107, -37, 84, 100]	[-168, -140, -90, 20, -140]	[-147, -52, 17, -14, -171]	[-49, -162, -78, -91, -95]	[121, -86, -91, 12, 12]	[-111, -25, 15, -38, 75]	[-64, 57, 8, 102, 236]	[-85, -138, -122, -113, -166]	[-171, -130, -102, -106, -122]	[-24, -9, -18, -24, -65]	[127, 122, 111, 176, 120]	[10009, 9999, 9997, 9997, 9994]	[170, 178, 177, 230, 177]
911	36.0	[88, 29, -29, 88, 89]	[-127, -146, -81, 26, -109]	[-151, -48, 16, -14, -155]	[-52, -179, -81, -103, -96]	[121, -85, -90, 16, 12]	[-116, -22, 17, -30, 78]	[-64, 52, 5, 95, 237]	[-82, -129, -123, -115, -166]	[-164, -134, -105, -113, -126]	[-25, -10, -21, -12, -65]	[127, 94, 109, 178, 75]	[10010, 9995, 9998, 9993, 9994]	[170, 181, 176, 191, 163]
912	37.0	[88, 107, -37, 88, 95]	[-157, -143, -90, 20, -140]	[-148, -77, 17, -14, -171]	[-49, -162, -76, -103, -96]	[121, -86, -90, 16, 8]	[-113, -22, 17, -35, 75]	[-64, 57, 7, 100, 231]	[-82, -128, -121, -113, -160]	[-164, -134, -103, -106, -128]	[-24, -9, -20, -24, -65]	[127, 125, 112, 178, 120]	[10010, 9997, 9998, 9993, 9994]	[170, 181, 176, 197, 163]
913	42.0	[88, 107, -37, 84, 94]	[-168, -140, -90, 20, -140]	[-147, -52, 17, -14, -171]	[-49, -162, -70, -91, -95]	[121, -86, -91, 16, 8]	[-104, -22, 15, -35, 75]	[-64, 51, 10, 95, 212]	[-77, -133, -123, -113, -160]	[-164, -134, -101, -106, -128]	[-24, -9, -18, -24, -65]	[127, 119, 109, 178, 120]	[10010, 9998, 9998, 9993, 9994]	[170, 181, 176, 197, 163]
914	41.0	[88, 107, -37, 84, 94]	[-168, -140, -90, 20, -140]	[-147, -52, 17, -20, -171]	[-49, -162, -76, -91, -95]	[121, -86, -91, 14, 8]	[-104, -27, 15, -35, 75]	[-64, 51, 9, 99, 215]	[-77, -133, -129, -113, -164]	[-164, -134, -101, -106, -125]	[-24, -9, -18, -24, -65]	[127, 122, 109, 176, 120]	[10010, 9998, 9998, 9993, 9994]	[170, 181, 176, 197, 163]
915	46.0	[84, -20, -29, 42, 94]	[-123, -140, -89, 23, -69]	[-137, -50, 16, -15, -154]	[-53, -170, -83, -93, -94]	[121, -85, -91, 16, 21]	[-119, -25, 15, -10, 82]	[-66, 54, 10, 95, 175]	[-76, -128, -121, -111, -170]	[-203, -130, -103, -107, -124]	[-24, -6, -16, -24, -61]	[102, 116, 112, 175, 139]	[10010, 10004, 9999, 9998, 9995]	[170, 145, 178, 216, 179]
916	37.5	[88, 29, -29, 88, 89]	[-127, -146, -81, 26, -109]	[-151, -48, 16, -14, -155]	[-52, -179, -81, -103, -96]	[121, -85, -90, 16, 12]	[-116, -22, 17, -30, 78]	[-64, 52, 5, 95, 237]	[-82, -129, -123, -115, -166]	[-164, -134, -105, -113, -126]	[-25, -10, -21, -12, -65]	[127, 94, 109, 178, 75]	[10010, 9995, 9998, 9993, 9994]	[170, 181, 176, 191, 163]
917	37.0	[88, 107, -37, 88, 95]	[-157, -143, -96, 20, -140]	[-148, -77, 17, -14, -171]	[-49, -162, -76, -103, -96]	[121, -86, -90, 16, 8]	[-113, -22, 17, -35, 75]	[-64, 57, 7, 100, 231]	[-82, -128, -121, -113, -160]	[-164, -134, -103, -106, -128]	[-24, -9, -20, -24, -65]	[127, 125, 112, 178, 120]	[10010, 9997, 9998, 9993, 9994]	[170, 181, 176, 197, 163]
918	44.0	[88, 98, -32, 87, 93]	[-156, -142, -87, 20, -140]	[-147, -51, 16, -14, -171]	[-51, -171, -78, -91, -95]	[121, -85, -91, 16, 8]	[-104, -27, 15, -35, 75]	[-64, 51, 6, 101, 226]	[-82, -133, -123, -115, -166]	[-164, -134, -101, -106, -122]	[-24, -9, -18, -24, -65]	[127, 121, 110, 173, 120]	[10010, 9998, 9998, 9994, 9994]	[170, 179, 176, 207, 163]
919	36.5	[88, 107, -37, 84, 94]	[-168, -145, -75, 20, -132]	[-147, -53, 22, -14, -171]	[-49, -166, -78, -103, -95]	[120, -105, -97, 15, 8]	[-108, -25, 15, -37, 75]	[-64, 54, 8, 102, 187]	[-82, -133, -121, -113, -166]	[-164, -134, -103, -106, -128]	[-24, -12, -20, -24, -65]	[127, 119, 112, 178, 126]	[10010, 9998, 9998, 9995, 9994]	[170, 181, 176, 197, 163]
920	42.0	[84, -20, -29, 42, 94]	[-119, -140, -78, 23, -69]	[-137, -49, 17, -16, -154]	[-53, -170, -83, -93, -95]	[124, -85, -91, 16, 21]	[-119, -26, 15, -27, 82]	[-66, 54, 10, 95, 175]	[-76, -128, -121, -111, -170]	[-165, -134, -104, -107, -125]	[-24, -6, -16, -24, -61]	[102, 116, 112, 175, 139]	[10010, 9998, 9999, 9998, 9995]	[170, 145, 178, 216, 179]
921	42.0	[88, 107, -37, 84, 94]	[-168, -145, -75, 20, -132]	[-147, -53, 22, -14, -171]	[-49, -166, -78, -103, -95]	[120, -105, -97, 15, 8]	[-108, -25, 15, -37, 75]	[-64, 54, 8, 102, 187]	[-82, -133, -121, -113, -166]	[-164, -134, -103, -106, -128]	[-24, -12, -20, -24, -65]	[127, 119, 112, 178, 126]	[10010, 9998, 9998, 9995, 9994]	[170, 181, 176, 197, 163]
922	39.0	[88, 107, -37, 84, 94]	[-168, -140, -90, 20, -140]	[-147, -52, 17, -20, -171]	[-49, -162, -76, -91, -95]	[121, -86, -91, 14, 8]	[-104, -27, 15, -35, 75]	[-64, 53, 6, 101, 204]	[-77, -133, -129, -113, -164]	[-164, -134, -103, -106, -125]	[-24, -10, -18, -24, -65]	[127, 122, 109, 177, 120]	[10010, 9998, 9998, 9993, 9994]	[170, 181, 176, 197, 163]
923	36.5	[88, 107, -37, 84, 94]	[-168, -140, -84, 20, -134]	[-147, -52, 17, -14, -171]	[-49, -162, -79, -91, -95]	[121, -88, -96, 13, 8]	[-104, -27, 15, -35, 75]	[-64, 51, 8, 102, 213]	[-82, -129, -121, -113, -166]	[-164, -134, -106, -100, -128]	[-24, -10, -19, -24, -65]	[127, 119, 112, 178, 126]	[10010, 9998, 9998, 9995, 9994]	[170, 181, 176, 197, 163]
924	36.0	[88, 107, -31, 84, 94]	[-137, -140, -80, 23, -89]	[-141, -50, 17, -14, -160]	[-49, -163, -82, -93, -95]	[120, -99, -92, 16, 18]	[-110, -27, 15, -35, 75]	[-64, 51, 5, 95, 187]	[-82, -128, -121, -113, -168]	[-164, -134, -104, -106, -125]	[-24, -8, -17, -24, -62]	[127, 118, 112, 178, 124]	[10010, 9998, 9998, 9995, 9994]	[170, 152, 178, 197, 163]
925	42.0	[88, 107, -37, 84, 94]	[-168, -140, -90, 20, -146]	[-147, -52, 17, -14, -171]	[-49, -162, -70, -91, -95]	[121, -86, -97, 16, 8]	[-104, -22, 15, -35, 75]	[-64, 51, 10, 95, 212]	[-77, -133, -123, -113, -160]	[-164, -134, -101, -106, -128]	[-24, -9, -20, -24, -65]	[127, 119, 111, 178, 126]	[10010, 9998, 9998, 9994, 9994]	[170, 181, 176, 197, 163]
926	36.0	[88, 107, -31, 84, 94]	[-137, -140, -80, 23, -89]	[-141, -50, 17, -14, -160]	[-49, -163, -82, -93, -95]	[120, -99, -92, 16, 18]	[-110, -27, 15, -35, 75]	[-64, 51, 5, 95, 187]	[-82, -128, -121, -113, -168]	[-164, -134, -104, -106, -125]	[-24, -8, -17, -24, -62]	[127, 118, 112, 178, 124]	[10010, 9998, 9998, 9995, 9994]	[170, 152, 178, 197, 163]
927	40.0	[88, 66, -32, 85, 100]	[-165, -145, -82, 20, -140]	[-147, -52, 16, -14, -164]	[-49, -162, -78, -91, -95]	[121, -86, -91, 10, 8]	[-104, -27, 15, -35, 75]	[-64, 51, 9, 101, 226]	[-82, -137, -124, -113, -166]	[-164, -134, -104, -106, -122]	[-24, -12, -18, -24, -65]	[127, 119, 111, 173, 120]	[10010, 9998, 9998, 9988, 9994]	[170, 179, 176, 207, 163]
928	41.5	[88, 107, -31, 85, 100]	[-137, -140, -80, 23, -124]	[-141, -52, 17, -14, -160]	[-49, -163, -82, -91, -95]	[120, -99, -93, 16, 18]	[-110, -27, 15, -35, 75]	[-64, 51, 5, 95, 196]	[-82, -128, -121, -113, -168]	[-164, -134, -104, -101, -128]	[-24, -8, -18, -24, -62]	[127, 119, 112, 178, 124]	[10010, 9998, 9998, 9995, 9994]	[170, 152, 178, 197, 163]
929	38.5	[88, 107, -37, 84, 94]	[-168, -140, -90, 20, -140]	[-147, -52, 17, -20, -171]	[-49, -162, -76, -91, -95]	[121, -86, -91, 14, 8]	[-104, -27, 15, -35, 75]	[-64, 52, 7, 99, 204]	[-77, -133, -129, -113, -161]	[-164, -134, -103, -106, -125]	[-24, -10, -18, -24, -65]	[127, 122, 109, 177, 120]	[10010, 9998, 9998, 9993, 9994]	[170, 181, 176, 197, 163]
930	39.0	[84, -20, -29, 42, 94]	[-123, -140, -89, 23, -69]	[-137, -50, 16, -15, -154]	[-53, -170, -83, -93, -94]	[127, -85, -91, 16, 21]	[-119, -25, 15, -10, 82]	[-72, 54, 10, 95, 175]	[-76, -128, -121, -111, -170]	[-203, -130, -103, -107, -124]	[-24, -6, -16, -24, -61]	[102, 116, 112, 175, 139]	[10010, 10004, 9999, 9998, 9995]	[170, 145, 178, 216, 179]
931	35.0	[84, -26, -29, 42, 88]	[-96, -145, -73, 20, -132]	[-141, -47, 15, -15, -120]	[-55, -184, -92, -99, -78]	[120, -94, -92, 21, 36]	[-117, -26, 15, -10, 81]	[-80, 53, 4, 102, 160]	[-87, -128, -121, -115, -142]	[-179, -131, -103, -109, -124]	[4, -13, -16, -26, -64]	[129, 116, 112, 177, 131]	[10009, 9999, 9996, 9999, 9992]	[170, 165, 178, 223, 185]
932	38.5	[88, 107, -37, 84, 94]	[-168, -145, -75, 20, -132]	[-147, -53, 22, -14, -171]	[-49, -166, -76, -103, -95]	[120, -95, -92, 15, 8]	[-108, -25, 15, -37, 75]	[-64, 57, 8, 102, 187]	[-82, -127, -121, -113, -166]	[-164, -134, -103, -106, -128]	[-24, -12, -20, -24, -65]	[127, 119, 112, 178, 126]	[10010, 9998, 9998, 9995, 9994]	[170, 181, 176, 197, 163]
933	41.5	[88, 107, -37, 84, 94]	[-168, -140, -90, 20, -140]	[-147, -52, 17, -20, -171]	[-49, -162, -76, -91, -95]	[121, -86, -91, 14, 8]	[-104, -27, 15, -35, 75]	[-64, 53, 6, 101, 198]	[-77, -133, -129, -113, -164]	[-164, -134, -103, -106, -125]	[-24, -10, -18, -24, -65]	[127, 122, 109, 177, 120]	[10010, 9998, 9998, 9993, 9994]	[170, 181, 176, 197, 163]
934	40.5	[84, -20, -29, 42, 94]	[-119, -140, -78, 23, -69]	[-137, -49, 17, -16, -154]	[-53, -170, -83, -93, -95]	[124, -85, -91, 16, 21]	[-119, -26, 15, -27, 82]	[-66, 54, 10, 95, 175]	[-76, -128, -121, -111, -170]	[-165, -140, -104, -107, -125]	[-24, -6, -16, -24, -61]	[102, 116, 112, 175, 139]	[10010, 9998, 9999, 9998, 9995]	[170, 145, 178, 216, 179]
935	37.5	[88, 107, -31, 90, 94]	[-137, -140, -80, 23, -89]	[-141, -50, 17, -14, -160]	[-49, -163, -82, -93, -95]	[120, -99, -92, 16, 18]	[-110, -25, 15, -23, 75]	[-68, 51, 5, 95, 187]	[-82, -128, -121, -113, -168]	[-164, -134, -103, -105, -125]	[-24, -8, -17, -24, -62]	[115, 116, 112, 178, 124]	[10010, 9998, 9998, 9996, 9994]	[170, 152, 178, 197, 163]
936	38.0	[88, 107, -31, 85, 100]	[-137, -140, -81, 22, -111]	[-141, -50, 17, -14, -165]	[-49, -163, -80, -93, -95]	[120, -99, -93, 16, 18]	[-115, -25, 15, -35, 75]	[-71, 54, 9, 95, 180]	[-82, -128, -121, -113, -168]	[-164, -134, -103, -106, -125]	[-24, -6, -16, -24, -62]	[127, 117, 112, 178, 124]	[10010, 9998, 9998, 9995, 9995]	[170, 151, 178, 212, 164]
937	39.0	[84, -20, -29, 42, 94]	[-123, -140, -89, 23, -124]	[-137, -50, 22, -15, -155]	[-53, -170, -82, -99, -94]	[121, -88, -92, 16, 21]	[-119, -25, 15, -37, 75]	[-72, 54, 10, 95, 180]	[-80, -127, -121, -113, -170]	[-203, -130, -103, -107, -124]	[-24, -6, -16, -24, -61]	[102, 116, 112, 175, 139]	[10010, 10004, 9999, 9998, 9995]	[170, 145, 178, 216, 179]
938	35.5	[84, -20, -29, 42, 94]	[-123, -140, -89, 23, -124]	[-137, -50, 22, -15, -155]	[-53, -170, -82, -99, -94]	[121, -88, -92, 16, 21]	[-119, -25, 15, -19, 75]	[-72, 54, 10, 95, 180]	[-80, -127, -121, -113, -170]	[-203, -130, -103, -107, -124]	[-24, -6, -16, -24, -61]	[102, 116, 112, 175, 139]	[10010, 10004, 9999, 9998, 9995]	[170, 145, 178, 216, 179]
939	31.5	[88, 107, -31, 85, 100]	[-137, -140, -81, 22, -111]	[-141, -50, 17, -14, -165]	[-49, -163, -80, -93, -95]	[120, -99, -93, 16, 18]	[-115, -25, 15, -35, 75]	[-71, 54, 9, 95, 180]	[-82, -128, -121, -113, -168]	[-164, -134, -103, -106, -125]	[-24, -6, -16, -24, -62]	[127, 117, 112, 178, 124]	[10010, 9998, 9998, 9995, 9995]	[170, 151, 178, 212, 164]
940	40.0	[84, 63, -31, 42, 94]	[-123, -140, -89, 22, -105]	[-137, -50, 16, -14, -154]	[-53, -169, -83, -93, -100]	[127, -85, -91, 15, 11]	[-119, -33, 15, -13, 77]	[-64, 53, 8, 95, 185]	[-76, -128, -122, -111, -170]	[-203, -134, -104, -106, -125]	[-24, -8, -18, -24, -61]	[102, 116, 112, 175, 124]	[10010, 10004, 9999, 9998, 9995]	[170, 145, 178, 216, 179]
941	38.5	[84, -20, -29, 42, 94]	[-123, -140, -89, 23, -124]	[-137, -50, 22, -15, -155]	[-53, -170, -82, -99, -94]	[121, -88, -92, 16, 21]	[-119, -25, 15, -37, 75]	[-72, 54, 10, 95, 180]	[-80, -127, -121, -113, -170]	[-203, -130, -103, -107, -124]	[-24, -6, -16, -24, -61]	[102, 116, 112, 175, 139]	[10010, 10004, 9999, 9998, 9995]	[170, 145, 178, 216, 179]
942	38.5	[84, -26, -29, 42, 88]	[-96, -145, -73, 20, -132]	[-141, -47, 15, -15, -120]	[-55, -178, -92, -99, -78]	[120, -94, -92, 21, 36]	[-117, -26, 15, -10, 81]	[-80, 53, 4, 102, 160]	[-87, -128, -121, -115, -142]	[-179, -131, -103, -109, -124]	[4, -13, -16, -26, -64]	[129, 116, 112, 177, 131]	[10009, 9999, 9996, 9999, 9992]	[170, 165, 178, 223, 185]
943	37.0	[88, 66, -32, 85, 100]	[-165, -145, -82, 20, -140]	[-147, -52, 16, -14, -164]	[-49, -168, -78, -91, -95]	[121, -86, -91, 10, 8]	[-104, -27, 15, -29, 75]	[-64, 51, 9, 101, 226]	[-82, -134, -124, -107, -166]	[-164, -134, -101, -106, -122]	[-24, -10, -18, -24, -65]	[127, 119, 111, 175, 120]	[10010, 9998, 9998, 9988, 9994]	[170, 179, 182, 207, 163]
944	39.5	[84, -26, -29, 42, 88]	[-96, -145, -73, 20, -132]	[-141, -47, 15, -15, -120]	[-55, -178, -92, -99, -78]	[120, -94, -92, 21, 36]	[-117, -26, 15, -10, 81]	[-80, 53, 4, 102, 160]	[-87, -128, -121, -115, -142]	[-179, -131, -103, -109, -130]	[4, -13, -16, -26, -64]	[129, 116, 112, 177, 131]	[10009, 9999, 9996, 9999, 9992]	[170, 165, 178, 223, 185]
945	37.0	[84, -20, -29, 42, 94]	[-123, -140, -89, 23, -124]	[-137, -50, 22, -15, -155]	[-53, -170, -82, -99, -94]	[121, -85, -92, 15, 15]	[-119, -31, 9, -19, 75]	[-72, 53, 10, 95, 180]	[-80, -127, -121, -113, -170]	[-203, -130, -103, -106, -124]	[-24, -6, -16, -24, -61]	[102, 116, 112, 175, 139]	[10010, 10004, 9999, 9998, 9995]	[170, 145, 178, 216, 173]
946	38.0	[88, 66, -32, 85, 100]	[-165, -145, -82, 20, -140]	[-147, -52, 16, -14, -164]	[-49, -168, -78, -91, -95]	[121, -86, -91, 10, 8]	[-104, -27, 15, -35, 75]	[-64, 51, 9, 101, 226]	[-82, -136, -124, -110, -166]	[-164, -134, -102, -106, -122]	[-24, -11, -18, -24, -65]	[127, 119, 111, 174, 120]	[10010, 9998, 9998, 9988, 9994]	[170, 179, 177, 207, 163]
947	40.0	[88, 107, -37, 84, 94]	[-168, -140, -90, 20, -140]	[-147, -52, 17, -20, -171]	[-49, -162, -76, -91, -95]	[121, -86, -91, 14, 8]	[-104, -27, 15, -35, 75]	[-64, 52, 7, 99, 204]	[-77, -133, -129, -113, -161]	[-164, -134, -103, -106, -125]	[-24, -10, -18, -24, -65]	[127, 122, 109, 177, 120]	[10016, 9998, 9998, 9993, 9994]	[170, 181, 176, 197, 163]
948	37.0	[84, -20, -29, 42, 94]	[-123, -140, -89, 17, -124]	[-137, -50, 22, -15, -155]	[-53, -170, -82, -99, -94]	[121, -88, -92, 16, 21]	[-119, -25, 15, -37, 75]	[-72, 54, 10, 95, 180]	[-80, -127, -121, -113, -170]	[-203, -130, -103, -107, -124]	[-24, -6, -16, -24, -61]	[102, 116, 112, 175, 139]	[10010, 10004, 9999, 9998, 9995]	[170, 145, 178, 216, 179]
949	40.5	[88, 107, -35, 84, 94]	[-168, -140, -89, 20, -140]	[-147, -52, 17, -18, -171]	[-49, -162, -80, -91, -95]	[121, -86, -93, 15, 8]	[-104, -27, 15, -35, 75]	[-64, 52, 8, 97, 204]	[-77, -133, -121, -113, -161]	[-164, -134, -103, -106, -125]	[-24, -10, -18, -24, -65]	[127, 122, 109, 177, 120]	[10016, 9998, 9998, 9993, 9994]	[170, 181, 176, 197, 163]
950	38.5	[84, 63, -31, 42, 94]	[-124, -140, -83, 22, -105]	[-140, -50, 16, -14, -154]	[-53, -169, -83, -93, -100]	[124, -93, -92, 15, 11]	[-119, -33, 15, -15, 77]	[-66, 53, 8, 95, 182]	[-77, -128, -122, -111, -170]	[-203, -134, -103, -106, -125]	[-24, -8, -18, -24, -61]	[102, 116, 112, 175, 124]	[10010, 10004, 9999, 9998, 9995]	[170, 145, 178, 216, 179]
951	34.0	[88, 107, -35, 84, 94]	[-168, -140, -89, 20, -140]	[-147, -52, 17, -18, -171]	[-49, -162, -80, -91, -95]	[121, -86, -93, 15, 8]	[-104, -27, 15, -35, 75]	[-64, 52, 8, 97, 204]	[-77, -133, -121, -113, -161]	[-164, -134, -103, -106, -125]	[-24, -10, -18, -18, -65]	[127, 122, 109, 177, 120]	[10016, 9998, 9998, 9993, 9994]	[170, 181, 176, 197, 163]
952	39.5	[84, 63, -31, 42, 94]	[-124, -140, -83, 22, -105]	[-140, -50, 16, -14, -154]	[-53, -169, -83, -93, -100]	[124, -93, -92, 15, 11]	[-119, -33, 15, -15, 77]	[-66, 53, 8, 95, 182]	[-77, -128, -122, -111, -170]	[-203, -134, -103, -106, -125]	[-24, -8, -18, -24, -61]	[102, 116, 112, 175, 124]	[10010, 10004, 9999, 9998, 9995]	[170, 145, 178, 216, 179]
953	40.5	[88, 107, -31, 90, 94]	[-137, -140, -80, 23, -89]	[-141, -50, 17, -14, -160]	[-49, -163, -82, -93, -95]	[120, -99, -92, 16, 18]	[-110, -25, 15, -23, 75]	[-68, 51, 5, 95, 187]	[-88, -128, -121, -113, -168]	[-164, -134, -103, -105, -125]	[-24, -8, -17, -24, -62]	[108, 116, 112, 178, 124]	[10010, 9998, 9998, 9996, 9994]	[170, 152, 178, 197, 163]
954	34.5	[88, 107, -43, 84, 94]	[-168, -140, -90, 20, -140]	[-147, -52, 17, -20, -171]	[-49, -162, -70, -91, -95]	[121, -86, -91, 14, 8]	[-104, -27, 15, -35, 75]	[-64, 52, 7, 99, 204]	[-77, -133, -129, -113, -161]	[-164, -134, -103, -106, -125]	[-24, -10, -18, -24, -65]	[127, 122, 109, 177, 120]	[10016, 9998, 9998, 9993, 9994]	[170, 181, 176, 197, 163]
955	42.0	[84, 63, -31, 42, 94]	[-124, -140, -83, 22, -105]	[-140, -50, 16, -14, -154]	[-53, -169, -83, -93, -100]	[124, -93, -92, 15, 11]	[-119, -33, 15, -15, 77]	[-66, 53, 8, 95, 182]	[-83, -128, -121, -112, -170]	[-203, -133, -103, -106, -125]	[-24, -7, -18, -24, -61]	[102, 116, 112, 175, 124]	[10010, 10004, 9999, 9998, 9995]	[170, 145, 178, 216, 179]
956	41.0	[84, 63, -31, 42, 94]	[-124, -140, -83, 22, -105]	[-140, -50, 16, -14, -154]	[-53, -169, -83, -93, -100]	[124, -93, -92, 15, 11]	[-119, -33, 15, -15, 77]	[-66, 53, 8, 95, 182]	[-83, -128, -121, -112, -170]	[-203, -133, -103, -106, -125]	[-24, -7, -18, -24, -61]	[102, 116, 112, 175, 124]	[10010, 10004, 9999, 9998, 9995]	[170, 145, 178, 216, 179]
957	38.0	[84, 97, -31, 57, 94]	[-126, -140, -87, 22, -98]	[-137, -50, 16, -14, -154]	[-53, -169, -83, -93, -100]	[124, -93, -91, 15, 11]	[-119, -33, 15, -13, 77]	[-64, 53, 8, 95, 185]	[-76, -128, -122, -111, -170]	[-203, -134, -104, -106, -125]	[-24, -8, -18, -24, -61]	[102, 116, 112, 175, 124]	[10010, 10004, 9999, 9998, 9995]	[170, 145, 178, 216, 179]
958	36.5	[84, 63, -31, 42, 94]	[-124, -140, -83, 22, -105]	[-140, -50, 16, -14, -154]	[-53, -169, -83, -93, -100]	[124, -93, -92, 15, 11]	[-119, -33, 15, -15, 77]	[-66, 53, 8, 95, 182]	[-83, -128, -121, -112, -170]	[-203, -133, -103, -106, -125]	[-24, -7, -18, -24, -61]	[102, 116, 112, 175, 124]	[10010, 10004, 9999, 9998, 9995]	[170, 145, 178, 216, 179]
959	35.0	[88, 107, -31, 90, 94]	[-137, -140, -80, 23, -89]	[-141, -50, 17, -14, -160]	[-49, -163, -82, -93, -95]	[120, -99, -92, 16, 18]	[-110, -25, 15, -23, 75]	[-68, 51, 5, 95, 187]	[-88, -128, -121, -113, -168]	[-164, -134, -103, -105, -125]	[-24, -8, -17, -24, -62]	[108, 116, 112, 178, 124]	[10010, 9998, 9998, 9996, 9994]	[170, 152, 178, 197, 163]
960	36.0	[84, -20, -29, 42, 94]	[-123, -140, -89, 23, -124]	[-137, -50, 22, -15, -155]	[-53, -170, -82, -99, -94]	[121, -85, -92, 15, 15]	[-119, -31, 9, -19, 75]	[-72, 53, 10, 95, 180]	[-80, -127, -127, -113, -170]	[-203, -130, -103, -106, -124]	[-24, -6, -16, -24, -61]	[102, 116, 112, 175, 139]	[10010, 10004, 9999, 9998, 9995]	[170, 145, 178, 216, 173]
961	36.0	[85, -24, -29, 42, 88]	[-96, -143, -78, 20, -132]	[-141, -48, 15, -15, -120]	[-55, -178, -92, -99, -80]	[120, -98, -92, 21, 36]	[-113, -25, 15, -13, 81]	[-80, 53, 4, 100, 160]	[-87, -128, -121, -114, -142]	[-179, -131, -103, -107, -130]	[4, -13, -16, -26, -64]	[129, 116, 112, 177, 131]	[10009, 9999, 9996, 9999, 9992]	[170, 165, 178, 223, 185]
962	38.0	[84, 97, -31, 57, 94]	[-126, -140, -87, 22, -98]	[-137, -50, 16, -14, -154]	[-53, -169, -83, -93, -100]	[124, -93, -97, 15, 11]	[-119, -33, 15, -13, 77]	[-64, 53, 8, 95, 185]	[-76, -128, -122, -111, -170]	[-203, -134, -104, -106, -125]	[-24, -8, -18, -24, -61]	[102, 116, 112, 175, 124]	[10010, 10004, 9999, 9998, 9995]	[170, 145, 178, 216, 179]
963	39.5	[84, -20, -29, 42, 94]	[-123, -140, -89, 23, -124]	[-137, -50, 22, -15, -155]	[-53, -170, -82, -99, -94]	[121, -85, -92, 15, 15]	[-119, -31, 9, -19, 75]	[-72, 53, 10, 95, 180]	[-80, -127, -127, -113, -170]	[-203, -130, -103, -106, -124]	[-24, -6, -16, -24, -61]	[102, 116, 112, 175, 139]	[10010, 10004, 9999, 9998, 9995]	[170, 145, 178, 216, 173]
964	36.0	[84, 63, -31, 42, 94]	[-124, -140, -83, 22, -105]	[-140, -50, 22, -15, -154]	[-53, -169, -83, -96, -100]	[124, -93, -92, 15, 11]	[-119, -33, 15, -15, 77]	[-66, 53, 8, 95, 182]	[-83, -128, -122, -111, -170]	[-203, -134, -103, -106, -125]	[-24, -8, -18, -24, -61]	[102, 116, 112, 175, 124]	[10010, 10004, 9999, 9998, 9995]	[170, 145, 178, 216, 179]
965	37.0	[85, -24, -29, 42, 88]	[-96, -143, -78, 20, -132]	[-141, -48, 15, -15, -120]	[-55, -178, -92, -99, -80]	[120, -98, -92, 21, 36]	[-113, -25, 15, -13, 81]	[-80, 53, 4, 100, 160]	[-87, -128, -121, -114, -142]	[-179, -131, -103, -107, -130]	[4, -13, -16, -26, -64]	[129, 116, 112, 177, 131]	[10009, 9999, 9996, 9999, 9992]	[170, 165, 178, 223, 185]
966	37.0	[84, -20, -29, 42, 94]	[-123, -140, -87, 20, -111]	[-137, -50, 18, -14, -154]	[-55, -169, -83, -97, -94]	[116, -81, -92, 16, 16]	[-119, -26, 15, -34, 77]	[-72, 53, 9, 95, 192]	[-80, -127, -121, -113, -170]	[-203, -134, -103, -107, -124]	[-24, -9, -16, -24, -61]	[102, 116, 112, 175, 139]	[10010, 10004, 9999, 9998, 9995]	[170, 145, 178, 216, 179]
967	37.0	[84, -26, -23, 42, 88]	[-96, -141, -78, 20, -136]	[-143, -47, 15, -14, -120]	[-54, -175, -85, -94, -97]	[123, -91, -92, 15, 18]	[-117, -27, 15, -15, 81]	[-79, 51, 6, 102, 160]	[-87, -128, -121, -115, -142]	[-179, -133, -103, -108, -127]	[-18, -11, -17, -25, -64]	[104, 116, 111, 177, 131]	[10009, 9999, 9996, 9999, 9992]	[170, 165, 178, 223, 185]
968	38.5	[84, -26, -23, 42, 88]	[-96, -141, -78, 20, -136]	[-143, -47, 15, -14, -120]	[-54, -175, -85, -94, -97]	[123, -91, -92, 15, 18]	[-117, -27, 15, -15, 81]	[-79, 51, 6, 102, 160]	[-87, -128, -121, -115, -142]	[-179, -133, -103, -108, -127]	[-18, -11, -17, -25, -64]	[104, 116, 111, 177, 131]	[10009, 9999, 9996, 9999, 9992]	[170, 165, 178, 223, 185]
969	40.5	[85, -24, -29, 42, 88]	[-96, -143, -78, 20, -132]	[-141, -48, 15, -15, -120]	[-55, -178, -92, -99, -80]	[120, -98, -92, 21, 36]	[-113, -25, 15, -13, 81]	[-80, 53, 4, 100, 160]	[-87, -128, -121, -114, -142]	[-179, -131, -103, -107, -130]	[4, -13, -16, -26, -64]	[129, 116, 112, 177, 131]	[10009, 9999, 9996, 9999, 9992]	[170, 165, 178, 223, 185]
970	39.5	[84, -20, -29, 42, 94]	[-123, -140, -87, 20, -111]	[-137, -50, 18, -14, -154]	[-55, -169, -83, -97, -94]	[116, -81, -92, 16, 16]	[-119, -26, 15, -34, 77]	[-72, 53, 9, 95, 192]	[-80, -127, -121, -113, -170]	[-203, -134, -103, -107, -124]	[-24, -9, -16, -24, -61]	[102, 116, 112, 175, 139]	[10010, 10004, 9999, 9998, 9995]	[170, 145, 178, 216, 179]
971	35.5	[84, -26, -23, 42, 88]	[-96, -141, -78, 20, -136]	[-143, -47, 15, -14, -120]	[-54, -175, -85, -94, -97]	[123, -91, -92, 15, 18]	[-117, -27, 15, -15, 81]	[-79, 51, 6, 102, 160]	[-87, -128, -121, -115, -142]	[-179, -133, -103, -108, -127]	[-18, -11, -17, -25, -64]	[104, 116, 111, 177, 131]	[10009, 9999, 9996, 9999, 9992]	[170, 165, 178, 223, 185]
972	32.0	[84, -26, -23, 42, 88]	[-96, -141, -78, 20, -136]	[-143, -47, 15, -14, -120]	[-54, -175, -85, -94, -97]	[123, -91, -92, 15, 18]	[-117, -27, 15, -15, 81]	[-79, 51, 6, 102, 160]	[-87, -128, -121, -115, -142]	[-179, -133, -103, -108, -127]	[-18, -11, -17, -25, -64]	[104, 116, 111, 177, 131]	[10009, 9999, 9996, 9999, 9992]	[170, 165, 178, 223, 185]
973	45.5	[88, 107, -35, 84, 94]	[-125, -140, -87, 22, -132]	[-147, -51, 17, -18, -171]	[-49, -169, -81, -91, -95]	[123, -91, -92, 15, 8]	[-104, -27, 15, -33, 75]	[-66, 52, 8, 97, 198]	[-77, -133, -121, -112, -161]	[-170, -134, -103, -106, -125]	[-24, -8, -22, -21, -65]	[127, 119, 115, 177, 121]	[10011, 10000, 9998, 9993, 9994]	[170, 179, 177, 197, 172]
974	38.5	[84, -20, -29, 42, 94]	[-123, -140, -87, 20, -111]	[-137, -50, 18, -14, -154]	[-55, -169, -83, -97, -94]	[116, -81, -92, 16, 10]	[-119, -26, 15, -34, 77]	[-72, 53, 10, 97, 192]	[-77, -127, -121, -113, -170]	[-203, -134, -103, -107, -124]	[-24, -9, -18, -24, -61]	[102, 116, 112, 177, 139]	[10013, 10003, 9999, 9996, 9995]	[170, 145, 178, 216, 179]
975	36.5	[84, -20, -29, 42, 94]	[-123, -140, -87, 20, -117]	[-137, -50, 18, -14, -154]	[-53, -169, -83, -97, -94]	[116, -89, -92, 16, 16]	[-113, -26, 15, -19, 77]	[-72, 53, 10, 98, 176]	[-80, -133, -121, -113, -163]	[-203, -134, -103, -107, -124]	[-24, -9, -18, -24, -61]	[102, 116, 112, 177, 139]	[10010, 10004, 9999, 9998, 9995]	[170, 145, 178, 216, 179]
976	40.5	[84, -20, -29, 42, 94]	[-123, -140, -87, 20, -111]	[-137, -50, 18, -14, -154]	[-55, -175, -83, -97, -94]	[116, -81, -92, 16, 16]	[-119, -26, 15, -34, 77]	[-72, 53, 9, 95, 192]	[-80, -127, -121, -113, -170]	[-203, -134, -103, -107, -124]	[-24, -9, -16, -24, -61]	[102, 116, 112, 175, 139]	[10010, 10004, 9999, 9998, 9995]	[170, 145, 178, 216, 179]
977	43.5	[84, -20, -29, 42, 94]	[-123, -140, -87, 20, -117]	[-137, -50, 18, -14, -154]	[-53, -169, -83, -97, -94]	[116, -89, -92, 16, 16]	[-113, -26, 15, -19, 77]	[-72, 53, 10, 98, 176]	[-80, -133, -121, -113, -163]	[-203, -134, -103, -107, -124]	[-24, -9, -18, -24, -61]	[102, 116, 112, 177, 139]	[10010, 10004, 9999, 9998, 9995]	[170, 145, 178, 216, 179]
978	38.0	[85, -24, -29, 42, 88]	[-96, -143, -78, 20, -132]	[-141, -48, 15, -15, -120]	[-55, -178, -92, -99, -80]	[120, -98, -92, 21, 36]	[-113, -25, 15, -13, 81]	[-80, 53, 4, 100, 160]	[-87, -128, -121, -114, -142]	[-179, -131, -103, -107, -130]	[-2, -13, -16, -26, -64]	[129, 116, 112, 177, 131]	[10009, 9999, 9996, 9999, 9992]	[170, 165, 178, 223, 185]
979	35.0	[88, 107, -31, 42, 94]	[-125, -143, -84, 22, -132]	[-142, -48, 19, -17, -125]	[-52, -174, -89, -98, -92]	[119, -97, -93, 17, 8]	[-104, -27, 15, -18, 75]	[-79, 52, 6, 95, 172]	[-77, -129, -124, -113, -158]	[-164, -134, -103, -106, -125]	[-24, -10, -20, -26, -65]	[122, 119, 115, 177, 124]	[10011, 9999, 9998, 9996, 9992]	[170, 176, 177, 197, 172]
980	41.0	[84, -20, -29, 42, 94]	[-123, -140, -89, 17, -124]	[-137, -50, 21, -15, -155]	[-53, -170, -82, -99, -94]	[124, -95, -92, 16, 21]	[-119, -27, 15, -18, 76]	[-72, 53, 9, 95, 180]	[-82, -128, -122, -112, -170]	[-203, -130, -103, -106, -125]	[-24, -7, -16, -24, -61]	[107, 116, 112, 175, 137]	[10010, 10003, 9999, 9998, 9995]	[170, 145, 178, 216, 179]
981	42.0	[85, 5, -29, 42, 88]	[-96, -137, -82, 21, -106]	[-141, -42, 15, -18, -135]	[-53, -169, -83, -94, -85]	[120, -94, -93, 15, 19]	[-113, -27, 15, -13, 81]	[-77, 53, 8, 95, 160]	[-83, -133, -121, -112, -142]	[-189, -132, -103, -107, -130]	[-17, -8, -19, -25, -64]	[109, 116, 115, 177, 131]	[10011, 10002, 9999, 9999, 9992]	[170, 165, 178, 223, 185]
982	39.0	[84, -20, -29, 42, 94]	[-123, -140, -89, 17, -124]	[-137, -50, 21, -15, -155]	[-53, -170, -82, -99, -94]	[124, -95, -92, 16, 21]	[-119, -27, 15, -18, 76]	[-72, 53, 9, 95, 180]	[-82, -128, -122, -112, -170]	[-203, -130, -103, -106, -125]	[-24, -7, -16, -24, -61]	[107, 116, 112, 175, 137]	[10010, 10003, 9999, 9998, 9995]	[170, 145, 178, 216, 179]
983	35.0	[84, -20, -29, 42, 94]	[-123, -140, -87, 20, -117]	[-137, -50, 18, -14, -154]	[-53, -169, -83, -97, -94]	[116, -89, -92, 16, 16]	[-113, -26, 15, -19, 77]	[-72, 53, 10, 98, 176]	[-80, -133, -121, -113, -163]	[-203, -134, -103, -107, -124]	[-24, -9, -18, -24, -61]	[102, 116, 112, 177, 139]	[10010, 10004, 9999, 9998, 9995]	[170, 145, 178, 210, 179]
984	36.0	[84, -20, -32, 45, 94]	[-123, -140, -89, 19, -124]	[-137, -50, 17, -15, -155]	[-53, -170, -82, -99, -95]	[124, -95, -92, 16, 10]	[-119, -27, 15, -18, 76]	[-67, 52, 8, 95, 180]	[-82, -128, -122, -112, -170]	[-189, -132, -103, -106, -125]	[-24, -7, -16, -24, -64]	[107, 116, 118, 177, 137]	[10011, 10002, 9999, 9998, 9995]	[170, 145, 178, 208, 179]
985	40.0	[84, -20, -29, 42, 94]	[-123, -140, -89, 17, -124]	[-137, -50, 22, -15, -155]	[-53, -170, -82, -99, -94]	[124, -95, -92, 16, 21]	[-119, -27, 15, -18, 76]	[-72, 53, 9, 95, 180]	[-81, -127, -122, -113, -170]	[-203, -130, -103, -107, -125]	[-24, -7, -16, -24, -61]	[107, 116, 112, 175, 137]	[10010, 10003, 9999, 9998, 9995]	[170, 145, 178, 216, 179]
986	39.5	[84, -20, -32, 45, 94]	[-123, -140, -89, 19, -124]	[-137, -50, 17, -15, -155]	[-53, -170, -82, -99, -95]	[124, -95, -92, 16, 10]	[-119, -27, 15, -18, 76]	[-67, 52, 8, 95, 180]	[-82, -128, -122, -112, -170]	[-189, -132, -103, -106, -125]	[-24, -7, -16, -24, -64]	[107, 116, 118, 177, 137]	[10011, 10002, 9999, 9998, 9995]	[170, 145, 178, 208, 179]
987	34.5	[88, -22, -23, 42, 88]	[-96, -141, -86, 20, -134]	[-143, -49, 15, -14, -120]	[-54, -175, -84, -97, -96]	[123, -91, -92, 15, 18]	[-118, -26, 15, -24, 81]	[-76, 53, 7, 95, 185]	[-86, -128, -121, -114, -159]	[-185, -134, -103, -108, -127]	[-18, -11, -17, -24, -64]	[104, 116, 112, 176, 131]	[10009, 10001, 9996, 9998, 9992]	[170, 165, 178, 223, 185]
988	38.5	[84, -20, -32, 45, 94]	[-123, -140, -89, 19, -124]	[-137, -50, 18, -14, -155]	[-53, -170, -83, -99, -95]	[124, -95, -92, 16, 10]	[-119, -27, 15, -19, 77]	[-67, 53, 5, 96, 180]	[-81, -132, -122, -112, -170]	[-189, -132, -103, -106, -125]	[-24, -8, -16, -24, -64]	[107, 116, 118, 177, 139]	[10011, 10002, 9999, 9998, 9995]	[170, 145, 178, 208, 179]
989	41.0	[88, 107, -31, 42, 94]	[-125, -143, -84, 22, -132]	[-142, -48, 19, -17, -125]	[-52, -174, -89, -98, -92]	[119, -97, -93, 17, 8]	[-104, -27, 15, -18, 75]	[-79, 52, 6, 95, 172]	[-77, -129, -124, -113, -158]	[-164, -134, -103, -106, -125]	[-24, -10, -20, -26, -65]	[122, 119, 115, 177, 124]	[10011, 9999, 9998, 10002, 9992]	[170, 176, 177, 197, 172]
990	35.5	[84, -20, -29, 42, 94]	[-123, -140, -87, 20, -111]	[-137, -50, 18, -14, -154]	[-55, -171, -83, -97, -94]	[116, -81, -92, 16, 16]	[-114, -27, 15, -20, 77]	[-72, 53, 4, 95, 187]	[-80, -127, -121, -113, -147]	[-203, -134, -103, -107, -124]	[-24, -9, -18, -24, -61]	[102, 116, 112, 175, 139]	[10010, 10004, 9999, 9998, 9995]	[170, 145, 178, 211, 179]
991	40.0	[84, -20, -32, 45, 94]	[-123, -140, -89, 19, -124]	[-137, -50, 18, -14, -155]	[-53, -170, -83, -99, -95]	[124, -95, -92, 16, 10]	[-119, -27, 15, -19, 77]	[-67, 53, 5, 96, 180]	[-81, -132, -122, -112, -170]	[-189, -132, -103, -106, -125]	[-24, -8, -16, -24, -64]	[107, 116, 118, 177, 139]	[10011, 10002, 9999, 9998, 9995]	[170, 145, 178, 208, 179]
992	39.5	[85, -24, -29, 42, 88]	[-96, -149, -78, 20, -132]	[-138, -49, 15, -15, -120]	[-55, -178, -86, -99, -86]	[120, -98, -92, 14, 17]	[-113, -25, 15, -28, 79]	[-78, 53, 6, 100, 160]	[-83, -128, -121, -114, -148]	[-201, -131, -103, -107, -130]	[-21, -9, -17, -25, -64]	[108, 116, 112, 177, 138]	[10009, 10001, 9996, 9999, 9992]	[170, 165, 178, 223, 181]
993	39.0	[85, -24, -29, 42, 88]	[-96, -143, -78, 20, -132]	[-141, -48, 15, -15, -120]	[-55, -178, -92, -99, -80]	[120, -98, -92, 21, 36]	[-113, -25, 15, -13, 81]	[-80, 53, 4, 100, 160]	[-87, -128, -121, -114, -142]	[-179, -131, -103, -107, -130]	[-2, -13, -12, -24, -64]	[129, 116, 112, 177, 134]	[10009, 9999, 9997, 9999, 9992]	[170, 162, 178, 216, 185]
994	35.5	[85, 5, -29, 42, 88]	[-96, -137, -82, 21, -106]	[-141, -42, 15, -24, -135]	[-53, -169, -83, -94, -85]	[120, -94, -93, 15, 19]	[-113, -27, 15, -13, 81]	[-77, 53, 8, 95, 160]	[-83, -133, -121, -112, -144]	[-197, -134, -103, -106, -130]	[-24, -10, -19, -25, -64]	[109, 116, 112, 176, 131]	[10011, 10002, 9999, 9998, 9992]	[170, 165, 178, 223, 185]
995	36.5	[90, -26, -23, 42, 88]	[-96, -141, -78, 20, -136]	[-143, -47, 15, -14, -120]	[-54, -175, -85, -100, -97]	[123, -91, -92, 15, 18]	[-117, -27, 15, -15, 81]	[-79, 51, 6, 102, 160]	[-87, -128, -121, -115, -142]	[-179, -133, -103, -108, -127]	[-18, -11, -17, -25, -64]	[104, 116, 111, 177, 131]	[10009, 9999, 9996, 9999, 9992]	[170, 165, 178, 223, 185]
996	38.5	[85, -24, -29, 42, 88]	[-96, -149, -78, 20, -132]	[-138, -49, 15, -15, -120]	[-55, -178, -86, -99, -86]	[120, -98, -92, 14, 17]	[-113, -25, 15, -28, 79]	[-78, 53, 6, 100, 160]	[-83, -128, -121, -114, -148]	[-201, -131, -103, -107, -130]	[-21, -9, -17, -25, -64]	[108, 116, 112, 177, 138]	[10009, 10001, 9996, 9999, 9992]	[170, 165, 178, 223, 181]
997	40.0	[84, -20, -29, 42, 94]	[-123, -140, -89, 17, -124]	[-137, -50, 19, -14, -155]	[-53, -174, -83, -99, -94]	[124, -95, -92, 16, 21]	[-119, -27, 15, -18, 76]	[-72, 53, 8, 95, 180]	[-81, -131, -121, -114, -166]	[-203, -130, -103, -107, -125]	[-24, -7, -16, -24, -61]	[107, 116, 112, 175, 137]	[10010, 10003, 9999, 9998, 9995]	[170, 145, 178, 216, 179]
998	39.0	[85, -24, -29, 42, 88]	[-96, -143, -78, 20, -132]	[-141, -48, 15, -15, -120]	[-55, -178, -92, -99, -80]	[120, -98, -92, 21, 36]	[-113, -25, 15, -13, 81]	[-80, 53, 4, 100, 160]	[-87, -128, -121, -114, -142]	[-179, -131, -103, -107, -130]	[-2, -13, -12, -24, -64]	[129, 116, 112, 177, 134]	[10009, 9999, 9997, 9999, 9992]	[170, 162, 178, 216, 185]
999	34.5	[90, -26, -23, 42, 88]	[-96, -141, -78, 20, -136]	[-143, -47, 15, -14, -120]	[-54, -175, -85, -100, -97]	[123, -91, -92, 15, 18]	[-117, -27, 15, -15, 81]	[-79, 51, 6, 102, 160]	[-87, -128, -121, -115, -142]	[-179, -133, -103, -108, -127]	[-18, -11, -17, -25, -64]	[104, 116, 111, 177, 131]	[10009, 9999, 9996, 9999, 9992]	[170, 165, 178, 223, 185]
