generation	fitness	corner	c	a1	a2	b	o	x
0	36.9	[0, -180, -233, 103, -242]	[107, 78, -180, 3, 68]	[-166, -146, 137, -62, -165]	[179, 127, 239, 103, 50]	[-161, -62, 59, 237, 18]	[-97, 15, 76, -45, -80]	[-203, 111, 115, 28, -155]
1	38.0	[-138, 51, 242, -173, 193]	[-206, -232, -68, -190, -145]	[-164, -18, 103, 132, -3]	[-249, 231, -191, 42, 42]	[3, 16, -148, -230, 214]	[215, 244, -97, -93, -144]	[-19, -43, -44, 127, -140]
2	37.3	[0, -180, -233, 103, -242]	[107, 78, -180, 3, 68]	[-166, -146, 137, -62, -165]	[179, 127, 239, 103, 50]	[-161, -62, 59, 237, 18]	[-97, 15, 76, -45, -80]	[-203, 111, 115, 28, -155]
3	36.9	[87, 23, -69, -192, -49]	[160, 55, 31, -245, 82]	[-20, 25, 143, -58, 102]	[83, -185, -228, -239, -79]	[248, 192, 196, 142, 189]	[-182, 203, 55, 82, -36]	[247, 113, -126, 212, 155]
4	37.6	[-138, 51, 242, -173, 193]	[-206, -232, -68, -190, -145]	[-164, -18, 103, 132, -3]	[-249, 231, -191, 42, 42]	[3, 16, -148, -230, 214]	[215, 244, -97, -93, -144]	[-19, -43, -44, 127, -140]
5	36.1	[-138, 51, 242, -173, 193]	[-206, -232, -68, -190, -145]	[-164, -18, 103, 132, -3]	[-249, 231, -191, 42, 42]	[3, 16, -148, -230, 214]	[215, 244, -97, -93, -144]	[-19, -43, -44, 127, -140]
6	38.6	[105, 111, 137, 106, 102]	[208, 234, -90, -109, 169]	[71, -118, 15, 38, 72]	[234, 82, 40, 88, 228]	[136, -158, 11, -4, 220]	[-13, -41, 214, -28, 193]	[145, -129, -12, 206, -92]
7	37.4	[0, -180, -233, 103, -242]	[107, 78, -180, 3, 68]	[-166, -146, 137, -62, -165]	[179, 127, 239, 103, 50]	[-161, -62, 59, 237, 24]	[-97, 15, 76, -45, -80]	[-203, 111, 115, 28, -155]
8	36.6	[0, -180, -233, 103, -242]	[107, 78, -180, 3, 68]	[-166, -146, 137, -62, -165]	[179, 127, 239, 103, 50]	[-161, -62, 59, 237, 24]	[-97, 15, 76, -45, -80]	[-203, 111, 115, 28, -155]
9	36.8	[36, 164, 77, -247, -168]	[43, 81, -100, -211, -79]	[111, 73, -94, 159, -33]	[212, 10, 22, -46, 18]	[-185, -189, 77, 91, 138]	[211, -101, -126, 45, -247]	[82, -214, 65, -213, -127]
10	39.1	[0, -180, -233, 103, -242]	[107, 78, -180, 3, 68]	[-166, -146, 137, -62, -165]	[179, 127, 239, 103, 50]	[-161, -62, 59, 237, 24]	[-97, 15, 76, -45, -80]	[-203, 111, 115, 28, -155]
11	39.5	[105, 111, 137, 106, 102]	[208, 234, -90, -109, 169]	[34, -119, 9, -175, -240]	[234, 82, 40, 88, 15]	[136, -158, 11, -4, 220]	[-13, -41, 214, -28, 193]	[145, -129, -12, 206, -92]
12	37.7	[0, -180, -233, 103, -242]	[107, 78, -180, 3, 68]	[-166, -146, 137, -62, -165]	[179, 127, 239, 103, 50]	[-161, -62, 59, 237, 24]	[-97, 15, 76, -45, -80]	[-203, 111, 115, 28, -155]
13	38.9	[-138, 51, 242, -173, 187]	[-90, -226, -23, -64, -145]	[105, 6, 82, 132, -3]	[-249, 231, -157, 60, 42]	[3, 16, -148, -230, 214]	[215, 244, -97, -93, -144]	[-19, -43, -44, 127, -140]
14	38.6	[105, 111, 137, 106, 102]	[208, 234, -90, -109, 169]	[34, -119, 9, -175, -240]	[234, 82, 46, 88, 15]	[136, -158, 11, -4, 220]	[-13, -41, 214, -28, 193]	[145, -129, -12, 206, -92]
15	39.0	[0, -180, -233, 103, -242]	[107, 78, -180, 3, 68]	[-166, -146, 137, -62, -165]	[179, 127, 239, 103, 50]	[-161, -62, 59, 237, 24]	[-97, 15, 76, -45, -80]	[-203, 111, 115, 28, -155]
16	40.5	[-138, 51, 242, -173, 187]	[-90, -226, -23, -64, -145]	[105, 6, 82, 132, -3]	[-249, 231, -157, 60, 42]	[3, 16, -148, -230, 214]	[215, 244, -97, -93, -144]	[-19, -43, -44, 127, -140]
17	39.2	[105, 111, 137, 106, 102]	[208, 234, -85, -243, 169]	[-9, -119, 9, -175, -240]	[234, 82, 40, 88, 15]	[130, -158, 11, -4, 220]	[-13, -41, 214, -28, 193]	[145, -129, -12, 206, -92]
18	37.0	[0, -180, -233, 103, -242]	[107, 78, -180, 3, 68]	[-166, -146, 137, -68, -165]	[179, 127, 239, 103, 50]	[-161, -62, 59, 237, 24]	[-97, 15, 43, -45, -80]	[-203, 111, 115, 28, -155]
19	39.8	[-138, 51, 242, -173, 187]	[-90, -226, -23, -64, -145]	[105, 6, 82, 132, -3]	[-249, 231, -157, 60, 42]	[3, 16, -148, -230, 214]	[215, 244, -97, -93, -144]	[-19, -43, -44, 127, -140]
20	44.4	[105, 111, 137, 106, 102]	[208, 234, -90, -109, 169]	[34, -119, 9, -175, -240]	[234, 82, 46, 88, 15]	[136, -158, 11, 54, 198]	[53, -80, 148, 98, -71]	[145, -158, -16, 206, -92]
21	43.0	[105, 111, 137, 106, 102]	[208, 234, -90, -109, 169]	[34, -119, 9, -175, -240]	[234, 82, 46, 88, 15]	[136, -158, 11, 54, 198]	[53, -80, 148, 98, -71]	[145, -158, -16, 206, -92]
22	41.1	[0, -180, -233, 103, -242]	[107, 78, -180, 3, 68]	[-166, -146, 137, -62, -165]	[179, 127, 239, 103, 50]	[-161, -62, 59, 237, 24]	[-97, 15, 76, -45, -80]	[-203, 111, 115, 28, -155]
23	38.9	[60, 28, 192, 86, 71]	[77, 10, -153, 52, 68]	[-188, -50, 118, -185, 182]	[-57, 47, 193, 134, -76]	[-181, 136, 43, 157, 127]	[-14, 110, 131, -210, -96]	[-50, 120, 116, -198, -103]
24	43.9	[105, 111, 137, 106, 102]	[208, 234, -90, -109, 169]	[34, -119, 9, -175, -240]	[234, 82, 46, 88, 15]	[136, -158, 11, 54, 198]	[53, -80, 148, 98, -71]	[145, -158, -16, 206, -92]
25	42.4	[227, 240, -225, -154, 117]	[-70, -20, -92, 192, 241]	[-136, -112, -47, 74, 22]	[-119, -194, -83, -49, -36]	[65, -238, 80, -188, 149]	[3, -64, -97, 233, -51]	[-164, 86, 204, 66, -236]
26	44.4	[105, 111, 137, 106, 102]	[208, 234, -90, -109, 169]	[34, -119, 9, -175, -240]	[234, 82, 46, 88, 15]	[136, -158, 11, 54, 198]	[53, -80, 148, 98, -71]	[145, -158, -16, 206, -92]
27	44.1	[105, 111, 137, 106, 102]	[208, 234, -85, -243, 169]	[-9, -111, 15, -175, -240]	[234, 99, 40, 94, 15]	[130, -156, -33, 49, 220]	[170, -38, 227, 17, 137]	[145, -129, -75, 79, -92]
28	42.4	[105, 111, 137, 106, 102]	[208, 234, -90, -109, 169]	[34, -119, 9, -175, -240]	[234, 82, 46, 88, 15]	[136, -158, 11, 54, 198]	[53, -80, 148, 98, -71]	[145, -158, -16, 206, -92]
29	47.6	[227, 240, -225, -154, 117]	[-61, -147, 135, 87, 241]	[-136, -65, -50, 4, 53]	[-119, -194, -83, 17, 57]	[65, 29, 20, -166, 51]	[3, -64, -97, 233, -51]	[-164, 92, 204, 66, -236]
30	44.6	[227, 240, -225, -154, 117]	[-61, -147, 135, 87, 241]	[-136, -65, -50, 4, 53]	[-119, -194, -83, 17, 57]	[65, 29, 20, -166, 51]	[3, -64, -97, 233, -51]	[-164, 92, 204, 66, -236]
31	44.5	[-138, 51, 242, -173, 193]	[-90, -226, -23, -64, -145]	[105, 6, 82, 132, -3]	[-243, 231, -157, 60, 36]	[3, 16, -148, -230, 214]	[215, 244, -97, -93, -144]	[-19, -43, -44, 127, -140]
32	42.3	[227, 240, -225, -154, 117]	[-61, -147, 135, 87, 241]	[-136, -65, -50, 4, 53]	[-119, -194, -83, 17, 57]	[65, 29, 20, -166, 51]	[3, -64, -97, 233, -51]	[-164, 92, 204, 66, -236]
33	45.0	[227, 240, -225, -154, 117]	[-61, -147, 135, 87, 241]	[-136, -65, -50, 4, 53]	[-119, -194, -83, 17, 57]	[65, 29, 20, -166, 51]	[3, -64, -97, 233, -51]	[-164, 92, 204, 66, -236]
34	45.4	[227, 240, -225, 32, -19]	[100, -61, 94, 87, 241]	[-136, -65, -45, -54, 38]	[-119, -194, -83, 17, 52]	[65, 29, 20, -166, 51]	[3, -64, -97, 233, -51]	[-164, 92, 204, 66, -236]
35	48.0	[227, 240, -225, 32, -19]	[100, -55, 94, 87, 241]	[-136, -65, -45, -54, 38]	[-119, -194, -83, 17, 52]	[65, 29, 20, -166, 51]	[3, -64, -97, 233, -51]	[-164, 92, 204, 66, -236]
36	46.1	[227, 240, -225, 32, -19]	[100, -55, 94, 87, 241]	[-136, -65, -45, -54, 38]	[-119, -194, -83, 17, 52]	[65, 29, 20, -166, 51]	[3, -64, -97, 233, -51]	[-164, 92, 204, 66, -236]
37	44.9	[227, 240, -225, -154, 117]	[-61, -147, 135, 87, 241]	[-136, -65, -50, 4, 53]	[-119, -194, -83, 17, 57]	[65, 29, 20, -166, 51]	[3, -64, -97, 233, -51]	[-164, 92, 204, 72, -236]
38	44.3	[105, 111, 137, 112, 102]	[208, 234, -90, -109, 169]	[34, -119, 9, -175, -240]	[234, 82, 46, 88, 15]	[115, -158, 11, -4, 220]	[-13, -41, 98, 3, -12]	[145, -129, -12, 206, -92]
39	44.5	[227, 240, -225, -154, 117]	[-70, -20, -134, 192, 241]	[-136, -113, -47, 74, 22]	[-119, -188, -83, -49, -36]	[9, -85, 81, -188, 149]	[3, -64, -97, 233, -51]	[-78, 80, 204, 66, -236]
40	46.5	[227, 240, -225, -16, 55]	[69, -29, 86, 191, 241]	[-136, -65, -45, -2, 31]	[-119, -194, -38, -28, 14]	[65, 29, 20, -166, 51]	[3, -64, -103, 233, -51]	[-164, 92, 204, 66, -236]
41	49.0	[227, 240, -225, 32, -19]	[100, -55, 94, 87, 241]	[-136, -47, -35, 85, 38]	[-119, -132, -83, 17, 52]	[170, 0, 40, -186, 51]	[3, -124, -166, 217, -51]	[-164, 92, 204, 66, -236]
42	48.5	[227, 240, -225, -16, 55]	[69, -29, 86, 191, 241]	[-136, -65, -45, -2, 31]	[-119, -194, -38, -28, 14]	[65, 29, 20, -166, 51]	[3, -64, -103, 233, -51]	[-164, 92, 204, 60, -236]
43	50.1	[227, 240, -225, -16, 55]	[69, -29, 86, 191, 241]	[-136, -65, -45, -2, 31]	[-119, -194, -38, -28, 14]	[65, 29, 20, -166, 51]	[3, -64, -103, 233, -51]	[-164, 92, 204, 60, -236]
44	50.6	[227, 240, -225, -16, 55]	[69, -29, 86, 191, 241]	[-136, -65, -45, -2, 31]	[-119, -194, -38, -28, 14]	[65, 29, 20, -166, 51]	[3, -64, -103, 233, -51]	[-164, 92, 204, 60, -236]
45	49.2	[227, 240, -225, 32, -19]	[100, -55, 94, 87, 241]	[-136, -47, -35, 85, 38]	[-119, -132, -83, 17, 52]	[170, 0, 40, -186, 51]	[3, -124, -166, 217, -51]	[-164, 92, 204, 66, -236]
46	49.9	[227, 240, -225, 32, -19]	[100, -55, 94, 87, 241]	[-136, -47, -35, 85, 38]	[-119, -132, -83, 17, 52]	[170, 0, 40, -186, 51]	[3, -124, -166, 217, -51]	[-164, 92, 204, 66, -236]
47	48.5	[227, 240, -225, -154, 117]	[-61, -147, 135, 87, 241]	[-136, -65, -50, 4, 53]	[-119, -194, -83, 11, 57]	[65, 29, 20, -166, 57]	[3, -64, -97, 233, -51]	[-164, 92, 204, 72, -236]
48	47.5	[227, 240, -225, 32, -19]	[100, -55, 94, 87, 241]	[-136, -47, -35, 85, 38]	[-119, -132, -83, 17, 52]	[170, 0, 40, -186, 51]	[3, -124, -166, 217, -51]	[-164, 92, 204, 66, -236]
49	49.5	[227, 240, -225, 32, -19]	[-40, -55, 94, 87, 241]	[-136, -65, -45, -54, 29]	[219, 38, -82, 21, 37]	[65, -12, 34, -186, 51]	[3, -64, -103, 218, -51]	[-105, 75, -19, 71, -236]
50	48.4	[209, 204, -48, 106, -19]	[-40, -55, 30, 53, 241]	[-136, -65, -45, -54, 73]	[219, 38, -82, 21, 37]	[65, -12, 34, -186, 45]	[157, -59, -103, 218, -51]	[-164, 92, 65, 66, -236]
51	48.1	[227, 240, -225, -16, 55]	[69, -29, 86, 191, 241]	[-136, -65, -45, -2, 31]	[-119, -194, -38, -28, 14]	[65, 29, 20, -166, 51]	[-3, -64, -103, 233, -51]	[-164, 92, 204, 60, -236]
52	46.7	[227, 131, -225, 32, -19]	[105, 58, 1, 16, 241]	[-136, -65, -45, -152, -160]	[-119, -170, 26, 84, 46]	[65, 29, 40, -186, 45]	[3, -64, -103, 218, -51]	[-164, 92, 204, 66, -236]
53	50.5	[227, 240, -225, 32, -19]	[100, -55, 94, 87, 241]	[-136, -47, -35, 85, 38]	[-119, -132, -83, 17, 52]	[170, 0, 40, -186, 51]	[3, -124, -166, 217, -51]	[-164, 92, 204, 66, -236]
54	50.0	[227, 240, -225, -16, 55]	[69, -29, 86, 191, 241]	[-136, -65, -45, -2, 31]	[62, -115, -38, -28, 14]	[65, 29, 20, -166, 136]	[-3, -64, -103, 49, -51]	[-164, 92, 204, 60, -236]
55	49.9	[227, 240, -225, -16, 55]	[69, -29, 86, 191, 241]	[-136, -65, -45, -2, 31]	[62, -115, -38, -28, 14]	[65, 29, 20, -166, 136]	[-3, -64, -103, 49, -51]	[-164, 92, 204, 60, -236]
56	49.6	[227, 240, -225, -16, 55]	[69, -29, 86, 191, 241]	[-135, -75, -36, -2, 31]	[173, -38, 33, 61, 14]	[65, 29, 20, -166, 139]	[-3, -64, -103, 18, -51]	[-164, 92, 204, 60, -236]
57	51.5	[227, 240, -225, -16, 55]	[69, -29, 86, 191, 241]	[-135, -75, -36, -2, 31]	[173, -38, 33, 61, 14]	[65, 29, 20, -166, 139]	[-3, -64, -103, 18, -51]	[-164, 92, 204, 60, -236]
58	53.2	[227, 240, -225, 32, -19]	[-40, -55, 88, 87, 241]	[-136, -65, -45, -54, 29]	[219, 38, -82, 18, 49]	[79, -10, 34, -186, 51]	[3, -65, -156, 31, -51]	[-105, 75, -19, 71, -236]
59	55.0	[227, 240, -225, 32, -19]	[-40, -55, 88, 87, 241]	[-136, -65, -45, -54, 29]	[219, 38, -82, 18, 49]	[79, -10, 34, -186, 51]	[3, -65, -156, 31, -51]	[-105, 75, -19, 71, -236]
60	53.9	[227, 240, -225, 32, -19]	[-40, -55, 88, 87, 241]	[-136, -65, -45, -54, 29]	[219, 38, -82, 18, 49]	[79, -10, 34, -186, 51]	[3, -65, -156, 31, -51]	[-105, 75, -19, 71, -236]
61	51.0	[227, 240, -225, 32, -19]	[-40, -55, 88, 87, 241]	[-136, -65, -45, -54, 29]	[219, 38, -82, 18, 49]	[79, -10, 34, -186, 51]	[3, -65, -156, 31, -51]	[-105, 75, -19, 71, -236]
62	52.4	[227, 240, -225, 32, -19]	[-40, -55, 88, 87, 241]	[-136, -65, -45, -54, 29]	[219, -175, -26, 6, 49]	[79, -57, 39, -153, 74]	[3, -65, -123, 31, -51]	[-87, 75, -19, 71, -236]
63	49.7	[227, 240, -225, 32, -19]	[-40, -55, 88, 87, 241]	[-136, -65, -45, -54, 29]	[219, 38, -82, 18, 49]	[79, -10, 34, -186, 51]	[3, -65, -156, 31, -51]	[-105, 75, -19, 71, -236]
64	56.8	[158, 165, -229, -143, -7]	[-40, -24, 79, 135, 241]	[-136, -65, -16, -19, -162]	[230, -20, 56, 47, 33]	[82, -10, 26, -11, 74]	[-3, -64, -123, 10, 28]	[-96, 75, -19, 58, -217]
65	58.2	[158, 165, -229, -143, -7]	[-40, -24, 79, 135, 241]	[-136, -65, -16, -19, -162]	[230, -20, 56, 47, 33]	[82, -10, 26, -11, 74]	[-3, -64, -123, 10, 28]	[-96, 75, -19, 58, -217]
66	54.0	[158, 165, -229, -143, -7]	[-40, -24, 79, 135, 241]	[-136, -65, -16, -19, -162]	[230, -20, 56, 47, 33]	[82, -10, 26, -11, 74]	[-3, -64, -123, 10, 28]	[-96, 75, -19, 58, -217]
67	55.9	[158, 165, -229, -143, -7]	[-40, -24, 79, 135, 241]	[-146, -65, -16, -19, -162]	[230, -16, 72, 47, 33]	[132, -10, 26, -11, 74]	[-3, -64, -123, 10, 28]	[-96, 75, -19, 58, -217]
68	56.0	[158, 165, -229, -143, -7]	[-40, -24, 79, 135, 241]	[-146, -65, -16, -19, -162]	[230, -16, 72, 47, 33]	[132, -10, 26, -11, 74]	[-3, -64, -123, 10, 28]	[-96, 75, -19, 58, -217]
69	58.6	[158, 165, -229, -143, -7]	[-40, -24, 79, 135, 241]	[-136, -65, -16, -19, -162]	[230, -20, 56, 47, 33]	[82, -10, 26, -11, 74]	[-3, -64, -123, 10, 28]	[-96, 75, -19, 58, -217]
70	55.5	[158, 165, -229, -143, -7]	[-40, -24, 79, 135, 241]	[-136, -65, -16, -19, -162]	[230, -20, 56, 47, 33]	[82, -10, 26, -11, 74]	[-3, -64, -123, 10, 28]	[-96, 75, -19, 58, -217]
71	58.4	[158, 165, -229, -143, -7]	[-40, -24, 79, 135, 241]	[-136, -65, -16, -19, -162]	[230, -20, 56, 47, 33]	[82, -10, 26, -11, 74]	[-3, -64, -123, 10, 28]	[-96, 75, -19, 58, -217]
72	56.1	[158, 165, -229, -143, -7]	[-40, -24, 79, 135, 241]	[-146, -71, -16, -19, -162]	[230, -16, 72, 47, 33]	[132, -10, 26, -11, 74]	[-3, -64, -123, 10, 28]	[-96, 75, -19, 58, -217]
73	56.5	[158, 165, -229, -143, -7]	[-40, -24, 79, 135, 241]	[-136, -65, -16, -19, -162]	[230, -20, 56, 47, 33]	[82, -10, 26, -11, 74]	[-3, -64, -123, 10, 28]	[-96, 75, -19, 58, -217]
74	58.4	[227, 240, -225, 32, -19]	[-40, -55, 88, 87, 241]	[-136, -65, -45, -54, 29]	[219, 38, -82, 18, 49]	[79, -10, 34, -186, 51]	[3, -65, -156, 31, -51]	[-105, 75, -19, 71, -236]
75	55.8	[158, 165, -229, -143, -7]	[-40, -24, 79, 135, 241]	[-136, -65, -16, -19, -162]	[230, -20, 56, 47, 33]	[82, -10, 26, -11, 74]	[-3, -64, -123, 10, 28]	[-96, 75, -19, 58, -217]
76	54.0	[158, 165, -229, -143, -7]	[-40, -24, 79, 135, 241]	[-146, -71, -16, -19, -162]	[230, -16, 72, 47, 33]	[132, -10, 26, -11, 74]	[-3, -64, -123, 10, 28]	[-96, 75, -19, 58, -217]
77	53.0	[158, 165, -229, -143, -7]	[-40, -24, 79, 135, 241]	[-146, -71, -16, -19, -162]	[230, -16, 72, 47, 33]	[132, -10, 26, -11, 74]	[-3, -64, -123, 10, 28]	[-96, 75, -19, 58, -217]
78	55.3	[227, 240, -225, 32, -19]	[-40, -55, 88, 87, 241]	[-136, -65, -45, -54, 29]	[219, 38, -82, 19, 49]	[79, -10, 34, -186, 51]	[3, -65, -156, 31, -51]	[-105, 75, -19, 71, -236]
79	57.4	[158, 165, -229, -143, -7]	[-40, -24, 79, 135, 241]	[-136, -65, -16, -19, -162]	[230, -20, 56, 47, 33]	[82, -10, 26, -11, 74]	[-3, -64, -123, 10, 28]	[-96, 75, -19, 58, -217]
80	57.4	[158, 165, -229, -143, -7]	[-40, -24, 79, 135, 241]	[-136, -65, -16, -19, -162]	[230, -20, 56, 47, 33]	[82, -10, 26, -11, 74]	[-3, -64, -123, 10, 28]	[-96, 69, -19, 58, -217]
81	57.4	[227, 240, -225, 32, -19]	[13, -55, 88, 87, 241]	[-136, -58, -43, 64, 31]	[58, -98, -82, 19, 49]	[79, -10, 34, -186, 51]	[3, -65, -156, 31, -51]	[-105, 75, -19, 71, -236]
82	58.8	[227, 240, -225, 32, -19]	[-40, -55, 88, 87, 241]	[-136, -65, -45, -54, 29]	[219, 38, -82, 19, 49]	[79, -10, 34, -186, 51]	[3, -65, -156, 31, -51]	[-105, 75, -19, 71, -236]
83	54.2	[158, 165, -229, -143, -7]	[-40, -24, 79, 135, 241]	[-136, -65, -16, -19, -162]	[230, -20, 56, 47, 33]	[82, -10, 26, -11, 74]	[-3, -64, -123, 10, 28]	[-96, 69, -19, 58, -217]
84	56.2	[227, 240, -225, -16, 55]	[-21, -30, 78, 191, 241]	[-135, -66, -41, -2, 33]	[66, -5, -5, 23, 14]	[67, -1, 20, -61, 139]	[-3, -64, -112, 16, -51]	[-127, 84, 39, 60, -236]
85	56.8	[227, 240, -225, 32, -19]	[13, -55, 88, 87, 241]	[-136, -58, -43, 64, 31]	[58, -98, -82, 19, 49]	[79, -10, 34, -186, 51]	[3, -65, -156, 31, -51]	[-105, 75, -19, 71, -236]
86	59.1	[227, 240, -225, -16, 55]	[-21, -30, 78, 191, 241]	[-135, -66, -41, -2, 33]	[66, -5, -5, 23, 14]	[67, -1, 20, -61, 139]	[-3, -64, -112, 16, -51]	[-127, 84, 39, 60, -236]
87	55.4	[227, 240, -225, -16, 55]	[-21, -30, 78, 191, 241]	[-135, -66, -41, -2, 33]	[66, -5, -5, 23, 14]	[67, -1, 20, -61, 139]	[-3, -64, -112, 16, -51]	[-127, 84, 39, 60, -236]
88	56.8	[227, 240, -225, 32, -13]	[-40, -55, 82, 87, 241]	[-136, -65, -45, -54, 68]	[219, -32, -82, 19, 49]	[79, -10, 34, -192, 51]	[3, -65, -156, 42, -51]	[-105, 77, 28, 71, -236]
89	57.9	[158, 165, -229, -143, -7]	[-40, -24, 79, 135, 241]	[-136, -65, -16, -19, -162]	[230, -20, 56, 53, 33]	[82, -10, 26, -11, 74]	[-3, -64, -123, 10, 28]	[-96, 69, -19, 58, -217]
90	58.7	[227, 240, -225, 32, -19]	[-12, -55, 82, 177, 241]	[-136, -61, -43, 64, 31]	[182, -98, -27, 23, 20]	[79, -10, 34, -186, 51]	[3, -65, -156, 39, -51]	[-105, 76, -12, 71, -236]
91	56.2	[227, 240, -225, 32, -19]	[-12, -55, 82, 177, 235]	[-136, -61, -43, 64, 31]	[182, -98, -27, 23, 20]	[79, -10, 34, -186, 51]	[3, -65, -156, 39, -51]	[-105, 76, -12, 71, -236]
92	57.2	[227, 240, -225, 32, -19]	[-48, -90, 89, 177, 235]	[-136, -61, -43, 64, 31]	[182, -98, -27, 23, 20]	[79, -10, 34, -186, 51]	[3, -65, -156, 39, -51]	[-105, 76, -12, 71, -236]
93	58.6	[227, 240, -225, -16, 55]	[-21, -30, 78, 191, 241]	[-135, -66, -41, -2, 33]	[66, -5, -5, 23, 14]	[67, -1, 20, -77, 136]	[-3, -64, -112, 34, -51]	[-127, 84, 39, 60, -236]
94	59.1	[227, 240, -225, -16, 55]	[-21, -30, 78, 191, 241]	[-135, -66, -41, -2, 33]	[66, -5, -5, 23, 14]	[67, -1, 20, -77, 136]	[-3, -58, -112, 34, -51]	[-127, 84, 39, 60, -236]
95	58.0	[227, 240, -225, 32, -19]	[-48, -90, 89, 177, 235]	[-136, -61, -43, 64, 31]	[182, -98, -27, 23, 20]	[79, -4, 34, -186, 51]	[3, -65, -156, 39, -51]	[-105, 76, -12, 71, -236]
96	57.2	[227, 240, -225, 32, -19]	[-48, -90, 89, 177, 235]	[-136, -61, -43, 64, 31]	[182, -98, -27, 23, 20]	[79, -4, 34, -186, 51]	[3, -65, -156, 39, -51]	[-105, 76, -12, 71, -236]
97	56.7	[227, 220, -109, -11, 23]	[100, -41, 101, 67, 241]	[-136, -47, -35, 9, 14]	[130, -107, -77, 17, 52]	[99, 3, 40, -186, 51]	[3, -84, -127, 91, -51]	[-164, 79, 93, 66, -236]
98	58.9	[158, 165, -229, -143, -7]	[-40, -24, 79, 135, 241]	[-136, -65, -16, -19, -162]	[230, -20, 56, 53, 33]	[82, -10, 26, -11, 74]	[-3, -64, -123, 10, 28]	[-96, 69, -19, 58, -217]
99	57.5	[227, 240, -225, 32, -19]	[-12, -55, 82, 177, 235]	[-136, -61, -43, 64, 31]	[182, -98, -27, 23, 20]	[79, -10, 34, -186, 54]	[3, -64, -143, 39, -51]	[-105, 76, -18, 71, -233]
100	58.5	[227, 240, -225, 32, -19]	[-48, -90, 89, 177, 235]	[-136, -61, -43, 64, 31]	[182, -73, -27, 23, 20]	[79, -4, 34, -186, 51]	[3, -65, -156, 39, -51]	[-105, 76, -12, 71, -236]
101	58.1	[222, 217, -225, -16, 55]	[61, -29, 80, 191, 241]	[-135, -65, -45, -2, 31]	[66, -5, -47, 14, 14]	[67, -1, 20, -61, 139]	[-3, -64, -112, 16, -51]	[-127, 84, 39, 60, -236]
102	59.6	[222, 217, -225, -16, 55]	[61, -29, 80, 191, 241]	[-135, -65, -45, -2, 31]	[66, -5, -47, 14, 14]	[67, -1, 20, -61, 139]	[-3, -64, -112, 16, -51]	[-127, 84, 39, 60, -236]
103	56.9	[227, 240, -225, -16, 55]	[-21, -30, 78, 191, 241]	[-135, -66, -41, -2, 33]	[66, -5, -5, 23, 14]	[67, -1, 20, -102, 136]	[-3, -58, -112, 34, -51]	[-133, 84, 39, 60, -236]
104	57.8	[158, 165, -229, -143, -7]	[-40, -24, 79, 135, 241]	[-136, -65, -16, -19, -162]	[230, -20, 56, 53, 33]	[82, -10, 26, -11, 74]	[-3, -64, -123, 10, 28]	[-96, 69, -19, 58, -242]
105	56.9	[227, 240, -225, 32, -19]	[-40, -55, 88, 53, 241]	[-136, -65, -45, -54, 41]	[219, 44, -82, 21, 49]	[54, -10, 34, -186, 51]	[3, -65, -156, 37, -51]	[-105, 75, -19, 71, -236]
106	57.5	[222, 217, -225, -16, 49]	[61, -29, 80, 191, 241]	[-135, -65, -45, -2, 31]	[66, -5, -47, 14, 14]	[67, -1, 20, -61, 139]	[-3, -64, -112, 16, -51]	[-127, 84, 39, 60, -236]
107	62.1	[158, 165, -229, -143, -7]	[-40, -24, 79, 135, 241]	[-136, -65, -16, -19, -162]	[230, -20, 56, 53, 33]	[82, -10, 26, -11, 74]	[-3, -64, -123, 16, 28]	[-96, 69, -19, 58, -242]
108	60.0	[158, 165, -229, -143, -7]	[-40, -24, 79, 135, 241]	[-136, -65, -16, -19, -162]	[230, -20, 56, 53, 33]	[82, -10, 26, -11, 74]	[-3, -64, -123, 16, 28]	[-96, 69, -19, 58, -242]
109	55.8	[222, 217, -225, -16, 49]	[61, -29, 80, 191, 241]	[-135, -65, -45, -2, 31]	[66, -5, -47, 14, 14]	[67, -1, 20, -61, 139]	[-3, -64, -112, 16, -51]	[-127, 84, 39, 60, -236]
110	58.6	[222, 217, -225, -16, 49]	[61, -29, 80, 191, 241]	[-135, -65, -45, -2, 31]	[66, -5, -47, 14, 14]	[67, -1, 20, -61, 139]	[-3, -64, -112, 16, -51]	[-127, 84, 39, 60, -236]
111	59.0	[158, 165, -229, -143, -7]	[-40, -24, 79, 135, 241]	[-136, -65, -38, -42, -42]	[230, -20, 51, 41, 39]	[82, -10, 26, -11, 74]	[-3, -64, -123, 16, 28]	[-96, 75, -13, 58, -242]
112	58.9	[222, 217, -225, -16, 49]	[61, -29, 80, 191, 241]	[-135, -65, -45, -2, 31]	[66, -5, -47, 14, 14]	[67, -1, 20, -61, 139]	[-3, -64, -112, 16, -51]	[-127, 84, 39, 60, -236]
113	57.9	[158, 165, -229, -143, -7]	[-40, -24, 79, 135, 241]	[-136, -62, -38, -42, -42]	[230, -20, -51, 22, 39]	[82, -10, 26, -11, 74]	[-3, -64, -123, 16, 28]	[-96, 69, -19, 58, -242]
114	61.1	[158, 165, -229, -143, -7]	[-40, -24, 79, 135, 241]	[-136, -62, -38, -42, -42]	[230, -20, -51, 22, 39]	[82, -10, 26, -11, 74]	[0, -65, -150, 34, 28]	[-96, 69, -19, 58, -242]
115	59.1	[158, 165, -229, -143, -7]	[-40, -24, 79, 135, 241]	[-136, -65, -16, -19, -162]	[230, -20, 56, 53, 33]	[82, -10, 26, -11, 74]	[-3, -64, -123, 16, 28]	[-96, 69, -19, 58, -242]
116	59.2	[158, 165, -229, -143, -7]	[-40, -24, 79, 135, 241]	[-136, -65, -16, -19, -162]	[230, -20, 56, 53, 33]	[82, -10, 26, -11, 74]	[-3, -64, -123, 16, 28]	[-96, 69, -19, 58, -242]
117	58.5	[224, 216, -225, 32, -19]	[-40, -44, 78, 84, 241]	[-136, -60, -43, -54, 29]	[219, -175, -31, 22, 49]	[88, -20, 36, -183, 74]	[3, -65, -123, 31, -51]	[-87, 75, -25, 65, -242]
118	58.0	[158, 165, -229, -143, -7]	[-40, -24, 79, 135, 241]	[-136, -62, -38, -42, -42]	[230, -20, -51, 22, 39]	[82, -10, 26, -11, 74]	[0, -65, -150, 34, 28]	[-96, 69, -19, 58, -242]
119	59.4	[158, 165, -229, -143, -7]	[-43, -64, 79, 135, 241]	[-136, -62, -38, -42, -42]	[230, -20, -51, 22, 39]	[82, -10, 26, -11, 74]	[-3, -64, -123, 16, 28]	[-96, 69, -19, 58, -242]
120	59.3	[158, 165, -229, -143, -7]	[-43, -64, 79, 135, 241]	[-136, -62, -38, -42, -42]	[230, -20, -51, 22, 39]	[82, -10, 26, -11, 74]	[-3, -64, -123, 16, 28]	[-96, 69, -19, 58, -242]
121	59.2	[158, 165, -229, -143, -7]	[-40, -24, 79, 135, 241]	[-136, -64, -38, -42, -42]	[230, -20, -51, 22, 39]	[82, -10, 26, -11, 74]	[0, -65, -150, 34, 28]	[-96, 69, -19, 58, -242]
122	59.6	[221, 211, -227, -137, -7]	[-43, -64, 78, 97, 241]	[-136, -62, -38, -42, -42]	[230, -20, -51, 22, 39]	[82, -10, 26, -11, 74]	[-3, -64, -123, 16, 28]	[-96, 69, -19, 58, -242]
123	60.5	[158, 165, -229, -143, -7]	[-40, -24, 79, 135, 241]	[-136, -65, -38, -42, -42]	[230, -20, 51, 41, 39]	[82, -10, 26, -11, 74]	[-3, -64, -123, 16, 28]	[-96, 75, -13, 58, -242]
124	63.0	[158, 165, -229, -143, -7]	[-40, -24, 79, 135, 241]	[-136, -64, -38, -42, -42]	[230, -20, -51, 22, 39]	[82, -10, 26, -11, 74]	[0, -65, -150, 34, 28]	[-96, 69, -19, 58, -242]
125	59.2	[221, 168, -228, -141, -7]	[-43, -64, 78, 97, 241]	[-136, -62, -38, -42, -42]	[230, -20, -51, 22, 39]	[82, -10, 26, -11, 74]	[-3, -64, -123, 16, 28]	[-96, 69, -19, 58, -242]
126	59.7	[158, 165, -229, -143, -7]	[-40, -24, 79, 135, 241]	[-136, -64, -38, -42, -42]	[230, -20, -51, 22, 39]	[82, -10, 26, -11, 74]	[0, -65, -150, 34, 28]	[-96, 69, -19, 58, -242]
127	60.6	[158, 165, -229, -143, -7]	[-40, -24, 79, 135, 241]	[-136, -64, -38, -42, -42]	[230, -20, -51, 22, 39]	[82, -10, 26, -11, 74]	[0, -65, -150, 34, 28]	[-96, 69, -19, 58, -242]
128	58.8	[158, 165, -229, -143, -7]	[-43, -64, 79, 135, 241]	[-136, -62, -38, -42, -42]	[230, -20, -51, 22, 39]	[82, -10, 26, -11, 74]	[-3, -64, -123, 16, 28]	[-96, 69, -19, 58, -242]
129	59.9	[158, 165, -235, -140, -7]	[-40, -27, 80, 139, 241]	[-136, -62, -38, -42, -42]	[172, 30, -51, 22, 45]	[82, -10, 26, -11, 74]	[1, -78, -150, 34, 28]	[-112, 69, -19, 58, -242]
130	60.2	[158, 165, -229, -143, -7]	[-40, -24, 79, 135, 241]	[-136, -64, -38, -42, -42]	[230, -20, -51, 22, 39]	[82, -10, 26, -11, 74]	[0, -65, -150, 34, 28]	[-96, 69, -19, 58, -242]
131	60.4	[158, 165, -228, 4, -13]	[15, -45, 79, 135, 241]	[-136, -62, -38, -42, -42]	[181, -22, 30, 20, 39]	[79, -10, 26, -11, 74]	[1, -78, -150, 29, 28]	[-112, 69, -19, 58, -242]
132	59.0	[158, 165, -235, 20, -7]	[-40, -27, 84, 139, 241]	[-136, -58, -38, -27, -42]	[178, -37, -45, 22, 39]	[82, -10, 26, -50, 74]	[1, -78, -150, 34, 28]	[-112, 69, -19, 58, -242]
133	60.1	[158, 165, -229, -143, 36]	[-40, -24, 79, 144, 241]	[-136, -71, -41, -28, -42]	[230, -20, -25, 27, 39]	[82, -10, 26, -11, 74]	[3, -64, -123, 16, 28]	[-96, 75, -13, 58, -242]
134	58.5	[158, 165, -229, -143, -7]	[-40, -24, 79, 135, 241]	[-136, -64, -38, -42, -42]	[230, -20, -51, 22, 39]	[82, -10, 26, -11, 74]	[0, -65, -150, 34, 28]	[-96, 69, -19, 58, -242]
135	59.8	[158, 171, -235, -140, -7]	[-40, -27, 80, 139, 241]	[-136, -62, -38, -42, -42]	[174, -30, -51, 22, 39]	[82, -18, 26, -11, 74]	[1, -78, -150, 34, 28]	[-112, 69, -19, 58, -242]
136	63.1	[158, 165, -235, -140, -7]	[-40, -27, 80, 139, 241]	[-136, -62, -38, -42, -42]	[172, 36, -51, 22, 45]	[82, -10, 26, -11, 74]	[1, -78, -150, 34, 28]	[-112, 69, -19, 58, -242]
137	60.7	[158, 171, -235, -140, -7]	[-40, -27, 80, 139, 241]	[-136, -62, -38, -42, -42]	[174, -30, -51, 22, 39]	[82, -18, 26, -11, 74]	[1, -78, -150, 34, 28]	[-112, 69, -19, 58, -242]
138	60.0	[158, 165, -229, -143, -7]	[-43, -64, 79, 135, 241]	[-136, -62, -38, -42, -42]	[230, -20, -51, 26, 36]	[82, -10, 26, -11, 74]	[-3, -64, -123, 16, 28]	[-96, 69, -19, 58, -242]
139	61.8	[221, 168, -228, -141, -7]	[-43, -64, 78, 97, 241]	[-136, -62, -38, -42, -42]	[230, -20, -51, 22, 39]	[82, -10, 26, -11, 68]	[-3, -64, -123, 16, 28]	[-96, 69, -19, 58, -242]
140	60.2	[158, 165, -235, -134, -7]	[-40, -27, 80, 75, 241]	[-136, -55, -33, -42, -42]	[174, -30, -37, 22, 39]	[82, -10, 26, -11, 74]	[1, -78, -150, 34, 28]	[-112, 69, -19, 58, -242]
141	59.4	[158, 165, -235, 20, -7]	[-40, -27, 84, 139, 241]	[-136, -60, -45, -27, -42]	[178, -37, -45, 22, 39]	[82, -10, 26, -50, 74]	[1, -78, -150, 34, 28]	[-112, 69, -19, 58, -242]
142	59.3	[158, 165, -235, 26, -12]	[-40, -27, 90, 102, 241]	[-136, -64, -38, -27, -42]	[178, -37, -45, 22, 39]	[82, -10, 26, -50, 74]	[1, -78, -150, 34, 28]	[-112, 69, -19, 58, -242]
143	61.3	[158, 165, -235, -134, -7]	[-40, -27, 80, 139, 236]	[-136, -61, -41, -33, -11]	[168, -59, -52, 22, 45]	[82, -10, 26, -11, 74]	[1, -78, -150, 34, 28]	[-118, 69, -19, 58, -242]
144	60.8	[158, 171, -214, 4, -13]	[15, -45, 79, 135, 241]	[-136, -62, -40, -20, -42]	[182, -34, 30, 20, 39]	[79, -10, 26, -11, 74]	[1, -78, -150, 29, 28]	[-112, 69, -19, 52, -242]
145	62.8	[158, 169, -229, -138, -7]	[-43, -29, 80, 142, 241]	[-136, -62, -38, -42, -42]	[172, 36, -51, 22, 45]	[82, -10, 26, -11, 74]	[1, -78, -150, 34, 28]	[-118, 69, -19, 58, -242]
146	60.4	[158, 165, -235, -134, -7]	[-40, -27, 80, 75, 241]	[-136, -55, -33, -42, -42]	[174, -30, -37, 22, 39]	[82, -10, 26, -11, 74]	[1, -78, -150, 34, 28]	[-112, 69, -19, 58, -242]
147	61.2	[158, 165, -235, -140, -7]	[-40, -34, 80, 142, 241]	[-136, -61, -37, -37, -42]	[172, -3, -43, 22, 45]	[82, -10, 26, -11, 74]	[1, -78, -150, 34, 28]	[-118, 69, -19, 58, -242]
148	60.6	[158, 165, -229, 26, -7]	[-40, -27, 84, 139, 241]	[-136, -60, -45, -27, -42]	[178, -37, -45, 22, 39]	[82, -10, 26, -50, 74]	[1, -78, -150, 34, 28]	[-112, 69, -19, 58, -242]
149	59.7	[209, 168, -228, -141, -7]	[-49, -64, 78, 97, 241]	[-136, -62, -38, -42, -42]	[230, -20, -51, 22, 39]	[82, -10, 26, -11, 68]	[-3, -64, -123, 16, 28]	[-96, 69, -19, 58, -242]
150	59.5	[158, 171, -235, -140, -7]	[-40, -27, 80, 139, 241]	[-136, -62, -38, -42, -42]	[174, -30, -51, 22, 39]	[82, -18, 26, -11, 74]	[1, -78, -150, 34, 28]	[-112, 69, -19, 58, -236]
151	60.6	[158, 194, -227, -68, -1]	[-40, -29, 79, 163, 241]	[-136, -63, -33, -19, -162]	[230, -93, 56, 47, 33]	[132, -10, 26, -5, 80]	[-3, -39, -117, 10, 28]	[-96, 75, -19, 52, -217]
152	63.1	[184, 211, -231, -35, -7]	[-17, -34, 79, 109, 241]	[-136, -47, -38, -34, -20]	[230, -65, -68, 22, 39]	[82, -10, 27, -11, 74]	[0, -65, -150, 34, 28]	[-102, 69, -19, 58, -242]
153	58.7	[184, 211, -231, -35, -7]	[-17, -34, 79, 109, 241]	[-136, -47, -38, -34, -20]	[230, -65, -68, 22, 39]	[82, -10, 27, -11, 74]	[0, -65, -150, 34, 28]	[-102, 69, -19, 58, -242]
154	61.3	[158, 171, -235, -140, -7]	[-40, -27, 80, 139, 241]	[-136, -62, -38, -42, -42]	[174, -30, -51, 22, 39]	[82, -18, 26, -11, 74]	[1, -78, -150, 34, 28]	[-112, 69, -19, 58, -236]
155	59.8	[184, 211, -231, -35, -7]	[-17, -34, 79, 109, 241]	[-136, -47, -38, -34, -20]	[230, -65, -68, 22, 39]	[82, -10, 27, -11, 74]	[0, -65, -150, 34, 34]	[-102, 69, -19, 58, -242]
156	62.1	[158, 165, -184, -134, -7]	[-40, -27, 80, 130, 238]	[-136, -61, -41, -33, -11]	[168, -59, -52, 22, 39]	[82, -10, 26, -17, 74]	[1, -78, -150, 34, 28]	[-118, 69, -19, 58, -242]
157	62.1	[158, 165, -235, -140, -7]	[4, -36, 79, 137, 241]	[-136, -62, -38, -39, -42]	[172, -3, -13, 22, 45]	[79, -10, 26, -11, 74]	[1, -78, -150, 34, 28]	[-118, 69, -19, 58, -242]
158	61.7	[158, 165, -235, -134, -7]	[-40, -27, 80, 75, 241]	[-136, -55, -33, -42, -42]	[174, -30, -37, 22, 39]	[82, -10, 26, -11, 74]	[1, -72, -150, 34, 28]	[-112, 69, -19, 58, -242]
159	62.3	[158, 171, -214, 4, -13]	[15, -45, 79, 135, 241]	[-136, -62, -40, -20, -42]	[182, -34, 7, 21, 42]	[79, -10, 26, -11, 80]	[1, -78, -150, 29, 28]	[-112, 69, -19, 52, -242]
160	60.7	[158, 165, -235, 26, -12]	[-40, -27, 80, 102, 241]	[-136, -62, -45, -20, 22]	[176, -33, -53, 22, 39]	[83, -8, 26, -20, 74]	[2, -78, -150, 36, 28]	[-112, 69, -19, 58, -242]
161	62.6	[158, 165, -235, -110, -7]	[-40, -27, 80, 142, 241]	[-136, -62, -45, -20, -11]	[212, -84, 10, 41, 45]	[82, -10, 26, -11, 74]	[1, -78, -156, 34, 28]	[-118, 69, -19, 58, -242]
162	60.2	[158, 165, -235, -110, -7]	[-40, -27, 80, 142, 241]	[-136, -62, -45, -20, -11]	[212, -84, 10, 41, 45]	[82, -10, 26, -11, 74]	[1, -78, -156, 34, 28]	[-118, 69, -19, 58, -242]
163	59.5	[184, 211, -231, -35, -7]	[-17, -34, 79, 109, 241]	[-136, -61, -38, -34, -20]	[230, -65, -47, 23, 36]	[82, -10, 27, -11, 74]	[0, -65, -150, 34, 34]	[-102, 69, -19, 58, -242]
164	63.6	[158, 165, -235, -140, -7]	[4, -36, 79, 137, 241]	[-136, -62, -38, -39, -42]	[172, -3, -13, 22, 45]	[79, -10, 26, -11, 74]	[1, -78, -150, 34, 28]	[-118, 69, -19, 58, -242]
165	61.9	[158, 165, -235, -110, -7]	[-40, -27, 80, 142, 241]	[-136, -62, -45, -20, -11]	[212, -84, 10, 41, 45]	[82, -10, 26, -11, 74]	[1, -78, -156, 34, 28]	[-118, 69, -19, 58, -242]
166	60.4	[152, 165, -229, -143, -7]	[-40, -24, 79, 135, 241]	[-136, -63, -38, -42, -42]	[209, -40, -44, 27, 35]	[82, -10, 26, -11, 103]	[-3, -64, -118, 16, -49]	[-96, 75, -5, 58, -242]
167	61.0	[158, 165, -235, -110, -7]	[-40, -27, 80, 142, 241]	[-136, -62, -45, -24, -11]	[182, -77, 10, 41, 45]	[82, -10, 26, -11, 74]	[1, -78, -156, 34, 28]	[-118, 69, -19, 58, -242]
168	62.5	[158, 165, -229, -73, 14]	[-43, -64, 79, 135, 241]	[-136, -62, -41, -42, -42]	[230, -20, -51, 26, 36]	[82, -10, 26, -11, 68]	[-3, -64, -123, 16, 28]	[-96, 69, -19, 58, -242]
169	60.9	[152, 165, -229, -143, -7]	[-44, -24, 80, 137, 241]	[-136, -63, -36, -39, -42]	[209, -66, -17, 33, 35]	[82, -10, 26, -11, 103]	[3, -64, -118, 16, -49]	[-96, 75, -5, 60, -240]
170	61.6	[158, 165, -235, -110, -7]	[-40, -27, 80, 142, 241]	[-136, -62, -45, -24, -11]	[182, -77, 10, 41, 45]	[82, -10, 26, -11, 74]	[1, -78, -156, 34, 28]	[-118, 69, -19, 58, -242]
171	60.9	[158, 165, -235, -110, -7]	[-40, -27, 80, 142, 241]	[-136, -62, -45, -20, -11]	[212, -84, 10, 41, 45]	[82, -10, 26, -11, 74]	[1, -78, -156, 28, 28]	[-118, 69, -19, 58, -242]
172	61.1	[158, 165, -229, -143, -7]	[-43, -64, 79, 135, 241]	[-136, -64, -38, -42, -42]	[192, -107, -65, 26, 36]	[77, -19, 28, -11, 68]	[-3, -64, -123, 16, 28]	[-96, 75, -19, 58, -242]
173	62.3	[158, 177, -214, 4, -13]	[15, -45, 79, 135, 241]	[-136, -62, -40, -20, -42]	[182, -34, 7, 21, 42]	[79, -10, 26, -11, 80]	[1, -78, -150, 29, 28]	[-112, 69, -19, 52, -242]
174	62.4	[158, 165, -235, -134, -7]	[-43, -36, 79, 139, 237]	[-136, -61, -38, -39, -11]	[176, -71, -33, 41, 44]	[82, -10, 26, -11, 74]	[1, -78, -142, 28, 5]	[-98, 75, -16, 59, -242]
175	60.8	[158, 165, -235, -134, -7]	[-43, -34, 80, 140, 237]	[-136, -61, -38, -31, -11]	[176, -71, -33, 41, 44]	[82, -10, 26, -11, 74]	[1, -78, -142, 28, 5]	[-98, 75, -16, 59, -242]
176	60.5	[172, 174, -231, -35, -7]	[-17, -31, 79, 109, 241]	[-136, -47, -38, -31, -20]	[210, -61, -66, 21, 39]	[82, -3, 28, -11, 74]	[1, -75, -150, 34, 34]	[-102, 69, -19, 58, -242]
177	60.7	[158, 165, -229, -143, -7]	[-40, -24, 79, 135, 241]	[-136, -64, -38, -42, -42]	[230, -20, -63, 22, 39]	[83, -10, 26, -11, 74]	[0, -65, -150, 34, 28]	[-102, 63, -13, 58, -242]
178	60.5	[158, 177, -214, 4, -13]	[15, -45, 79, 135, 241]	[-136, -62, -40, -20, -42]	[205, -52, -65, 21, 41]	[79, -10, 26, -11, 80]	[1, -78, -150, 29, 28]	[-112, 69, -19, 52, -242]
179	62.2	[158, 166, -233, 26, -12]	[-31, -35, 85, 108, 241]	[-136, -58, -38, -27, -42]	[179, -55, -1, 41, 41]	[82, -7, 21, -27, 74]	[1, -78, -150, 35, 20]	[-116, 69, -19, 58, -242]
180	62.7	[158, 166, -233, 26, -12]	[-31, -35, 85, 108, 241]	[-136, -58, -38, -27, -42]	[179, -55, -1, 41, 41]	[82, -7, 21, -27, 74]	[1, -78, -150, 35, 20]	[-116, 69, -19, 58, -242]
181	61.7	[158, 166, -233, 26, -12]	[-31, -35, 85, 108, 241]	[-136, -58, -38, -27, -42]	[179, -55, -1, 41, 41]	[82, -7, 21, -27, 74]	[1, -78, -150, 35, 20]	[-116, 69, -19, 58, -242]
182	60.8	[158, 165, -235, -110, -7]	[-40, -27, 80, 142, 241]	[-136, -68, -45, -20, -11]	[212, -84, 10, 41, 45]	[82, -10, 26, -11, 74]	[1, -78, -156, 28, 28]	[-118, 69, -19, 58, -242]
183	61.6	[158, 177, -214, 4, -13]	[15, -45, 79, 135, 241]	[-136, -50, -38, -30, -25]	[182, -35, -50, 21, 39]	[79, -10, 26, -11, 78]	[1, -78, -150, 29, 28]	[-112, 69, -19, 52, -242]
184	60.5	[158, 165, -229, -143, -7]	[-40, -24, 79, 135, 241]	[-136, -62, -44, -42, -42]	[230, -20, -63, 22, 39]	[83, -10, 26, -11, 74]	[0, -65, -150, 34, 28]	[-102, 63, -13, 58, -242]
185	60.7	[158, 165, -235, 26, -12]	[-40, -29, 82, 104, 241]	[-136, -59, -45, -20, 28]	[176, -33, -53, 22, 39]	[83, -8, 26, -20, 74]	[2, -78, -150, 36, 28]	[-112, 69, -19, 58, -242]
186	61.4	[152, 165, -235, -35, -12]	[-40, -21, 89, 102, 241]	[-136, -62, -39, -21, -11]	[172, -71, -43, 32, 43]	[83, -9, 26, -44, 70]	[8, -78, -155, 34, 28]	[-113, 69, -19, 52, -242]
187	63.0	[158, 177, -214, 4, -13]	[15, -45, 79, 135, 241]	[-136, -62, -40, -20, -42]	[205, -52, -65, 21, 41]	[79, -10, 26, -11, 80]	[1, -78, -150, 35, 28]	[-112, 69, -19, 52, -242]
188	62.6	[158, 165, -235, -110, -7]	[-40, -27, 79, 121, 241]	[-136, -62, -41, -34, -17]	[212, -84, 10, 23, 38]	[82, -10, 26, -11, 74]	[1, -78, -156, 28, 28]	[-118, 69, -19, 58, -242]
189	60.8	[170, 171, -184, -134, -7]	[-40, -27, 80, 137, 238]	[-136, -61, -40, -32, -11]	[168, -59, -37, 26, 44]	[82, -9, 25, -35, 74]	[1, -78, -156, 34, 28]	[-118, 69, -19, 58, -242]
190	62.1	[158, 165, -235, -110, -7]	[-40, -33, 80, 137, 241]	[-136, -62, -45, -20, -7]	[212, -84, -34, 35, 45]	[82, -10, 26, -11, 74]	[1, -78, -156, 28, 28]	[-118, 69, -19, 58, -242]
191	62.2	[158, 165, -235, -110, -7]	[-40, -27, 80, 142, 241]	[-136, -68, -45, -20, -11]	[212, -84, 10, 41, 45]	[82, -4, 26, -11, 74]	[1, -78, -156, 28, 28]	[-118, 69, -19, 58, -242]
192	60.8	[170, 171, -184, -134, -7]	[-40, -27, 80, 137, 238]	[-136, -61, -40, -32, -11]	[168, -59, -37, 26, 44]	[82, -9, 25, -35, 74]	[1, -78, -156, 34, 28]	[-118, 69, -19, 58, -242]
193	60.9	[158, 177, -235, -140, -7]	[-40, -27, 80, 139, 241]	[-136, -68, -38, -48, -42]	[180, -30, -51, 22, 39]	[82, -18, 26, -11, 74]	[1, -78, -156, 34, 28]	[-112, 69, -19, 58, -236]
194	62.2	[152, 165, -235, -35, -12]	[-40, -21, 80, 130, 236]	[-136, -63, -45, -21, -21]	[192, -66, -43, 32, 39]	[83, -9, 26, -33, 73]	[8, -78, -155, 34, -12]	[-113, 70, -14, 52, -242]
195	61.8	[158, 165, -229, -143, -7]	[-43, -64, 79, 135, 241]	[-136, -64, -38, -42, -42]	[192, -107, -65, 31, 36]	[78, -19, 28, -11, 68]	[-3, -73, -138, 32, 28]	[-97, 75, -18, 58, -242]
196	61.7	[164, 165, -192, -134, -7]	[-40, -34, 80, 136, 232]	[-136, -61, -39, -33, -11]	[174, -63, -36, 40, 41]	[82, -10, 26, -19, 74]	[1, -78, -156, 34, 28]	[-118, 69, -19, 58, -242]
197	61.5	[158, 165, -235, -110, -7]	[-40, -33, 80, 142, 241]	[-136, -62, -45, -20, -11]	[212, -84, 10, 41, 51]	[82, -9, 26, -11, 74]	[1, -78, -156, 28, 28]	[-118, 69, -19, 58, -242]
198	61.0	[158, 165, -235, -134, -7]	[-43, -36, 85, 137, 237]	[-136, -61, -38, -39, -40]	[176, -71, -33, 41, 44]	[82, -10, 26, -11, 74]	[-5, -78, -142, 28, 5]	[-98, 75, -22, 59, -242]
199	62.3	[158, 167, -235, -146, -7]	[-40, -30, 80, 139, 241]	[-136, -61, -34, -23, -32]	[182, -36, -38, 31, 42]	[82, -12, 26, -21, 74]	[1, -78, -156, 34, 28]	[-118, 63, -19, 58, -242]
200	61.3	[158, 167, -235, -146, -7]	[-40, -30, 80, 139, 241]	[-111, -61, -34, -23, -32]	[182, -36, -38, 31, 42]	[82, -12, 26, -21, 74]	[1, -78, -156, 34, 28]	[-118, 63, -19, 58, -242]
