generation	fitness	corner	c	a1	a2	b1	b2	b3	x	o1	o2	wp	ww	we
200	16.5	[203, 42, -257, 22, -106]	[-171, -130, 86, 9, 187]	[-174, -168, 97, -45, -169]	[40, 94, -176, -42, -99]	[141, 90, -120, -42, 223]	[-190, -9, 90, 70, 281]	[-148, 5, 13, 22, 265]	[-189, 33, -91, -161, -16]	[-177, -109, -116, 18, -16]	[-140, -24, 34, 59, -148]	[4, 177, 123, 159, -45]	[10005, 10000, 10000, 10000, 10000]	[150, -252, 134, 162, 277]
201	14.0	[-106, -161, -120, 265, -278]	[110, 16, -46, 7, -255]	[-218, -168, 39, 113, 36]	[-126, 16, 46, -230, 89]	[96, 135, -175, -100, -121]	[-292, 153, 18, 10, -4]	[-151, 137, 42, 59, 239]	[-146, 31, -43, -53, 35]	[-17, 56, -64, -10, -245]	[15, 56, 178, -60, 36]	[-1, 87, 161, 185, -46]	[10000, 9997, 10000, 10000, 10000]	[-42, 64, -81, 117, 149]
202	21.0	[203, 42, -257, 22, -100]	[-171, -130, 86, 9, 187]	[-174, -168, 97, -45, -169]	[40, 94, -176, -42, -99]	[141, 90, -120, -42, 223]	[-190, -9, 90, 70, 281]	[-148, 5, 13, 22, 265]	[-189, 33, -91, -161, -16]	[-177, -109, -116, 18, -16]	[-140, -24, 34, 59, -148]	[4, 177, 123, 159, -45]	[10005, 10000, 10000, 10000, 10000]	[150, -252, 134, 162, 277]
203	15.5	[122, -28, -50, -40, -262]	[136, -212, -51, -36, -8]	[12, -123, -11, -44, -194]	[-169, 142, -281, -207, -159]	[111, -125, -46, 31, -215]	[-25, -48, -18, -108, 143]	[26, 116, 10, 160, -39]	[-10, -245, -136, -103, -193]	[85, 46, -126, -98, -155]	[213, -60, 18, -236, -78]	[-211, 81, 91, 180, 14]	[10006, 10003, 10025, 9997, 10000]	[283, 221, 196, 289, 245]
204	16.0	[-46, 145, -34, -41, -81]	[117, -247, -113, 200, 13]	[-101, -26, 66, -98, 88]	[53, -112, -31, 98, -104]	[108, -138, -214, 175, -37]	[-86, -67, 34, -97, -134]	[-220, 168, -61, 35, 229]	[132, -116, 32, 36, -165]	[-182, 23, 10, -171, -7]	[137, 5, -164, -141, 5]	[264, 91, 208, 227, 183]	[10000, 10000, 9996, 10000, 10000]	[44, 160, 233, 162, -84]
205	17.0	[125, -28, -50, -40, -262]	[138, -219, -37, -36, -2]	[18, -124, -22, -46, -200]	[-165, 146, -278, -208, -173]	[111, -124, -67, 37, -203]	[-26, -77, -18, -106, 143]	[109, -3, 2, 168, 151]	[-10, -232, -149, -102, -184]	[211, -200, -126, -91, -160]	[192, 10, -15, -166, -78]	[-197, 115, 81, 180, 14]	[10001, 10003, 10000, 9997, 10000]	[283, 221, 196, 289, 245]
206	18.5	[125, -28, -50, -40, -262]	[138, -219, -37, -36, -2]	[18, -124, -22, -46, -200]	[-165, 146, -278, -208, -173]	[111, -124, -67, 37, -203]	[-26, -77, -18, -106, 143]	[109, -3, 2, 168, 151]	[-10, -232, -149, -102, -184]	[211, -200, -126, -91, -160]	[192, 10, -15, -166, -78]	[-197, 115, 81, 180, 14]	[10001, 10003, 10000, 9997, 10000]	[283, 221, 196, 289, 245]
207	20.5	[125, -28, -50, -40, -262]	[138, -219, -37, -36, -2]	[18, -124, -22, -46, -200]	[-165, 146, -278, -208, -173]	[111, -124, -67, 37, -203]	[-26, -77, -18, -106, 143]	[109, -3, 2, 168, 151]	[-10, -232, -149, -102, -184]	[211, -200, -126, -91, -160]	[192, 10, -15, -166, -78]	[-197, 115, 81, 180, 14]	[10001, 10003, 10000, 9997, 10000]	[283, 221, 196, 289, 245]
208	20.0	[125, -28, -50, -40, -262]	[138, -219, -37, -36, -2]	[18, -124, -22, -46, -200]	[-165, 146, -278, -208, -173]	[111, -124, -67, 37, -203]	[-26, -77, -18, -106, 143]	[109, -3, 2, 168, 151]	[-10, -232, -149, -102, -184]	[211, -200, -126, -91, -160]	[192, 10, -15, -166, -78]	[-197, 115, 81, 180, 14]	[10001, 10003, 10000, 9997, 10000]	[289, 221, 196, 289, 245]
209	17.0	[-46, 145, -34, -41, -81]	[117, -247, -113, 201, 12]	[-101, -27, 66, -98, 88]	[53, -112, -31, 82, -107]	[108, -139, -214, 175, -37]	[-86, -67, 39, -97, -134]	[-220, 170, -61, 34, 229]	[132, -116, 33, 36, -165]	[-182, 18, 5, -171, 15]	[137, 5, -36, -80, 6]	[264, 91, 161, 193, 48]	[10000, 10001, 9997, 10000, 10006]	[44, 160, 213, 206, 237]
210	22.5	[125, -28, -50, -40, -262]	[138, -219, -37, -36, -2]	[18, -124, -22, -46, -200]	[-165, 146, -278, -208, -173]	[111, -124, -67, 37, -203]	[-26, -77, -18, -106, 143]	[109, -3, 2, 168, 151]	[-10, -232, -149, -102, -184]	[211, -200, -126, -91, -160]	[192, 10, -15, -166, -78]	[-197, 115, 81, 180, 14]	[10001, 10003, 10000, 9997, 10000]	[289, 221, 196, 289, 245]
211	18.5	[125, -28, -50, -40, -262]	[138, -219, -37, -36, -2]	[18, -124, -22, -46, -200]	[-165, 146, -278, -208, -173]	[111, -124, -67, 37, -203]	[-26, -77, -18, -106, 143]	[109, -3, 2, 168, 151]	[-10, -232, -149, -102, -184]	[211, -200, -126, -91, -160]	[192, 10, -15, -166, -78]	[-197, 115, 81, 180, 14]	[10001, 10003, 10000, 9997, 10000]	[289, 221, 196, 289, 245]
212	21.0	[-55, 95, -34, -41, -81]	[117, -247, -59, 196, -210]	[-101, -26, 66, -78, 88]	[53, -112, -29, -47, 8]	[108, -138, -214, 175, -37]	[-86, -67, 34, -97, -119]	[-220, 168, 12, 35, 229]	[132, -116, -129, -3, -165]	[-182, 23, -197, -98, -34]	[145, 5, -25, -124, 13]	[264, 100, 156, 228, 183]	[10000, 10000, 9996, 10000, 10000]	[44, 160, 233, 162, -84]
213	16.5	[203, 42, -257, 22, -100]	[-171, -130, 86, 9, 187]	[-49, -144, 19, -45, -169]	[-18, 107, -176, -42, -99]	[115, -84, -109, -42, 223]	[-190, -12, 51, -49, 281]	[-148, -1, 6, 22, 265]	[-75, -35, -91, -161, -16]	[39, -109, -116, 18, -16]	[-140, -24, 31, -37, -148]	[4, 177, 89, 180, -39]	[10011, 10000, 10000, 9997, 10000]	[150, -160, 134, 162, 277]
214	26.0	[-46, 145, -34, -41, -81]	[117, -247, -113, 201, 12]	[-101, -27, 66, -98, 88]	[53, -112, -31, 82, -107]	[108, -139, -214, 175, -37]	[-86, -67, 26, -105, -110]	[-220, 170, -61, 48, 229]	[132, -225, -31, -108, -88]	[-182, 18, -5, -132, -33]	[137, 5, -36, -80, 6]	[264, 91, 161, 193, 48]	[10000, 10001, 9997, 10000, 10006]	[44, 160, 213, 206, 237]
215	18.0	[125, -28, -50, -40, -262]	[138, -219, -37, -36, -2]	[18, -124, -22, -46, -200]	[-165, 146, -278, -208, -173]	[111, -124, -67, 37, -203]	[-26, -77, -18, -106, 143]	[109, -3, 2, 168, 151]	[-10, -232, -149, -102, -184]	[211, -200, -126, -91, -160]	[192, 10, -15, -166, -78]	[-197, 115, 81, 180, 14]	[10001, 10003, 10000, 9997, 10000]	[289, 221, 196, 289, 245]
216	22.0	[125, -28, -50, -40, -262]	[138, -219, -37, -36, -2]	[18, -124, -22, -46, -200]	[-165, 146, -278, -208, -173]	[111, -124, -67, 37, -203]	[-26, -77, -18, -106, 143]	[109, -3, 2, 168, 151]	[-10, -232, -149, -102, -184]	[211, -200, -126, -91, -160]	[192, 10, -15, -166, -78]	[-197, 115, 81, 180, 14]	[10001, 10003, 10000, 9997, 10000]	[289, 221, 196, 289, 245]
217	19.5	[203, 42, -257, 22, -100]	[-171, -130, 86, 9, 187]	[-49, -144, 19, -45, -169]	[-18, 107, -176, -42, -99]	[115, -84, -115, -42, 223]	[-190, -12, 51, -49, 281]	[-148, -1, 6, 22, 265]	[-75, -35, -91, -161, -16]	[39, -109, -116, 18, -16]	[-140, -24, 31, -37, -148]	[4, 177, 89, 180, -39]	[10011, 10000, 10000, 9997, 10000]	[150, -160, 134, 162, 277]
218	24.0	[125, -28, -50, -40, -262]	[138, -219, -37, -36, -2]	[18, -124, -22, -46, -200]	[-165, 146, -278, -208, -173]	[111, -124, -67, 37, -203]	[-26, -77, -18, -106, 143]	[109, -3, 2, 168, 151]	[-10, -232, -149, -102, -184]	[211, -200, -126, -91, -160]	[192, 10, -15, -166, -78]	[-197, 115, 81, 180, 14]	[10001, 10003, 10000, 9997, 10000]	[289, 221, 196, 289, 245]
219	19.0	[-55, 95, -34, -41, -81]	[117, -247, -59, 196, -210]	[-101, -26, 66, -78, 88]	[53, -112, -29, -47, 8]	[108, -138, -214, 175, -37]	[-86, -67, 34, -97, -119]	[-220, 168, 12, 35, 229]	[132, -116, -129, -3, -165]	[-182, 23, -197, -98, -34]	[145, 5, -25, -124, 13]	[264, 100, 156, 228, 183]	[10000, 10000, 9996, 10000, 10000]	[44, 160, 233, 162, -84]
220	20.5	[125, -28, -50, -40, -262]	[119, -227, -37, -36, -2]	[18, -124, -41, -39, -200]	[-30, 146, -278, -208, -173]	[111, -124, -67, 37, -203]	[-26, -77, -18, -106, 143]	[109, -3, 2, 168, 151]	[-10, -232, -149, -102, -184]	[211, -200, -126, -91, -160]	[192, 10, -15, -166, -78]	[-197, 115, 81, 180, 14]	[10001, 10003, 10000, 9997, 10000]	[289, 221, 196, 289, 245]
221	21.0	[125, -28, -50, -40, -262]	[119, -227, -37, -36, -2]	[18, -124, -41, -39, -200]	[-30, 146, -278, -208, -173]	[111, -124, -67, 37, -203]	[-26, -77, -18, -106, 143]	[109, -3, 2, 168, 151]	[-10, -232, -149, -102, -184]	[211, -200, -126, -91, -160]	[192, 10, -15, -166, -78]	[-197, 115, 81, 180, 14]	[10001, 10003, 10000, 9997, 10000]	[289, 221, 196, 289, 245]
222	18.0	[125, -28, -50, -40, -262]	[119, -227, -37, -36, -2]	[18, -124, -41, -39, -200]	[-30, 146, -278, -208, -173]	[111, -124, -67, 37, -203]	[-26, -77, -18, -106, 143]	[109, -3, 2, 168, 151]	[-10, -232, -149, -102, -184]	[211, -200, -126, -91, -160]	[192, 10, -15, -166, -78]	[-197, 115, 81, 180, 14]	[10001, 10003, 10000, 9997, 10000]	[289, 221, 196, 289, 245]
223	20.5	[125, -28, -50, -40, -262]	[119, -227, -37, -36, -2]	[18, -124, -41, -39, -200]	[-30, 146, -278, -208, -173]	[111, -124, -67, 37, -203]	[-26, -77, -18, -106, 143]	[109, -3, 2, 168, 151]	[-10, -232, -149, -102, -184]	[211, -200, -126, -91, -160]	[192, 10, -15, -166, -78]	[-197, 115, 81, 180, 14]	[10001, 10003, 10000, 9997, 10000]	[289, 221, 196, 289, 245]
224	22.5	[125, -28, -50, -40, -262]	[119, -227, -37, -36, -2]	[18, -124, -41, -39, -200]	[-30, 146, -278, -208, -173]	[111, -124, -67, 37, -203]	[-26, -77, -18, -106, 143]	[109, -3, 2, 168, 151]	[-85, -101, -149, -102, -184]	[113, -200, -126, -91, -160]	[143, -22, 32, -157, -78]	[-197, 153, 89, 179, -15]	[10001, 10003, 10000, 9997, 10000]	[289, 221, 163, 182, 245]
225	21.5	[125, -28, -50, -40, -262]	[119, -227, -37, -36, -2]	[18, -124, -41, -39, -200]	[-30, 146, -278, -208, -173]	[111, -124, -67, 37, -203]	[-26, -77, -18, -106, 143]	[109, -3, 2, 168, 151]	[-10, -232, -149, -102, -184]	[211, -200, -126, -91, -160]	[192, 10, -15, -166, -78]	[-197, 115, 81, 180, 14]	[10001, 10003, 10000, 9997, 10000]	[289, 221, 196, 289, 245]
226	20.0	[-46, 145, -34, -41, -81]	[117, -247, -119, 200, 13]	[-101, -26, 66, -98, 88]	[48, -112, -31, 98, -104]	[108, -138, -214, 175, -37]	[-86, -67, 32, -97, -134]	[-220, 168, -61, 39, 229]	[132, -64, 32, 36, -165]	[-182, 23, 9, -171, -7]	[137, 5, -164, -141, 5]	[264, 91, 208, 227, 183]	[10000, 10000, 9996, 10000, 10000]	[44, 160, 233, 162, -84]
227	21.5	[125, -28, -50, -40, -262]	[138, -219, -37, -36, -2]	[18, -124, -22, -46, -200]	[-165, 146, -278, -208, -173]	[111, -118, -67, 37, -203]	[-26, -77, -18, -106, 143]	[109, -3, 2, 168, 151]	[-10, -232, -149, -102, -184]	[211, -200, -126, -91, -160]	[82, -20, 4, -92, -78]	[-197, 154, 81, 180, 2]	[10001, 10003, 10000, 9997, 10000]	[289, 221, 196, 289, 245]
228	22.5	[-55, 95, -34, -41, -81]	[117, -247, -59, 202, -210]	[-101, -26, 66, -85, 88]	[53, -112, -29, -47, 8]	[108, -138, -214, 175, -37]	[-86, -67, 34, -67, -46]	[-226, 168, -59, 52, 229]	[132, -116, -69, 33, -165]	[-182, 23, -140, -112, -28]	[138, 5, -164, -141, 5]	[264, 99, 208, 227, 183]	[10000, 10000, 9996, 10000, 10000]	[44, 160, 233, 162, -84]
229	26.5	[125, -28, -50, -40, -262]	[119, -227, -37, -36, -2]	[18, -124, -41, -39, -200]	[-30, 146, -278, -208, -173]	[111, -124, -67, 37, -203]	[-26, -77, -18, -106, 143]	[109, -3, 2, 168, 151]	[-10, -232, -149, -102, -184]	[211, -200, -126, -91, -160]	[192, 10, -15, -166, -78]	[-197, 115, 81, 180, 14]	[10001, 10003, 10000, 9997, 10000]	[289, 221, 196, 289, 245]
230	19.5	[125, -28, -50, -40, -262]	[119, -227, -37, -36, -2]	[18, -124, -41, -39, -200]	[-30, 146, -278, -208, -173]	[111, -124, -67, 37, -203]	[-26, -77, -24, -106, 143]	[109, 7, -15, 168, 151]	[-85, -201, -149, -102, -184]	[193, -200, -126, -91, -160]	[143, -22, 32, -157, -78]	[-197, 153, 89, 179, -15]	[10001, 10003, 10000, 9997, 10000]	[289, 221, 163, 182, 245]
231	20.0	[125, -28, -50, -40, -262]	[138, -219, -37, -36, -2]	[18, -124, -22, -46, -200]	[-165, 146, -278, -208, -173]	[111, -118, -67, 37, -203]	[-26, -77, -18, -106, 143]	[109, -3, 2, 168, 151]	[-10, -232, -149, -102, -184]	[211, -200, -126, -91, -160]	[82, -20, 4, -92, -78]	[-197, 154, 81, 180, 2]	[10001, 10003, 10000, 9997, 10000]	[289, 221, 196, 289, 245]
232	22.0	[125, -28, -50, -40, -262]	[138, -219, -37, -36, -2]	[18, -124, -22, -46, -200]	[-165, 146, -278, -208, -173]	[111, -118, -67, 37, -203]	[-26, -77, -18, -106, 143]	[109, -3, 2, 168, 151]	[-10, -232, -149, -102, -184]	[211, -200, -126, -91, -160]	[82, -20, 4, -92, -78]	[-197, 154, 81, 180, 2]	[10001, 10003, 10000, 9997, 10000]	[289, 221, 196, 289, 245]
233	23.0	[125, -28, -50, -40, -262]	[138, -219, -37, -36, -2]	[18, -124, -22, -46, -200]	[-165, 146, -278, -208, -173]	[111, -118, -67, 37, -203]	[-26, -77, -18, -106, 143]	[109, -3, 2, 168, 151]	[-10, -232, -149, -102, -184]	[211, -200, -126, -91, -160]	[82, -20, 4, -92, -78]	[-197, 154, 81, 180, 2]	[10001, 10003, 10000, 9997, 10000]	[289, 221, 196, 289, 245]
234	20.5	[125, -28, -50, -40, -262]	[138, -219, -37, -36, -2]	[18, -124, -22, -46, -200]	[-165, 146, -278, -208, -173]	[111, -118, -149, 133, -128]	[-26, -70, 30, -74, 27]	[109, 151, -11, 99, 151]	[84, -141, -30, -26, -177]	[-158, -4, -126, -91, -112]	[82, -5, -37, -84, -78]	[193, 138, 123, 190, 13]	[10000, 10002, 10000, 9994, 10000]	[289, 221, 196, 289, 245]
235	18.5	[125, -28, -50, -40, -262]	[119, -227, -37, -36, -2]	[18, -124, -41, -39, -200]	[-30, 146, -278, -208, -173]	[111, -124, -67, 37, -203]	[-26, -77, -18, -106, 143]	[109, -3, 2, 168, 151]	[-85, -101, -149, -102, -184]	[113, -88, -140, -91, -160]	[143, -22, 32, -157, -78]	[-197, 153, 89, 179, -15]	[10001, 10003, 10000, 9997, 10000]	[289, 221, 163, 182, 245]
236	25.0	[-55, 95, -34, -41, -81]	[117, -247, -59, 196, -210]	[-101, -26, 66, -94, 88]	[53, -112, -29, 17, -26]	[108, -138, -214, 175, -37]	[-86, -67, 34, -97, -109]	[-224, 20, 4, 55, 229]	[-10, -199, -140, 7, -165]	[-182, 23, -172, -98, -34]	[145, 5, -25, -124, 13]	[264, 100, 156, 228, 183]	[10000, 10000, 9996, 10000, 10000]	[44, 160, 233, 162, -84]
237	25.0	[-55, 95, -34, -41, -81]	[117, -247, -59, 202, -210]	[-81, -84, 30, -85, 88]	[25, -92, -123, -47, 8]	[108, -138, -156, 131, -37]	[-107, -38, 36, -52, -46]	[-226, 91, -9, 44, 234]	[-49, -70, -90, -38, -165]	[-182, -47, -125, 3, -20]	[138, 5, -79, -48, 5]	[264, 99, 155, 181, 183]	[10000, 9999, 9996, 10000, 10000]	[44, 160, 233, 162, -84]
238	26.5	[-55, 95, -34, -41, -81]	[117, -247, -59, 202, -210]	[-101, -26, 66, -85, 88]	[53, -112, -29, -47, 8]	[108, -138, -214, 175, -37]	[-86, -67, 34, -67, -46]	[-226, 168, -59, 52, 229]	[132, -116, -69, 33, -165]	[-182, 23, -140, -112, -28]	[73, -10, -72, -69, 5]	[264, 163, 191, 201, 183]	[10000, 9998, 9999, 10000, 10000]	[44, 160, 205, 162, -84]
239	21.5	[125, -28, -50, -40, -262]	[138, -219, -37, -36, -2]	[18, -124, 51, -46, -200]	[-165, 85, -128, -100, -64]	[111, -118, -149, 161, -128]	[-26, -69, -7, -74, 27]	[-45, 168, -11, 116, 151]	[84, -141, -30, -26, -166]	[-158, -4, -126, -93, -112]	[121, -5, -37, -86, -31]	[193, 138, 108, 184, 61]	[10000, 10002, 9997, 9997, 10000]	[289, 221, 196, 289, 245]
240	24.0	[125, -28, -50, -40, -262]	[138, -219, -37, -36, -2]	[18, -124, -22, -46, -200]	[-165, 146, -278, -208, -173]	[111, -118, -67, 37, -203]	[-26, -77, -18, -106, 143]	[109, -3, 2, 168, 151]	[-10, -232, -149, -102, -184]	[211, -200, -126, -91, -160]	[82, -20, 4, -92, -78]	[-197, 154, 81, 180, 2]	[10001, 10003, 10000, 9997, 10000]	[289, 221, 196, 289, 245]
241	20.5	[-55, 95, -34, -41, -81]	[117, -247, -59, 202, -210]	[-81, -84, 30, -85, 88]	[25, -92, -123, -47, 8]	[108, -138, -156, 131, -37]	[-107, -38, 36, -52, -46]	[-226, 91, -9, 44, 229]	[-49, -70, -90, -8, -165]	[-182, -47, -137, -63, -20]	[138, -2, -79, -48, 5]	[264, 99, 155, 181, 183]	[10000, 9999, 9996, 10000, 10000]	[44, 160, 233, 162, -84]
242	23.5	[125, -28, -50, -40, -262]	[138, -219, -37, -36, -2]	[18, -124, 14, -48, -200]	[-165, 85, -227, -59, -173]	[111, -118, -149, 167, -83]	[-26, -70, 34, -94, 27]	[109, 167, 1, 64, 151]	[84, -159, -149, -101, -177]	[-167, -113, -161, -94, -37]	[82, -3, -37, -84, -45]	[58, 129, 123, 190, 13]	[10000, 10002, 10000, 9994, 10000]	[289, 221, 196, 289, 245]
243	22.5	[-55, 95, -34, -41, -81]	[117, -247, -59, 202, -210]	[-81, -84, 30, -85, 88]	[25, -92, -123, -47, 8]	[108, -138, -156, 131, -37]	[-107, -38, 36, -52, -46]	[-226, 91, -9, 44, 234]	[-49, -70, -90, -38, -165]	[-182, -47, -125, 3, -20]	[138, 5, -79, -48, 5]	[264, 99, 155, 181, 183]	[10000, 9999, 9996, 10000, 10000]	[44, 160, 233, 162, -84]
244	25.5	[-55, 95, -34, -41, -81]	[117, -247, -59, 202, -210]	[-81, -84, 30, -85, 88]	[25, -92, -123, -47, 8]	[108, -138, -156, 131, -37]	[-107, -38, 36, -52, -46]	[-226, 91, -9, 44, 234]	[-49, -70, -90, -38, -165]	[-182, -47, -125, 3, -20]	[138, 5, -79, -48, 5]	[264, 99, 155, 181, 183]	[10000, 9999, 9996, 10000, 10000]	[44, 160, 233, 162, -84]
245	25.0	[125, -28, -50, -40, -262]	[1, -179, -21, -36, -2]	[18, -124, -1, -59, -200]	[-165, 146, -273, -208, -173]	[111, -128, -96, 161, -102]	[-29, -70, 18, -99, 143]	[109, 0, 2, 168, 151]	[-10, -232, -145, -37, -184]	[211, -200, -126, -91, -160]	[82, -20, 4, -92, -78]	[-197, 154, 81, 180, 2]	[10001, 10003, 10000, 9997, 10000]	[289, 221, 196, 289, 245]
246	23.5	[1, 62, -56, -25, -81]	[-103, -159, -20, 154, 49]	[-95, -114, 43, -93, 88]	[53, -112, -146, -117, -140]	[109, -120, -209, 95, -37]	[-86, -67, 34, -100, 65]	[-224, 20, 4, 55, 229]	[-10, -199, -134, 7, -165]	[-182, 23, -172, -98, -34]	[145, 5, -25, -124, 13]	[264, 100, 156, 228, 183]	[10000, 10000, 9996, 10000, 10000]	[44, 160, 233, 162, -84]
247	19.5	[125, -28, -50, -40, -262]	[138, -219, -37, -36, -2]	[18, -124, 51, -46, -200]	[-165, 85, -128, -100, -64]	[111, -118, -149, 161, -128]	[-26, -69, -7, -74, 27]	[-45, 168, -11, 116, 151]	[84, -141, -30, -26, -166]	[-158, -4, -126, -93, -112]	[121, -5, -37, -86, -31]	[193, 138, 108, 184, 61]	[10000, 10002, 9997, 9997, 10000]	[289, 221, 196, 289, 245]
248	21.0	[125, -28, -50, -40, -262]	[119, -227, -37, -36, -2]	[18, -124, -41, -39, -200]	[-30, 146, -278, -208, -173]	[111, -124, -67, 43, -203]	[-26, -77, -23, -106, 143]	[109, 12, -14, 174, 151]	[-85, -201, -149, -102, -184]	[193, -200, -132, -91, -160]	[143, -22, 32, -157, -78]	[-197, 153, 89, 179, -15]	[10001, 10003, 10000, 9997, 10000]	[289, 221, 163, 182, 245]
249	27.5	[1, 62, -56, -25, -81]	[-103, -159, -20, 154, 49]	[-95, -114, 43, -93, 88]	[53, -112, -146, -117, -140]	[109, -120, -209, 95, -37]	[-86, -67, 34, -100, 65]	[-224, 20, 4, 55, 229]	[-10, -199, -134, 7, -165]	[-182, 23, -172, -98, -34]	[145, 5, -25, -124, 13]	[264, 100, 156, 228, 183]	[10000, 10000, 9996, 10000, 10000]	[44, 160, 233, 162, -84]
250	21.0	[125, -28, -50, -40, -262]	[119, -227, -37, -36, -2]	[18, -124, -41, -39, -200]	[-30, 146, -278, -208, -173]	[111, -124, -67, 37, -203]	[-26, -77, -24, -106, 143]	[109, 7, -15, 174, 151]	[-85, -201, -149, -102, -184]	[113, -137, -127, -91, -160]	[143, -22, 32, -157, -78]	[-197, 153, 89, 179, -15]	[10001, 10003, 10000, 9997, 10000]	[289, 221, 163, 182, 245]
251	24.0	[125, -28, -50, -40, -262]	[138, -219, -37, -36, -2]	[18, -124, 14, -48, -200]	[-165, 85, -227, -59, -173]	[111, -118, -164, 135, -83]	[-26, -70, 34, -94, 27]	[-40, 120, -6, 63, 161]	[69, -77, -35, -26, -177]	[179, -179, -151, -93, -110]	[82, 3, -67, -109, -45]	[251, 124, 127, 189, 9]	[10000, 10002, 10000, 9997, 10000]	[289, 221, 196, 289, 245]
252	22.5	[-55, 95, -34, -41, -81]	[117, -247, -59, 202, -210]	[-81, -84, 30, -85, 88]	[25, -92, -123, -47, 8]	[108, -138, -156, 131, -37]	[-107, -38, 36, -52, -46]	[-226, 91, -9, 44, 229]	[-49, -70, -90, -8, -165]	[-182, -47, -137, -63, -20]	[138, -2, -79, -48, 5]	[264, 99, 155, 181, 183]	[10000, 9999, 9996, 10000, 10000]	[44, 160, 233, 162, -84]
253	25.0	[-55, 95, -34, -41, -81]	[117, -247, -59, 196, -210]	[-101, -26, 66, -94, 88]	[53, -112, -29, 17, -26]	[108, -138, -214, 175, -37]	[-86, -49, 6, -57, -109]	[-219, 10, 4, 55, 229]	[-10, -199, -140, 7, -165]	[-182, 17, -172, -98, -34]	[145, 5, -25, -124, 13]	[264, 100, 156, 228, 183]	[10000, 10000, 9996, 10000, 10000]	[44, 160, 233, 162, -84]
254	23.5	[125, -28, -50, -40, -262]	[138, -219, -37, -36, -2]	[18, -124, 51, -46, -200]	[-165, 85, -128, -100, -64]	[111, -118, -163, 161, -128]	[-27, -67, -7, -74, 27]	[-45, 51, 3, 126, 151]	[84, -141, -140, -31, -182]	[-158, -4, -126, -94, -142]	[93, -6, -23, -95, -33]	[22, 138, 145, 198, 61]	[10000, 10002, 9997, 9997, 10000]	[289, 221, 196, 289, 245]
255	24.5	[125, -28, -50, -40, -262]	[119, -227, -37, -36, -2]	[18, -124, -41, -39, -200]	[-30, 146, -278, -208, -173]	[111, -124, -67, 43, -203]	[-32, -77, -23, -106, 143]	[109, 12, -14, 174, 151]	[-85, -201, -149, -102, -184]	[193, -200, -132, -91, -160]	[143, -22, 32, -157, -72]	[-197, 153, 89, 179, -15]	[10001, 10003, 10000, 9997, 10000]	[289, 221, 163, 182, 245]
256	26.0	[125, -28, -50, -40, -262]	[138, -219, -37, -36, -2]	[18, -124, 14, -48, -200]	[-165, 85, -233, -59, -173]	[111, -118, -149, 167, -83]	[-26, -70, 34, -94, 27]	[109, 167, 1, 64, 151]	[84, -159, -149, -101, -177]	[-167, -113, -161, -94, -37]	[82, -3, -37, -84, -45]	[58, 129, 123, 190, 13]	[10000, 10002, 10000, 9994, 10000]	[289, 221, 196, 289, 245]
257	25.0	[125, -28, -50, -40, -262]	[138, -219, -37, -36, -2]	[18, -124, 14, -48, -200]	[-165, 85, -233, -59, -173]	[111, -118, -149, 167, -83]	[-26, -70, 34, -94, 27]	[109, 167, 1, 64, 151]	[84, -159, -149, -101, -177]	[-167, -113, -161, -94, -37]	[82, -3, -37, -84, -45]	[58, 129, 123, 190, 13]	[10000, 10002, 10000, 9994, 10000]	[289, 221, 196, 289, 245]
258	25.5	[125, -28, -50, -40, -262]	[138, -219, -32, -36, -2]	[-71, -82, 51, -46, -200]	[-165, 99, -137, -71, -64]	[111, -121, -169, 161, -115]	[-26, -69, -7, -74, 27]	[-45, 168, -11, 116, 151]	[84, -152, -138, -80, -166]	[-158, -80, -143, -94, -112]	[107, -4, -37, -85, -42]	[191, 131, 144, 193, 61]	[10000, 10002, 10000, 9997, 10000]	[203, 220, 196, 289, 245]
259	24.0	[-55, 95, -34, -41, -81]	[117, -247, -59, 196, -210]	[-101, -26, 66, -94, 88]	[53, -112, -29, 17, -26]	[108, -138, -214, 175, -37]	[-86, -49, 6, -57, -109]	[-219, 10, 4, 55, 229]	[-10, -199, -140, 7, -165]	[-182, 17, -172, -98, -40]	[145, 5, -25, -124, 13]	[264, 100, 156, 228, 183]	[10000, 10000, 9996, 10000, 10000]	[44, 160, 233, 162, -84]
260	26.5	[-55, 95, -54, -32, -81]	[-43, -194, -24, 190, -210]	[-73, -107, 40, -93, 94]	[53, -112, -134, 7, -27]	[108, -123, -192, 175, -37]	[-86, -56, 7, -92, -29]	[-129, 28, 4, 55, 229]	[-10, -192, -108, 0, -165]	[-182, 11, -142, -95, -69]	[142, 0, -25, -124, 13]	[233, 121, 156, 228, 183]	[10000, 10000, 9996, 10000, 10000]	[44, 160, 233, 162, -84]
261	20.5	[125, -28, -50, -40, -262]	[138, -219, -37, -36, -2]	[18, -124, 48, -47, -200]	[-165, -11, -125, -97, -64]	[111, -132, -160, 147, -120]	[-26, -68, -7, -74, 27]	[-36, 67, 2, 126, 151]	[50, -126, -137, -35, -182]	[-158, -4, -120, -94, -39]	[93, -6, -27, -59, -33]	[22, 132, 140, 192, 74]	[10000, 10002, 10001, 9998, 10000]	[289, 221, 196, 289, 245]
262	27.0	[-55, 95, -34, -41, -81]	[117, -219, -58, 202, -210]	[-81, -84, 25, -50, 1]	[25, -92, -123, -59, -63]	[108, -138, -156, 151, -106]	[-26, -69, 36, -72, -40]	[56, 148, -6, 64, 155]	[47, -110, -120, -37, -169]	[-182, -63, -145, -87, -23]	[134, 4, -74, -48, 5]	[238, 117, 130, 181, 183]	[10000, 10002, 9997, 10000, 10000]	[225, 217, 223, 234, -84]
263	21.5	[125, -28, -50, -40, -262]	[138, -219, -37, -36, -2]	[18, -124, 48, -47, -200]	[-165, -11, -125, -97, -64]	[111, -132, -160, 147, -120]	[-26, -68, -7, -74, 27]	[-36, 67, 2, 126, 151]	[50, -126, -137, -35, -182]	[-158, -4, -120, -94, -39]	[93, -6, -27, -59, -33]	[22, 132, 140, 192, 74]	[10000, 10002, 10001, 9998, 10000]	[289, 221, 196, 289, 245]
264	23.0	[125, -28, -50, -40, -262]	[138, -219, -32, -14, 5]	[-71, -82, 51, -70, 78]	[-153, -4, -101, 70, -79]	[111, -121, -169, 161, -115]	[-26, -68, -7, -74, 27]	[-45, 127, 2, 122, 151]	[84, -148, -139, -80, -166]	[-152, -60, -133, -94, -118]	[107, 4, -62, -85, -42]	[191, 131, 136, 181, 134]	[10000, 10002, 10005, 9999, 10000]	[203, 220, 196, 289, 245]
265	25.0	[-55, 95, -34, -41, -81]	[117, -220, -53, 55, -191]	[-81, -84, -25, -50, 1]	[-12, -45, -123, -59, -63]	[108, -138, -156, 77, -142]	[-26, -73, 31, -72, -40]	[56, 148, -6, 64, 155]	[47, -110, -120, -37, -169]	[-182, -63, -145, -87, -23]	[134, 4, -74, -48, 5]	[238, 123, 130, 181, 183]	[10000, 10002, 9997, 10000, 10000]	[225, 217, 223, 234, -84]
266	24.5	[125, -28, -50, -40, -262]	[138, -219, -32, -36, -2]	[-65, -82, 51, -46, -200]	[-165, 99, -137, -71, -64]	[111, -136, -208, 171, -115]	[-26, -69, 6, -74, 27]	[-45, 102, -11, 116, 151]	[84, -179, -138, -80, -166]	[-158, -80, -143, -95, -77]	[107, -4, -37, -113, -35]	[191, 111, 155, 205, 90]	[10000, 10000, 9996, 9999, 10000]	[111, 182, 200, 253, 245]
267	27.5	[125, -28, -50, -40, -262]	[123, -226, -37, -36, -2]	[18, -124, -8, -41, -200]	[-165, -11, -125, -97, -128]	[111, -132, -112, 70, -120]	[-29, -72, -13, -74, 27]	[-7, 63, 2, 126, 151]	[50, -193, -140, -35, -182]	[-158, -160, -131, -94, -39]	[94, -11, -10, -59, -33]	[-74, 140, 140, 192, 74]	[10000, 10003, 10001, 9997, 10000]	[289, 221, 196, 289, 245]
268	24.5	[125, -28, -50, -40, -262]	[123, -226, -37, -36, -2]	[18, -124, -8, -41, -200]	[-165, -11, -125, -97, -128]	[111, -132, -112, 70, -120]	[-29, -72, -13, -74, 27]	[-7, 63, 2, 126, 151]	[50, -193, -140, -35, -182]	[-158, -160, -131, -94, -39]	[94, -11, -10, -59, -33]	[-74, 140, 140, 192, 74]	[10000, 10003, 10001, 9997, 10000]	[289, 221, 196, 289, 245]
269	24.5	[125, -28, -50, -40, -262]	[123, -226, -37, -36, -2]	[18, -124, -8, -41, -200]	[-165, -11, -125, -97, -128]	[111, -132, -112, 70, -120]	[-29, -72, -13, -74, 27]	[-7, 63, 2, 126, 151]	[50, -193, -140, -35, -182]	[-158, -160, -131, -94, -39]	[94, -11, -10, -53, -33]	[-74, 140, 140, 192, 74]	[10000, 10003, 10001, 9997, 10000]	[289, 221, 196, 289, 245]
270	26.0	[12, 46, -50, -40, -262]	[122, -237, -41, 49, -32]	[-71, -82, 65, -64, -200]	[-165, 99, -137, -71, -64]	[111, -121, -169, 161, -115]	[-26, -69, -7, -74, 27]	[-45, 168, -11, 116, 151]	[84, -152, -138, -80, -166]	[-158, -80, -143, -94, -112]	[107, -4, -37, -91, -42]	[191, 131, 144, 193, 61]	[10000, 10002, 10000, 9997, 10000]	[203, 220, 196, 289, 245]
271	26.5	[-55, 95, -40, -41, -81]	[117, -220, -53, 55, -191]	[-81, -84, -25, -50, 1]	[-12, -45, -123, -59, -63]	[108, -138, -156, 77, -142]	[-26, -73, 25, -72, -40]	[56, 148, -6, 64, 155]	[47, -110, -120, -37, -169]	[-182, -63, -145, -87, -23]	[134, 4, -74, -48, 5]	[238, 123, 130, 181, 183]	[10000, 10002, 9997, 10000, 10000]	[225, 217, 223, 234, -84]
272	23.0	[125, -28, -50, -40, -262]	[138, -219, -32, -36, -2]	[18, -124, 48, -47, -200]	[-165, -11, -125, -97, -64]	[111, -132, -160, 147, -120]	[-26, -68, -7, -74, 27]	[-36, 67, 2, 126, 151]	[50, -126, -137, -35, -182]	[-158, -4, -120, -94, -39]	[93, -6, -27, -59, -33]	[22, 132, 140, 192, 74]	[10000, 10002, 10001, 9998, 10000]	[289, 221, 196, 289, 245]
273	23.0	[-55, 95, -34, -41, -81]	[117, -220, -53, 55, -191]	[-81, -84, -25, -50, 1]	[-12, -45, -123, -59, -63]	[108, -138, -156, 77, -142]	[-26, -73, 31, -72, -40]	[56, 100, -6, 64, 155]	[47, -139, -127, -99, -169]	[-182, -63, -145, -87, -23]	[134, 4, -72, -85, 5]	[238, 125, 132, 181, 183]	[10000, 10002, 10001, 9999, 10000]	[225, 217, 223, 234, -84]
274	26.0	[-55, 95, -40, -41, -81]	[117, -220, -53, 55, -191]	[-81, -84, -25, -50, 1]	[-12, -45, -123, -59, -63]	[108, -138, -156, 77, -142]	[-26, -73, 25, -72, -40]	[56, 148, -6, 64, 155]	[47, -110, -120, -37, -169]	[-182, -63, -145, -87, -23]	[134, 4, -74, -48, 5]	[238, 123, 130, 181, 183]	[10000, 10002, 9997, 10000, 10000]	[225, 217, 223, 234, -84]
275	24.0	[125, -28, -50, -40, -262]	[123, -226, -31, -36, -2]	[18, -124, -8, -41, -200]	[-165, -11, -125, -97, -128]	[110, -133, -112, 70, -120]	[-29, -72, -13, -69, 27]	[-7, 63, -5, 77, 151]	[50, -137, -121, -35, -182]	[-158, -160, -131, -94, -39]	[94, -11, -10, -65, -33]	[-74, 140, 140, 192, 74]	[10000, 10003, 10001, 9997, 10000]	[289, 221, 196, 289, 245]
276	24.0	[125, -28, -50, -40, -262]	[138, -219, -32, -36, -2]	[18, -124, 48, -47, -200]	[-165, -11, -125, -97, -64]	[111, -132, -160, 147, -120]	[-26, -68, -7, -74, 27]	[-36, 67, 2, 126, 151]	[50, -126, -137, -35, -182]	[-158, -4, -120, -94, -39]	[93, -6, -27, -59, -33]	[22, 132, 140, 192, 74]	[10006, 10002, 10001, 9998, 10000]	[289, 221, 196, 289, 245]
277	24.0	[125, -28, -50, -40, -262]	[138, -219, -37, -36, -2]	[12, -124, 14, -48, -200]	[-165, 85, -227, -59, -173]	[111, -118, -164, 141, -83]	[-26, -73, -9, -100, 27]	[-40, 120, -6, 63, 161]	[-2, -83, -76, -77, -177]	[181, -198, -146, -93, -110]	[82, -2, -59, -150, -45]	[251, 124, 101, 185, 9]	[10000, 10002, 10000, 9997, 10000]	[289, 221, 196, 289, 245]
278	26.0	[-55, 95, -34, -41, -81]	[117, -220, -53, 55, -191]	[-81, -84, -25, -50, 1]	[-12, -45, -123, -59, -63]	[108, -138, -156, 77, -142]	[-26, -73, 31, -72, -40]	[-30, 74, -1, 64, 155]	[50, -191, -131, -79, -171]	[-178, -97, -133, -91, -36]	[123, -4, -26, -76, 5]	[245, 105, 138, 193, 183]	[10000, 10001, 9996, 9999, 10000]	[225, 195, 231, 234, -84]
279	26.5	[-55, 95, -40, -41, -81]	[117, -220, -53, 61, -191]	[-81, -98, 24, -49, 1]	[-102, -21, -123, -61, -63]	[108, -138, -159, 111, -136]	[-26, -73, -1, -74, 26]	[71, 94, 2, 87, 155]	[47, -110, -133, -94, -179]	[-182, -53, -145, -87, -135]	[134, 4, -74, -130, -45]	[238, 123, 117, 180, 183]	[10000, 10002, 9997, 9999, 10000]	[225, 220, 177, 215, 160]
280	27.5	[-55, 95, -40, -41, -81]	[117, -220, -53, 61, -191]	[-81, -98, 24, -49, 1]	[-102, -21, -123, -61, -63]	[108, -138, -159, 111, -136]	[-26, -73, -1, -74, 26]	[71, 94, 2, 87, 155]	[47, -110, -133, -94, -179]	[-182, -53, -145, -87, -135]	[134, 4, -74, -130, -45]	[238, 123, 117, 180, 183]	[10000, 10002, 9997, 9999, 10000]	[225, 220, 177, 215, 160]
281	28.0	[-55, 95, -40, -41, -81]	[117, -220, -53, 61, -191]	[-81, -98, 24, -49, 1]	[-102, -21, -129, -83, -81]	[108, -137, -159, 111, -136]	[-26, -73, -1, -76, 26]	[71, 84, 3, 92, 155]	[47, -110, -133, -94, -179]	[-182, -53, -145, -87, -135]	[134, 4, -74, -130, -45]	[238, 123, 117, 180, 183]	[10000, 10002, 9997, 9999, 10000]	[225, 220, 177, 215, 160]
282	23.0	[-55, 95, -40, -40, -242]	[121, -220, -53, 61, -191]	[-81, -84, -25, -48, 1]	[-12, -29, -124, -59, -63]	[108, -138, -158, 114, -136]	[-26, -72, 0, -73, 20]	[71, 119, -2, 102, 147]	[47, -117, -135, -90, -177]	[-182, -60, -134, -87, -135]	[131, 1, -71, -125, -38]	[238, 123, 133, 180, 183]	[10000, 10002, 9998, 9999, 10000]	[225, 220, 177, 215, 160]
283	24.5	[111, 25, -40, -40, -242]	[121, -220, -45, 17, -166]	[-79, -99, -25, -48, 1]	[-25, -12, -126, -168, -81]	[108, -132, -158, 114, -136]	[-26, -75, -4, -73, 20]	[71, 35, -7, 102, 147]	[47, -117, -135, -95, -179]	[-148, -113, -134, -91, -135]	[132, -1, -57, -128, -47]	[-14, 146, 133, 180, 183]	[10000, 10002, 9998, 9999, 10000]	[225, 220, 177, 215, 160]
284	26.5	[-55, 95, -40, -41, -81]	[117, -220, -53, 61, -191]	[-81, -94, -9, -49, 1]	[-17, -21, -123, -61, -63]	[108, -138, -158, 111, -136]	[-26, -73, -1, -74, 19]	[71, 94, -1, 99, 155]	[47, -110, -135, -86, -179]	[-182, -60, -136, -87, -135]	[120, 4, -74, -130, -45]	[238, 123, 117, 180, 183]	[10000, 10002, 9991, 9999, 10000]	[225, 220, 177, 215, 160]
285	21.5	[-55, 95, -40, -41, -81]	[117, -220, -53, 61, -191]	[-81, -98, 24, -49, 1]	[-102, -21, -129, -83, -81]	[108, -137, -159, 111, -136]	[-26, -73, -1, -76, 26]	[71, 84, 3, 92, 155]	[47, -110, -133, -94, -179]	[-182, -53, -145, -87, -135]	[134, 4, -74, -130, -45]	[238, 123, 117, 174, 183]	[10000, 10002, 9997, 9999, 10000]	[225, 220, 177, 215, 160]
286	25.5	[-55, 95, -34, -41, -81]	[117, -220, -53, 55, -191]	[-81, -84, -25, -50, 1]	[-12, -45, -123, -59, -63]	[108, -138, -156, 77, -142]	[-26, -73, 31, -72, -40]	[56, 104, -6, 64, 155]	[47, -145, -127, -99, -169]	[-182, -63, -139, -88, -28]	[134, 1, -18, -80, -22]	[259, 128, 138, 196, 97]	[10000, 10001, 10000, 9997, 10000]	[225, 207, 231, 234, -84]
287	25.0	[-55, 95, -40, -41, -81]	[117, -220, -53, 61, -191]	[-81, -94, -9, -49, 1]	[-17, -21, -123, -61, -63]	[108, -138, -158, 111, -136]	[-26, -73, -1, -74, 19]	[71, 94, -1, 99, 155]	[47, -110, -135, -86, -179]	[-182, -60, -136, -87, -135]	[120, 4, -74, -130, -45]	[238, 123, 117, 180, 183]	[10000, 10002, 9991, 9999, 10000]	[225, 220, 177, 215, 160]
288	25.0	[-55, 95, -34, -41, -81]	[117, -220, -53, 55, -191]	[-81, -84, -25, -50, 1]	[-12, -45, -123, -53, -63]	[108, -138, -156, 77, -142]	[-26, -73, 31, -72, -40]	[-30, 74, -1, 64, 155]	[50, -191, -131, -79, -171]	[-178, -97, -133, -91, -36]	[123, -4, -26, -76, 5]	[245, 105, 138, 193, 183]	[10000, 10001, 9996, 9999, 10000]	[225, 195, 231, 228, -84]
289	23.5	[125, -28, -50, -40, -262]	[138, -219, -37, -36, -2]	[12, -124, 14, -48, -200]	[-165, 85, -227, -59, -173]	[111, -118, -164, 141, -83]	[-26, -73, -9, -100, 27]	[-40, 120, -6, 63, 161]	[-2, -83, -76, -77, -177]	[181, -198, -146, -93, -110]	[82, -2, -59, -150, -45]	[251, 124, 101, 185, 9]	[10000, 10002, 10000, 9997, 10000]	[289, 221, 196, 289, 245]
290	27.5	[-55, 95, -40, -41, -81]	[117, -220, -53, 57, -191]	[-81, -98, 24, -49, 1]	[-102, -36, -127, -79, -77]	[108, -137, -157, 85, -137]	[-26, -73, -6, -70, 26]	[68, 84, 3, 92, 155]	[47, -132, -133, -93, -171]	[-182, -53, -141, -87, -135]	[123, 1, -24, -86, -32]	[238, 123, 117, 174, 113]	[10000, 10002, 9997, 9999, 10000]	[225, 220, 177, 215, 160]
291	24.5	[-55, 95, -40, -41, -81]	[117, -220, -53, 61, -191]	[-81, -94, -9, -49, 1]	[-17, -21, -123, -61, -63]	[108, -138, -158, 111, -136]	[-26, -73, -1, -74, 19]	[71, 94, -1, 99, 155]	[47, -110, -135, -86, -179]	[-182, -60, -136, -87, -135]	[120, 4, -74, -130, -45]	[238, 123, 117, 180, 183]	[10000, 10002, 9991, 9999, 10000]	[225, 220, 177, 215, 160]
292	25.5	[125, -28, -50, -40, -262]	[138, -219, -37, -36, -2]	[12, -124, 14, -48, -200]	[-165, 85, -227, -59, -173]	[111, -118, -164, 141, -83]	[-26, -73, -9, -100, 27]	[-40, 120, -6, 63, 161]	[-2, -83, -76, -77, -177]	[181, -198, -146, -93, -110]	[82, -2, -59, -150, -51]	[251, 124, 101, 185, 9]	[10000, 10002, 10000, 9997, 10000]	[289, 221, 196, 289, 245]
293	24.0	[-55, 95, -40, -41, -81]	[117, -220, -53, 57, -191]	[-81, -98, 24, -49, 1]	[-102, -36, -127, -79, -77]	[108, -137, -157, 85, -137]	[-26, -73, -6, -70, 26]	[68, 84, 3, 92, 155]	[47, -132, -133, -93, -171]	[-182, -53, -141, -87, -135]	[123, 1, -24, -86, -32]	[238, 123, 117, 174, 113]	[10000, 10002, 9997, 9999, 10000]	[225, 220, 177, 215, 160]
294	27.0	[-55, 95, -40, -41, -81]	[117, -220, -53, 61, -191]	[-81, -98, 24, -49, 1]	[-102, -21, -129, -83, -81]	[108, -137, -159, 111, -136]	[-26, -73, -9, -70, 26]	[65, 93, -3, 92, 155]	[47, -110, -128, -93, -179]	[-182, -53, -145, -87, -135]	[128, -2, -61, -130, -45]	[238, 123, 130, 181, 183]	[10000, 10002, 9997, 9999, 10000]	[225, 218, 191, 215, 160]
295	25.5	[-55, 95, -40, -41, -81]	[117, -220, -53, 57, -191]	[-81, -98, 24, -49, 1]	[-102, -36, -127, -79, -77]	[108, -137, -157, 85, -137]	[-26, -73, -6, -70, 26]	[68, 84, 3, 92, 155]	[47, -132, -133, -93, -171]	[-182, -53, -141, -87, -135]	[123, 1, -24, -86, -32]	[238, 123, 117, 174, 113]	[10000, 10002, 9997, 9999, 10000]	[225, 220, 177, 215, 160]
296	27.0	[-55, 95, -40, -41, -81]	[117, -220, -53, 61, -191]	[-81, -94, -9, -49, 1]	[-17, -21, -123, -61, -63]	[108, -138, -158, 111, -136]	[-26, -73, -1, -74, 19]	[71, 94, -1, 99, 155]	[47, -110, -135, -86, -179]	[-182, -60, -136, -87, -135]	[120, 4, -74, -130, -45]	[238, 123, 117, 180, 183]	[10000, 10002, 9991, 9999, 10000]	[225, 220, 177, 215, 160]
297	28.0	[-55, 95, -34, -41, -81]	[117, -220, -53, 55, -191]	[-81, -84, -25, -50, 1]	[-12, -45, -123, -59, -63]	[108, -138, -124, 109, -110]	[-26, -73, 31, -100, -19]	[56, 50, -6, 64, 156]	[2, -100, -97, -89, -169]	[-52, -160, -143, -87, -103]	[135, -12, -21, -80, -22]	[250, 127, 117, 185, 109]	[10000, 10001, 10000, 9997, 10000]	[225, 207, 231, 234, -84]
298	27.5	[12, 46, -50, -40, -262]	[122, -237, -41, 49, -32]	[-71, -82, 65, -64, -200]	[-165, 99, -137, -71, -64]	[111, -121, -169, 153, -125]	[-32, -69, 31, -72, -23]	[1, 144, -6, 70, 151]	[63, -147, -138, -85, -167]	[-158, -80, -143, -94, -112]	[131, -2, -26, -91, -42]	[229, 122, 137, 193, 61]	[10000, 10002, 10000, 9997, 10000]	[203, 220, 196, 283, 245]
299	27.0	[48, 34, -39, -41, -123]	[136, -219, -49, 10, -83]	[6, -87, -6, -50, 1]	[-12, 27, -174, -59, -63]	[108, -138, -134, 83, -124]	[-26, -73, 28, -89, -16]	[45, 94, -5, 64, 159]	[41, -128, -127, -99, -169]	[-52, -110, -139, -89, -105]	[117, -12, -21, -80, -22]	[251, 124, 113, 185, 109]	[10000, 10001, 10000, 9997, 10000]	[225, 207, 231, 234, -84]
300	29.5	[-55, 95, -40, -41, -81]	[117, -220, -53, 61, -191]	[-81, -94, -9, -49, 1]	[-17, -21, -123, -61, -63]	[108, -138, -158, 111, -136]	[-26, -73, -1, -99, 19]	[71, 94, -1, 99, 155]	[47, -110, -135, -86, -179]	[-182, -60, -136, -87, -135]	[120, 4, -74, -130, -45]	[238, 123, 117, 180, 183]	[10000, 10002, 9991, 9999, 10000]	[225, 220, 177, 215, 160]
301	24.0	[-55, 95, -34, -41, -81]	[117, -220, -53, 55, -191]	[-81, -84, -25, -50, 1]	[-12, -45, -123, -59, -63]	[108, -138, -124, 109, -110]	[-26, -73, 31, -100, -19]	[56, 25, -6, 64, 156]	[2, -100, -97, -89, -169]	[-52, -160, -143, -87, -103]	[135, -12, -21, -80, -22]	[250, 127, 117, 185, 109]	[10000, 10001, 10000, 9997, 10000]	[225, 207, 231, 234, -84]
302	31.0	[12, 46, -50, -40, -262]	[122, -237, -35, 49, -32]	[-71, -82, 65, -64, -200]	[-165, 99, -137, -71, -64]	[111, -121, -169, 153, -125]	[-32, -69, 31, -72, -23]	[1, 144, -6, 70, 151]	[63, -147, -138, -85, -167]	[-158, -80, -143, -94, -112]	[131, -2, -26, -91, -42]	[229, 147, 137, 193, 61]	[10000, 10002, 10000, 9997, 10000]	[203, 220, 196, 283, 245]
303	26.0	[-55, 95, -40, -41, -81]	[117, -220, -53, 61, -191]	[-81, -94, -9, -49, 1]	[-17, -21, -123, -61, -63]	[108, -138, -158, 111, -136]	[-26, -73, -1, -99, 19]	[71, 94, -1, 99, 155]	[47, -110, -135, -86, -179]	[-182, -60, -136, -87, -135]	[120, 4, -74, -130, -45]	[238, 123, 117, 180, 183]	[10000, 10002, 9991, 9999, 10000]	[225, 220, 177, 215, 160]
304	29.5	[-55, 95, -40, -41, -81]	[123, -207, -53, 61, -191]	[-81, -96, 24, -49, -24]	[-102, -21, -129, -81, -81]	[108, -137, -170, 111, -136]	[-26, -70, -8, -70, 26]	[65, 93, -4, 92, 155]	[47, -175, -137, -89, -177]	[-182, -53, -145, -87, -135]	[128, -2, -61, -130, -45]	[238, 123, 130, 181, 183]	[10000, 10002, 9997, 9999, 10000]	[225, 218, 191, 215, 160]
305	24.0	[-55, 95, -40, -41, -81]	[117, -220, -53, 57, -191]	[-81, -98, 24, -49, 1]	[-26, -44, -127, -79, -77]	[108, -137, -157, 85, -137]	[-26, -73, 19, -68, 26]	[21, 63, -3, 86, 152]	[47, -132, -133, -93, -171]	[-182, -53, -141, -62, -135]	[123, 1, -24, -86, -32]	[238, 123, 117, 174, 113]	[10000, 10002, 9997, 9999, 10000]	[225, 220, 177, 215, 160]
306	30.5	[-55, 95, -34, -41, -81]	[117, -220, -53, 55, -191]	[-81, -84, -25, -50, 1]	[-12, -45, -123, -58, -63]	[108, -138, -129, 102, -142]	[-29, -72, 31, -68, -40]	[-30, 74, -1, 73, 179]	[50, -191, -129, -73, -174]	[-174, -81, -143, -92, -36]	[116, -4, -26, -79, 5]	[245, 103, 156, 199, 183]	[10000, 10001, 9997, 9999, 10003]	[225, 195, 223, 234, -84]
307	26.5	[-55, 95, -40, -41, -81]	[117, -220, -53, 57, -191]	[-81, -98, 24, -49, 1]	[-26, -44, -127, -79, -77]	[108, -137, -157, 85, -137]	[-26, -73, 19, -68, 26]	[21, 63, -3, 86, 152]	[47, -111, -133, -88, -172]	[-182, -53, -140, -81, -135]	[123, 2, -53, -86, -32]	[238, 123, 117, 174, 113]	[10000, 10002, 9997, 9999, 10000]	[225, 220, 177, 215, 160]
308	30.5	[-55, 95, -34, -41, -81]	[117, -214, -53, 55, -191]	[-79, -84, -11, -50, 1]	[-12, 72, -126, -59, -63]	[108, -131, -159, 77, -142]	[-29, -71, 28, -69, -40]	[-30, 74, -3, 73, 154]	[50, -191, -129, -73, -174]	[-174, -81, -143, -92, -61]	[116, -4, -26, -79, 5]	[245, 103, 156, 199, 183]	[10000, 10001, 9997, 9999, 10003]	[225, 195, 223, 240, -84]
309	25.5	[-55, 95, -40, -41, -81]	[117, -220, -53, 57, -191]	[-81, -98, 24, -49, 1]	[-26, 3, -127, -79, -77]	[108, -139, -154, 115, -135]	[-26, -73, 19, -68, 26]	[21, 71, -3, 86, 152]	[47, -132, -133, -90, -171]	[-182, -53, -141, -80, -135]	[123, -1, -24, -86, -32]	[238, 123, 117, 174, 113]	[10000, 10002, 9997, 9999, 10000]	[225, 220, 177, 215, 160]
310	28.0	[-55, 95, -40, -41, -81]	[123, -207, -53, 61, -191]	[-81, -93, 19, -50, -24]	[-102, 16, -138, -59, -68]	[108, -137, -169, 111, -136]	[-26, -73, -8, -70, 26]	[56, 99, -4, 92, 155]	[47, -175, -137, -95, -174]	[-144, -93, -145, -87, -135]	[128, -2, -61, -130, -45]	[238, 123, 130, 181, 183]	[10000, 10002, 9997, 9999, 10000]	[225, 218, 191, 215, 160]
311	29.0	[-55, 95, -40, -41, -81]	[117, -220, -53, 57, -191]	[-81, -98, 24, -49, 1]	[-26, -44, -127, -79, -77]	[108, -137, -157, 85, -137]	[-26, -73, 19, -68, 26]	[21, 63, -3, 86, 152]	[47, -111, -133, -88, -172]	[-182, -53, -140, -81, -135]	[123, 2, -53, -86, -32]	[238, 129, 117, 174, 113]	[10000, 10002, 9997, 9999, 10000]	[225, 220, 177, 215, 160]
312	24.0	[12, 46, -50, -46, -262]	[122, -237, -35, 49, -32]	[-71, -82, 65, -64, -200]	[-165, -16, -138, -71, -64]	[111, -137, -159, 82, -125]	[-32, -71, 31, -72, -23]	[1, 144, -5, 70, 154]	[63, -143, -138, -120, -169]	[-158, -104, -139, -88, -105]	[131, -2, -26, -90, -42]	[229, 138, 124, 193, 61]	[10000, 10002, 10000, 9997, 9994]	[203, 220, 190, 283, 46]
313	28.0	[12, 46, -50, -46, -262]	[122, -237, -35, 49, -32]	[-71, -82, 65, -64, -200]	[-165, -16, -138, -71, -64]	[111, -137, -159, 82, -125]	[-32, -71, 31, -72, -23]	[1, 144, -5, 70, 154]	[63, -143, -138, -120, -169]	[-158, -104, -139, -88, -105]	[131, -2, -26, -90, -42]	[229, 131, 120, 193, 61]	[10000, 10002, 10000, 9997, 9994]	[203, 220, 190, 215, 46]
314	29.5	[-55, 95, -40, -41, -81]	[117, -220, -53, 61, -191]	[-81, -98, 24, -49, -24]	[-102, -21, -129, -83, -81]	[108, -138, -155, 111, -136]	[-26, -73, -9, -81, 14]	[64, 105, -5, 78, 159]	[47, -110, -127, -119, -172]	[-182, -61, -142, -87, -135]	[128, -2, -61, -81, -45]	[238, 105, 141, 181, 183]	[10000, 10002, 9997, 9999, 10001]	[225, 206, 223, 215, 160]
315	30.0	[-55, 95, -40, -41, -81]	[117, -220, -53, 59, -191]	[-81, -98, 24, -49, 1]	[-26, -10, -127, -81, -77]	[108, -139, -154, 115, -135]	[-26, -73, 19, -68, 26]	[21, 71, -3, 86, 152]	[47, -132, -133, -90, -171]	[-182, -53, -141, -80, -135]	[123, -1, -24, -86, -32]	[238, 123, 117, 174, 113]	[10000, 10002, 9997, 9999, 10000]	[225, 220, 177, 215, 160]
316	29.5	[-55, 95, -40, -41, -81]	[117, -220, -53, 61, -191]	[-81, -98, 24, -49, -24]	[-102, -21, -129, -83, -81]	[108, -138, -155, 111, -136]	[-26, -73, 18, -78, 14]	[64, 105, -3, 78, 156]	[47, -110, -127, -97, -172]	[-182, -61, -142, -87, -135]	[128, -2, -61, -81, -45]	[238, 105, 141, 181, 183]	[10000, 10002, 9997, 9999, 10001]	[225, 206, 223, 215, 160]
317	27.0	[12, 46, -50, -46, -262]	[122, -237, -35, 49, -32]	[-71, -82, 65, -64, -200]	[-165, -16, -138, -71, -64]	[111, -137, -159, 82, -125]	[-32, -71, 31, -72, -23]	[1, 144, -5, 70, 154]	[63, -143, -138, -120, -169]	[-158, -104, -139, -88, -105]	[131, -2, -26, -90, -42]	[229, 131, 120, 193, 61]	[10000, 10002, 10000, 9997, 9994]	[203, 220, 190, 215, 46]
318	24.5	[-55, 95, -34, -41, -81]	[117, -234, -53, 55, -191]	[-81, -88, -15, -53, 1]	[-12, -45, -123, -59, -64]	[108, -163, -156, 102, -142]	[-26, -73, -1, -72, -40]	[2, 85, -4, 82, 155]	[63, -170, -130, -84, -174]	[-182, -58, -141, -93, -88]	[125, -3, -32, -79, -22]	[246, 113, 117, 185, 109]	[10000, 10002, 9999, 9999, 10000]	[225, 210, 226, 221, 108]
319	29.0	[-55, 95, -34, -41, -81]	[117, -234, -53, 55, -191]	[-81, -88, -15, -53, 1]	[-12, -45, -123, -59, -64]	[108, -163, -156, 102, -142]	[-26, -73, -1, -72, -40]	[2, 85, -4, 82, 155]	[63, -170, -130, -84, -174]	[-182, -58, -141, -93, -88]	[125, -3, -32, -79, -22]	[246, 113, 117, 185, 109]	[10000, 10002, 9999, 9999, 10000]	[225, 210, 226, 221, 108]
320	28.0	[-55, 95, -40, -41, -81]	[123, -207, -53, 61, -191]	[-81, -93, 19, -50, -24]	[-102, 16, -138, -59, -74]	[108, -143, -169, 111, -136]	[-26, -73, 14, -83, 26]	[56, 99, -4, 92, 155]	[47, -175, -137, -95, -174]	[-144, -93, -145, -87, -135]	[128, -8, -61, -130, -45]	[238, 123, 130, 181, 183]	[10000, 10002, 9997, 9999, 10006]	[225, 218, 191, 215, 160]
321	28.5	[-55, 95, -40, -41, -81]	[117, -220, -53, 61, -191]	[-81, -98, 24, -49, -24]	[-102, -21, -128, -81, -81]	[108, -138, -155, 115, -136]	[-26, -73, 13, -81, 14]	[23, 73, -5, 78, 159]	[47, -128, -127, -119, -172]	[-182, -61, -142, -84, -135]	[128, -2, -61, -81, -45]	[238, 113, 121, 181, 183]	[9994, 10002, 9997, 9999, 10001]	[225, 206, 223, 215, 160]
322	32.5	[-55, 95, -34, -41, -81]	[117, -214, -53, 55, -191]	[-79, -84, -11, -60, -182]	[-12, -13, -136, -71, -63]	[108, -131, -159, 77, -142]	[-29, -71, 31, -71, -40]	[-30, 74, -5, 70, 154]	[50, -191, -136, -112, -174]	[-174, -81, -143, -91, -97]	[116, -2, -26, -85, 5]	[245, 108, 125, 199, 183]	[10000, 10001, 9997, 9999, 10003]	[225, 195, 223, 240, -84]
323	25.0	[12, 46, -50, -41, -137]	[121, -220, -44, 57, -36]	[-75, -90, -12, -51, -29]	[-43, 91, -129, -79, -64]	[108, -131, -158, 85, -136]	[-26, -67, 19, -71, -17]	[1, 70, -4, 84, 151]	[63, -128, -138, -89, -172]	[-158, -74, -143, -94, -112]	[125, -2, -26, -91, -42]	[229, 122, 137, 193, 61]	[9975, 10002, 10000, 9997, 10000]	[203, 220, 196, 283, 245]
324	26.5	[-55, 95, -34, -41, -81]	[117, -234, -53, 55, -191]	[-81, -88, -15, -53, 1]	[-12, -45, -123, -59, -64]	[108, -163, -156, 102, -142]	[-26, -73, -1, -72, -40]	[2, 85, -4, 82, 155]	[63, -170, -130, -84, -174]	[-182, -58, -141, -93, -88]	[125, -3, -32, -79, -22]	[246, 113, 117, 185, 109]	[10000, 10002, 9999, 9999, 10000]	[225, 210, 226, 221, 108]
325	24.5	[-55, 95, -40, -41, -81]	[117, -220, -53, 61, -191]	[-81, -98, 24, -49, -24]	[-102, -21, -128, -81, -81]	[108, -138, -155, 115, -136]	[-26, -73, 13, -81, 14]	[23, 73, -5, 78, 159]	[47, -128, -127, -119, -172]	[-182, -61, -142, -84, -135]	[128, -2, -61, -81, -45]	[238, 113, 121, 181, 177]	[9994, 10002, 9997, 9999, 10001]	[225, 206, 223, 215, 160]
326	29.5	[-55, 95, -40, -41, -81]	[117, -220, -53, 61, -191]	[-81, -98, 24, -49, -24]	[-102, -21, -128, -81, -81]	[108, -138, -155, 115, -136]	[-26, -73, 13, -81, 14]	[23, 73, -5, 78, 159]	[47, -128, -127, -119, -172]	[-182, -61, -142, -84, -135]	[128, -2, -61, -81, -45]	[238, 113, 121, 181, 177]	[9994, 10002, 9997, 9999, 10001]	[225, 206, 223, 215, 160]
327	26.0	[-55, 95, -40, -41, -81]	[117, -220, -53, 61, -191]	[-81, -98, 24, -49, -24]	[-102, -21, -129, -83, -81]	[108, -138, -155, 111, -136]	[-26, -73, 18, -78, 14]	[64, 105, -3, 78, 156]	[47, -110, -127, -97, -172]	[-182, -61, -142, -87, -135]	[128, -2, -61, -81, -45]	[238, 105, 141, 181, 183]	[10000, 10002, 9997, 9999, 10001]	[225, 206, 223, 215, 160]
328	33.5	[-55, 95, -34, -41, -81]	[117, -234, -53, 55, -191]	[-81, -88, -15, -53, -6]	[-12, -30, -126, -60, -64]	[108, -163, -157, 102, -142]	[-26, -72, 1, -71, -40]	[-6, 80, -5, 71, 154]	[63, -175, -131, -84, -174]	[-179, -75, -141, -92, -89]	[124, -2, -32, -79, -22]	[246, 113, 123, 188, 109]	[10000, 10002, 9999, 10005, 10003]	[225, 204, 225, 221, 108]
329	28.5	[-55, 95, -34, -41, -81]	[117, -234, -53, 55, -191]	[-81, -88, -15, -53, 1]	[-12, -45, -123, -59, -64]	[108, -163, -156, 102, -142]	[-26, -73, -1, -72, -40]	[2, 85, -4, 82, 155]	[63, -170, -130, -84, -174]	[-182, -58, -141, -93, -88]	[125, -3, -32, -79, -22]	[246, 113, 117, 185, 109]	[10000, 10002, 9999, 9999, 10000]	[225, 210, 226, 221, 108]
330	25.0	[-55, 95, -40, -41, -81]	[117, -220, -53, 61, -191]	[-81, -98, 24, -49, -24]	[-102, -21, -128, -81, -81]	[108, -138, -155, 115, -136]	[-26, -72, 13, -81, 14]	[23, 73, -5, 77, 159]	[47, -125, -115, -119, -172]	[-182, -61, -142, -84, -135]	[128, -2, -61, -81, -45]	[238, 113, 121, 181, 177]	[9994, 10002, 9997, 9999, 10001]	[225, 206, 223, 215, 160]
331	27.5	[-55, 95, -34, -41, -81]	[117, -234, -53, 55, -191]	[-81, -88, -15, -53, 1]	[-12, -45, -123, -59, -64]	[108, -163, -156, 102, -142]	[-26, -73, -1, -72, -40]	[2, 85, -4, 82, 155]	[63, -170, -130, -84, -174]	[-182, -58, -141, -93, -88]	[125, -3, -32, -79, -22]	[246, 113, 117, 185, 109]	[10000, 10002, 9999, 9999, 10000]	[225, 210, 226, 221, 108]
332	31.5	[-55, 95, -34, -41, -81]	[117, -234, -53, 55, -191]	[-81, -85, -21, -53, -6]	[-12, -30, -126, -59, -63]	[108, -163, -131, 102, -142]	[-27, -72, 1, -71, -40]	[-6, 80, -5, 73, 175]	[63, -175, -131, -77, -174]	[-179, -81, -143, -92, -89]	[124, -3, -26, -79, -12]	[245, 105, 139, 199, 152]	[10000, 10002, 9999, 10005, 10003]	[225, 204, 225, 221, 108]
333	31.0	[-55, 75, -46, -42, -81]	[117, -222, -40, 51, -127]	[-82, -88, -14, -53, -197]	[-17, -18, -129, -62, -63]	[108, -138, -157, 87, -136]	[-26, -73, 30, -90, -15]	[63, 40, -4, 98, 155]	[44, -111, -127, -86, -179]	[-162, -124, -141, -87, -135]	[123, -6, -37, -105, -44]	[238, 123, 117, 179, 174]	[10000, 10002, 9997, 9999, 10000]	[225, 220, 177, 215, 160]
334	27.5	[-55, 75, -46, -43, -81]	[117, -224, -46, 51, -127]	[-87, -94, -4, -53, -197]	[-17, -12, -124, -61, -63]	[108, -138, -157, 84, -136]	[-26, -73, 29, -87, 22]	[59, 93, -4, 93, 155]	[47, -173, -137, -86, -179]	[-168, -88, -145, -87, -135]	[123, -5, -38, -130, -45]	[244, 123, 119, 175, 189]	[10000, 10002, 9997, 9999, 10000]	[225, 220, 177, 215, 160]
335	28.0	[-55, 75, -46, -43, -81]	[117, -224, -46, 51, -127]	[-87, -94, -4, -53, -197]	[-17, -12, -124, -61, -63]	[108, -138, -157, 84, -136]	[-26, -73, 29, -87, 22]	[59, 93, -4, 93, 155]	[47, -173, -137, -86, -179]	[-168, -88, -145, -87, -135]	[123, -5, -38, -130, -45]	[244, 123, 119, 175, 189]	[10000, 10002, 9997, 9999, 10000]	[225, 220, 177, 215, 160]
336	35.0	[-55, 95, -34, -41, -81]	[117, -234, -53, 55, -191]	[-81, -85, -21, -53, -6]	[-12, -30, -126, -59, -63]	[108, -163, -131, 102, -142]	[-27, -72, 1, -71, -40]	[-6, 80, -5, 73, 175]	[63, -175, -131, -77, -174]	[-179, -81, -143, -92, -89]	[124, -3, -26, -79, -12]	[245, 105, 139, 199, 152]	[10000, 10002, 9999, 10005, 10003]	[225, 204, 225, 221, 108]
337	27.0	[-55, 86, -42, -42, -81]	[117, -220, -41, 57, -132]	[-82, -92, -9, -53, -197]	[-17, -18, -129, -81, -78]	[108, -138, -158, 88, -136]	[-26, -73, 28, -81, 12]	[62, 87, -3, 95, 155]	[44, -153, -127, -97, -179]	[-162, -124, -141, -87, -135]	[123, -6, -59, -96, -44]	[238, 117, 122, 179, 174]	[10000, 10002, 9997, 9999, 10000]	[225, 220, 177, 215, 160]
338	30.0	[12, 46, -50, -41, -137]	[121, -220, -44, 57, -36]	[-80, -90, 1, -51, -32]	[-43, 91, -130, -74, -74]	[108, -131, -163, 85, -136]	[-26, -67, 19, -73, -17]	[1, 82, -4, 84, 151]	[63, -115, -138, -93, -172]	[-158, -74, -142, -87, -112]	[125, -2, -27, -91, -42]	[229, 124, 131, 193, 61]	[9975, 10002, 9997, 9997, 10003]	[203, 220, 191, 277, 191]
339	29.0	[-55, 95, -48, -42, -81]	[122, -212, -45, 57, -99]	[-77, -92, 13, -50, -41]	[-102, 16, -132, -73, -74]	[108, -143, -163, 116, -136]	[-26, -73, 24, -81, 1]	[56, 98, -4, 95, 154]	[48, -116, -116, -94, -173]	[-149, -116, -141, -88, -135]	[128, -7, -61, -81, -24]	[234, 131, 125, 180, 183]	[10000, 10003, 10000, 9997, 10006]	[225, 218, 198, 215, 160]
340	27.0	[-55, 86, -42, -42, -81]	[117, -220, -41, 57, -132]	[-76, -92, -9, -53, -197]	[-17, -18, -129, -81, -78]	[108, -138, -158, 88, -136]	[-26, -73, 28, -81, 12]	[62, 87, -3, 85, 156]	[47, -136, -123, -101, -179]	[-176, -92, -141, -87, -135]	[123, -6, -59, -96, -44]	[238, 117, 122, 179, 174]	[10000, 10002, 9997, 9999, 10000]	[225, 220, 177, 215, 160]
341	27.5	[-61, 95, -45, -42, -81]	[117, -220, -49, 55, -191]	[-79, -85, 7, -50, 1]	[-12, -45, -126, -60, -63]	[109, -143, -127, 109, -110]	[-26, -73, 25, -91, -19]	[56, 96, -3, 86, 154]	[27, -117, -122, -95, -175]	[-165, -106, -141, -88, -135]	[135, -12, -61, -80, -22]	[250, 127, 122, 181, 181]	[10000, 10001, 9999, 9997, 9997]	[225, 217, 223, 223, 27]
342	31.5	[-55, 75, -46, -42, -81]	[117, -222, -40, 51, -127]	[-82, -88, -14, -53, -197]	[-11, -18, -129, -68, -63]	[108, -138, -157, 87, -136]	[-26, -73, 30, -90, -15]	[63, 67, -5, 82, 155]	[44, -112, -120, -86, -179]	[-162, -121, -142, -87, -135]	[123, -6, -37, -105, -44]	[238, 123, 117, 179, 174]	[10000, 10002, 9997, 9999, 10000]	[225, 220, 177, 215, 160]
343	27.5	[-55, 95, -34, -41, -81]	[117, -234, -53, 55, -191]	[-81, -88, -18, -53, -6]	[-12, -30, -126, -60, -64]	[108, -163, -141, 102, -142]	[-26, -72, 1, -71, -40]	[-6, 80, -5, 71, 154]	[63, -175, -131, -84, -174]	[-179, -75, -141, -92, -89]	[124, -2, -32, -79, -22]	[246, 113, 123, 188, 109]	[10000, 10002, 9999, 10005, 10003]	[225, 204, 225, 221, 108]
344	29.5	[-55, 95, -34, -41, -81]	[117, -234, -53, 55, -191]	[-81, -88, -15, -53, -6]	[-12, -30, -126, -60, -64]	[108, -163, -157, 102, -142]	[-26, -72, 1, -71, -40]	[-6, 80, -5, 71, 160]	[63, -175, -131, -83, -174]	[-179, -75, -141, -92, -89]	[124, -2, -32, -79, -22]	[246, 113, 123, 188, 109]	[10000, 10002, 9999, 10005, 10003]	[225, 204, 225, 221, 108]
345	29.5	[-61, 95, -45, -42, -81]	[117, -211, -50, 61, -191]	[-79, -90, 17, -50, 1]	[-99, -4, -126, -60, -63]	[108, -143, -127, 109, -110]	[-26, -73, 25, -91, -19]	[56, 96, -3, 86, 154]	[27, -117, -122, -95, -175]	[-165, -106, -141, -88, -135]	[135, -12, -61, -80, -22]	[250, 127, 122, 181, 181]	[10000, 10001, 9999, 9997, 9997]	[225, 217, 223, 223, 27]
346	27.5	[-55, 75, -46, -49, -81]	[117, -224, -46, 51, -127]	[-87, -94, -4, -53, -197]	[-17, -12, -124, -70, -68]	[108, -132, -157, 86, -136]	[-26, -73, 29, -87, 22]	[59, 88, -4, 93, 155]	[47, -173, -132, -86, -179]	[-168, -85, -144, -87, -117]	[123, -5, -38, -113, -45]	[244, 123, 119, 175, 189]	[10000, 10002, 9997, 9999, 10000]	[225, 220, 177, 215, 160]
347	30.5	[-55, 95, -34, -41, -81]	[117, -234, -53, 55, -191]	[-81, -94, -18, -53, -6]	[-12, -30, -126, -60, -64]	[108, -163, -141, 102, -142]	[-26, -72, 1, -71, -40]	[-6, 80, -5, 71, 154]	[63, -175, -131, -84, -174]	[-179, -75, -141, -92, -89]	[124, -2, -32, -79, -22]	[246, 113, 123, 188, 109]	[10000, 10002, 9999, 10005, 10003]	[225, 204, 225, 221, 108]
348	31.0	[-55, 95, -34, -41, -81]	[117, -234, -53, 55, -191]	[-81, -88, -15, -53, -6]	[-12, -30, -126, -60, -64]	[108, -163, -157, 102, -142]	[-26, -72, 1, -71, -40]	[-6, 80, -5, 71, 160]	[63, -175, -131, -83, -174]	[-179, -75, -141, -92, -89]	[124, -2, -32, -79, -22]	[246, 113, 123, 188, 109]	[10000, 10002, 9999, 10005, 10003]	[225, 204, 225, 221, 108]
349	28.0	[-55, 95, -48, -42, -81]	[122, -212, -45, 57, -99]	[-77, -92, 13, -50, -41]	[-102, 16, -132, -73, -74]	[108, -143, -163, 116, -136]	[-26, -73, 24, -81, 1]	[56, 98, -4, 95, 154]	[48, -116, -116, -94, -173]	[-149, -116, -141, -94, -135]	[128, -7, -61, -81, -24]	[234, 131, 125, 180, 183]	[10000, 10003, 10000, 9997, 10006]	[225, 218, 198, 215, 160]
350	27.5	[-55, 75, -46, -49, -81]	[117, -224, -46, 51, -127]	[-87, -94, -4, -53, -197]	[-17, -12, -124, -70, -68]	[108, -132, -157, 86, -136]	[-26, -73, 29, -87, 22]	[59, 88, -4, 93, 155]	[47, -173, -132, -86, -179]	[-168, -85, -144, -87, -117]	[123, -5, -38, -113, -45]	[244, 123, 119, 175, 189]	[10000, 10002, 9997, 9999, 10000]	[225, 220, 177, 215, 160]
351	27.0	[-55, 95, -34, -41, -81]	[117, -234, -53, 55, -191]	[-81, -94, -18, -53, -6]	[-12, -30, -126, -60, -64]	[108, -163, -141, 102, -142]	[-26, -73, 12, -77, -21]	[-6, 80, -5, 82, 155]	[52, -168, -129, -84, -174]	[-179, -75, -141, -92, -89]	[124, -2, -32, -81, -22]	[246, 113, 123, 179, 115]	[10000, 10002, 9999, 10005, 10003]	[225, 204, 225, 221, 108]
352	25.0	[-55, 95, -34, -41, -81]	[117, -234, -53, 55, -191]	[-81, -88, -15, -53, -6]	[-12, -30, -126, -60, -64]	[108, -163, -157, 102, -142]	[-26, -72, 1, -71, -40]	[-6, 80, -5, 71, 160]	[63, -175, -131, -83, -174]	[-179, -75, -141, -92, -89]	[124, -2, -32, -79, -22]	[246, 113, 123, 188, 109]	[10000, 10002, 9999, 10005, 10003]	[225, 204, 225, 227, 108]
353	31.5	[-55, 86, -42, -48, -81]	[117, -220, -41, 57, -132]	[-76, -92, -9, -53, -197]	[-17, -18, -129, -81, -78]	[108, -138, -158, 88, -136]	[-26, -73, 28, -81, 12]	[62, 87, -3, 95, 155]	[45, -153, -127, -97, -179]	[-162, -106, -141, -87, -135]	[123, -2, -61, -96, -44]	[238, 117, 121, 179, 174]	[10000, 10002, 9997, 9999, 10000]	[225, 220, 197, 215, 160]
354	32.5	[-55, 95, -40, -41, -81]	[123, -207, -53, 61, -191]	[-81, -93, 19, -53, -74]	[-102, 16, -133, -59, -74]	[108, -143, -169, 108, -136]	[-26, -73, 26, -81, 12]	[56, 80, -4, 92, 155]	[47, -133, -134, -100, -176]	[-144, -94, -142, -92, -135]	[128, -8, -61, -130, -45]	[236, 131, 127, 180, 183]	[10000, 10005, 10000, 9998, 10000]	[225, 218, 191, 215, 160]
355	30.5	[-55, 95, -34, -41, -81]	[117, -234, -53, 55, -191]	[-81, -88, -15, -53, -6]	[-12, -30, -126, -60, -64]	[108, -163, -157, 102, -142]	[-26, -72, 1, -71, -40]	[-6, 80, -5, 71, 160]	[63, -175, -131, -83, -174]	[-179, -75, -141, -92, -89]	[124, -2, -32, -79, -22]	[246, 113, 123, 188, 109]	[10000, 10002, 9999, 10005, 10003]	[225, 204, 225, 221, 108]
356	27.5	[-55, 95, -48, -42, -81]	[122, -212, -45, 57, -99]	[-77, -92, 13, -50, -41]	[-102, 16, -132, -73, -74]	[108, -143, -163, 116, -136]	[-26, -73, 26, -81, 1]	[56, 98, -4, 92, 155]	[48, -116, -122, -94, -173]	[-148, -113, -141, -94, -135]	[128, -7, -61, -81, -24]	[234, 125, 129, 180, 183]	[10000, 10003, 9997, 9997, 10005]	[225, 218, 198, 215, 160]
357	26.0	[-55, 95, -48, -42, -81]	[122, -212, -45, 57, -99]	[-77, -92, 13, -50, -41]	[-102, 16, -132, -73, -74]	[108, -143, -163, 116, -136]	[-26, -73, 26, -81, 1]	[56, 98, -4, 92, 155]	[48, -116, -122, -94, -173]	[-148, -113, -141, -94, -135]	[128, -7, -61, -81, -24]	[234, 125, 129, 180, 183]	[10000, 10003, 9997, 9997, 10005]	[225, 218, 198, 215, 160]
358	27.5	[-55, 86, -42, -48, -81]	[117, -220, -41, 57, -132]	[-76, -92, -9, -53, -197]	[-36, -11, -137, -70, -75]	[108, -138, -158, 100, -136]	[-26, -73, 28, -75, 12]	[62, 87, -3, 95, 155]	[45, -153, -127, -97, -179]	[-162, -106, -141, -87, -135]	[123, -2, -61, -96, -44]	[238, 117, 121, 179, 174]	[10000, 10002, 9997, 9999, 10000]	[225, 220, 197, 215, 160]
359	27.0	[-55, 95, -34, -41, -81]	[117, -234, -53, 55, -191]	[-81, -94, -18, -53, -6]	[-12, -30, -126, -60, -64]	[108, -163, -141, 102, -142]	[-26, -73, 12, -77, -21]	[-6, 80, -5, 82, 155]	[52, -168, -129, -84, -174]	[-179, -75, -141, -92, -89]	[124, -2, -32, -81, -22]	[246, 113, 117, 179, 115]	[10000, 10002, 9999, 10005, 10003]	[225, 204, 225, 221, 108]
360	33.0	[-55, 95, -40, -41, -81]	[123, -207, -53, 61, -191]	[-81, -93, 19, -50, -24]	[-90, -3, -138, -60, -63]	[108, -143, -162, 105, -124]	[-26, -72, 25, -75, 26]	[56, 98, -3, 89, 154]	[45, -141, -127, -95, -163]	[-162, -112, -141, -88, -135]	[135, -8, -61, -94, -44]	[234, 117, 122, 187, 183]	[10000, 10002, 9998, 10003, 9997]	[225, 218, 191, 215, 160]
361	24.0	[-55, 86, -42, -42, -81]	[117, -220, -41, 57, -132]	[-76, -92, -9, -53, -197]	[-41, -16, -129, -81, -78]	[108, -139, -165, 97, -136]	[-26, -73, 28, -81, 16]	[62, 87, -3, 95, 155]	[47, -156, -127, -97, -172]	[-162, -106, -141, -87, -135]	[123, -2, -61, -96, -44]	[238, 117, 121, 179, 174]	[10000, 10002, 9997, 9999, 10000]	[225, 220, 197, 215, 160]
362	32.5	[-55, 95, -34, -41, -81]	[117, -234, -53, 55, -191]	[-81, -88, -15, -53, -6]	[-12, -30, -126, -60, -64]	[108, -163, -157, 102, -142]	[-26, -72, 1, -71, -40]	[-6, 80, -5, 71, 160]	[63, -175, -131, -83, -174]	[-179, -75, -141, -92, -89]	[124, -2, -32, -79, -22]	[246, 113, 123, 188, 109]	[10000, 10002, 9997, 10004, 10003]	[231, 204, 225, 227, 108]
363	26.5	[-55, 86, -42, -42, -81]	[117, -220, -41, 57, -132]	[-76, -92, -9, -53, -197]	[-41, -16, -129, -81, -78]	[108, -139, -165, 97, -136]	[-26, -73, 28, -81, 16]	[62, 87, -3, 95, 155]	[47, -156, -127, -97, -172]	[-162, -106, -141, -87, -135]	[123, -2, -61, -96, -44]	[238, 117, 121, 179, 174]	[10000, 10002, 9997, 9999, 10000]	[225, 220, 197, 215, 160]
364	30.0	[-55, 95, -34, -41, -81]	[117, -234, -53, 55, -191]	[-81, -88, -15, -53, -6]	[-12, -30, -126, -60, -64]	[108, -163, -157, 102, -142]	[-26, -72, 1, -71, -40]	[-6, 80, -5, 71, 160]	[63, -175, -131, -83, -174]	[-179, -75, -141, -92, -89]	[124, -2, -32, -79, -22]	[246, 113, 123, 188, 109]	[10000, 10002, 9997, 10004, 10003]	[231, 204, 225, 227, 108]
365	30.0	[-55, 86, -42, -48, -81]	[117, -220, -41, 57, -132]	[-76, -92, -9, -53, -197]	[-36, -11, -137, -70, -75]	[108, -138, -158, 100, -136]	[-26, -73, 28, -75, 26]	[62, 102, -3, 79, 155]	[45, -170, -128, -95, -177]	[-164, -95, -141, -89, -135]	[124, -2, -61, -96, -44]	[240, 116, 121, 179, 180]	[10000, 10002, 9998, 9999, 10000]	[228, 208, 200, 227, 136]
366	28.0	[-55, 95, -34, -41, -81]	[117, -234, -53, 55, -191]	[-81, -94, -18, -53, -6]	[-12, -30, -126, -60, -64]	[108, -163, -141, 102, -142]	[-26, -72, 1, -71, -40]	[-6, 80, -5, 71, 154]	[63, -151, -120, -84, -174]	[-179, -75, -141, -92, -89]	[124, -2, -32, -79, -22]	[246, 113, 123, 188, 109]	[10000, 10002, 9999, 10005, 10003]	[225, 204, 225, 221, 108]
367	29.5	[-55, 95, -34, -41, -81]	[117, -234, -53, 55, -191]	[-81, -94, -18, -53, -6]	[-12, -30, -126, -60, -58]	[108, -163, -141, 102, -142]	[-26, -72, 1, -71, -40]	[-6, 80, -5, 71, 154]	[63, -151, -120, -84, -174]	[-179, -75, -141, -92, -89]	[124, -2, -32, -79, -22]	[246, 113, 123, 188, 109]	[10000, 10002, 9999, 10005, 10003]	[225, 204, 225, 221, 108]
368	26.5	[-55, 86, -42, -48, -81]	[117, -220, -41, 57, -132]	[-76, -92, -9, -53, -197]	[-36, -11, -137, -70, -75]	[108, -138, -158, 100, -136]	[-26, -73, 28, -75, 26]	[62, 102, -3, 79, 155]	[45, -170, -128, -95, -177]	[-164, -95, -141, -89, -135]	[124, -2, -60, -88, -28]	[240, 114, 123, 183, 180]	[10000, 10002, 9998, 9999, 10000]	[228, 208, 200, 227, 136]
369	28.5	[-55, 95, -40, -41, -81]	[123, -219, -53, 61, -191]	[-81, -92, -14, -52, -12]	[-69, -13, -127, -62, -63]	[108, -155, -161, 115, -124]	[-26, -73, 29, -81, 26]	[40, 81, -3, 87, 154]	[51, -141, -125, -86, -163]	[-162, -120, -141, -92, -123]	[135, -8, -61, -94, -44]	[235, 113, 118, 181, 183]	[10000, 10002, 9998, 10003, 9997]	[225, 218, 191, 215, 160]
370	27.0	[-55, 95, -40, -41, -81]	[123, -207, -53, 61, -191]	[-81, -92, 17, -50, -41]	[-69, -13, -127, -68, -65]	[108, -138, -161, 115, -124]	[-26, -73, 28, -83, 26]	[56, 81, -4, 87, 154]	[51, -154, -125, -93, -163]	[-162, -101, -141, -92, -111]	[127, -7, -57, -90, -44]	[234, 113, 121, 181, 183]	[10000, 10002, 9998, 10003, 9997]	[225, 218, 191, 215, 160]
371	25.5	[-55, 86, -42, -48, -81]	[117, -220, -41, 57, -132]	[-76, -92, -9, -53, -197]	[-36, -11, -137, -70, -75]	[108, -138, -158, 100, -136]	[-26, -73, 28, -75, 26]	[62, 102, -3, 79, 155]	[45, -170, -128, -95, -177]	[-164, -95, -141, -89, -135]	[124, -2, -60, -88, -28]	[240, 114, 123, 183, 180]	[10000, 10002, 9998, 9999, 10000]	[228, 208, 200, 221, 136]
372	25.5	[-55, 95, -40, -41, -81]	[123, -207, -53, 61, -191]	[-81, -92, 17, -50, -41]	[-69, -13, -127, -68, -65]	[108, -138, -161, 115, -124]	[-26, -73, 28, -83, 20]	[56, 81, -4, 87, 154]	[51, -154, -125, -93, -163]	[-162, -101, -141, -92, -111]	[127, -7, -57, -90, -44]	[234, 113, 121, 181, 183]	[10000, 10002, 9998, 10003, 9997]	[225, 218, 191, 215, 160]
373	26.0	[-55, 95, -40, -41, -81]	[123, -207, -53, 61, -191]	[-81, -93, 13, -53, -74]	[-102, 16, -133, -59, -74]	[108, -143, -169, 108, -136]	[-26, -73, 26, -81, 18]	[56, 80, -4, 92, 155]	[47, -149, -128, -100, -176]	[-144, -94, -142, -92, -135]	[128, -8, -61, -130, -45]	[236, 131, 127, 180, 183]	[10000, 10005, 10000, 9998, 10000]	[225, 218, 191, 215, 160]
374	31.5	[-55, 86, -42, -48, -81]	[117, -220, -41, 57, -132]	[-76, -92, -9, -53, -197]	[-36, -11, -137, -70, -75]	[108, -138, -158, 100, -136]	[-26, -73, 28, -75, 26]	[62, 102, -9, 79, 155]	[45, -170, -128, -95, -177]	[-164, -95, -141, -89, -135]	[127, -4, -58, -88, -28]	[240, 114, 122, 182, 180]	[10000, 10002, 9998, 9999, 10000]	[228, 208, 200, 221, 136]
375	32.0	[-55, 95, -40, -41, -81]	[123, -219, -53, 61, -191]	[-81, -92, -14, -52, -12]	[-69, -13, -127, -62, -63]	[108, -155, -161, 115, -124]	[-26, -73, 29, -81, 26]	[40, 81, -3, 93, 154]	[51, -141, -125, -86, -163]	[-162, -120, -141, -92, -123]	[135, -8, -61, -94, -44]	[235, 113, 118, 181, 183]	[10000, 10002, 9998, 10003, 9997]	[225, 218, 191, 215, 160]
376	24.5	[-55, 95, -40, -41, -81]	[123, -207, -53, 61, -191]	[-81, -93, 13, -53, -74]	[-102, 16, -133, -59, -74]	[108, -143, -169, 108, -136]	[-26, -73, 26, -81, 18]	[56, 80, -4, 92, 155]	[47, -149, -128, -106, -176]	[-144, -94, -142, -92, -135]	[128, -8, -61, -130, -45]	[236, 131, 127, 180, 183]	[10000, 10005, 10000, 9998, 10000]	[225, 218, 191, 215, 160]
377	30.5	[-55, 95, -40, -41, -81]	[123, -219, -53, 61, -191]	[-81, -92, -14, -52, -12]	[-69, -13, -127, -62, -63]	[108, -155, -161, 115, -124]	[-26, -73, 29, -81, 26]	[40, 81, -3, 93, 154]	[51, -141, -125, -86, -163]	[-162, -114, -141, -92, -123]	[135, -8, -61, -94, -44]	[235, 113, 118, 181, 183]	[10000, 10002, 9998, 10003, 9997]	[225, 218, 191, 215, 160]
378	31.5	[-55, 88, -35, -41, -81]	[117, -233, -49, 57, -147]	[-79, -92, -14, -53, -6]	[-12, -30, -128, -61, -58]	[108, -152, -152, 102, -142]	[-26, -72, 1, -78, -37]	[-6, 81, -4, 71, 154]	[63, -151, -120, -84, -174]	[-179, -75, -141, -92, -89]	[124, -2, -32, -79, -22]	[246, 113, 123, 188, 109]	[10000, 10002, 9999, 10005, 10003]	[225, 204, 225, 221, 108]
379	28.0	[-55, 86, -42, -42, -81]	[117, -232, -52, 57, -132]	[-80, -94, -16, -53, -197]	[-17, -18, -129, -81, -78]	[108, -139, -160, 99, -137]	[-26, -73, 18, -76, 16]	[62, 88, -3, 89, 155]	[47, -159, -127, -97, -172]	[-170, -106, -141, -87, -135]	[123, -2, -61, -96, -44]	[238, 117, 122, 180, 174]	[10000, 10002, 9997, 9999, 9994]	[225, 220, 197, 215, 160]
380	29.5	[-55, 95, -40, -41, -81]	[123, -219, -59, 61, -191]	[-80, -92, -14, -52, -12]	[-52, -13, -128, -62, -63]	[108, -155, -161, 115, -124]	[-26, -73, 29, -81, 26]	[40, 81, -3, 93, 154]	[51, -141, -125, -86, -163]	[-162, -114, -141, -92, -123]	[135, -8, -61, -94, -44]	[235, 113, 118, 181, 183]	[10000, 10002, 9998, 10003, 9997]	[225, 218, 191, 215, 160]
381	30.5	[-55, 88, -35, -41, -81]	[117, -233, -49, 57, -147]	[-79, -92, -14, -51, -33]	[-12, -30, -128, -61, -59]	[108, -144, -161, 109, -142]	[-26, -72, 1, -78, -37]	[-6, 81, -4, 72, 154]	[63, -153, -121, -84, -174]	[-179, -75, -141, -92, -89]	[124, -2, -32, -79, -22]	[246, 113, 123, 188, 109]	[10000, 10002, 9999, 10005, 10003]	[225, 204, 225, 221, 108]
382	27.0	[-55, 95, -40, -41, -81]	[123, -218, -51, 61, -191]	[-81, -92, 14, -50, -53]	[-30, -12, -127, -68, -69]	[114, -138, -164, 108, -132]	[-26, -73, 26, -81, 26]	[56, 80, -4, 92, 154]	[47, -136, -129, -100, -176]	[-163, -99, -141, -92, -111]	[127, -7, -57, -118, -44]	[234, 113, 121, 181, 183]	[10000, 10002, 9998, 10003, 9997]	[225, 218, 191, 215, 160]
383	29.5	[-55, 95, -40, -41, -81]	[123, -207, -53, 61, -191]	[-81, -92, 17, -50, -41]	[-101, -9, -126, -68, -68]	[108, -134, -158, 98, -130]	[-26, -73, 30, -75, 15]	[56, 87, -4, 92, 154]	[45, -135, -132, -93, -163]	[-162, -116, -142, -87, -135]	[125, -8, -53, -96, -44]	[234, 120, 123, 179, 172]	[10000, 10002, 9998, 10003, 9997]	[225, 218, 191, 215, 160]
384	33.0	[-55, 95, -40, -41, -81]	[123, -218, -57, 61, -191]	[-81, -92, 14, -50, -53]	[-30, -12, -127, -68, -69]	[114, -138, -164, 108, -132]	[-26, -73, 26, -81, 26]	[56, 80, -4, 92, 154]	[47, -136, -129, -100, -176]	[-163, -99, -141, -92, -111]	[127, -7, -57, -118, -44]	[234, 113, 121, 181, 183]	[10000, 10002, 9998, 10003, 9997]	[225, 218, 191, 215, 160]
385	30.0	[-55, 95, -40, -41, -81]	[123, -219, -59, 61, -191]	[-80, -92, -14, -52, -12]	[-52, -13, -128, -62, -63]	[108, -154, -161, 115, -124]	[-26, -73, 29, -81, 26]	[40, 81, -3, 93, 154]	[51, -141, -125, -86, -163]	[-162, -114, -141, -92, -123]	[135, -8, -61, -94, -44]	[235, 113, 118, 181, 183]	[10000, 10002, 9998, 10003, 9997]	[225, 218, 191, 215, 160]
386	25.5	[-55, 86, -42, -42, -81]	[117, -232, -52, 57, -132]	[-80, -94, -16, -53, -197]	[-17, -18, -129, -81, -78]	[108, -153, -160, 99, -137]	[-26, -73, 18, -76, 16]	[62, 88, -3, 89, 155]	[47, -158, -128, -97, -172]	[-170, -106, -141, -87, -135]	[123, -2, -61, -96, -44]	[238, 117, 121, 180, 174]	[10000, 10002, 9997, 9999, 9994]	[225, 220, 197, 215, 160]
387	29.5	[-55, 86, -42, -48, -81]	[117, -220, -41, 57, -132]	[-79, -92, -9, -53, -197]	[-36, -12, -133, -61, -75]	[108, -138, -158, 100, -136]	[-26, -73, 27, -77, 12]	[60, 82, -5, 79, 155]	[46, -154, -128, -95, -177]	[-163, -95, -141, -89, -135]	[128, -5, -61, -88, -28]	[240, 114, 126, 180, 180]	[10000, 10002, 9999, 9999, 10000]	[228, 208, 200, 221, 157]
388	28.0	[-55, 88, -35, -41, -81]	[117, -233, -49, 57, -147]	[-79, -92, -14, -51, -33]	[-12, -30, -128, -61, -59]	[108, -144, -161, 109, -142]	[-26, -72, 1, -78, -37]	[-6, 81, -4, 72, 154]	[63, -153, -121, -84, -174]	[-179, -75, -141, -92, -89]	[124, -2, -32, -79, -22]	[246, 113, 123, 188, 109]	[10000, 10002, 9999, 10005, 10003]	[225, 204, 225, 221, 108]
389	31.5	[-55, 95, -34, -41, -75]	[117, -234, -53, 55, -191]	[-81, -88, -15, -53, -6]	[-12, -30, -120, -60, -64]	[108, -163, -157, 102, -142]	[-26, -72, -5, -77, -40]	[-6, 80, -5, 71, 160]	[63, -175, -131, -83, -174]	[-179, -75, -141, -92, -89]	[124, -2, -32, -79, -22]	[246, 113, 123, 188, 109]	[10000, 10002, 9999, 10005, 10003]	[225, 204, 225, 221, 108]
390	30.0	[-55, 88, -35, -41, -81]	[117, -233, -49, 57, -147]	[-79, -92, 15, -51, -34]	[-12, -12, -131, -78, -74]	[108, -144, -161, 109, -142]	[-26, -72, 1, -78, -37]	[-6, 81, -4, 72, 154]	[63, -153, -121, -84, -174]	[-179, -75, -141, -92, -89]	[124, -2, -32, -79, -22]	[246, 113, 123, 188, 109]	[10000, 10002, 9999, 10005, 10003]	[225, 204, 225, 221, 108]
391	26.5	[-55, 95, -40, -41, -81]	[123, -219, -55, 61, -191]	[-81, -92, -14, -52, -12]	[-52, -13, -128, -67, -63]	[108, -152, -161, 115, -124]	[-30, -73, 28, -81, 26]	[40, 81, -3, 93, 154]	[51, -141, -125, -89, -163]	[-162, -112, -141, -92, -116]	[135, -8, -61, -94, -44]	[235, 113, 118, 181, 183]	[10000, 10002, 9998, 10003, 9991]	[225, 218, 191, 215, 160]
392	29.0	[-55, 88, -35, -41, -81]	[117, -233, -49, 57, -147]	[-79, -92, 15, -51, -34]	[-12, -12, -131, -78, -74]	[108, -144, -161, 109, -142]	[-26, -72, 1, -78, -37]	[-6, 81, -4, 72, 154]	[63, -153, -121, -84, -174]	[-179, -75, -141, -92, -89]	[124, -2, -32, -79, -22]	[246, 113, 123, 188, 109]	[10000, 10002, 9999, 10005, 10003]	[225, 204, 225, 221, 108]
393	26.0	[-55, 95, -40, -41, -81]	[123, -207, -53, 58, -191]	[-81, -92, 12, -51, -41]	[-101, -9, -126, -65, -68]	[108, -134, -160, 101, -138]	[-26, -73, 17, -78, 11]	[20, 84, -4, 72, 154]	[45, -135, -132, -93, -163]	[-162, -116, -142, -87, -135]	[125, -8, -53, -96, -44]	[234, 120, 123, 179, 172]	[10000, 10002, 9998, 10003, 9997]	[225, 218, 191, 215, 160]
394	31.0	[-55, 86, -42, -42, -81]	[117, -232, -52, 57, -132]	[-80, -94, -16, -52, -197]	[-17, -14, -129, -81, -78]	[108, -153, -165, 97, -136]	[-26, -73, 20, -74, 16]	[62, 87, -3, 90, 155]	[47, -159, -128, -85, -172]	[-162, -106, -141, -87, -135]	[123, -2, -61, -96, -44]	[238, 117, 115, 179, 174]	[10000, 10002, 9997, 9999, 9994]	[225, 220, 197, 215, 160]
395	30.0	[-55, 92, -40, -41, -81]	[120, -207, -53, 61, -191]	[-81, -92, 17, -50, -41]	[-101, -9, -126, -66, -67]	[108, -134, -158, 105, -130]	[-26, -73, 30, -78, 15]	[56, 83, -4, 92, 154]	[45, -135, -132, -93, -163]	[-162, -116, -142, -87, -135]	[125, -8, -53, -96, -44]	[234, 120, 123, 179, 172]	[10000, 10002, 9998, 10003, 9997]	[225, 218, 191, 215, 160]
396	25.0	[-55, 92, -40, -41, -81]	[120, -207, -53, 61, -191]	[-81, -92, 17, -50, -41]	[-101, -9, -126, -66, -67]	[108, -134, -158, 105, -130]	[-26, -73, 30, -78, 15]	[56, 83, -4, 92, 154]	[45, -135, -132, -93, -163]	[-162, -116, -142, -87, -135]	[125, -8, -53, -96, -44]	[234, 120, 123, 179, 172]	[10000, 10002, 9998, 10003, 9997]	[225, 218, 191, 215, 160]
397	30.5	[-55, 86, -42, -48, -81]	[117, -220, -41, 57, -132]	[-79, -92, -9, -53, -197]	[-36, -12, -133, -61, -69]	[108, -138, -158, 100, -136]	[-26, -73, 27, -77, 12]	[60, 82, -5, 79, 155]	[46, -154, -128, -95, -177]	[-163, -95, -141, -89, -135]	[128, -5, -61, -88, -28]	[240, 114, 126, 180, 180]	[10000, 10002, 9999, 9999, 10000]	[228, 208, 200, 221, 157]
398	29.0	[-55, 86, -42, -48, -81]	[117, -220, -41, 57, -132]	[-79, -92, -3, -53, -197]	[-36, -12, -139, -61, -75]	[108, -138, -158, 100, -136]	[-26, -73, 27, -77, 12]	[60, 82, -5, 79, 155]	[46, -154, -128, -95, -177]	[-163, -96, -141, -89, -135]	[128, -6, -61, -88, -28]	[240, 114, 126, 180, 186]	[10000, 10002, 9999, 9999, 10000]	[228, 208, 200, 221, 157]
399	28.5	[-55, 86, -42, -48, -81]	[117, -220, -41, 57, -132]	[-79, -92, -3, -53, -197]	[-36, -12, -139, -61, -75]	[108, -138, -158, 100, -136]	[-26, -73, 27, -77, 12]	[60, 82, -5, 79, 155]	[46, -154, -128, -95, -177]	[-163, -98, -141, -92, -112]	[127, -7, -61, -88, -28]	[240, 114, 126, 180, 186]	[10000, 10002, 9999, 9999, 10000]	[228, 208, 200, 215, 157]
