generation	fitness	corner	c	a1	a2	b1	b2	b3	x	o1	o2	wp	ww	we
800	36.0	[112, -19, -23, 76, 79]	[-80, -148, -69, 15, -16]	[-170, -57, 26, -19, -148]	[-46, -169, -93, -111, -96]	[127, -81, -101, 23, 37]	[-149, -17, 5, -33, 102]	[-47, 53, -1, 101, 182]	[-89, -120, -119, -114, -166]	[-163, -120, -108, -118, -90]	[-34, -36, -8, -39, -63]	[84, 111, 79, 176, 140]	[10004, 10004, 9997, 10000, 9996]	[226, 194, 187, 240, 196]
801	42.0	[88, 135, -54, 135, 98]	[-168, -147, -84, 20, -140]	[-151, -42, 19, -8, -177]	[-52, -154, -76, -92, -98]	[121, -85, -73, 31, 2]	[-62, -29, 17, -20, 89]	[-57, 59, 12, 93, 237]	[-74, -149, -121, -90, -166]	[-163, -144, -116, -102, -124]	[-31, -15, -14, -11, -66]	[127, 132, 114, 178, 58]	[10004, 10001, 9999, 9996, 9994]	[170, 181, 176, 197, 163]
802	35.0	[88, 135, -54, 135, 98]	[-168, -147, -84, 20, -140]	[-151, -42, 19, -8, -177]	[-52, -154, -76, -92, -98]	[121, -85, -73, 31, 2]	[-62, -29, 17, -20, 89]	[-57, 59, 12, 93, 237]	[-74, -149, -121, -90, -166]	[-163, -144, -116, -102, -124]	[-31, -15, -14, -11, -66]	[127, 132, 114, 178, 58]	[10004, 10001, 9999, 9996, 9994]	[170, 181, 176, 197, 163]
803	38.5	[88, 135, -54, 135, 98]	[-168, -147, -84, 20, -140]	[-151, -42, 19, -8, -177]	[-52, -154, -76, -92, -98]	[121, -85, -73, 31, 2]	[-62, -29, 17, -20, 89]	[-57, 59, 12, 93, 237]	[-74, -149, -121, -90, -166]	[-163, -144, -116, -102, -124]	[-31, -15, -14, -11, -66]	[127, 132, 114, 178, 58]	[10004, 10001, 9999, 9996, 9994]	[170, 181, 176, 197, 163]
804	37.0	[112, -19, -23, 76, 79]	[-76, -149, -69, 15, 33]	[-158, -58, 26, -19, -148]	[-50, -173, -100, -110, -104]	[130, -85, -101, 23, 37]	[-132, -23, 12, -44, 101]	[-44, 53, -1, 103, 182]	[-82, -120, -115, -116, -166]	[-157, -126, -107, -116, -115]	[-33, -33, -8, -40, -62]	[91, 112, 99, 181, 139]	[10004, 9998, 9997, 10004, 9996]	[201, 124, 187, 240, 169]
805	42.0	[21, -17, -12, 44, 52]	[-74, -148, -63, 20, 20]	[-150, -56, 26, -19, -148]	[-46, -166, -93, -103, -100]	[127, -74, -87, 24, 30]	[-33, -22, 7, -27, 102]	[-49, 52, 6, 101, 234]	[-79, -120, -117, -118, -166]	[-161, -124, -107, -118, -92]	[-29, -34, -8, -39, -62]	[138, 112, 105, 180, 152]	[10004, 10002, 9996, 10000, 10000]	[214, 192, 177, 235, 234]
806	41.0	[21, -17, -12, 44, 52]	[-74, -148, -63, 20, 20]	[-150, -56, 26, -19, -148]	[-46, -166, -93, -103, -100]	[127, -74, -87, 24, 30]	[-33, -22, 7, -27, 102]	[-49, 52, 6, 101, 234]	[-79, -120, -117, -118, -166]	[-161, -124, -107, -118, -92]	[-29, -34, -8, -39, -62]	[138, 112, 105, 180, 152]	[10004, 10002, 9996, 10000, 10000]	[214, 192, 177, 235, 234]
807	38.5	[108, 97, -24, 84, 103]	[-127, -152, -77, 20, -15]	[-160, -43, 22, 4, -169]	[-50, -162, -83, -105, -78]	[128, -77, -99, 30, 25]	[-111, -25, 14, -51, 136]	[-106, 52, 4, 101, 180]	[-120, -115, -125, -117, -152]	[-160, -133, -109, -118, -106]	[-31, -23, -17, -20, -102]	[88, 113, 108, 173, 4]	[10005, 10003, 9999, 10000, 10004]	[220, 124, 193, 279, 264]
808	38.0	[88, 135, -54, 135, 98]	[-168, -147, -84, 20, -140]	[-151, -42, 19, -8, -177]	[-52, -154, -76, -92, -98]	[121, -85, -73, 31, 2]	[-62, -29, 17, -20, 89]	[-57, 59, 12, 93, 237]	[-74, -149, -121, -90, -166]	[-163, -144, -116, -102, -124]	[-31, -15, -14, -11, -66]	[127, 132, 114, 178, 58]	[10004, 10001, 9999, 9996, 9994]	[170, 181, 176, 197, 163]
809	44.0	[21, -17, -12, 44, 52]	[-74, -148, -63, 20, 20]	[-150, -56, 26, -19, -148]	[-46, -166, -73, -102, -100]	[127, -78, -90, 22, -14]	[-96, -13, 14, -24, 99]	[-49, 53, 7, 95, 230]	[-88, -120, -114, -118, -166]	[-161, -124, -106, -118, -92]	[-29, -34, -8, -39, -59]	[129, 113, 105, 179, 154]	[10004, 10001, 9996, 9998, 10000]	[214, 192, 177, 235, 234]
810	40.0	[105, -21, -29, 44, 76]	[-111, -150, -65, 16, 35]	[-160, -57, 20, -10, -108]	[-46, -187, -94, -101, -78]	[114, -83, -110, 18, 44]	[-122, -17, 12, -48, 81]	[-70, 51, 1, 100, 206]	[-85, -121, -122, -110, -145]	[-162, -105, -101, -111, -127]	[2, -18, 1, -41, -55]	[94, 117, 109, 172, 153]	[10006, 9997, 9999, 9995, 9996]	[225, 212, 180, 221, 154]
811	37.0	[21, -17, -12, 44, 52]	[-74, -148, -63, 20, 20]	[-150, -56, 26, -19, -148]	[-46, -166, -93, -103, -100]	[127, -74, -87, 24, 30]	[-33, -22, 7, -27, 102]	[-49, 52, 6, 101, 234]	[-79, -120, -117, -118, -166]	[-161, -124, -107, -118, -92]	[-29, -34, -8, -39, -62]	[138, 118, 105, 180, 152]	[10004, 10002, 9996, 10000, 10000]	[214, 192, 171, 235, 234]
812	35.0	[21, -17, -16, 44, 52]	[-74, -152, -63, 20, 20]	[-150, -59, 26, -19, -148]	[-46, -167, -93, -111, -101]	[126, -82, -101, 21, 45]	[-128, 1, 14, -33, 122]	[-49, 46, 1, 95, 178]	[-89, -118, -118, -113, -176]	[-161, -124, -113, -116, -115]	[-29, -34, -10, -33, -62]	[138, 118, 105, 180, 152]	[10004, 10002, 9996, 10000, 10000]	[214, 192, 177, 235, 234]
813	36.0	[112, -19, -23, 76, 79]	[-76, -149, -69, 15, 33]	[-158, -58, 26, -19, -148]	[-50, -173, -100, -110, -104]	[130, -85, -84, 54, 25]	[-101, -29, 13, -44, 125]	[-44, 53, 7, 96, 183]	[-82, -112, -121, -112, -166]	[-158, -143, -115, -118, -115]	[-33, -33, -8, -24, -102]	[91, 112, 99, 181, 51]	[10004, 9998, 9998, 9995, 9998]	[201, 124, 187, 248, 262]
814	36.0	[21, -17, -12, 44, 52]	[-74, -148, -63, 20, 20]	[-131, -56, 25, -17, -148]	[-46, -181, -78, -108, -100]	[127, -78, -90, 13, -5]	[-109, -16, 12, -33, 82]	[-49, 53, 23, 100, 211]	[-86, -119, -120, -112, -166]	[-161, -124, -107, -118, -102]	[-29, -34, -9, -39, -62]	[138, 112, 105, 180, 152]	[10004, 10002, 9996, 10000, 10000]	[214, 192, 177, 235, 234]
815	39.5	[21, -17, -16, 44, 52]	[-74, -152, -57, 20, 20]	[-150, -59, 26, -19, -148]	[-46, -167, -93, -111, -101]	[126, -82, -101, 21, 45]	[-128, 1, 14, -33, 122]	[-49, 46, 1, 95, 178]	[-89, -118, -118, -113, -176]	[-161, -124, -113, -116, -115]	[-29, -34, -10, -33, -62]	[138, 118, 105, 180, 152]	[10004, 10002, 9996, 10000, 10000]	[214, 192, 177, 235, 234]
816	43.0	[108, 93, -12, 79, 103]	[-127, -152, -68, 20, -15]	[-160, -43, 32, -6, -169]	[-50, -171, -88, -105, -89]	[128, -77, -99, 30, 25]	[-111, -24, 14, -51, 136]	[-88, 52, -1, 101, 180]	[-120, -115, -120, -117, -152]	[-160, -133, -109, -118, -107]	[-31, -23, -14, -24, -102]	[91, 113, 92, 174, 24]	[10005, 10002, 9998, 10003, 10004]	[220, 124, 193, 279, 264]
817	38.0	[21, -17, -12, 44, 52]	[-74, -148, -63, 20, 20]	[-150, -56, 26, -19, -148]	[-46, -166, -73, -102, -100]	[127, -78, -90, 22, -14]	[-96, -13, 14, -18, 99]	[-49, 53, 7, 95, 230]	[-88, -120, -114, -118, -166]	[-161, -124, -106, -118, -92]	[-29, -34, -8, -39, -59]	[129, 113, 105, 179, 154]	[10004, 10001, 9996, 9998, 10000]	[214, 192, 177, 235, 234]
818	38.5	[21, -17, -16, 44, 52]	[-74, -152, -57, 20, 20]	[-150, -59, 26, -19, -148]	[-46, -167, -93, -111, -101]	[126, -82, -101, 21, 45]	[-128, 1, 14, -33, 122]	[-49, 46, 1, 95, 178]	[-89, -118, -118, -113, -176]	[-161, -124, -113, -116, -115]	[-29, -34, -16, -33, -62]	[138, 118, 105, 180, 152]	[10004, 10002, 9996, 10000, 10000]	[214, 192, 177, 229, 234]
819	36.0	[21, -17, -16, 44, 52]	[-74, -152, -57, 20, 20]	[-150, -59, 26, -19, -148]	[-46, -167, -93, -111, -101]	[126, -82, -101, 21, 45]	[-128, 1, 14, -33, 122]	[-49, 46, 1, 95, 178]	[-89, -118, -118, -113, -176]	[-161, -124, -113, -116, -115]	[-29, -34, -16, -33, -62]	[138, 118, 105, 180, 152]	[10004, 10002, 9996, 10000, 10000]	[214, 192, 177, 229, 234]
820	36.5	[21, -17, -12, 44, 52]	[-74, -148, -63, 20, 20]	[-131, -56, 25, -11, -148]	[-46, -181, -78, -108, -100]	[127, -78, -90, 7, -5]	[-109, -16, 12, -33, 82]	[-49, 53, 23, 100, 211]	[-86, -119, -120, -112, -166]	[-161, -124, -107, -118, -102]	[-29, -34, -9, -39, -62]	[138, 112, 105, 180, 152]	[10004, 10002, 9996, 10000, 10000]	[214, 192, 177, 235, 234]
821	42.0	[175, 120, 39, 75, -38]	[-156, -101, -76, 19, -132]	[-169, -11, 23, -9, -176]	[13, -157, -73, -101, -100]	[127, -87, -95, 48, 4]	[-102, -30, 11, -40, 109]	[-40, 60, 11, 89, 119]	[-123, -128, -114, -112, -105]	[-164, -126, -127, -97, -149]	[10, -13, -22, -3, -75]	[71, 130, 125, 174, 143]	[9999, 9996, 9996, 9997, 10002]	[195, 196, 175, 212, 167]
822	36.5	[175, 120, 39, 75, -38]	[-156, -101, -76, 19, -132]	[-169, -11, 23, -9, -176]	[13, -157, -73, -101, -100]	[127, -87, -95, 48, 4]	[-102, -30, 11, -40, 109]	[-40, 60, 11, 89, 119]	[-123, -128, -114, -112, -105]	[-164, -126, -127, -97, -149]	[10, -13, -22, -3, -75]	[71, 130, 125, 174, 143]	[9999, 9996, 9996, 9997, 10002]	[195, 196, 175, 212, 167]
823	34.0	[105, -21, -29, 44, 76]	[-111, -150, -65, 16, 35]	[-160, -56, 26, -10, -108]	[-46, -187, -93, -111, -82]	[124, -83, -101, 18, 44]	[-122, -14, 12, -48, 81]	[-50, 50, 1, 100, 206]	[-87, -120, -120, -110, -145]	[-162, -105, -101, -116, -123]	[2, -18, 1, -41, -55]	[94, 117, 109, 172, 153]	[10006, 9997, 9999, 9995, 9996]	[225, 212, 180, 221, 154]
824	42.5	[112, -19, -23, 76, 79]	[-75, -151, -60, 15, 27]	[-158, -58, 26, -19, -148]	[-48, -168, -99, -106, -91]	[130, -85, -101, 24, 32]	[-131, -20, 13, -34, 102]	[-49, 51, 2, 102, 233]	[-82, -118, -114, -116, -166]	[-161, -125, -104, -124, -111]	[-33, -28, -8, -39, -62]	[110, 112, 105, 181, 139]	[10004, 10001, 9996, 10003, 9996]	[201, 124, 182, 240, 169]
825	36.5	[21, -17, -16, 50, 52]	[-74, -152, -57, 20, 20]	[-150, -59, 26, -19, -148]	[-46, -175, -93, -111, -84]	[126, -85, -101, 20, 45]	[-125, -4, 14, -39, 122]	[-49, 46, 1, 95, 178]	[-89, -118, -118, -113, -176]	[-161, -124, -113, -116, -115]	[-29, -34, -16, -33, -62]	[138, 118, 105, 180, 152]	[10004, 10002, 9996, 10000, 10000]	[214, 192, 177, 229, 234]
826	42.0	[105, -21, -29, 44, 76]	[-111, -150, -65, 16, 35]	[-160, -56, 26, -10, -108]	[-46, -187, -93, -111, -82]	[124, -83, -101, 18, 44]	[-122, -14, 12, -48, 81]	[-50, 50, 1, 100, 206]	[-87, -120, -120, -110, -145]	[-162, -105, -101, -116, -123]	[2, -18, 1, -41, -55]	[94, 117, 109, 172, 153]	[10006, 9997, 9999, 9995, 9996]	[225, 212, 180, 221, 154]
827	37.5	[21, -17, -12, 44, 52]	[-74, -148, -63, 20, 20]	[-150, -56, 26, -19, -148]	[-46, -166, -93, -103, -100]	[127, -74, -87, 24, 30]	[-33, -22, 7, -27, 102]	[-49, 52, 6, 101, 234]	[-79, -120, -117, -118, -166]	[-161, -124, -112, -118, -92]	[-29, -34, -11, -39, -62]	[138, 118, 105, 180, 152]	[10004, 10002, 9996, 10000, 10000]	[214, 192, 177, 235, 234]
828	36.0	[108, 93, -12, 79, 103]	[-127, -152, -68, 20, -15]	[-160, -49, 32, -6, -169]	[-50, -171, -88, -111, -89]	[128, -85, -100, 43, 25]	[-138, -24, 14, -51, 136]	[-88, 53, -1, 100, 186]	[-119, -119, -114, -117, -152]	[-160, -133, -112, -111, -117]	[-14, -23, -5, -25, -102]	[88, 116, 99, 176, 133]	[10005, 10003, 9999, 10006, 10004]	[226, 124, 184, 279, 264]
829	34.0	[112, -19, -23, 76, 79]	[-76, -149, -69, 16, 33]	[-158, -58, 29, -12, -148]	[-50, -172, -100, -110, -104]	[128, -77, -84, 54, 25]	[-101, -28, 14, -49, 125]	[-73, 53, 7, 98, 183]	[-112, -113, -121, -115, -160]	[-158, -143, -115, -118, -115]	[-33, -33, -8, -24, -102]	[118, 115, 99, 181, 51]	[10004, 9998, 10004, 9999, 10000]	[201, 124, 187, 248, 262]
830	35.5	[108, 93, -12, 79, 103]	[-127, -152, -68, 20, -15]	[-160, -49, 32, -6, -169]	[-50, -171, -88, -117, -89]	[128, -85, -100, 43, 25]	[-138, -24, 14, -51, 136]	[-88, 53, -1, 100, 186]	[-119, -119, -114, -117, -152]	[-160, -133, -112, -111, -117]	[-14, -23, -5, -25, -102]	[88, 116, 99, 176, 133]	[10005, 10003, 9999, 10006, 10004]	[226, 124, 184, 279, 264]
831	40.0	[21, -17, -12, 44, 52]	[-74, -148, -63, 20, 20]	[-150, -56, 26, -19, -148]	[-46, -166, -73, -102, -100]	[127, -78, -90, 22, -14]	[-96, -13, 14, -18, 99]	[-49, 53, 7, 95, 230]	[-88, -120, -114, -118, -166]	[-157, -126, -106, -116, -101]	[-29, -34, -8, -34, -59]	[129, 113, 105, 179, 154]	[10010, 10001, 9996, 9998, 10000]	[214, 192, 177, 235, 234]
832	37.0	[21, -17, -12, 44, 52]	[-74, -148, -63, 20, 20]	[-148, -56, 25, -11, -148]	[-46, -181, -78, -108, -100]	[127, -78, -89, 7, -5]	[-103, -21, 12, -33, 82]	[-49, 52, 16, 100, 211]	[-86, -119, -120, -112, -166]	[-161, -124, -107, -118, -102]	[-29, -34, -9, -39, -62]	[138, 112, 105, 174, 152]	[10004, 10002, 9996, 10000, 10000]	[214, 192, 177, 235, 234]
833	40.0	[29, 34, -12, 79, 103]	[-126, -150, -66, 20, -15]	[-160, -43, 30, -11, -169]	[-50, -171, -88, -105, -89]	[128, -78, -96, 26, 25]	[-111, -24, 14, -38, 113]	[-88, 52, -1, 101, 180]	[-99, -118, -117, -117, -152]	[-160, -128, -109, -118, -107]	[-31, -23, -12, -24, -102]	[119, 113, 105, 174, 24]	[10005, 10002, 9997, 10000, 10004]	[220, 135, 194, 239, 264]
834	37.5	[21, -17, -16, 50, 52]	[-74, -152, -51, 20, 20]	[-150, -59, 26, -19, -148]	[-46, -174, -93, -111, -84]	[127, -78, -96, 20, 45]	[-125, -13, 8, -39, 122]	[-49, 46, 3, 97, 178]	[-89, -118, -118, -113, -176]	[-161, -124, -113, -116, -115]	[-29, -34, -16, -33, -62]	[138, 118, 105, 180, 152]	[10004, 10002, 9996, 10000, 10000]	[214, 192, 177, 229, 234]
835	38.5	[108, 93, -12, 79, 103]	[-127, -152, -68, 20, -15]	[-160, -12, 27, -9, -169]	[-50, -171, -85, -117, -89]	[128, -87, -96, 43, 25]	[-118, -24, 14, -35, 136]	[-41, 53, 1, 95, 162]	[-119, -120, -114, -117, -152]	[-160, -133, -112, -111, -117]	[-14, -23, -5, -25, -102]	[88, 116, 99, 176, 133]	[10005, 10003, 9999, 10006, 10004]	[226, 124, 184, 279, 264]
836	39.5	[21, -17, -12, 44, 52]	[-74, -148, -63, 20, 20]	[-148, -56, 25, -11, -148]	[-46, -181, -78, -108, -100]	[127, -78, -89, 7, -5]	[-103, -21, 12, -33, 82]	[-49, 52, 16, 100, 211]	[-86, -119, -120, -112, -166]	[-161, -124, -107, -118, -102]	[-29, -34, -9, -39, -62]	[138, 112, 105, 174, 152]	[10004, 10002, 9996, 10000, 10000]	[214, 192, 177, 235, 234]
837	38.5	[21, -17, -12, 44, 52]	[-74, -148, -63, 20, 20]	[-150, -56, 26, -19, -148]	[-46, -166, -73, -102, -100]	[127, -78, -90, 22, -14]	[-96, -13, 14, -18, 99]	[-49, 53, 7, 95, 230]	[-88, -120, -114, -118, -166]	[-157, -126, -106, -116, -101]	[-29, -34, -8, -34, -59]	[129, 113, 105, 173, 154]	[10010, 10001, 9996, 9998, 10000]	[214, 192, 177, 235, 234]
838	39.5	[108, 93, -12, 75, 67]	[-127, -152, -65, 20, 16]	[-160, -12, 27, -11, -169]	[-50, -172, -85, -117, -89]	[128, -78, -96, 43, 25]	[-107, -21, 13, -35, 127]	[-41, 53, 7, 95, 162]	[-119, -120, -119, -113, -152]	[-160, -133, -112, -111, -117]	[-14, -23, -9, -28, -102]	[88, 116, 105, 175, 133]	[10005, 10003, 9999, 10006, 10004]	[226, 124, 184, 279, 264]
839	41.5	[108, 93, -12, 75, 67]	[-127, -152, -65, 20, 16]	[-160, -12, 27, -11, -169]	[-50, -172, -85, -117, -89]	[128, -78, -96, 43, 25]	[-107, -21, 13, -35, 127]	[-41, 53, 7, 95, 162]	[-119, -120, -119, -113, -152]	[-160, -133, -112, -111, -117]	[-14, -23, -9, -28, -102]	[88, 116, 105, 175, 133]	[10005, 10003, 9999, 10006, 9998]	[226, 124, 184, 279, 264]
840	40.5	[112, -19, -23, 76, 79]	[-76, -149, -69, 16, 33]	[-158, -58, 26, -12, -148]	[-49, -171, -100, -108, -101]	[129, -83, -91, 43, 30]	[-121, -27, 12, -36, 102]	[-70, 53, 1, 99, 183]	[-87, -119, -120, -115, -160]	[-160, -143, -115, -118, -115]	[-33, -33, -8, -24, -91]	[115, 115, 99, 181, 51]	[10004, 9998, 10004, 9999, 10000]	[201, 124, 187, 248, 262]
841	38.5	[112, -19, -23, 76, 79]	[-75, -151, -60, 15, 27]	[-158, -58, 26, -19, -148]	[-48, -168, -99, -106, -91]	[130, -85, -101, 24, 32]	[-131, -20, 13, -34, 102]	[-49, 51, 2, 102, 233]	[-82, -118, -117, -113, -169]	[-161, -124, -104, -124, -111]	[-33, -28, -11, -35, -62]	[110, 112, 105, 181, 148]	[10004, 10001, 9996, 10003, 9996]	[201, 124, 182, 240, 169]
842	38.0	[108, 93, -12, 75, 67]	[-127, -152, -65, 20, 16]	[-160, -12, 27, -11, -169]	[-50, -172, -85, -117, -89]	[128, -78, -95, 19, 24]	[-107, -21, 13, -35, 127]	[-41, 53, 8, 100, 162]	[-119, -120, -119, -113, -152]	[-160, -133, -112, -111, -117]	[-14, -23, -9, -28, -102]	[88, 116, 105, 175, 133]	[10005, 10003, 9999, 10006, 9998]	[226, 124, 184, 279, 264]
843	48.0	[108, 93, -12, 79, 103]	[-127, -152, -68, 20, -15]	[-160, -49, 32, -6, -169]	[-49, -176, -84, -117, -89]	[128, -80, -91, 31, 25]	[-138, -24, 13, -38, 136]	[-76, 52, -1, 100, 186]	[-119, -119, -114, -112, -152]	[-160, -129, -111, -111, -117]	[-21, -23, -5, -25, -102]	[88, 116, 102, 176, 133]	[10005, 10003, 9999, 10003, 10004]	[226, 124, 184, 279, 251]
844	43.0	[108, 93, -12, 79, 103]	[-127, -152, -68, 20, -15]	[-160, -49, 32, -6, -169]	[-49, -176, -84, -117, -89]	[128, -80, -91, 31, 25]	[-138, -24, 13, -38, 136]	[-76, 52, -1, 100, 186]	[-119, -119, -114, -112, -152]	[-160, -129, -111, -111, -117]	[-21, -23, -5, -25, -102]	[88, 116, 102, 176, 133]	[10005, 10003, 9999, 10003, 10004]	[226, 124, 184, 279, 251]
845	40.5	[112, -19, -23, 76, 79]	[-75, -151, -66, 15, 27]	[-158, -58, 26, -19, -148]	[-48, -168, -99, -106, -91]	[130, -85, -101, 24, 32]	[-131, -20, 13, -34, 102]	[-49, 47, 2, 100, 213]	[-82, -118, -114, -116, -166]	[-161, -125, -104, -124, -111]	[-33, -28, -8, -39, -62]	[110, 112, 105, 181, 139]	[10004, 10001, 9996, 10003, 9996]	[201, 124, 182, 240, 169]
846	40.0	[112, -19, -23, 76, 79]	[-75, -151, -60, 15, 27]	[-158, -58, 26, -19, -148]	[-48, -168, -99, -106, -91]	[130, -85, -101, 24, 32]	[-131, -20, 13, -34, 102]	[-49, 51, 2, 102, 233]	[-82, -118, -114, -112, -169]	[-161, -128, -111, -114, -111]	[-33, -28, -11, -27, -74]	[110, 112, 102, 181, 134]	[10005, 10001, 9996, 10003, 9996]	[218, 124, 182, 240, 169]
847	44.5	[99, -21, -29, 44, 76]	[-111, -144, -65, 16, 35]	[-160, -56, 26, -10, -108]	[-40, -187, -93, -107, -92]	[125, -79, -101, 18, 44]	[-122, -14, 11, -36, 99]	[-50, 57, 1, 101, 215]	[-79, -113, -120, -110, -145]	[-160, -137, -108, -116, -123]	[-6, -33, -7, -41, -55]	[94, 117, 109, 172, 153]	[10006, 9997, 9999, 9995, 9996]	[225, 212, 180, 221, 154]
848	35.5	[108, 93, -12, 75, 67]	[-127, -152, -65, 20, 16]	[-160, -12, 27, -11, -169]	[-50, -172, -85, -117, -89]	[128, -78, -95, 48, 24]	[-107, -27, 13, -35, 127]	[-41, 49, 8, 94, 143]	[-119, -120, -115, -113, -148]	[-160, -129, -112, -111, -117]	[-14, -23, -9, -28, -102]	[88, 116, 105, 175, 133]	[10005, 10003, 9999, 10006, 9998]	[226, 124, 184, 279, 264]
849	37.5	[108, 93, -12, 75, 67]	[-127, -152, -65, 20, 16]	[-160, -12, 27, -11, -169]	[-50, -172, -85, -117, -89]	[128, -78, -96, 43, 25]	[-107, -21, 13, -35, 127]	[-41, 53, 7, 95, 162]	[-119, -120, -119, -113, -152]	[-160, -128, -111, -111, -117]	[-28, -23, -9, -25, -102]	[88, 115, 105, 175, 133]	[10005, 10003, 9999, 10006, 10004]	[226, 124, 184, 279, 264]
850	38.5	[112, -19, -23, 76, 79]	[-75, -151, -66, 15, 27]	[-158, -58, 26, -19, -148]	[-48, -168, -99, -106, -91]	[130, -85, -101, 24, 32]	[-131, -20, 13, -34, 102]	[-49, 47, 2, 100, 213]	[-82, -118, -114, -116, -166]	[-161, -125, -104, -124, -111]	[-33, -28, -8, -39, -62]	[110, 112, 105, 181, 139]	[10004, 10001, 9996, 10003, 9996]	[201, 124, 182, 240, 169]
851	38.5	[108, 93, -12, 75, 67]	[-127, -152, -65, 20, 16]	[-160, -12, 27, -11, -169]	[-50, -172, -85, -117, -89]	[128, -78, -95, 48, 24]	[-107, -27, 13, -35, 127]	[-41, 49, 8, 94, 143]	[-119, -120, -115, -113, -148]	[-160, -129, -112, -111, -117]	[-14, -23, -9, -28, -102]	[88, 116, 105, 175, 133]	[10005, 10003, 9999, 10006, 9998]	[226, 124, 184, 279, 264]
852	38.5	[21, -17, -12, 74, 70]	[-74, -148, -63, 20, 20]	[-168, -37, 25, -11, -148]	[-46, -181, -76, -108, -100]	[127, -83, -95, 20, -5]	[-103, -21, 12, -33, 82]	[-49, 52, 16, 100, 211]	[-86, -119, -120, -112, -166]	[-161, -124, -107, -118, -102]	[-29, -34, -9, -39, -62]	[138, 112, 105, 174, 152]	[10004, 10002, 9996, 10000, 10000]	[214, 192, 177, 235, 234]
853	35.0	[112, -19, -23, 76, 79]	[-76, -149, -69, 15, 27]	[-158, -58, 26, -18, -148]	[-50, -172, -100, -104, -101]	[130, -82, -90, 53, 32]	[-132, -27, 13, -39, 108]	[-49, 53, -1, 102, 233]	[-82, -119, -116, -116, -166]	[-161, -143, -112, -116, -115]	[-30, -31, -8, -29, -66]	[130, 114, 99, 181, 139]	[10004, 9998, 9997, 9999, 10000]	[201, 136, 181, 236, 228]
854	36.0	[112, -19, -23, 76, 79]	[-75, -151, -60, 15, 27]	[-158, -58, 26, -19, -148]	[-48, -168, -99, -106, -91]	[130, -85, -101, 24, 32]	[-131, -20, 13, -34, 102]	[-49, 51, 2, 102, 233]	[-82, -118, -114, -112, -169]	[-161, -128, -111, -114, -111]	[-33, -28, -11, -27, -74]	[110, 112, 102, 181, 134]	[10005, 10001, 9996, 10003, 9996]	[218, 124, 182, 240, 169]
855	38.5	[108, 93, -12, 75, 67]	[-127, -152, -65, 20, 16]	[-160, -12, 27, -11, -169]	[-50, -172, -85, -117, -89]	[128, -78, -95, 48, 24]	[-107, -27, 13, -35, 127]	[-41, 49, 8, 94, 143]	[-119, -120, -115, -113, -148]	[-160, -129, -112, -111, -117]	[-14, -23, -15, -28, -102]	[88, 116, 105, 175, 133]	[10005, 10003, 9999, 10006, 9998]	[226, 124, 184, 279, 264]
856	36.5	[112, -19, -23, 76, 79]	[-75, -151, -60, 15, 27]	[-158, -58, 26, -19, -148]	[-48, -168, -99, -106, -91]	[130, -85, -101, 24, 32]	[-131, -20, 13, -34, 102]	[-49, 51, 2, 102, 233]	[-82, -118, -114, -112, -169]	[-161, -128, -111, -114, -111]	[-33, -28, -11, -27, -74]	[110, 112, 102, 181, 134]	[10005, 10001, 9996, 10003, 9996]	[218, 124, 182, 240, 169]
857	40.0	[112, -19, -23, 76, 79]	[-75, -151, -60, 15, 27]	[-158, -58, 26, -19, -148]	[-48, -168, -99, -106, -91]	[130, -85, -101, 24, 32]	[-131, -20, 13, -34, 102]	[-49, 51, 2, 102, 233]	[-82, -118, -114, -112, -169]	[-161, -128, -111, -114, -111]	[-33, -28, -11, -27, -74]	[110, 112, 102, 181, 134]	[10005, 10001, 9996, 10003, 9996]	[218, 124, 182, 240, 169]
858	42.5	[112, -19, -23, 76, 79]	[-76, -149, -69, 15, 27]	[-158, -58, 26, -18, -148]	[-50, -172, -100, -104, -101]	[130, -82, -90, 53, 32]	[-132, -27, 13, -39, 108]	[-49, 53, -1, 102, 233]	[-82, -119, -116, -116, -166]	[-161, -143, -112, -116, -115]	[-30, -31, -8, -23, -66]	[130, 114, 99, 181, 139]	[10004, 9998, 9997, 9999, 10000]	[201, 136, 181, 236, 228]
859	35.0	[108, 93, -12, 75, 67]	[-127, -152, -65, 20, 16]	[-160, -12, 27, -11, -169]	[-50, -172, -85, -117, -89]	[128, -78, -95, 15, 25]	[-107, -21, 13, -36, 126]	[-42, 53, 8, 99, 162]	[-119, -120, -119, -112, -160]	[-160, -133, -111, -116, -117]	[-14, -23, -9, -38, -102]	[130, 116, 105, 174, 133]	[10005, 10003, 9999, 10006, 9998]	[226, 124, 184, 279, 264]
860	37.5	[112, -19, -23, 76, 79]	[-75, -151, -60, 15, 27]	[-158, -58, 26, -19, -148]	[-48, -168, -99, -106, -91]	[130, -85, -101, 24, 32]	[-131, -20, 13, -34, 102]	[-49, 51, 2, 102, 233]	[-82, -118, -114, -112, -169]	[-161, -128, -111, -114, -111]	[-33, -28, -11, -27, -74]	[110, 112, 102, 181, 134]	[10005, 10001, 9996, 10003, 9996]	[218, 124, 182, 240, 169]
861	36.0	[86, -19, -13, 64, 79]	[-74, -151, -66, 15, 27]	[-158, -58, 26, -19, -148]	[-48, -168, -99, -106, -91]	[130, -85, -101, 24, 32]	[-131, -20, 13, -34, 102]	[-49, 47, 2, 100, 213]	[-82, -118, -114, -116, -166]	[-161, -125, -104, -124, -111]	[-33, -31, -9, -39, -62]	[110, 112, 105, 181, 139]	[10004, 10001, 9996, 10003, 9996]	[201, 124, 182, 240, 169]
862	37.0	[86, -19, -13, 64, 79]	[-74, -151, -66, 15, 27]	[-158, -58, 26, -19, -148]	[-48, -168, -99, -106, -91]	[130, -85, -101, 24, 32]	[-131, -20, 13, -34, 102]	[-49, 47, 2, 100, 213]	[-82, -118, -114, -116, -166]	[-161, -125, -104, -124, -111]	[-33, -31, -9, -39, -62]	[110, 112, 105, 181, 139]	[10004, 10001, 9996, 10003, 9996]	[201, 124, 182, 240, 169]
863	42.0	[108, 93, -12, 75, 67]	[-127, -152, -65, 20, 16]	[-160, -12, 27, -11, -169]	[-50, -172, -85, -117, -89]	[128, -78, -95, 15, 25]	[-113, -21, 13, -36, 126]	[-42, 53, 8, 99, 162]	[-119, -120, -119, -112, -160]	[-160, -133, -110, -116, -119]	[-14, -23, -9, -38, -102]	[130, 116, 105, 174, 133]	[10005, 10003, 9999, 10006, 9998]	[226, 124, 184, 279, 264]
864	38.5	[86, -19, -13, 64, 79]	[-74, -151, -66, 15, 27]	[-158, -58, 26, -19, -148]	[-48, -168, -99, -106, -91]	[130, -85, -101, 24, 32]	[-131, -20, 13, -34, 102]	[-49, 47, 2, 100, 213]	[-82, -118, -114, -116, -166]	[-161, -125, -104, -124, -111]	[-33, -31, -9, -39, -62]	[110, 112, 105, 181, 139]	[10004, 10001, 9996, 10003, 9996]	[201, 124, 182, 240, 169]
865	39.5	[108, 93, -12, 75, 67]	[-127, -152, -65, 20, 16]	[-160, -12, 27, -11, -169]	[-50, -172, -85, -117, -89]	[128, -78, -95, 15, 25]	[-107, -21, 13, -36, 126]	[-42, 53, 10, 99, 186]	[-119, -120, -119, -112, -161]	[-160, -133, -111, -117, -117]	[-27, -23, -3, -38, -102]	[130, 112, 105, 174, 133]	[10005, 10003, 9999, 10006, 9998]	[226, 124, 184, 279, 258]
866	35.5	[108, 93, -12, 75, 67]	[-127, -150, -65, 20, 16]	[-160, -43, 26, -11, -169]	[-50, -172, -85, -117, -89]	[128, -78, -95, 15, 25]	[-107, -21, 13, -36, 126]	[-42, 53, 10, 99, 186]	[-119, -120, -119, -112, -161]	[-160, -133, -111, -117, -117]	[-27, -23, -3, -38, -102]	[130, 112, 105, 174, 133]	[10005, 10003, 9999, 10006, 9998]	[226, 124, 184, 279, 258]
867	36.0	[86, -19, -13, 64, 79]	[-74, -151, -66, 15, 27]	[-158, -58, 26, -19, -148]	[-48, -168, -99, -106, -91]	[130, -85, -101, 24, 32]	[-131, -20, 13, -34, 102]	[-49, 47, 2, 100, 213]	[-82, -118, -114, -116, -166]	[-161, -125, -104, -124, -111]	[-33, -31, -9, -39, -62]	[110, 112, 105, 181, 139]	[10004, 10001, 9996, 10003, 9996]	[201, 124, 182, 240, 169]
868	38.5	[108, 93, -12, 75, 67]	[-127, -152, -65, 20, 16]	[-160, -12, 27, -11, -169]	[-50, -172, -85, -117, -89]	[128, -78, -95, 15, 25]	[-113, -21, 13, -36, 126]	[-42, 53, 8, 99, 162]	[-119, -120, -119, -112, -160]	[-160, -133, -110, -116, -119]	[-14, -23, -9, -38, -102]	[130, 116, 105, 174, 133]	[10005, 10003, 9999, 10006, 9998]	[226, 124, 184, 279, 264]
869	44.0	[112, -19, -23, 76, 79]	[-75, -151, -60, 15, 27]	[-158, -52, 25, -19, -148]	[-48, -173, -98, -108, -93]	[128, -84, -101, 24, 32]	[-125, -20, 13, -33, 105]	[-49, 51, 7, 102, 229]	[-82, -119, -116, -115, -166]	[-161, -128, -111, -114, -111]	[-33, -28, -11, -27, -74]	[110, 112, 102, 181, 134]	[10005, 10001, 9996, 10003, 10002]	[218, 124, 182, 240, 169]
870	37.5	[112, -19, -23, 76, 79]	[-76, -149, -69, 16, 33]	[-158, -58, 26, -12, -148]	[-49, -172, -100, -106, -101]	[128, -80, -91, 46, 30]	[-129, -25, 13, -38, 131]	[-61, 53, 1, 100, 185]	[-87, -119, -120, -114, -158]	[-160, -139, -111, -112, -116]	[-33, -33, -8, -24, -91]	[115, 115, 99, 181, 51]	[10004, 9998, 10004, 10005, 10000]	[201, 124, 187, 248, 262]
871	33.5	[86, -19, -13, 64, 79]	[-74, -151, -66, 15, 27]	[-160, -39, 26, -19, -148]	[-50, -168, -88, -106, -91]	[130, -85, -101, 24, 32]	[-131, -20, 13, -34, 102]	[-49, 50, 4, 100, 190]	[-82, -118, -114, -116, -162]	[-161, -131, -109, -120, -112]	[-33, -31, -9, -39, -62]	[110, 112, 105, 181, 139]	[10004, 10001, 9996, 10003, 9996]	[201, 124, 182, 240, 169]
872	46.5	[86, -19, -13, 64, 79]	[-74, -151, -66, 15, 27]	[-158, -58, 26, -19, -148]	[-50, -169, -99, -106, -91]	[130, -80, -96, 51, 31]	[-131, -21, 13, -34, 102]	[-49, 51, 2, 100, 220]	[-115, -119, -117, -114, -166]	[-160, -128, -111, -114, -111]	[-33, -23, -9, -37, -62]	[110, 113, 105, 179, 139]	[10004, 10001, 9996, 10003, 9996]	[201, 124, 182, 240, 169]
873	39.5	[86, -19, -13, 64, 79]	[-74, -151, -66, 15, 27]	[-158, -58, 26, -19, -148]	[-50, -169, -99, -106, -91]	[130, -80, -96, 51, 31]	[-131, -21, 13, -34, 102]	[-49, 51, 2, 100, 220]	[-115, -119, -117, -114, -166]	[-160, -128, -111, -114, -111]	[-33, -23, -9, -37, -62]	[110, 113, 105, 179, 139]	[10004, 10001, 9996, 10003, 9996]	[201, 124, 182, 240, 169]
874	41.5	[112, -19, -23, 76, 79]	[-76, -149, -63, 15, 27]	[-158, -58, 25, -17, -148]	[-48, -173, -99, -107, -93]	[128, -84, -91, 32, 31]	[-125, -20, 13, -36, 105]	[-49, 51, 4, 102, 206]	[-82, -119, -116, -115, -165]	[-161, -128, -111, -114, -105]	[-33, -28, -11, -27, -74]	[110, 112, 102, 181, 134]	[10005, 10001, 9996, 10003, 10002]	[218, 124, 182, 240, 169]
875	40.0	[112, -19, -23, 76, 79]	[-75, -151, -60, 15, 27]	[-158, -52, 19, -19, -148]	[-48, -173, -98, -108, -93]	[128, -84, -101, 24, 32]	[-125, -20, 13, -33, 105]	[-43, 51, 7, 102, 229]	[-82, -119, -116, -115, -166]	[-161, -128, -111, -114, -111]	[-33, -28, -11, -27, -74]	[110, 112, 102, 181, 134]	[10005, 10001, 9996, 10003, 10002]	[218, 124, 182, 240, 169]
876	38.5	[112, -19, -23, 76, 79]	[-76, -151, -63, 16, 27]	[-158, -52, 26, -17, -148]	[-48, -172, -98, -108, -93]	[128, -83, -92, 40, 29]	[-125, -20, 13, -37, 130]	[-49, 51, 2, 102, 206]	[-82, -119, -120, -115, -165]	[-161, -141, -111, -113, -115]	[-33, -28, -11, -27, -74]	[110, 112, 102, 181, 134]	[10005, 10001, 9996, 10003, 10002]	[218, 124, 182, 240, 169]
877	40.5	[112, -19, -23, 76, 79]	[-76, -151, -63, 16, 27]	[-158, -52, 26, -19, -148]	[-48, -172, -98, -107, -93]	[130, -84, -97, 33, 32]	[-125, -20, 13, -37, 130]	[-49, 51, 2, 102, 206]	[-82, -119, -120, -115, -165]	[-161, -141, -111, -113, -115]	[-33, -28, -11, -27, -74]	[110, 112, 102, 181, 134]	[10005, 10001, 9996, 10003, 10002]	[218, 124, 182, 240, 169]
878	36.0	[112, -13, -23, 76, 79]	[-76, -149, -69, 15, 27]	[-158, -58, 26, -18, -148]	[-50, -172, -100, -104, -101]	[130, -79, -90, 53, 32]	[-109, -22, 13, -39, 112]	[-49, 53, 2, 101, 223]	[-88, -120, -119, -116, -166]	[-161, -133, -111, -114, -117]	[-27, -25, -9, -23, -101]	[114, 114, 104, 181, 135]	[10005, 10001, 9996, 10003, 9999]	[201, 130, 184, 253, 238]
879	40.5	[86, -19, -13, 64, 79]	[-74, -151, -66, 15, 27]	[-158, -46, 26, -16, -155]	[-48, -169, -96, -106, -91]	[130, -84, -98, 23, 32]	[-131, -20, 13, -35, 102]	[-43, 47, 2, 100, 213]	[-83, -120, -118, -112, -166]	[-161, -125, -104, -124, -111]	[-33, -31, -9, -39, -62]	[110, 112, 105, 181, 139]	[10004, 10001, 9990, 10003, 9996]	[201, 124, 182, 240, 169]
880	37.0	[21, -17, -12, 74, 70]	[-74, -148, -63, 20, 20]	[-158, -64, 26, -11, -148]	[-46, -178, -92, -108, -96]	[128, -78, -89, 21, 13]	[-123, -21, 12, -33, 82]	[-50, 52, 7, 100, 211]	[-87, -119, -119, -112, -162]	[-161, -124, -107, -118, -102]	[-29, -34, -9, -39, -62]	[138, 112, 105, 168, 152]	[10004, 10008, 9996, 10000, 10000]	[216, 194, 175, 231, 168]
881	37.0	[112, -19, -23, 76, 79]	[-76, -151, -63, 16, 27]	[-152, -52, 26, -17, -148]	[-48, -172, -98, -108, -93]	[128, -83, -92, 40, 29]	[-125, -20, 13, -37, 130]	[-49, 51, 2, 102, 206]	[-82, -119, -120, -115, -165]	[-161, -141, -111, -113, -115]	[-33, -28, -11, -27, -74]	[110, 112, 102, 181, 134]	[10005, 10001, 9996, 10003, 10002]	[218, 124, 182, 240, 169]
882	36.5	[112, -19, -23, 76, 79]	[-75, -151, -60, 15, 27]	[-158, -52, 19, -19, -148]	[-48, -173, -98, -114, -93]	[128, -84, -101, 24, 32]	[-125, -20, 13, -33, 105]	[-43, 51, 7, 102, 229]	[-82, -119, -116, -121, -166]	[-161, -128, -111, -114, -111]	[-33, -28, -11, -27, -74]	[116, 113, 102, 181, 134]	[10005, 10001, 9996, 10003, 10002]	[218, 124, 182, 240, 169]
883	39.5	[112, -19, -23, 76, 79]	[-75, -151, -60, 15, 27]	[-158, -52, 19, -19, -148]	[-48, -173, -98, -114, -93]	[128, -84, -101, 24, 32]	[-125, -20, 13, -33, 105]	[-43, 51, 7, 102, 229]	[-82, -119, -116, -121, -166]	[-161, -128, -111, -114, -111]	[-33, -28, -11, -27, -74]	[116, 113, 102, 181, 134]	[10005, 10001, 9996, 10003, 10002]	[218, 124, 182, 240, 169]
884	40.0	[112, -19, -23, 76, 79]	[-76, -151, -63, 16, 27]	[-158, -52, 26, -19, -148]	[-48, -172, -98, -107, -93]	[130, -84, -97, 33, 32]	[-125, -20, 13, -37, 130]	[-49, 51, 2, 102, 206]	[-82, -119, -120, -115, -165]	[-161, -141, -111, -114, -115]	[-33, -28, -10, -27, -74]	[110, 106, 105, 181, 134]	[10005, 10001, 9996, 10005, 10002]	[218, 124, 182, 240, 169]
885	38.5	[86, -19, -13, 64, 79]	[-74, -151, -66, 15, 27]	[-158, -46, 26, -16, -155]	[-48, -169, -96, -106, -91]	[130, -84, -98, 23, 32]	[-131, -20, 13, -35, 102]	[-43, 47, 2, 100, 213]	[-83, -120, -118, -112, -166]	[-161, -125, -104, -124, -111]	[-33, -31, -9, -39, -62]	[110, 112, 105, 181, 139]	[10004, 10001, 9990, 10003, 9996]	[201, 124, 182, 240, 169]
886	36.0	[86, -19, -13, 64, 79]	[-80, -151, -66, 15, 27]	[-166, -39, 26, -19, -148]	[-50, -168, -88, -106, -91]	[130, -85, -101, 24, 32]	[-131, -20, 13, -34, 102]	[-49, 50, 4, 100, 190]	[-82, -118, -114, -116, -162]	[-161, -131, -109, -120, -112]	[-33, -31, -9, -39, -62]	[110, 112, 105, 181, 139]	[10004, 10001, 9996, 10003, 9996]	[201, 124, 182, 240, 169]
887	38.5	[108, 93, -12, 75, 67]	[-127, -152, -65, 20, 16]	[-160, -12, 27, -11, -169]	[-50, -172, -85, -117, -89]	[128, -84, -99, 30, 25]	[-122, -20, 13, -36, 126]	[-47, 52, 4, 99, 162]	[-110, -120, -119, -115, -165]	[-160, -133, -111, -116, -115]	[-23, -28, -9, -38, -102]	[120, 115, 104, 179, 133]	[10005, 10001, 9996, 10004, 9999]	[226, 124, 184, 272, 244]
888	34.5	[86, -19, -13, 64, 79]	[-74, -151, -66, 15, 27]	[-158, -46, 26, -16, -155]	[-48, -169, -96, -106, -91]	[130, -84, -98, 23, 32]	[-131, -20, 13, -35, 102]	[-43, 48, 3, 100, 213]	[-83, -120, -118, -113, -166]	[-161, -130, -111, -124, -111]	[-24, -27, -9, -39, -62]	[114, 114, 105, 180, 133]	[10004, 10001, 9990, 10003, 9996]	[201, 124, 182, 240, 169]
889	35.0	[86, -19, -13, 64, 79]	[-80, -151, -66, 15, 27]	[-166, -39, 26, -19, -148]	[-50, -168, -88, -106, -91]	[130, -85, -101, 24, 32]	[-131, -20, 13, -34, 102]	[-49, 50, 4, 100, 190]	[-82, -118, -114, -116, -162]	[-161, -131, -109, -120, -112]	[-33, -31, -9, -39, -62]	[110, 112, 105, 181, 139]	[10004, 10001, 9996, 10003, 9996]	[201, 124, 182, 240, 169]
890	36.5	[112, -19, -17, 76, 79]	[-76, -149, -64, 23, 25]	[-158, -58, 26, -11, -148]	[-49, -178, -94, -107, -95]	[128, -79, -90, 46, 30]	[-120, -24, 13, -38, 131]	[-61, 52, 1, 100, 189]	[-87, -118, -119, -112, -159]	[-154, -139, -110, -116, -114]	[-32, -34, -8, -38, -91]	[131, 113, 100, 175, 51]	[10004, 10007, 10004, 10005, 10000]	[201, 166, 187, 232, 262]
891	37.0	[86, -19, -13, 64, 79]	[-80, -151, -66, 15, 27]	[-166, -39, 26, -19, -148]	[-50, -168, -88, -106, -91]	[130, -85, -101, 24, 32]	[-131, -20, 13, -34, 102]	[-49, 50, 4, 100, 190]	[-82, -118, -114, -116, -162]	[-161, -131, -109, -120, -112]	[-33, -31, -9, -39, -62]	[110, 112, 105, 181, 139]	[10004, 10001, 9996, 10003, 9996]	[201, 124, 182, 240, 169]
892	39.5	[86, -19, -13, 64, 79]	[-74, -151, -66, 15, 27]	[-158, -46, 26, -16, -155]	[-54, -169, -96, -106, -91]	[130, -84, -98, 23, 32]	[-131, -20, 13, -35, 102]	[-43, 47, 2, 100, 213]	[-83, -120, -118, -112, -166]	[-161, -125, -104, -124, -111]	[-33, -31, -9, -39, -62]	[110, 112, 105, 181, 139]	[10004, 10001, 9990, 10003, 9996]	[201, 124, 182, 240, 169]
893	37.0	[112, -19, -23, 76, 79]	[-81, -151, -60, 15, 27]	[-158, -52, 19, -19, -148]	[-48, -173, -98, -114, -93]	[128, -84, -101, 24, 32]	[-125, -20, 13, -33, 105]	[-43, 51, 7, 102, 229]	[-82, -119, -116, -121, -166]	[-161, -128, -111, -114, -111]	[-33, -28, -11, -27, -74]	[116, 113, 102, 181, 134]	[10005, 10001, 9991, 10003, 10002]	[218, 124, 182, 240, 172]
894	38.0	[108, 93, -12, 75, 67]	[-127, -152, -65, 20, 16]	[-160, -12, 27, -11, -169]	[-50, -172, -85, -117, -89]	[128, -84, -99, 30, 25]	[-122, -20, 13, -36, 126]	[-47, 52, 4, 99, 162]	[-110, -120, -119, -115, -165]	[-160, -133, -111, -116, -115]	[-23, -28, -9, -38, -102]	[120, 115, 104, 179, 133]	[10005, 10001, 9996, 10004, 9999]	[226, 124, 184, 272, 244]
895	38.0	[86, -13, -13, 64, 79]	[-74, -151, -66, 15, 27]	[-158, -58, 32, -19, -148]	[-50, -169, -99, -106, -91]	[130, -80, -96, 57, 31]	[-131, -27, 13, -34, 102]	[-49, 51, 2, 100, 220]	[-115, -119, -117, -114, -166]	[-160, -122, -111, -114, -111]	[-33, -23, -9, -37, -62]	[110, 113, 105, 179, 139]	[10004, 10001, 9996, 10003, 9996]	[201, 124, 182, 240, 169]
896	35.5	[86, -19, -13, 64, 79]	[-74, -151, -66, 15, 27]	[-158, -46, 26, -17, -153]	[-48, -169, -98, -105, -97]	[130, -84, -95, 33, 32]	[-131, -20, 13, -35, 109]	[-43, 52, 2, 100, 213]	[-86, -120, -118, -113, -166]	[-161, -130, -111, -124, -116]	[-24, -27, -9, -39, -62]	[114, 114, 105, 180, 133]	[10004, 10001, 9990, 10003, 9996]	[201, 124, 182, 240, 169]
897	35.5	[112, -19, -17, 76, 79]	[-118, -149, -64, 23, 25]	[-158, -47, 26, -11, -148]	[-50, -177, -90, -113, -95]	[128, -79, -90, 46, 30]	[-120, -24, 13, -38, 131]	[-61, 52, 1, 100, 189]	[-96, -119, -119, -112, -159]	[-154, -139, -110, -116, -114]	[-32, -34, -8, -38, -91]	[131, 113, 100, 175, 51]	[10004, 10007, 10004, 10005, 10000]	[201, 166, 187, 232, 262]
898	34.0	[111, 28, -13, 76, 79]	[-76, -149, -64, 23, 16]	[-158, -34, 26, -11, -149]	[-50, -178, -94, -107, -95]	[128, -83, -97, 46, 30]	[-120, -24, 13, -38, 131]	[-61, 58, 3, 99, 185]	[-87, -118, -120, -112, -159]	[-160, -139, -110, -116, -114]	[-28, -33, -8, -38, -91]	[131, 116, 101, 174, 105]	[10004, 10007, 10001, 10005, 10000]	[201, 166, 187, 232, 262]
899	41.5	[111, 28, -13, 76, 79]	[-76, -149, -64, 23, 16]	[-158, -34, 26, -11, -149]	[-50, -178, -94, -107, -95]	[128, -83, -97, 46, 30]	[-120, -24, 13, -38, 131]	[-61, 58, 3, 99, 185]	[-87, -118, -120, -112, -159]	[-160, -139, -110, -116, -114]	[-28, -33, -8, -38, -91]	[131, 116, 101, 174, 105]	[10004, 10007, 10001, 10005, 10000]	[201, 166, 187, 232, 262]
900	38.5	[86, -13, -13, 64, 79]	[-74, -151, -66, 15, 27]	[-158, -58, 32, -19, -148]	[-50, -169, -99, -106, -91]	[130, -80, -96, 57, 31]	[-131, -27, 13, -34, 102]	[-49, 51, 2, 100, 220]	[-115, -119, -117, -114, -166]	[-160, -122, -111, -114, -111]	[-33, -23, -9, -37, -62]	[110, 113, 105, 179, 139]	[10004, 10001, 9996, 10003, 9996]	[201, 124, 157, 240, 169]
901	36.5	[111, 28, -13, 76, 79]	[-76, -149, -64, 23, -9]	[-158, -34, 26, -11, -149]	[-50, -178, -94, -107, -95]	[128, -83, -97, 46, 30]	[-120, -24, 13, -38, 131]	[-61, 58, 3, 99, 185]	[-87, -118, -120, -112, -159]	[-160, -139, -110, -116, -114]	[-28, -33, -8, -38, -91]	[131, 116, 101, 174, 105]	[10004, 10007, 10001, 10005, 10000]	[201, 166, 187, 232, 262]
902	41.5	[112, -19, -17, 76, 79]	[-76, -149, -64, 23, 25]	[-158, -58, 22, -15, -148]	[-54, -172, -98, -109, -95]	[128, -79, -100, 37, 30]	[-120, -30, 13, -38, 131]	[-61, 53, 1, 100, 189]	[-90, -119, -119, -112, -159]	[-154, -139, -110, -116, -114]	[-32, -28, -9, -38, -91]	[131, 115, 100, 175, 76]	[10004, 10004, 10000, 10004, 10000]	[201, 126, 184, 232, 262]
903	34.5	[111, 28, -13, 76, 79]	[-76, -149, -64, 23, 16]	[-158, -34, 26, -11, -149]	[-50, -178, -94, -107, -95]	[128, -83, -97, 46, 30]	[-120, -24, 13, -38, 131]	[-61, 58, 3, 99, 185]	[-82, -118, -120, -112, -159]	[-161, -139, -110, -116, -114]	[-28, -33, -8, -38, -91]	[131, 116, 101, 174, 105]	[10004, 10007, 10001, 10005, 10000]	[201, 166, 162, 232, 262]
904	35.5	[86, -19, -7, 64, 79]	[-74, -151, -65, 20, 27]	[-158, -47, 26, -17, -150]	[-48, -172, -98, -109, -97]	[129, -83, -92, 34, 32]	[-122, -22, 13, -37, 109]	[-43, 52, 1, 100, 213]	[-86, -120, -118, -112, -164]	[-161, -132, -110, -124, -116]	[-24, -27, -9, -39, -62]	[114, 114, 105, 180, 133]	[10004, 10001, 9990, 10003, 9996]	[201, 124, 182, 240, 169]
905	39.5	[86, -19, -7, 64, 79]	[-74, -151, -65, 20, 27]	[-158, -47, 26, -17, -153]	[-48, -169, -93, -109, -97]	[130, -84, -92, 36, 29]	[-123, -22, 13, -37, 109]	[-43, 52, 2, 101, 213]	[-86, -120, -119, -113, -164]	[-161, -140, -110, -121, -116]	[-24, -27, -9, -39, -62]	[114, 114, 105, 180, 133]	[10004, 10001, 9990, 10003, 9996]	[201, 124, 182, 240, 169]
906	37.5	[86, -19, -13, 64, 54]	[-80, -151, -66, 15, 27]	[-166, -39, 26, -19, -148]	[-50, -168, -88, -106, -91]	[128, -85, -101, 24, 32]	[-131, -20, 13, -34, 104]	[-48, 51, 5, 100, 190]	[-82, -118, -119, -121, -164]	[-161, -131, -109, -118, -112]	[-33, -31, -9, -39, -62]	[110, 112, 105, 181, 139]	[10004, 10001, 9996, 10003, 9996]	[201, 124, 182, 240, 169]
907	41.0	[112, -13, -17, 76, 79]	[-76, -151, -63, 16, 27]	[-152, -52, 26, -17, -148]	[-48, -172, -98, -108, -93]	[128, -83, -90, 46, 29]	[-125, -24, 13, -37, 130]	[-49, 73, 3, 102, 206]	[-83, -120, -119, -115, -165]	[-161, -141, -117, -113, -115]	[-33, -28, -11, -27, -74]	[110, 112, 102, 181, 134]	[10005, 10001, 9996, 10003, 10002]	[212, 124, 182, 240, 169]
908	40.5	[111, 28, -13, 76, 79]	[-84, -149, -64, 23, -9]	[-158, -34, 26, -11, -149]	[-50, -178, -94, -109, -95]	[128, -79, -99, 46, 30]	[-120, -29, 13, -34, 131]	[-61, 58, 2, 99, 185]	[-92, -118, -120, -112, -163]	[-159, -139, -110, -117, -116]	[-28, -33, -8, -38, -91]	[131, 116, 102, 176, 67]	[10004, 10007, 10001, 10005, 10000]	[201, 166, 187, 232, 262]
909	38.5	[112, -19, -17, 76, 79]	[-76, -149, -64, 23, 25]	[-158, -58, 22, -15, -148]	[-54, -172, -98, -109, -95]	[128, -79, -100, 37, 30]	[-120, -30, 13, -38, 131]	[-61, 53, 1, 100, 189]	[-90, -119, -119, -112, -159]	[-154, -139, -110, -116, -114]	[-32, -28, -9, -38, -91]	[131, 115, 100, 175, 76]	[10004, 10004, 10000, 10004, 10000]	[201, 126, 184, 232, 262]
910	39.5	[86, -19, -13, 64, 54]	[-80, -151, -66, 15, 27]	[-166, -39, 26, -19, -148]	[-50, -168, -88, -106, -91]	[128, -85, -95, 30, 32]	[-122, -21, 13, -34, 104]	[-48, 51, 1, 100, 191]	[-83, -119, -118, -120, -164]	[-161, -130, -109, -116, -113]	[-31, -28, -10, -39, -62]	[112, 114, 103, 181, 139]	[10004, 10004, 9995, 10004, 9996]	[201, 124, 182, 240, 172]
911	36.0	[112, -19, -9, 72, 54]	[-100, -151, -65, 22, 25]	[-158, -47, 26, -11, -148]	[-48, -177, -92, -109, -95]	[128, -81, -90, 46, 30]	[-120, -24, 13, -37, 131]	[-61, 54, 2, 101, 189]	[-96, -119, -119, -112, -159]	[-154, -139, -110, -116, -114]	[-28, -31, -8, -38, -91]	[131, 113, 103, 176, 51]	[10004, 10006, 10001, 10004, 9999]	[201, 166, 187, 232, 262]
912	34.5	[112, -19, -23, 76, 79]	[-81, -151, -60, 15, 27]	[-152, -52, 21, -19, -148]	[-48, -173, -98, -114, -93]	[128, -84, -101, 24, 32]	[-129, -20, 13, -33, 105]	[-43, 51, 7, 102, 229]	[-82, -118, -120, -121, -164]	[-161, -128, -98, -117, -111]	[-33, -28, -11, -36, -72]	[122, 113, 102, 179, 135]	[10005, 10002, 9994, 10003, 10002]	[218, 142, 182, 233, 201]
913	38.5	[112, -19, -9, 72, 54]	[-100, -151, -65, 22, 25]	[-158, -47, 26, -11, -142]	[-48, -177, -92, -109, -95]	[128, -81, -90, 46, 30]	[-120, -24, 13, -37, 131]	[-61, 54, 2, 101, 189]	[-96, -119, -119, -112, -159]	[-154, -139, -110, -116, -114]	[-28, -31, -8, -38, -91]	[131, 113, 103, 176, 51]	[10004, 10006, 10001, 10004, 9999]	[201, 166, 187, 232, 262]
914	35.0	[112, -19, -23, 76, 79]	[-81, -151, -60, 15, 25]	[-158, -21, 19, -19, -148]	[-48, -171, -104, -113, -89]	[130, -83, -98, 35, 31]	[-130, -20, 13, -34, 105]	[-43, 51, 4, 100, 254]	[-105, -119, -120, -113, -152]	[-161, -131, -110, -114, -113]	[-33, -26, -9, -27, -74]	[115, 113, 105, 180, 138]	[10005, 10001, 9993, 10005, 10002]	[218, 124, 182, 240, 172]
915	42.0	[111, 28, -7, 76, 79]	[-84, -149, -64, 23, -9]	[-158, -34, 26, -11, -149]	[-50, -178, -94, -109, -95]	[128, -79, -99, 46, 30]	[-126, -29, 13, -34, 131]	[-61, 58, 2, 99, 185]	[-92, -118, -120, -112, -163]	[-159, -139, -110, -117, -116]	[-28, -33, -8, -38, -91]	[131, 116, 102, 176, 67]	[10004, 10007, 10001, 10005, 10000]	[201, 166, 187, 232, 262]
916	39.5	[111, 28, -13, 76, 79]	[-76, -149, -64, 23, 16]	[-158, -34, 26, -11, -149]	[-50, -178, -94, -107, -95]	[128, -83, -97, 46, 30]	[-120, -24, 13, -38, 131]	[-61, 58, 3, 99, 185]	[-82, -118, -120, -112, -159]	[-161, -139, -110, -116, -114]	[-28, -33, -8, -38, -91]	[131, 116, 101, 174, 105]	[10004, 10007, 10001, 10005, 10000]	[201, 166, 162, 232, 262]
917	42.0	[112, -19, -9, 72, 54]	[-100, -151, -65, 22, 25]	[-158, -47, 26, -11, -142]	[-48, -177, -92, -109, -95]	[128, -81, -90, 46, 30]	[-120, -24, 13, -37, 131]	[-61, 54, 2, 101, 189]	[-96, -119, -119, -112, -159]	[-154, -139, -110, -116, -114]	[-28, -31, -8, -38, -91]	[131, 113, 103, 176, 51]	[10004, 10006, 10001, 10004, 9999]	[201, 166, 187, 232, 262]
918	36.5	[112, -19, -9, 72, 54]	[-100, -151, -65, 22, 33]	[-158, -47, 26, -11, -148]	[-48, -177, -92, -109, -95]	[128, -81, -90, 46, 30]	[-120, -24, 13, -38, 131]	[-61, 57, 2, 99, 189]	[-90, -119, -119, -112, -159]	[-154, -139, -110, -116, -114]	[-28, -31, -8, -38, -91]	[131, 113, 103, 176, 51]	[10004, 10006, 10001, 10004, 9999]	[201, 166, 187, 232, 262]
919	37.5	[112, -19, -23, 76, 79]	[-81, -151, -60, 15, 25]	[-158, -21, 19, -19, -148]	[-48, -171, -104, -113, -89]	[130, -83, -98, 35, 31]	[-130, -20, 13, -34, 105]	[-43, 51, 4, 100, 254]	[-105, -119, -120, -113, -152]	[-160, -131, -110, -114, -113]	[-33, -26, -9, -36, -74]	[115, 113, 105, 180, 133]	[10005, 10001, 9993, 10005, 10002]	[218, 124, 182, 240, 172]
920	43.0	[112, -19, -9, 72, 54]	[-100, -151, -65, 22, 33]	[-158, -47, 26, -11, -148]	[-48, -177, -92, -109, -95]	[128, -81, -90, 46, 30]	[-120, -24, 13, -38, 131]	[-61, 57, 2, 99, 189]	[-90, -119, -119, -112, -159]	[-154, -139, -110, -116, -114]	[-28, -31, -8, -38, -91]	[131, 113, 103, 176, 51]	[10004, 10006, 10001, 10004, 9999]	[201, 166, 187, 232, 262]
921	36.0	[112, -19, -17, 76, 79]	[-76, -149, -64, 23, 25]	[-158, -58, 22, -15, -148]	[-54, -172, -98, -109, -95]	[128, -79, -100, 37, 30]	[-120, -30, 13, -38, 131]	[-61, 67, 1, 100, 189]	[-84, -120, -119, -112, -159]	[-160, -138, -110, -113, -115]	[-32, -28, -9, -36, -88]	[131, 115, 102, 175, 76]	[10004, 10004, 9998, 10004, 10000]	[201, 126, 190, 232, 262]
922	41.0	[86, -19, -13, 64, 54]	[-80, -151, -66, 15, 27]	[-166, -39, 26, -19, -148]	[-56, -168, -88, -106, -91]	[128, -85, -95, 30, 32]	[-122, -21, 13, -34, 104]	[-48, 51, 1, 100, 191]	[-83, -119, -118, -120, -164]	[-161, -130, -109, -116, -113]	[-31, -28, -4, -39, -62]	[112, 114, 103, 181, 139]	[10004, 10004, 9995, 10004, 9996]	[201, 124, 182, 240, 172]
923	40.5	[112, -19, -9, 72, 54]	[-100, -151, -65, 22, 25]	[-158, -47, 26, -11, -148]	[-48, -177, -92, -109, -95]	[128, -81, -90, 46, 30]	[-120, -24, 13, -37, 131]	[-61, 54, 2, 101, 189]	[-102, -119, -119, -112, -159]	[-154, -139, -110, -116, -114]	[-28, -31, -8, -38, -91]	[131, 113, 103, 176, 51]	[10004, 10006, 10001, 10004, 9999]	[201, 166, 187, 232, 262]
924	41.5	[111, 22, -13, 76, 79]	[-84, -149, -64, 23, -9]	[-158, -33, 24, -11, -148]	[-50, -171, -103, -113, -90]	[128, -79, -95, 36, 30]	[-123, -22, 13, -38, 114]	[-65, 57, 3, 100, 217]	[-93, -118, -120, -112, -163]	[-159, -139, -110, -117, -115]	[-28, -33, -8, -36, -91]	[131, 116, 102, 176, 83]	[10005, 10001, 9998, 10005, 10000]	[215, 145, 183, 232, 256]
925	37.5	[112, -19, -23, 76, 79]	[-81, -151, -60, 15, 25]	[-164, -21, 19, -19, -148]	[-48, -171, -104, -113, -89]	[130, -84, -101, 24, 32]	[-129, -20, 13, -34, 105]	[-43, 51, 7, 101, 254]	[-82, -119, -120, -113, -152]	[-161, -128, -105, -114, -113]	[-33, -28, -10, -27, -74]	[115, 113, 102, 181, 134]	[10005, 10004, 9992, 10005, 10002]	[218, 124, 182, 240, 172]
926	40.5	[112, -8, -18, 76, 79]	[-81, -151, -62, 21, -2]	[-158, -29, 19, -19, -148]	[-48, -171, -104, -112, -89]	[130, -83, -98, 36, 30]	[-120, -21, 13, -38, 105]	[-43, 57, 3, 100, 254]	[-105, -119, -120, -112, -159]	[-160, -137, -110, -114, -113]	[-33, -26, -9, -36, -74]	[115, 113, 105, 180, 133]	[10005, 10001, 9993, 10005, 10002]	[218, 124, 182, 240, 172]
927	37.0	[112, -19, -17, 76, 79]	[-76, -149, -64, 23, 25]	[-158, -58, 22, -15, -148]	[-54, -172, -98, -109, -95]	[128, -79, -100, 37, 30]	[-120, -19, 13, -38, 131]	[-50, 55, 2, 100, 192]	[-90, -119, -119, -106, -159]	[-154, -145, -110, -110, -114]	[-32, -28, -9, -38, -91]	[131, 115, 100, 175, 76]	[10004, 10004, 10000, 10004, 10000]	[201, 126, 184, 232, 262]
928	39.5	[112, -19, -9, 72, 54]	[-100, -151, -65, 16, 25]	[-161, -41, 26, -17, -148]	[-48, -177, -92, -109, -95]	[128, -85, -90, 40, 30]	[-120, -24, 13, -37, 123]	[-61, 54, 1, 101, 189]	[-102, -119, -118, -120, -159]	[-154, -139, -110, -116, -114]	[-28, -31, -8, -38, -91]	[131, 113, 103, 176, 51]	[10004, 10006, 10001, 10004, 9999]	[201, 166, 187, 232, 262]
929	38.0	[112, -19, -17, 76, 79]	[-76, -149, -64, 23, 25]	[-158, -58, 22, -15, -148]	[-54, -172, -98, -109, -95]	[128, -79, -100, 37, 36]	[-120, -30, 13, -38, 131]	[-61, 67, 1, 100, 189]	[-84, -120, -119, -112, -159]	[-160, -138, -110, -113, -115]	[-32, -28, -9, -36, -88]	[131, 115, 102, 175, 76]	[10004, 10004, 9998, 10004, 10000]	[201, 126, 190, 232, 262]
930	35.5	[111, 28, -13, 76, 79]	[-76, -149, -64, 23, 16]	[-158, -34, 26, -11, -149]	[-50, -178, -94, -113, -95]	[128, -83, -97, 46, 30]	[-120, -24, 13, -38, 131]	[-61, 58, 3, 99, 185]	[-82, -118, -120, -112, -159]	[-161, -139, -110, -116, -114]	[-28, -33, -8, -38, -91]	[131, 116, 101, 174, 105]	[10004, 10007, 10001, 10005, 10000]	[201, 166, 162, 232, 262]
931	45.5	[112, -8, -18, 76, 79]	[-81, -151, -62, 23, -2]	[-158, -32, 19, -19, -148]	[-48, -171, -104, -112, -90]	[130, -83, -98, 36, 30]	[-120, -21, 13, -38, 113]	[-61, 57, 3, 100, 227]	[-105, -119, -120, -112, -159]	[-159, -139, -110, -114, -113]	[-29, -26, -9, -36, -74]	[115, 113, 105, 180, 133]	[10005, 10001, 9993, 10005, 10002]	[218, 124, 182, 240, 172]
932	35.0	[98, -19, -13, 64, 54]	[-82, -151, -66, 15, 27]	[-160, -39, 26, -19, -148]	[-49, -170, -92, -106, -91]	[128, -81, -92, 34, 30]	[-120, -21, 13, -36, 104]	[-55, 53, 1, 100, 191]	[-87, -119, -119, -116, -164]	[-161, -130, -109, -116, -113]	[-31, -28, -4, -39, -62]	[106, 114, 103, 181, 139]	[10004, 10004, 9995, 10004, 9996]	[201, 124, 182, 240, 172]
933	41.0	[112, -19, -9, 72, 54]	[-100, -151, -65, 16, 25]	[-161, -41, 26, -17, -148]	[-48, -177, -92, -109, -95]	[128, -85, -90, 40, 30]	[-120, -24, 13, -37, 123]	[-61, 54, 1, 101, 189]	[-102, -119, -118, -120, -159]	[-154, -139, -110, -116, -114]	[-28, -31, -8, -38, -91]	[131, 113, 103, 176, 51]	[10004, 10006, 10001, 10004, 9999]	[201, 166, 187, 232, 262]
934	37.0	[112, -8, -18, 76, 79]	[-81, -151, -62, 23, -2]	[-158, -32, 19, -19, -148]	[-48, -171, -104, -112, -90]	[130, -83, -98, 36, 30]	[-120, -21, 13, -38, 113]	[-57, 57, 3, 100, 227]	[-101, -119, -119, -112, -159]	[-159, -139, -109, -115, -113]	[-29, -26, -9, -36, -74]	[115, 113, 105, 180, 133]	[10005, 10001, 9993, 10005, 10002]	[218, 124, 182, 240, 172]
935	38.5	[111, 28, -13, 76, 79]	[-76, -149, -64, 23, 16]	[-158, -34, 26, -11, -149]	[-50, -178, -94, -113, -95]	[128, -83, -97, 46, 30]	[-120, -24, 13, -38, 131]	[-61, 58, 1, 99, 185]	[-82, -118, -120, -114, -163]	[-161, -134, -110, -116, -114]	[-28, -33, -8, -38, -73]	[131, 116, 101, 179, 128]	[10004, 10005, 9999, 10005, 10000]	[201, 166, 162, 232, 262]
936	34.5	[112, -19, -9, 72, 54]	[-100, -151, -59, 22, 25]	[-158, -47, 26, -11, -148]	[-48, -177, -92, -109, -95]	[128, -81, -90, 46, 30]	[-120, -24, 13, -37, 110]	[-56, 52, 1, 100, 189]	[-102, -119, -119, -113, -159]	[-154, -139, -110, -116, -114]	[-29, -30, -8, -38, -91]	[115, 113, 102, 178, 51]	[10004, 10006, 9998, 10004, 9999]	[201, 166, 187, 238, 262]
937	39.5	[111, 28, -13, 76, 79]	[-76, -149, -64, 23, 16]	[-158, -34, 26, -11, -149]	[-50, -178, -94, -113, -95]	[128, -83, -97, 41, 30]	[-120, -28, 19, -38, 131]	[-61, 58, 3, 100, 185]	[-82, -120, -120, -112, -159]	[-161, -139, -110, -116, -114]	[-28, -33, -8, -38, -91]	[131, 116, 101, 174, 105]	[10004, 10007, 10001, 10005, 10000]	[201, 166, 162, 232, 262]
938	35.0	[112, -8, -8, 71, 79]	[-81, -151, -62, 23, -2]	[-158, -32, 19, -19, -148]	[-48, -171, -104, -112, -90]	[130, -83, -98, 36, 30]	[-120, -21, 13, -38, 113]	[-57, 57, 3, 100, 227]	[-101, -119, -119, -112, -159]	[-159, -139, -109, -115, -113]	[-29, -26, -9, -36, -74]	[115, 113, 105, 180, 133]	[10005, 10001, 9993, 10005, 10002]	[218, 124, 182, 240, 172]
939	41.0	[111, 22, -13, 76, 79]	[-84, -149, -64, 23, -9]	[-158, -33, 26, -15, -148]	[-48, -171, -98, -107, -95]	[130, -83, -98, 26, 31]	[-120, -24, 13, -29, 121]	[-44, 58, 3, 101, 185]	[-86, -120, -119, -112, -163]	[-159, -139, -106, -115, -114]	[-28, -33, -8, -38, -91]	[131, 116, 102, 176, 67]	[9998, 10007, 10001, 10005, 10000]	[201, 166, 187, 232, 262]
940	35.0	[112, -8, -13, 68, 79]	[-81, -151, -65, 22, 17]	[-158, -32, 19, -19, -148]	[-48, -171, -100, -112, -90]	[129, -83, -98, 36, 30]	[-121, -22, 13, -38, 113]	[-43, 57, 3, 100, 227]	[-101, -119, -118, -112, -159]	[-159, -139, -109, -121, -113]	[-24, -27, -9, -36, -74]	[115, 113, 105, 180, 133]	[10005, 10001, 9993, 10005, 10002]	[218, 124, 182, 240, 172]
941	39.0	[112, -8, -13, 68, 79]	[-81, -151, -65, 22, 17]	[-158, -32, 19, -19, -148]	[-48, -171, -100, -112, -90]	[129, -83, -98, 36, 30]	[-121, -22, 13, -38, 113]	[-43, 57, 3, 100, 227]	[-101, -119, -118, -112, -159]	[-159, -139, -109, -121, -113]	[-24, -27, -9, -36, -74]	[115, 113, 105, 180, 133]	[10005, 10001, 9993, 10005, 10002]	[218, 124, 182, 240, 172]
942	35.5	[111, 22, -13, 76, 79]	[-84, -149, -64, 23, -9]	[-158, -33, 26, -15, -148]	[-48, -171, -98, -107, -95]	[130, -83, -98, 26, 31]	[-120, -24, 13, -29, 121]	[-44, 58, 3, 101, 185]	[-86, -120, -119, -112, -163]	[-159, -139, -106, -115, -114]	[-28, -33, -8, -38, -91]	[131, 116, 102, 176, 67]	[9998, 10007, 10001, 10005, 10000]	[201, 166, 187, 232, 262]
943	37.0	[112, -8, -18, 76, 79]	[-81, -151, -62, 21, -2]	[-158, -29, 19, -19, -148]	[-54, -171, -104, -112, -89]	[130, -83, -98, 36, 30]	[-120, -21, 13, -38, 105]	[-43, 57, 3, 100, 254]	[-105, -119, -120, -112, -159]	[-160, -137, -110, -110, -114]	[-33, -27, -9, -36, -76]	[115, 113, 105, 180, 133]	[10005, 10001, 9993, 10005, 10002]	[218, 124, 182, 240, 172]
944	37.0	[112, -8, -18, 76, 79]	[-81, -151, -62, 21, 4]	[-158, -29, 19, -19, -148]	[-54, -171, -104, -112, -89]	[130, -83, -98, 36, 30]	[-120, -21, 13, -38, 105]	[-43, 57, 3, 100, 254]	[-105, -119, -120, -112, -159]	[-160, -137, -110, -110, -114]	[-33, -27, -9, -36, -76]	[115, 113, 105, 180, 133]	[10005, 10001, 9993, 10005, 10002]	[218, 124, 182, 240, 172]
945	41.5	[111, 22, -13, 76, 79]	[-84, -149, -64, 23, -9]	[-158, -33, 26, -15, -148]	[-48, -171, -98, -107, -95]	[130, -83, -98, 26, 31]	[-120, -24, 13, -29, 121]	[-44, 58, 3, 101, 185]	[-86, -120, -119, -112, -163]	[-159, -139, -106, -115, -114]	[-28, -33, -8, -38, -91]	[131, 116, 102, 176, 67]	[9998, 10007, 10001, 10005, 10000]	[201, 166, 187, 232, 262]
946	37.5	[112, -8, -8, 71, 79]	[-81, -151, -62, 23, -2]	[-158, -32, 19, -19, -148]	[-48, -171, -104, -112, -90]	[130, -83, -98, 36, 30]	[-120, -21, 13, -38, 113]	[-57, 57, 3, 100, 227]	[-101, -119, -119, -112, -159]	[-159, -139, -109, -115, -113]	[-29, -26, -9, -36, -74]	[115, 113, 105, 180, 133]	[10005, 10001, 9993, 10005, 10008]	[218, 124, 182, 240, 172]
947	41.5	[111, 28, -13, 76, 79]	[-76, -149, -64, 23, 16]	[-158, -34, 26, -11, -149]	[-50, -178, -94, -113, -95]	[128, -83, -97, 46, 30]	[-120, -24, 13, -38, 131]	[-61, 58, 1, 99, 185]	[-82, -118, -120, -114, -163]	[-161, -134, -110, -116, -114]	[-28, -33, -8, -38, -73]	[131, 116, 101, 179, 128]	[10004, 10005, 9999, 10005, 10000]	[201, 166, 162, 232, 262]
948	36.0	[112, -8, -8, 71, 79]	[-81, -151, -62, 23, -2]	[-158, -32, 19, -19, -148]	[-48, -171, -104, -112, -90]	[130, -83, -98, 36, 30]	[-120, -21, 13, -38, 113]	[-57, 57, 3, 100, 227]	[-101, -119, -119, -112, -159]	[-159, -139, -109, -115, -113]	[-29, -26, -9, -36, -74]	[115, 113, 105, 180, 133]	[10005, 10001, 9993, 10005, 10008]	[218, 124, 182, 240, 172]
949	39.5	[111, 28, -13, 76, 79]	[-76, -149, -64, 23, 16]	[-158, -34, 26, -11, -149]	[-50, -178, -94, -113, -95]	[128, -83, -97, 46, 30]	[-120, -24, 13, -38, 131]	[-61, 58, 1, 99, 185]	[-82, -118, -120, -114, -163]	[-161, -134, -110, -116, -114]	[-28, -33, -8, -38, -73]	[131, 116, 101, 179, 128]	[10004, 10005, 9999, 10005, 10000]	[201, 166, 162, 232, 262]
950	37.5	[112, -8, -13, 68, 79]	[-81, -151, -65, 22, 17]	[-158, -32, 19, -19, -148]	[-48, -171, -100, -112, -90]	[129, -83, -98, 36, 30]	[-121, -22, 13, -38, 113]	[-43, 53, 2, 100, 225]	[-101, -119, -118, -113, -159]	[-159, -139, -110, -118, -114]	[-24, -29, -9, -38, -80]	[115, 113, 105, 180, 133]	[10005, 10001, 9993, 10005, 10002]	[218, 124, 182, 240, 172]
951	36.5	[111, 22, -13, 76, 79]	[-84, -149, -64, 23, -9]	[-158, -33, 26, -15, -148]	[-48, -171, -98, -107, -95]	[130, -83, -98, 26, 31]	[-120, -24, 13, -29, 121]	[-44, 58, 3, 101, 185]	[-86, -120, -119, -112, -163]	[-159, -139, -106, -115, -114]	[-28, -33, -8, -38, -91]	[119, 114, 102, 177, 58]	[9998, 10007, 10000, 10005, 10000]	[201, 166, 187, 232, 262]
952	32.0	[112, -8, -18, 76, 79]	[-81, -151, -62, 21, -2]	[-158, -29, 19, -19, -148]	[-54, -171, -101, -109, -89]	[130, -83, -92, 36, 30]	[-120, -22, 13, -38, 105]	[-43, 58, 3, 101, 254]	[-105, -119, -120, -112, -160]	[-160, -137, -106, -114, -113]	[-33, -26, -9, -36, -74]	[115, 113, 105, 180, 133]	[10005, 10001, 9993, 10005, 10002]	[218, 124, 182, 240, 172]
953	38.0	[112, -19, -9, 72, 54]	[-100, -151, -59, 22, 25]	[-158, -38, 20, -11, -148]	[-48, -177, -98, -109, -95]	[128, -83, -97, 36, 30]	[-120, -20, 13, -36, 107]	[-54, 52, 2, 100, 190]	[-102, -119, -118, -113, -159]	[-155, -137, -110, -121, -114]	[-29, -30, -9, -36, -91]	[115, 113, 108, 176, 51]	[10004, 10004, 9994, 10004, 9999]	[201, 166, 187, 238, 262]
954	39.0	[98, -19, -13, 64, 54]	[-76, -151, -66, 15, 27]	[-160, -30, 19, -19, -148]	[-49, -170, -94, -106, -91]	[130, -83, -92, 36, 30]	[-120, -21, 13, -36, 104]	[-43, 53, 3, 100, 191]	[-87, -119, -120, -114, -161]	[-161, -130, -109, -116, -113]	[-31, -28, -4, -36, -70]	[106, 114, 103, 181, 134]	[10004, 10004, 9995, 10004, 9996]	[201, 124, 185, 240, 172]
955	39.0	[112, -8, -18, 76, 79]	[-81, -151, -62, 21, -2]	[-158, -29, 19, -19, -148]	[-54, -171, -101, -109, -89]	[130, -83, -98, 36, 30]	[-120, -22, 13, -38, 105]	[-43, 55, 3, 101, 254]	[-95, -119, -120, -112, -160]	[-161, -132, -109, -116, -113]	[-33, -26, -9, -36, -68]	[115, 113, 105, 180, 133]	[10005, 10001, 9993, 10005, 10002]	[218, 124, 182, 240, 172]
956	37.5	[98, -19, -13, 64, 54]	[-76, -151, -66, 15, 27]	[-160, -30, 19, -19, -148]	[-49, -170, -94, -106, -91]	[130, -83, -92, 36, 30]	[-120, -21, 13, -36, 104]	[-43, 53, 3, 100, 191]	[-87, -119, -120, -114, -161]	[-161, -130, -109, -116, -113]	[-31, -28, -4, -36, -70]	[106, 114, 103, 181, 134]	[10004, 10004, 9995, 10004, 9996]	[201, 124, 185, 240, 172]
957	36.5	[111, 28, -13, 76, 79]	[-76, -149, -64, 23, 16]	[-158, -34, 26, -11, -149]	[-50, -178, -94, -113, -95]	[129, -83, -97, 36, 30]	[-120, -24, 13, -36, 131]	[-51, 57, 1, 99, 185]	[-82, -118, -120, -113, -163]	[-158, -137, -110, -116, -120]	[-28, -33, -8, -37, -88]	[137, 116, 101, 179, 128]	[10004, 10005, 9999, 10005, 10000]	[201, 166, 162, 232, 262]
958	37.0	[112, -8, -18, 76, 79]	[-81, -151, -62, 21, 4]	[-158, -29, 19, -19, -148]	[-54, -171, -104, -112, -89]	[130, -83, -98, 36, 30]	[-120, -21, 13, -38, 105]	[-43, 57, 3, 100, 254]	[-105, -119, -120, -112, -159]	[-160, -137, -110, -110, -114]	[-33, -27, -9, -36, -76]	[115, 113, 105, 180, 133]	[10005, 10001, 9993, 10005, 10002]	[218, 124, 182, 240, 172]
959	39.0	[112, -8, -15, 72, 79]	[-81, -151, -62, 21, -2]	[-158, -32, 19, -19, -148]	[-50, -171, -101, -112, -89]	[130, -83, -92, 36, 30]	[-121, -22, 13, -38, 105]	[-43, 57, 3, 100, 254]	[-103, -119, -118, -112, -160]	[-160, -139, -108, -114, -113]	[-33, -26, -9, -36, -74]	[115, 113, 105, 180, 133]	[10005, 10001, 9993, 10005, 10002]	[218, 124, 182, 240, 172]
960	38.5	[111, 22, -13, 76, 79]	[-84, -149, -64, 23, -9]	[-158, -33, 26, -15, -148]	[-48, -171, -98, -107, -95]	[130, -83, -98, 26, 31]	[-120, -24, 13, -29, 121]	[-44, 58, 3, 101, 185]	[-86, -120, -119, -112, -163]	[-159, -139, -106, -115, -114]	[-28, -33, -8, -38, -91]	[119, 114, 102, 177, 58]	[9998, 10007, 10000, 10005, 10000]	[201, 166, 187, 232, 262]
961	42.5	[111, 22, -13, 76, 79]	[-84, -149, -64, 23, -9]	[-158, -33, 26, -15, -148]	[-48, -171, -98, -107, -95]	[130, -83, -98, 26, 31]	[-120, -24, 13, -29, 121]	[-44, 58, 3, 101, 185]	[-86, -120, -119, -112, -163]	[-159, -139, -106, -115, -114]	[-28, -33, -8, -38, -91]	[119, 114, 102, 177, 58]	[9998, 10007, 10000, 10005, 10000]	[201, 166, 187, 232, 262]
962	36.5	[105, 28, -13, 76, 79]	[-76, -149, -64, 23, 16]	[-158, -34, 26, -11, -149]	[-44, -178, -94, -113, -95]	[128, -81, -90, 41, 30]	[-120, -27, 19, -38, 131]	[-61, 58, 3, 100, 185]	[-82, -120, -120, -112, -159]	[-161, -139, -110, -116, -114]	[-28, -33, -8, -38, -91]	[131, 110, 101, 174, 99]	[10004, 10007, 10001, 10005, 10000]	[201, 160, 162, 232, 262]
963	38.0	[111, 28, -13, 76, 79]	[-76, -149, -64, 23, 16]	[-158, -34, 26, -11, -149]	[-50, -178, -94, -113, -95]	[128, -83, -97, 46, 30]	[-120, -24, 13, -38, 131]	[-61, 58, 1, 99, 185]	[-82, -118, -120, -114, -163]	[-161, -134, -110, -116, -114]	[-28, -32, -8, -38, -80]	[131, 113, 101, 179, 128]	[10004, 10005, 9999, 10005, 10000]	[201, 166, 162, 232, 262]
964	36.0	[111, 28, -13, 76, 79]	[-77, -149, -64, 22, 16]	[-158, -34, 30, -11, -149]	[-49, -177, -94, -111, -95]	[128, -83, -97, 40, 30]	[-120, -24, 13, -38, 131]	[-61, 58, 1, 99, 185]	[-82, -118, -120, -114, -163]	[-161, -134, -110, -116, -114]	[-28, -33, -9, -38, -73]	[131, 113, 101, 179, 128]	[10004, 10005, 9999, 10005, 10000]	[201, 166, 162, 232, 262]
965	44.0	[112, 21, -14, 75, 79]	[-77, -149, -62, 21, -2]	[-158, -33, 19, -19, -148]	[-50, -176, -96, -113, -89]	[130, -83, -94, 42, 30]	[-121, -25, 13, -38, 111]	[-50, 57, 1, 99, 207]	[-103, -119, -120, -108, -162]	[-160, -137, -109, -114, -115]	[-33, -26, -9, -36, -74]	[115, 113, 105, 180, 133]	[10005, 10001, 9993, 10005, 10002]	[218, 124, 182, 240, 172]
966	37.5	[111, 28, -13, 76, 79]	[-77, -149, -64, 22, 16]	[-158, -34, 30, -11, -149]	[-49, -177, -94, -111, -95]	[128, -83, -97, 40, 30]	[-120, -24, 13, -38, 131]	[-61, 58, 1, 99, 185]	[-82, -118, -120, -114, -163]	[-161, -134, -110, -116, -114]	[-28, -33, -15, -38, -73]	[131, 113, 101, 179, 128]	[10004, 10005, 9999, 10005, 10000]	[201, 166, 162, 232, 262]
967	39.0	[112, -8, -18, 76, 79]	[-81, -151, -62, 21, 4]	[-158, -29, 19, -19, -148]	[-54, -171, -104, -106, -89]	[128, -83, -98, 36, 30]	[-120, -26, 13, -38, 105]	[-43, 57, 3, 100, 254]	[-105, -119, -120, -112, -159]	[-160, -137, -110, -110, -114]	[-33, -27, -9, -36, -76]	[115, 113, 105, 180, 133]	[10005, 10001, 9993, 10005, 10002]	[218, 124, 182, 240, 172]
968	35.5	[111, 28, -13, 76, 79]	[-76, -149, -62, 23, 16]	[-158, -32, 26, -11, -149]	[-50, -178, -94, -113, -92]	[128, -83, -94, 42, 30]	[-120, -23, 13, -38, 131]	[-61, 58, 1, 99, 185]	[-82, -118, -120, -113, -163]	[-161, -134, -110, -116, -118]	[-28, -33, -8, -38, -73]	[131, 114, 101, 179, 128]	[10004, 10005, 10005, 10005, 10000]	[201, 166, 162, 232, 262]
969	37.5	[112, -8, -15, 72, 79]	[-81, -151, -62, 21, -2]	[-158, -32, 19, -19, -148]	[-50, -171, -101, -112, -89]	[130, -83, -92, 36, 30]	[-121, -22, 13, -38, 105]	[-43, 57, 3, 100, 254]	[-103, -119, -118, -112, -160]	[-160, -139, -108, -114, -113]	[-33, -26, -9, -36, -74]	[115, 113, 105, 180, 133]	[10005, 10001, 9993, 10005, 10002]	[218, 124, 182, 240, 172]
970	42.5	[111, 22, -11, 76, 79]	[-84, -149, -64, 23, 21]	[-158, -33, 26, -15, -148]	[-48, -177, -97, -108, -95]	[130, -83, -97, 31, 30]	[-120, -27, 13, -29, 121]	[-44, 63, 1, 101, 185]	[-86, -119, -119, -113, -163]	[-159, -139, -109, -115, -116]	[-28, -33, -8, -38, -91]	[122, 114, 102, 177, 58]	[9998, 10005, 9999, 10005, 10000]	[201, 166, 187, 232, 262]
971	39.0	[105, 28, -13, 76, 79]	[-82, -149, -64, 23, 16]	[-158, -30, 25, -15, -149]	[-47, -178, -94, -113, -95]	[128, -81, -94, 41, 30]	[-120, -26, 17, -36, 113]	[-61, 58, 2, 100, 185]	[-82, -119, -120, -112, -159]	[-161, -139, -110, -116, -117]	[-28, -33, -8, -38, -91]	[131, 110, 101, 174, 122]	[10004, 10007, 10002, 10005, 10000]	[201, 162, 162, 232, 262]
972	37.5	[111, 22, -13, 76, 79]	[-84, -149, -64, 23, -9]	[-158, -34, 26, -12, -148]	[-48, -172, -94, -107, -95]	[130, -83, -97, 31, 30]	[-120, -24, 13, -29, 128]	[-44, 58, 3, 101, 185]	[-83, -120, -119, -112, -163]	[-159, -139, -106, -115, -114]	[-28, -33, -8, -38, -91]	[119, 114, 102, 177, 58]	[9998, 10007, 10000, 10005, 10000]	[201, 166, 187, 232, 262]
973	34.5	[105, 28, -13, 76, 79]	[-82, -149, -64, 23, 16]	[-158, -30, 25, -15, -149]	[-47, -178, -94, -113, -95]	[128, -81, -94, 41, 30]	[-120, -26, 17, -36, 113]	[-61, 58, 2, 100, 185]	[-82, -119, -120, -112, -159]	[-161, -139, -110, -116, -117]	[-28, -33, -8, -38, -91]	[131, 110, 101, 174, 122]	[10004, 10007, 10002, 10005, 10000]	[201, 162, 162, 232, 262]
974	39.0	[112, -8, -15, 72, 79]	[-81, -151, -62, 21, -2]	[-158, -32, 19, -19, -148]	[-50, -171, -101, -112, -89]	[130, -83, -92, 42, 30]	[-121, -22, 13, -38, 105]	[-43, 57, 3, 100, 254]	[-103, -119, -118, -112, -160]	[-160, -139, -108, -114, -113]	[-33, -26, -9, -36, -74]	[115, 113, 105, 180, 133]	[10005, 10001, 9993, 10005, 10002]	[218, 124, 182, 240, 172]
975	37.5	[105, 28, -13, 76, 79]	[-82, -149, -64, 23, 16]	[-158, -30, 25, -15, -149]	[-47, -178, -94, -113, -95]	[128, -81, -94, 41, 30]	[-120, -26, 17, -36, 113]	[-61, 58, 2, 100, 185]	[-82, -119, -120, -112, -159]	[-161, -139, -110, -116, -117]	[-28, -33, -8, -38, -91]	[131, 110, 101, 174, 122]	[10004, 10007, 10002, 10005, 10000]	[201, 162, 162, 232, 262]
976	41.0	[112, -8, -15, 72, 79]	[-81, -151, -62, 21, -2]	[-158, -32, 19, -19, -148]	[-50, -171, -101, -110, -90]	[130, -83, -93, 39, 30]	[-121, -22, 13, -38, 105]	[-45, 57, 3, 100, 254]	[-103, -119, -118, -112, -163]	[-160, -139, -108, -113, -114]	[-33, -32, -9, -37, -74]	[115, 113, 105, 179, 113]	[10005, 10001, 9993, 10005, 10002]	[218, 124, 182, 240, 172]
977	40.5	[112, -8, -15, 72, 79]	[-81, -151, -62, 21, -2]	[-158, -31, 19, -19, -148]	[-50, -171, -103, -111, -89]	[130, -83, -92, 41, 30]	[-121, -22, 13, -38, 105]	[-43, 58, 3, 100, 254]	[-105, -119, -118, -112, -163]	[-160, -138, -110, -112, -114]	[-33, -32, -9, -36, -74]	[115, 113, 105, 179, 113]	[10005, 10001, 9993, 10005, 10002]	[218, 124, 182, 240, 172]
978	39.5	[112, 21, -14, 75, 79]	[-77, -149, -62, 21, -2]	[-158, -33, 19, -19, -148]	[-50, -176, -96, -113, -89]	[130, -83, -94, 42, 30]	[-121, -25, 13, -38, 111]	[-50, 57, 1, 99, 207]	[-103, -119, -119, -113, -162]	[-160, -138, -109, -114, -115]	[-33, -26, -9, -36, -74]	[115, 113, 105, 180, 133]	[10005, 10001, 9993, 10005, 10002]	[218, 124, 182, 240, 172]
979	36.0	[111, 28, -13, 76, 79]	[-76, -149, -64, 23, 16]	[-158, -34, 26, -11, -149]	[-49, -177, -94, -113, -95]	[128, -83, -97, 46, 30]	[-120, -24, 13, -38, 131]	[-61, 58, 1, 99, 185]	[-82, -118, -120, -114, -163]	[-161, -134, -110, -116, -114]	[-28, -32, -8, -38, -80]	[131, 113, 101, 179, 128]	[9998, 10005, 9999, 10005, 10000]	[201, 166, 162, 226, 262]
980	36.0	[112, 21, -14, 75, 79]	[-77, -149, -62, 21, -2]	[-158, -33, 19, -19, -148]	[-50, -176, -96, -113, -89]	[130, -83, -94, 42, 30]	[-121, -25, 13, -37, 114]	[-50, 57, 1, 99, 207]	[-103, -119, -119, -113, -163]	[-160, -138, -109, -114, -115]	[-33, -26, -9, -30, -74]	[115, 113, 105, 180, 133]	[10005, 10001, 9993, 10005, 10002]	[218, 124, 182, 240, 172]
981	37.0	[111, 22, -13, 76, 79]	[-76, -149, -62, 23, 16]	[-158, -32, 26, -11, -149]	[-50, -178, -94, -113, -92]	[128, -83, -94, 42, 30]	[-120, -23, 13, -38, 131]	[-61, 58, 1, 99, 185]	[-82, -118, -120, -113, -163]	[-161, -134, -110, -116, -118]	[-28, -33, -8, -38, -73]	[131, 114, 101, 179, 128]	[10004, 10005, 10005, 10005, 10000]	[201, 166, 162, 232, 262]
982	34.5	[112, -8, -15, 72, 79]	[-81, -151, -62, 21, -2]	[-158, -31, 19, -19, -148]	[-50, -171, -103, -111, -89]	[130, -83, -92, 41, 30]	[-121, -22, 13, -38, 105]	[-43, 58, 3, 100, 254]	[-105, -119, -118, -112, -163]	[-160, -138, -110, -112, -114]	[-33, -32, -9, -36, -74]	[115, 113, 105, 179, 113]	[10005, 10001, 9993, 10005, 10002]	[218, 124, 182, 240, 172]
983	40.5	[111, 22, -13, 76, 79]	[-76, -149, -62, 23, 16]	[-158, -32, 26, -11, -149]	[-50, -178, -94, -113, -92]	[128, -83, -94, 42, 30]	[-120, -23, 13, -38, 131]	[-61, 58, 1, 99, 185]	[-82, -124, -120, -113, -163]	[-161, -134, -110, -116, -118]	[-28, -33, -8, -38, -73]	[131, 114, 101, 179, 128]	[10004, 10005, 10005, 10005, 10000]	[201, 166, 162, 232, 262]
984	39.5	[112, 15, -15, 72, 79]	[-77, -149, -62, 21, -2]	[-158, -33, 19, -19, -148]	[-50, -176, -96, -113, -89]	[130, -83, -94, 42, 30]	[-121, -25, 13, -38, 114]	[-50, 57, 2, 100, 252]	[-103, -119, -119, -113, -163]	[-160, -138, -109, -114, -115]	[-33, -26, -9, -30, -74]	[115, 113, 105, 180, 133]	[10005, 10001, 9993, 10005, 10002]	[218, 124, 182, 240, 172]
985	41.5	[111, 22, -13, 76, 79]	[-76, -149, -62, 23, 16]	[-158, -32, 26, -11, -149]	[-50, -178, -94, -113, -92]	[128, -83, -94, 42, 30]	[-120, -23, 13, -38, 131]	[-61, 58, 1, 99, 185]	[-82, -124, -120, -113, -163]	[-161, -134, -110, -116, -118]	[-28, -33, -8, -38, -73]	[131, 114, 101, 179, 128]	[10004, 10005, 10005, 10005, 10000]	[201, 166, 162, 232, 262]
986	37.5	[112, 15, -15, 72, 79]	[-77, -149, -62, 21, -2]	[-158, -33, 19, -19, -148]	[-50, -176, -96, -113, -89]	[130, -83, -94, 42, 30]	[-121, -25, 13, -38, 114]	[-50, 57, 2, 100, 252]	[-103, -119, -119, -113, -163]	[-160, -138, -109, -114, -115]	[-33, -26, -9, -30, -74]	[115, 113, 105, 180, 133]	[10005, 10001, 9993, 10005, 10002]	[218, 124, 182, 240, 172]
987	39.5	[111, 22, -13, 76, 79]	[-76, -149, -62, 23, 16]	[-158, -32, 26, -11, -149]	[-50, -178, -94, -113, -92]	[128, -83, -94, 42, 30]	[-120, -23, 13, -38, 131]	[-61, 58, 1, 99, 185]	[-82, -124, -120, -113, -163]	[-161, -134, -110, -116, -118]	[-28, -33, -8, -38, -73]	[131, 114, 101, 179, 128]	[10004, 10005, 10005, 10005, 10000]	[201, 166, 162, 232, 262]
988	39.0	[111, 28, -13, 76, 79]	[-76, -149, -64, 23, 16]	[-158, -34, 26, -11, -149]	[-49, -177, -94, -113, -95]	[128, -83, -97, 46, 30]	[-120, -24, 13, -38, 131]	[-61, 58, 1, 99, 185]	[-82, -118, -120, -114, -163]	[-161, -134, -110, -116, -114]	[-28, -32, -8, -38, -80]	[131, 113, 101, 179, 128]	[9998, 10005, 9999, 10005, 10000]	[201, 166, 162, 226, 262]
989	41.5	[112, 15, -15, 72, 79]	[-77, -149, -62, 21, -2]	[-158, -33, 19, -19, -148]	[-50, -176, -98, -113, -90]	[130, -83, -94, 39, 30]	[-121, -25, 13, -38, 114]	[-50, 57, 2, 100, 252]	[-103, -119, -119, -113, -163]	[-160, -138, -109, -114, -115]	[-33, -26, -9, -30, -74]	[115, 113, 105, 180, 133]	[10005, 10001, 9993, 10005, 10002]	[218, 124, 182, 240, 172]
990	39.5	[112, 21, -14, 75, 79]	[-77, -149, -62, 27, -2]	[-158, -33, 19, -19, -148]	[-50, -176, -96, -113, -89]	[130, -83, -94, 42, 30]	[-121, -24, 13, -38, 111]	[-50, 57, 1, 99, 207]	[-103, -119, -119, -113, -162]	[-160, -138, -110, -116, -115]	[-29, -29, -8, -37, -74]	[115, 113, 105, 180, 133]	[10005, 10001, 9999, 10005, 10002]	[218, 124, 182, 240, 172]
991	38.5	[105, 28, -13, 76, 79]	[-82, -149, -64, 23, 16]	[-158, -30, 25, -15, -149]	[-47, -178, -94, -113, -95]	[128, -81, -94, 41, 30]	[-120, -26, 17, -36, 123]	[-61, 58, 3, 100, 185]	[-89, -119, -120, -112, -159]	[-161, -139, -110, -116, -117]	[-28, -28, -9, -44, -91]	[131, 114, 101, 177, 122]	[10004, 10007, 10002, 10005, 10000]	[201, 162, 162, 232, 262]
992	36.5	[112, 15, -15, 72, 79]	[-77, -149, -62, 21, -2]	[-158, -33, 19, -19, -148]	[-50, -172, -98, -113, -90]	[130, -83, -94, 39, 30]	[-121, -25, 13, -38, 114]	[-50, 57, 2, 100, 252]	[-103, -119, -119, -113, -163]	[-160, -138, -109, -114, -115]	[-33, -26, -9, -30, -74]	[115, 113, 105, 180, 133]	[10005, 10001, 9993, 10005, 10008]	[218, 124, 182, 240, 172]
993	40.5	[105, 28, -13, 76, 79]	[-82, -149, -64, 23, 16]	[-158, -30, 25, -15, -149]	[-47, -178, -94, -113, -95]	[128, -81, -95, 41, 30]	[-120, -26, 17, -36, 123]	[-61, 58, 3, 100, 185]	[-89, -119, -119, -112, -159]	[-161, -139, -110, -116, -117]	[-28, -28, -9, -44, -91]	[131, 114, 101, 177, 122]	[10004, 10007, 10002, 10005, 10000]	[201, 162, 162, 232, 262]
994	34.0	[111, 2, -14, 76, 79]	[-78, -150, -62, 23, 12]	[-158, -34, 26, -19, -148]	[-49, -174, -99, -113, -93]	[129, -83, -94, 46, 30]	[-120, -24, 13, -38, 116]	[-44, 57, 2, 99, 185]	[-82, -118, -120, -114, -163]	[-160, -136, -108, -115, -114]	[-28, -32, -9, -38, -82]	[131, 113, 102, 179, 128]	[9998, 10005, 9999, 10005, 10000]	[201, 166, 162, 226, 262]
995	34.0	[111, 22, -13, 76, 79]	[-76, -149, -62, 17, 16]	[-158, -32, 26, -11, -149]	[-50, -178, -94, -113, -92]	[128, -83, -94, 42, 30]	[-120, -23, 13, -38, 131]	[-61, 58, 1, 99, 185]	[-82, -124, -120, -113, -163]	[-161, -134, -110, -116, -118]	[-28, -33, -8, -38, -73]	[131, 114, 101, 179, 128]	[10004, 10005, 10005, 10005, 10000]	[201, 166, 162, 232, 262]
996	35.5	[105, 28, -13, 76, 79]	[-82, -149, -64, 23, 16]	[-158, -30, 25, -15, -149]	[-47, -178, -94, -113, -95]	[128, -81, -95, 41, 30]	[-120, -26, 17, -36, 123]	[-61, 58, 3, 100, 185]	[-89, -119, -119, -112, -159]	[-161, -139, -110, -116, -117]	[-28, -28, -9, -44, -91]	[131, 114, 101, 177, 122]	[10004, 10007, 10002, 10005, 10000]	[201, 162, 162, 232, 262]
997	36.5	[105, 28, -13, 76, 79]	[-82, -149, -64, 23, 16]	[-158, -30, 25, -15, -143]	[-47, -178, -94, -119, -95]	[128, -83, -96, 41, 30]	[-120, -26, 17, -36, 110]	[-45, 57, 3, 100, 204]	[-82, -119, -120, -112, -159]	[-161, -139, -108, -116, -115]	[-28, -33, -9, -40, -74]	[131, 110, 101, 174, 122]	[10004, 10007, 10000, 10000, 10000]	[201, 162, 175, 232, 262]
998	36.5	[105, 28, -13, 76, 79]	[-82, -149, -64, 23, 16]	[-158, -30, 25, -15, -149]	[-47, -178, -94, -113, -95]	[128, -81, -95, 41, 30]	[-120, -26, 17, -36, 123]	[-61, 58, 3, 100, 185]	[-89, -119, -119, -112, -159]	[-161, -139, -110, -116, -117]	[-28, -28, -9, -44, -91]	[131, 114, 101, 177, 122]	[10004, 10007, 10002, 10005, 10000]	[201, 162, 162, 232, 262]
999	34.5	[111, 28, -13, 76, 73]	[-77, -149, -63, 26, 16]	[-158, -34, 29, -11, -149]	[-49, -177, -94, -111, -95]	[128, -83, -97, 40, 30]	[-120, -18, 13, -38, 131]	[-56, 57, 1, 99, 185]	[-82, -118, -120, -114, -162]	[-161, -134, -110, -116, -114]	[-28, -33, -15, -38, -73]	[131, 113, 95, 179, 128]	[10004, 10005, 9999, 10005, 10000]	[201, 172, 162, 232, 262]
